0.526928996168, 1.25861917991, 5.82236102262, 0.231556605254, 29.75507306, 46.0698664557, 2.64285232302, 1.69818667715, 21.1875494108, 0.498841573699, 0.12389380531
0.531851959226, 1.14045623761, 3.46261667413, 0.42897199696, 26.7220345102, 42.4117805215, 3.24145408561, 4.21700151222, 34.7450695317, 0.536009036605, 0.00378787878788
0.560414736342, 0.930010923434, 6.28924476518, 0.260609882781, 0.736036837256, 47.4845698108, 3.88495314809, 1.80088345648, 31.4208683726, 0.426651357409, 0.637972646822
0.566352894405, 0.950920634753, 3.50787876212, 0.419088837445, 33.0383185843, 42.4906021412, 3.78600839609, 1.58969124376, 36.4405587305, 0.449550833652, 0.372549019608
0.682046185731, 0.963235501239, 5.69061342036, 0.498053448069, 1.70051053376, 41.8924383734, 2.72291878993, 2.90134219235, 33.4106940506, 0.539051459045, 0.0
0.730649735349, 1.1344891495, 2.6464025182, 0.215638554796, 46.2053694609, 42.4031739116, 2.82444249908, 1.31241164388, 30.5160355163, 0.426789065429, 0.635883905013
0.637660837678, 0.91660992131, 7.58384368174, 0.478309845864, 28.3906230808, 40.7052074802, 3.07988296107, 1.97368053688, 43.1824711879, 0.440406325293, 0.560483870968
0.501473690902, 1.0265344202, 7.64035848978, 0.319391951426, 41.6135201008, 43.1166475505, 3.96609266051, 0.33691979324, 40.2848234092, 0.512245257125, 0.0196078431373
0.535940501291, 1.1407160133, 6.15495636635, 0.480509686186, 23.5298025776, 45.9288626776, 2.5496174097, 1.99565514756, 39.1888145652, 0.458656249036, 0.188679245283
0.566352894405, 1.22617405638, 3.50787876212, 0.2876774951, 33.0383185843, 42.4906021412, 3.78600839609, 1.58969124376, 36.4405587305, 0.43256724092, 0.590590590591
0.572990061188, 1.20726711243, 7.40925981042, 0.232357296679, 39.1058137649, 43.6122078439, 3.66237842498, 1.29838965003, 29.1284689921, 0.436579356068, 0.602808425276
0.51226702222, 0.874682193965, 7.43950519396, 0.221633146474, 35.9357433634, 47.8079878024, 2.58032610009, 1.6797349121, 32.9860509296, 0.444991881531, 0.585106382979
0.616282869823, 0.873710037654, 2.00351919749, 0.253527269628, 21.0737231186, 45.0928963364, 3.43561161306, 1.21597404514, 31.1449098353, 0.448750066515, 0.637007874016
0.529441229458, 0.943688742116, 7.80520170019, 0.241951745094, 5.2146343461, 46.9763090835, 3.56840239392, 1.5869959166, 32.5088722614, 0.45703348948, 0.527233115468
0.511662855009, 1.11277227187, 5.69289329003, 0.300874816122, 9.91347988772, 44.3586815058, 3.73875620242, 1.73050332261, 22.4955963765, 0.452187108906, 0.572332730561
0.637660837678, 1.01316678642, 7.58384368174, 0.478309845864, 28.3906230808, 40.7052074802, 2.52759029531, 1.00582904478, 43.1824711879, 0.479055337068, 0.32183908046
0.652963673383, 1.25152761502, 3.97251068749, 0.215638554796, 49.778717642, 42.4031739116, 2.53390631028, 0.164579795929, 35.5266795988, 0.499123443055, 0.182608695652
0.536770172398, 1.05908678925, 7.07211076068, 0.398098324753, 13.3319654706, 45.6707544609, 2.84517455764, 4.39809349717, 24.5113091186, 0.499532874856, 0.142857142857
0.5580657082, 1.00063125627, 6.52601892714, 0.230703210205, 47.8081838563, 48.692168607, 2.08857196802, 1.71132839371, 30.8319734926, 0.507504331586, 0.138211382114
0.68477964463, 0.894791256609, 4.53505841196, 0.427045311875, 22.2993334214, 44.3153919135, 2.8669093665, 4.60943898363, 37.8088098727, 0.546765783938, 0.0
0.723658043851, 0.940349298289, 3.83575752579, 0.292603883115, 42.4740920622, 44.3737827286, 2.3403697902, 1.67890543502, 21.5094634929, 0.518740737013, 0.0925925925926
0.716711420433, 1.13706088404, 5.28652713238, 0.270317896499, 22.4298398119, 45.2492073813, 2.28836559182, 1.77692590563, 29.8302571058, 0.529558036288, 0.0566037735849
0.535940501291, 1.1407160133, 6.15495636635, 0.480509686186, 23.5298025776, 45.9288626776, 2.5496174097, 1.99565514756, 32.5100263018, 0.514851869551, 0.108527131783
0.751747804098, 0.835819726511, 3.8289666789, 0.367543413588, 46.3907195454, 45.8998981144, 2.96465553155, 1.14025853419, 33.8278696427, 0.531013647155, 0.0288461538462
0.560414736342, 0.930010923434, 6.28924476518, 0.260609882781, 47.292160448, 47.4845698108, 3.88495314809, 1.80088345648, 31.4208683726, 0.461635462414, 0.408293460925
0.876385760921, 0.909784918165, 6.77945850645, 0.447102984955, 40.2317778558, 40.4049841194, 3.92253512381, 1.38379503036, 23.0679427242, 0.464594063497, 0.532455315146
0.672338091615, 0.977079603198, 7.18967338453, 0.324181758037, 34.9212582188, 45.6954443794, 2.90986307567, 0.281493289104, 36.7549610302, 0.557684857875, 0.0
0.664671750152, 1.02382028729, 6.9242487059, 0.256149425039, 39.8640812453, 46.9092886127, 2.82226728826, 1.86709373109, 23.6000248388, 0.475434972765, 0.571428571429
0.541173405466, 0.911455469525, 3.89066026743, 0.448040706914, 42.0522369195, 42.4826365845, 3.98508898308, 3.50983139689, 35.042039498, 0.539750024071, 0.0125
0.725948085784, 1.10234020671, 5.03356970735, 0.262037106532, 15.3223064365, 48.6356621057, 3.20733928896, 1.41419435061, 30.0924723813, 0.463045841593, 0.623918174666
0.725948085784, 1.10234020671, 5.67015140679, 0.305619316529, 15.3223064365, 48.6356621057, 3.20733928896, 1.41419435061, 30.0924723813, 0.477174052928, 0.572640509014
0.5580657082, 1.00063125627, 4.11186503734, 0.230703210205, 47.8081838563, 48.692168607, 3.09032953731, 1.71132839371, 30.8319734926, 0.464923993535, 0.592261904762
0.567211317178, 0.954779394371, 4.83312310793, 0.2967274313, 8.9391729645, 45.6571160663, 2.38924104915, 1.68576998429, 28.4633734217, 0.465612819045, 0.605351170569
0.597547556096, 1.22484351622, 5.66716102287, 0.248070916695, 39.2222504863, 46.3017085385, 2.19005735199, 1.48150569277, 41.1124374341, 0.497307034237, 0.445
0.597547556096, 0.950536099756, 5.66716102287, 0.213752854236, 39.2222504863, 46.3017085385, 2.19005735199, 1.48150569277, 41.1124374341, 0.493233671684, 0.550819672131
0.536770172398, 1.05908678925, 7.07211076068, 0.398098324753, 13.3319654706, 45.6707544609, 2.84517455764, 1.43288521179, 24.5113091186, 0.496668005491, 0.549019607843
0.727982865353, 0.838588884316, 7.1255736331, 0.366500039195, 49.1137603901, 43.4967556126, 2.71534059058, 3.56415831975, 39.1888145652, 0.560238142006, 0.0
0.652235876495, 1.22187319333, 7.57384847883, 0.399273767342, 19.7018072887, 46.642622298, 3.1685407036, 1.77293165821, 32.0082762413, 0.503938239949, 0.286004056795
0.762556889993, 1.08011886014, 5.24485859474, 0.314834559799, 11.5216908, 45.3029096807, 2.23248142283, 2.76651650777, 38.8063948688, 0.578796812675, 0.0
0.662557086765, 0.889802944628, 6.0756285147, 0.364066509972, 8.74159537872, 41.5649772821, 3.50445632389, 3.72053159517, 25.8136108869, 0.521352355212, 0.13140311804
0.884616806178, 1.03633739358, 7.61960504617, 0.460446819653, 10.35925745, 43.6903144858, 2.29460712771, 0.180623905184, 41.5394637459, 0.552380412643, 0.0185185185185
0.878555746771, 0.820890546144, 5.70278331132, 0.364298053263, 8.03556234094, 46.1644558339, 2.13953363816, 1.73050332261, 20.2864222124, 0.505946874903, 0.286486486486
0.769979067544, 1.19026587495, 6.27296082998, 0.396250111459, 16.5507982509, 46.3830046111, 2.58109852909, 2.58063166576, 33.968137481, 0.600899646505, 0.0
0.682046185731, 0.963235501239, 5.69061342036, 0.419562154071, 1.70051053376, 41.8924383734, 2.72291878993, 2.90134219235, 33.4106940506, 0.607938637383, 0.0
0.544518502398, 1.1045714992, 4.23304492, 0.23468504919, 20.4346345572, 46.0094242014, 2.86163722182, 0.456404792052, 25.3671296013, 0.516638702602, 0.161290322581
0.81197618422, 1.22433156199, 7.13617793409, 0.457359292704, 40.3590389772, 45.8155170089, 2.58851456317, 3.71587481957, 41.0005572367, 0.619851268016, 0.0
0.636229842993, 1.14901142588, 2.88283619441, 0.34909361387, 24.5986439976, 42.2640093364, 2.26182747144, 1.207146044, 41.0021263178, 0.654818787701, 0.0
0.884616806178, 1.03633739358, 7.61960504617, 0.451812773421, 10.35925745, 43.6903144858, 3.09032953731, 0.180623905184, 41.5394637459, 0.601824871889, 0.00928792569659
0.652235876495, 1.22187319333, 7.57384847883, 0.399273767342, 19.7018072887, 46.642622298, 3.1685407036, 1.77293165821, 35.273880284, 0.51103910738, 0.298059964727
0.563266400361, 1.12956662767, 3.72630961081, 0.243075057995, 12.8255640217, 41.7243402818, 3.27529071511, 3.67779917706, 39.0344479857, 0.542517047473, 0.0771144278607
0.720234037392, 0.858811984107, 7.604855874, 0.48655571717, 31.0759476734, 47.8911293598, 3.80047088304, 0.386706370739, 40.2727847941, 0.608694364052, 0.0104895104895
0.732543423301, 0.832832467692, 5.36372719445, 0.204227959568, 26.3880798218, 43.3919482371, 2.76574046503, 0.00455897195407, 32.6491495736, 0.586646324723, 0.0140845070423
0.774268908093, 0.879159080171, 7.37734809491, 0.396666848588, 30.9524398276, 49.161232161, 3.27143254389, 4.25959480228, 43.7302531156, 0.621310618736, 0.0101694915254
0.664671750152, 1.02512466878, 3.87410678785, 0.256149425039, 39.8640812453, 46.9092886127, 2.82226728826, 1.86709373109, 23.6000248388, 0.507378586938, 0.535269709544
0.501041672471, 1.20711758126, 3.88032551064, 0.24845140114, 34.89672588, 44.3153919135, 2.84136276822, 2.66422717191, 36.7327250142, 0.509549473411, 0.40206185567
0.589019977002, 1.23599588723, 3.52691448186, 0.20040811023, 29.5040150946, 49.0418019894, 2.215641495, 0.935985411979, 31.7172021635, 0.573283605907, 0.0283687943262
0.881250531905, 0.959372043636, 7.81787169068, 0.320588228416, 37.2347061801, 40.8327730068, 3.5586052691, 1.47181285144, 23.4143731765, 0.510534461825, 0.522648083624
0.542522577251, 0.873705972132, 6.78739662423, 0.435557733913, 11.0458308913, 49.3131853377, 2.88161981294, 2.93136213635, 29.3556575534, 0.559413113405, 0.0430107526882
0.68477964463, 0.894791256609, 4.53505841196, 0.427045311875, 22.2993334214, 40.5274583316, 2.8669093665, 4.71329694691, 37.8088098727, 0.548608616516, 0.0862068965517
0.762586182529, 1.16136801946, 4.13255703447, 0.368334372483, 14.7213771742, 42.4117805215, 2.65379718432, 4.7304754784, 22.0541679233, 0.585030552016, 0.0240963855422
0.628066516634, 1.23599588723, 3.17120905357, 0.20040811023, 29.5040150946, 49.0418019894, 2.215641495, 0.935985411979, 31.7172021635, 0.583184711076, 0.0283687943262
0.563571804576, 1.12139119208, 5.28645803851, 0.218485954605, 38.9248804561, 44.6661750902, 2.90150202938, 3.48786747032, 40.5921366883, 0.526020016281, 0.222222222222
0.567211317178, 0.954779394371, 4.83312310793, 0.2967274313, 8.9391729645, 45.6571160663, 2.38924104915, 1.68576998429, 28.4633734217, 0.517152067878, 0.32972972973
0.762556889993, 1.0679048515, 5.24485859474, 0.314834559799, 11.5216908, 45.3029096807, 2.23248142283, 2.76651650777, 31.1184221588, 0.606820367919, 0.0245901639344
0.792404658176, 0.97776541831, 2.67485647515, 0.473868277756, 46.3768509024, 45.9579626554, 2.12129433764, 2.8233785082, 37.3911655211, 0.56705282293, 0.075
0.581230506094, 1.0265344202, 7.64035848978, 0.319391951426, 41.6135201008, 43.1166475505, 3.96609266051, 0.33691979324, 41.1628736935, 0.552577991534, 0.106239460371
0.777622943124, 1.03233758928, 4.10134532329, 0.471113896443, 35.5760813916, 49.3094285711, 2.67610786345, 4.68736910708, 28.8306378598, 0.580935004023, 0.0471698113208
0.600943390188, 1.04342676551, 7.97616530368, 0.384053457671, 5.7288051138, 41.6371762874, 2.89735789396, 2.67492258803, 20.1885917691, 0.529808018326, 0.231884057971
0.772187273068, 1.12745626585, 2.88283619441, 0.34909361387, 24.5986439976, 42.2640093364, 2.26182747144, 1.207146044, 41.0021263178, 0.522956380097, 0.303317535545
0.840453320073, 1.1175177725, 7.52333830038, 0.428891123478, 38.9094441352, 42.5168232407, 2.78316011487, 2.94875705429, 35.273880284, 0.591167174348, 0.0307692307692
0.881250531905, 0.959372043636, 7.81787169068, 0.320588228416, 37.2347061801, 40.8327730068, 3.5586052691, 1.47181285144, 23.4143731765, 0.521189407056, 0.390804597701
0.501041672471, 1.20711758126, 3.88032551064, 0.249376799763, 34.89672588, 40.5274583316, 2.84136276822, 2.66422717191, 36.7327250142, 0.518580042934, 0.558052434457
0.58658039006, 0.948112144641, 2.76889315047, 0.422656790573, 44.1490164727, 43.6622261794, 3.91094970478, 4.95066272476, 28.4351929017, 0.557068835767, 0.116740088106
0.500759654527, 1.05329978241, 7.05031739299, 0.403741529355, 43.2460183414, 46.1637396807, 2.03321803294, 3.60617165722, 29.2537832315, 0.536559381536, 0.208333333333
0.628066516634, 0.877686582149, 3.23783918349, 0.478291362165, 2.51572287181, 40.3757786168, 3.99734441992, 2.10192354454, 27.3554919824, 0.528537253668, 0.31960461285
0.607752477436, 1.08240110831, 5.53622849053, 0.311201394916, 46.5956236224, 44.4921201567, 2.08883663914, 2.37442936056, 27.7756107207, 0.586506579992, 0.0733944954128
0.57935188787, 1.08015847125, 3.35086780712, 0.385057168684, 44.2946514983, 48.7750129143, 2.48051018625, 3.53550295131, 38.6144552007, 0.574154997207, 0.0909090909091
0.541173405466, 0.911455469525, 3.89066026743, 0.448040706914, 44.1782295743, 40.0202285329, 3.11741183961, 3.50983139689, 35.042039498, 0.536195734813, 0.263157894737
0.511662855009, 1.11277227187, 5.69289329003, 0.300874816122, 9.91347988772, 44.3586815058, 3.73875620242, 4.78976938647, 22.4955963765, 0.558038047163, 0.121951219512
0.54843915593, 0.972273871135, 3.48400735949, 0.352222518015, 4.2869458753, 48.4531401619, 2.06572747603, 3.68782321286, 27.7743620327, 0.53469205469, 0.292207792208
0.589019977002, 0.877686582149, 3.23783918349, 0.478291362165, 2.51572287181, 40.3757786168, 3.99734441992, 2.10192354454, 27.3554919824, 0.527659415501, 0.380305602716
0.563571804576, 1.1045178569, 5.28645803851, 0.218485954605, 38.9248804561, 44.6661750902, 2.90150202938, 3.48786747032, 40.5921366883, 0.524677868082, 0.417431192661
0.728329802412, 1.1344891495, 4.92108892297, 0.215480868576, 46.2053694609, 47.2951803808, 2.82444249908, 1.31241164388, 30.5160355163, 0.5475309554, 0.171717171717
0.882374074827, 1.14480808554, 3.47758176046, 0.327820690361, 30.3010313926, 49.0116999753, 2.34023191322, 1.9857317372, 22.1011891309, 0.681199942505, 0.0462962962963
0.896550580931, 1.13706088404, 5.28652713238, 0.270317896499, 34.8399032218, 45.2492073813, 2.28836559182, 1.77692590563, 29.8302571058, 0.527364616182, 0.529411764706
0.769979067544, 1.19026587495, 6.27296082998, 0.396250111459, 16.5507982509, 46.3830046111, 2.58109852909, 2.58063166576, 33.968137481, 0.569220248946, 0.121951219512
0.662557086765, 0.889802944628, 6.0756285147, 0.364066509972, 8.74159537872, 41.5649772821, 3.50445632389, 3.72053159517, 25.8136108869, 0.551468251174, 0.185770750988
0.73733620228, 0.843267630668, 5.32509832374, 0.482196976334, 42.0751347831, 48.962054327, 3.65074445564, 0.428458433345, 40.2528248884, 0.610244807531, 0.0835380835381
0.81197618422, 1.22433156199, 4.13624067242, 0.457359292704, 45.239169716, 45.8155170089, 2.58851456317, 3.71587481957, 41.0005572367, 0.54398941133, 0.273885350318
0.838278681866, 0.945697184044, 7.18967338453, 0.324181758037, 34.9212582188, 45.6954443794, 2.90986307567, 0.281493289104, 36.7549610302, 0.631101529133, 0.0843373493976
0.57935188787, 1.08015847125, 3.35086780712, 0.385057168684, 44.2946514983, 48.7750129143, 3.65796999942, 3.53550295131, 38.6144552007, 0.542278872174, 0.306184012066
0.54843915593, 0.873705972132, 3.54446318363, 0.352222518015, 4.2869458753, 48.4531401619, 2.46110382233, 3.68782321286, 27.7743620327, 0.540788218921, 0.307317073171
0.739629913956, 0.940349298289, 6.98761516558, 0.446892272179, 32.1264994225, 41.545305456, 2.02763200423, 1.67890543502, 22.0369576881, 0.539038177774, 0.384615384615
0.751747804098, 0.835819726511, 3.65836032815, 0.367543413588, 46.3907195454, 45.8998981144, 2.96465553155, 1.14025853419, 33.8278696427, 0.572788876171, 0.141414141414
0.531851959226, 1.14045623761, 2.91895886772, 0.42897199696, 26.7220345102, 49.7699345131, 3.24145408561, 3.98783555768, 34.7450695317, 0.567655956791, 0.14347826087
0.529441229458, 1.1189411849, 7.80520170019, 0.366185259622, 1.20604280667, 49.6497166816, 2.78300346492, 2.39250986743, 30.8542641216, 0.567315019666, 0.160839160839
0.716711420433, 0.866964407659, 3.18220988453, 0.49998302145, 22.4298398119, 48.8346421218, 2.03905722752, 4.61540485749, 37.4630374137, 0.565890679848, 0.178571428571
0.830714415367, 1.16685803424, 7.00335335664, 0.340861152359, 49.9072646495, 49.9300988198, 2.15476195027, 0.354454238119, 24.2053534645, 0.626225532948, 0.114754098361
0.561424007065, 0.841179350938, 7.4210472212, 0.2271732125, 47.2284909455, 46.9676396477, 3.60029623026, 3.82180670692, 32.9873112329, 0.546670429098, 0.371794871795
0.840453320073, 1.1175177725, 7.52333830038, 0.428891123478, 38.9094441352, 42.5168232407, 2.78316011487, 2.94875705429, 32.0082762413, 0.62131056694, 0.131578947368
