0.597547556096, 0.952949151175, 5.66716102287, 0.248070916695, 39.2222504863, 42.5426120588, 2.38924104915, 1.48150569277, 41.1124374341, 0.39968215451, 0.580729166667
0.526928996168, 1.25861917991, 5.82236102262, 0.231556605254, 38.3488951107, 42.4117805215, 2.64285232302, 1.69818667715, 21.1875494108, 0.408520239754, 0.354285714286
0.637660837678, 1.01316678642, 7.58384368174, 0.478309845864, 28.3906230808, 40.7052074802, 2.63965251583, 1.00582904478, 43.1824711879, 0.444114292487, 0.0
0.636229842993, 1.14901142588, 2.88283619441, 0.34909361387, 24.5986439976, 42.2640093364, 2.26182747144, 1.207146044, 41.0021263178, 0.401369090378, 0.650289017341
0.616282869823, 0.873710037654, 2.00351919749, 0.253527269628, 21.0737231186, 45.0928963364, 3.43561161306, 1.21597404514, 38.4189461028, 0.436249978312, 0.401960784314
0.566308769335, 1.12745626585, 2.88283619441, 0.34909361387, 24.5986439976, 42.2640093364, 2.26182747144, 1.15427993479, 41.0021263178, 0.424766291679, 0.451957295374
0.535940501291, 0.874682193965, 6.15495636635, 0.480509686186, 34.0183668685, 45.9288626776, 2.5496174097, 1.99565514756, 26.9517269269, 0.419561561761, 0.574193548387
0.535940501291, 1.1407160133, 6.15495636635, 0.480509686186, 23.5298025776, 47.355547519, 2.5496174097, 1.99565514756, 39.1888145652, 0.410927290701, 0.598513011152
0.500266038093, 0.959372043636, 7.81787169068, 0.320588228416, 18.8875483299, 40.6158652916, 3.5586052691, 1.47181285144, 23.4143731765, 0.42036717024, 0.579408543264
0.529441229458, 0.943688742116, 7.80520170019, 0.241951745094, 5.2146343461, 46.9763090835, 3.56840239392, 1.5869959166, 32.5088722614, 0.428612656989, 0.529205607477
0.725948085784, 1.10234020671, 4.11186503734, 0.305619316529, 33.2112538264, 48.6356621057, 2.38196449536, 1.41419435061, 30.0924723813, 0.427061933542, 0.550898203593
0.566352894405, 0.950920634753, 3.50787876212, 0.419088837445, 33.0383185843, 42.4906021412, 3.78600839609, 1.58969124376, 37.3844735676, 0.432545786235, 0.464769647696
0.72447767082, 1.00063125627, 6.52601892714, 0.239989222489, 47.8081838563, 43.6122078439, 2.08857196802, 1.71132839371, 35.3238950457, 0.431123003144, 0.482428115016
0.597547556096, 0.950536099756, 5.66716102287, 0.213752854236, 39.2222504863, 45.6707544609, 2.19005735199, 1.48150569277, 41.1124374341, 0.419921827814, 0.665722379603
0.501473690902, 0.91660992131, 7.58384368174, 0.319391951426, 41.6135201008, 43.1166475505, 3.96609266051, 0.33691979324, 40.2848234092, 0.508499459554, 0.00297619047619
0.597547556096, 0.952949151175, 5.66716102287, 0.248070916695, 39.2222504863, 42.5426120588, 2.38924104915, 1.48150569277, 41.1124374341, 0.511621386009, 0.0
0.535940501291, 1.1407160133, 6.15495636635, 0.480509686186, 23.5298025776, 45.9288626776, 2.5496174097, 1.99565514756, 39.1888145652, 0.448147427076, 0.189781021898
0.500266038093, 0.950536099756, 7.81787169068, 0.320588228416, 18.8875483299, 40.6158652916, 3.5586052691, 1.47181285144, 23.4143731765, 0.444317081566, 0.325320512821
0.501041672471, 1.20711758126, 3.88032551064, 0.24845140114, 34.89672588, 44.8507625213, 2.84136276822, 0.553038854455, 36.7327250142, 0.454663184011, 0.0786516853933
0.636229842993, 1.14901142588, 2.88283619441, 0.34909361387, 24.5986439976, 42.2640093364, 2.29460712771, 1.207146044, 41.0021263178, 0.438874717206, 0.457286432161
0.637660837678, 1.01316678642, 7.58384368174, 0.481914256176, 28.3906230808, 40.7052074802, 2.52759029531, 1.00582904478, 43.1824711879, 0.433532981198, 0.509960159363
0.560414736342, 0.930010923434, 6.28924476518, 0.260609882781, 0.736036837256, 47.4845698108, 3.88495314809, 1.80088345648, 31.4208683726, 0.426651357409, 0.637972646822
0.730649735349, 1.1344891495, 2.6464025182, 0.215638554796, 46.2053694609, 42.4031739116, 2.82444249908, 1.31241164388, 30.5160355163, 0.426789065429, 0.635883905013
0.535940501291, 1.1407160133, 6.15495636635, 0.480509686186, 23.5298025776, 45.9288626776, 2.5496174097, 1.99565514756, 32.5100263018, 0.518638337687, 0.0
0.535940501291, 1.1407160133, 6.15495636635, 0.480509686186, 23.5298025776, 45.9288626776, 2.5496174097, 1.99565514756, 39.1888145652, 0.458656249036, 0.188679245283
0.526928996168, 1.25861917991, 5.82236102262, 0.231556605254, 29.75507306, 46.0698664557, 2.64285232302, 1.69818667715, 21.1875494108, 0.498841573699, 0.12389380531
0.566308769335, 1.12745626585, 2.88283619441, 0.34909361387, 24.5986439976, 42.2640093364, 2.26182747144, 1.15427993479, 41.0021263178, 0.459876881203, 0.131578947368
0.672338091615, 1.02382028729, 5.10942167474, 0.324181758037, 41.9984169922, 45.6954443794, 2.90986307567, 0.281493289104, 36.7549610302, 0.532999471479, 0.0
0.501473690902, 1.0265344202, 7.64035848978, 0.319391951426, 41.6135201008, 43.1166475505, 3.96609266051, 0.33691979324, 40.2848234092, 0.512245257125, 0.0196078431373
0.567211317178, 1.13706088404, 4.83312310793, 0.2967274313, 8.9391729645, 45.6571160663, 2.38924104915, 1.68576998429, 28.4633734217, 0.494968701435, 0.151162790698
0.725948085784, 1.10234020671, 5.03356970735, 0.262037106532, 15.3223064365, 48.6356621057, 3.20733928896, 1.41419435061, 41.5881949764, 0.432206715435, 0.644151565074
0.558421024221, 1.22187319333, 7.57384847883, 0.399273767342, 19.7018072887, 46.642622298, 3.1685407036, 1.77293165821, 32.0082762413, 0.458251971762, 0.266533066132
0.682046185731, 0.963235501239, 5.69061342036, 0.498053448069, 1.70051053376, 41.8924383734, 2.72291878993, 2.90134219235, 33.4106940506, 0.539051459045, 0.0
0.567211317178, 0.954779394371, 3.83512838446, 0.2967274313, 8.9391729645, 45.6571160663, 2.38924104915, 1.86709373109, 25.1366525641, 0.515002071786, 0.032
0.589019977002, 0.877686582149, 5.28645803851, 0.478291362165, 14.8124076781, 40.3757786168, 3.99734441992, 2.10192354454, 27.3554919824, 0.523203208466, 0.00354609929078
0.566352894405, 1.22617405638, 3.50787876212, 0.2876774951, 33.0383185843, 42.4906021412, 3.78600839609, 1.58969124376, 36.4405587305, 0.43256724092, 0.590590590591
0.572990061188, 1.20726711243, 7.42015126449, 0.232357296679, 39.1058137649, 43.6122078439, 3.66237842498, 1.41419435061, 29.1284689921, 0.433498359242, 0.592473979183
0.566352894405, 0.950920634753, 3.50787876212, 0.419088837445, 33.0383185843, 42.4906021412, 3.78600839609, 1.58969124376, 36.4405587305, 0.449550833652, 0.372549019608
0.536770172398, 1.05908678925, 7.07211076068, 0.398098324753, 13.3319654706, 45.6707544609, 2.84517455764, 4.39809349717, 24.5113091186, 0.499532874856, 0.142857142857
0.5580657082, 1.00063125627, 6.52601892714, 0.230703210205, 47.8081838563, 48.692168607, 2.08857196802, 1.71132839371, 30.8319734926, 0.507504331586, 0.138211382114
0.547819044479, 0.866964407659, 3.18220988453, 0.49998302145, 22.4298398119, 48.8346421218, 2.03905722752, 4.61540485749, 37.4630374137, 0.545259601173, 0.0
0.637660837678, 0.91660992131, 7.58384368174, 0.478309845864, 28.3906230808, 40.7052074802, 3.07988296107, 1.97368053688, 43.1824711879, 0.440406325293, 0.560483870968
0.68477964463, 0.894791256609, 4.53505841196, 0.427045311875, 22.2993334214, 44.3153919135, 2.8669093665, 4.60943898363, 37.8088098727, 0.546765783938, 0.0
0.652963673383, 1.25152761502, 3.97251068749, 0.215638554796, 49.778717642, 42.4031739116, 2.53390631028, 0.164579795929, 35.5266795988, 0.499123443055, 0.182608695652
0.535940501291, 1.1407160133, 6.15495636635, 0.480509686186, 23.5298025776, 45.9288626776, 2.5496174097, 1.99565514756, 32.5100263018, 0.514851869551, 0.108527131783
0.531851959226, 1.14045623761, 3.46261667413, 0.42897199696, 26.7220345102, 42.4117805215, 3.24145408561, 4.21700151222, 34.7450695317, 0.536009036605, 0.00378787878788
0.637660837678, 1.0265344202, 7.64035848978, 0.478309845864, 28.3906230808, 45.9452663265, 3.07988296107, 1.97368053688, 43.1824711879, 0.530629844916, 0.0215384615385
0.566352894405, 1.22617405638, 3.50787876212, 0.2876774951, 33.0383185843, 42.4906021412, 3.78600839609, 1.58969124376, 36.4405587305, 0.436126097511, 0.641048824593
0.526928996168, 1.25861917991, 5.82236102262, 0.231556605254, 29.75507306, 46.0698664557, 2.64285232302, 1.69818667715, 21.1875494108, 0.519350554001, 0.0592592592593
0.672338091615, 0.977079603198, 7.18967338453, 0.324181758037, 34.9212582188, 45.6954443794, 2.90986307567, 0.281493289104, 36.7549610302, 0.557684857875, 0.0
0.751747804098, 0.835819726511, 3.8289666789, 0.367543413588, 46.3907195454, 45.8998981144, 2.96465553155, 1.14025853419, 33.8278696427, 0.531013647155, 0.0288461538462
0.597547556096, 1.22484351622, 5.66716102287, 0.248070916695, 39.2222504863, 46.3017085385, 2.19005735199, 1.48150569277, 41.1124374341, 0.451189502344, 0.414012738854
0.551203378989, 1.22617405638, 3.50787876212, 0.2876774951, 33.0383185843, 42.4906021412, 3.78600839609, 1.58969124376, 36.4405587305, 0.515164835189, 0.101092896175
0.572990061188, 0.899107261702, 7.40925981042, 0.232357296679, 39.1058137649, 43.6122078439, 3.66237842498, 1.29838965003, 29.1284689921, 0.481619688472, 0.210648148148
0.5580657082, 1.00063125627, 6.52601892714, 0.230703210205, 47.8081838563, 48.692168607, 2.08857196802, 1.71132839371, 30.8319734926, 0.494498759473, 0.209459459459
0.637660837678, 1.08244153024, 7.58384368174, 0.481914256176, 28.3906230808, 40.7052074802, 2.52759029531, 1.5869959166, 43.1824711879, 0.463130599628, 0.231707317073
0.529441229458, 0.943688742116, 7.71878935067, 0.210352668873, 5.2146343461, 46.9763090835, 3.68037072187, 1.5869959166, 40.048605502, 0.481546419138, 0.220703125
0.572990061188, 1.20726711243, 7.40925981042, 0.232357296679, 39.1058137649, 43.6122078439, 3.66237842498, 1.29838965003, 29.1284689921, 0.436579356068, 0.602808425276
0.716711420433, 1.13706088404, 5.28652713238, 0.270317896499, 22.4298398119, 45.2492073813, 2.28836559182, 1.77692590563, 29.8302571058, 0.529558036288, 0.0566037735849
0.716711420433, 1.13706088404, 7.53877473779, 0.403340866242, 22.4298398119, 44.3737827286, 2.28836559182, 1.77692590563, 29.8302571058, 0.558783196519, 0.0
0.725948085784, 0.884465545734, 3.89066026743, 0.262037106532, 15.3223064365, 48.6356621057, 3.20733928896, 1.41419435061, 30.0924723813, 0.436491850492, 0.639927073838
0.541173405466, 0.911455469525, 3.89066026743, 0.448040706914, 42.0522369195, 42.4826365845, 3.98508898308, 3.50983139689, 35.042039498, 0.539750024071, 0.0125
0.589019977002, 0.877686582149, 5.28645803851, 0.478291362165, 41.6135201008, 40.3757786168, 3.99734441992, 0.33691979324, 27.3554919824, 0.52916996629, 0.075055187638
0.560414736342, 0.930010923434, 7.37734809491, 0.396666848588, 30.9524398276, 47.4845698108, 3.88495314809, 1.80088345648, 31.4208683726, 0.529359115534, 0.0635359116022
0.727982865353, 0.838588884316, 7.1255736331, 0.366500039195, 49.1137603901, 43.4967556126, 2.71534059058, 3.56415831975, 39.1888145652, 0.560238142006, 0.0
0.506951638077, 1.23776442368, 6.77945850645, 0.447102984955, 40.2317778558, 41.5696850314, 3.92253512381, 1.80088345648, 36.4405587305, 0.469705624845, 0.245647969052
0.723658043851, 0.940349298289, 3.83575752579, 0.292603883115, 42.4740920622, 44.3737827286, 2.3403697902, 1.67890543502, 21.5094634929, 0.518740737013, 0.0925925925926
0.526928996168, 1.25861917991, 5.82236102262, 0.231556605254, 38.3488951107, 42.4117805215, 2.64285232302, 1.69818667715, 21.1875494108, 0.442773980274, 0.601719197708
0.884627474272, 1.03633739358, 7.61960504617, 0.364298053263, 10.35925745, 43.6903144858, 2.29460712771, 0.862262879565, 41.5394637459, 0.541203817815, 0.0186335403727
0.542522577251, 0.873705972132, 6.78739662423, 0.435557733913, 11.0458308913, 49.3131853377, 2.88161981294, 2.93136213635, 25.6131070911, 0.573334603691, 0.0
0.536770172398, 1.05908678925, 7.07211076068, 0.398098324753, 13.3319654706, 46.3017085385, 2.84517455764, 1.43288521179, 24.5113091186, 0.513651447032, 0.132530120482
0.672338091615, 1.02382028729, 5.10942167474, 0.324181758037, 41.9984169922, 45.6954443794, 3.39970310989, 1.97368053688, 36.7549610302, 0.440863789396, 0.64252116651
0.762556889993, 1.08011886014, 5.24485859474, 0.314834559799, 11.5216908, 45.3029096807, 2.23248142283, 2.76651650777, 38.8063948688, 0.578796812675, 0.0
0.769979067544, 1.19026587495, 6.27296082998, 0.396250111459, 16.5507982509, 46.3830046111, 2.58109852909, 2.58063166576, 32.490290374, 0.600378927098, 0.0
0.652963673383, 1.25152761502, 3.97251068749, 0.215638554796, 30.6720550312, 42.4031739116, 2.53390631028, 0.126954835754, 35.5266795988, 0.535130154555, 0.0458015267176
0.541173405466, 1.04535652058, 5.03356970735, 0.448040706914, 42.0522369195, 42.4826365845, 3.98542662006, 3.50983139689, 35.042039498, 0.548248256066, 0.00662251655629
0.664671750152, 1.02382028729, 6.9242487059, 0.256149425039, 39.8640812453, 46.9092886127, 2.82226728826, 1.86709373109, 24.8285056226, 0.509645634049, 0.18320610687
0.566352894405, 1.22617405638, 3.50787876212, 0.2876774951, 33.0383185843, 42.4906021412, 3.78600839609, 1.58969124376, 36.4405587305, 0.448623518313, 0.496113989637
0.769979067544, 1.19026587495, 6.27296082998, 0.396250111459, 16.5507982509, 46.3830046111, 2.58109852909, 2.58063166576, 33.968137481, 0.600899646505, 0.0
0.566352894405, 0.950920634753, 3.50787876212, 0.419088837445, 33.0383185843, 40.1785989253, 3.78600839609, 1.58969124376, 23.0679427242, 0.456283938978, 0.445466491459
0.682046185731, 0.963235501239, 5.69061342036, 0.419562154071, 1.70051053376, 41.8924383734, 2.72291878993, 2.90134219235, 33.4106940506, 0.607938637383, 0.0
0.81197618422, 1.22433156199, 7.13617793409, 0.457359292704, 40.3590389772, 45.8155170089, 2.58851456317, 3.71587481957, 41.0005572367, 0.619851268016, 0.0
0.887317380444, 0.894791256609, 4.53505841196, 0.427045311875, 12.2502750989, 44.3153919135, 2.8669093665, 4.60943898363, 37.8088098727, 0.624599148683, 0.0
0.506951638077, 1.23776442368, 6.77945850645, 0.447102984955, 40.2317778558, 40.1785989253, 3.92253512381, 1.80088345648, 23.0679427242, 0.472273575305, 0.267893660532
0.769979067544, 1.19026587495, 6.27296082998, 0.396250111459, 16.5507982509, 46.3830046111, 2.58109852909, 2.58063166576, 33.968137481, 0.63124095706, 0.0
0.636229842993, 1.14901142588, 2.88283619441, 0.34909361387, 24.5986439976, 42.2640093364, 2.26182747144, 1.207146044, 41.0021263178, 0.654818787701, 0.0
0.547819044479, 0.866964407659, 3.18220988453, 0.49998302145, 22.4298398119, 48.8346421218, 2.03905722752, 4.76568851601, 30.8319734926, 0.526340617633, 0.0940170940171
0.884616806178, 1.03633739358, 7.61960504617, 0.460446819653, 10.35925745, 43.6903144858, 2.29460712771, 0.180623905184, 41.5394637459, 0.552380412643, 0.0185185185185
0.5580657082, 1.00063125627, 4.11186503734, 0.230703210205, 47.8081838563, 48.692168607, 3.09032953731, 1.71132839371, 30.8319734926, 0.503969401242, 0.205323193916
0.637660837678, 1.01316678642, 7.58384368174, 0.478309845864, 28.3906230808, 40.7052074802, 2.52759029531, 1.00582904478, 43.1824711879, 0.479055337068, 0.32183908046
0.51226702222, 0.874682193965, 7.43950519396, 0.221633146474, 35.9357433634, 47.8079878024, 2.58032610009, 1.6797349121, 32.9860509296, 0.444991881531, 0.585106382979
0.5580657082, 1.00063125627, 5.67015140679, 0.230703210205, 47.8081838563, 48.692168607, 3.09032953731, 1.71132839371, 30.8319734926, 0.497127691718, 0.240425531915
0.662557086765, 0.889802944628, 6.0756285147, 0.364066509972, 8.74159537872, 41.5649772821, 3.50445632389, 3.72053159517, 25.8136108869, 0.521352355212, 0.13140311804
0.507911122418, 1.20711758126, 3.88032551064, 0.24845140114, 34.89672588, 44.3153919135, 2.84136276822, 3.01370315352, 36.7327250142, 0.514388767375, 0.175675675676
0.68477964463, 1.17932688886, 4.53505841196, 0.368334372483, 14.7213771742, 40.3841556816, 2.8669093665, 4.71329694691, 37.8088098727, 0.566496942234, 0.00819672131148
0.507911122418, 1.20711758126, 3.88032551064, 0.24845140114, 34.89672588, 44.3153919135, 2.84136276822, 2.66422717191, 36.7327250142, 0.48582230538, 0.267605633803
0.560414736342, 0.930010923434, 6.28924476518, 0.260609882781, 47.292160448, 47.4845698108, 3.88495314809, 1.80088345648, 31.4208683726, 0.461635462414, 0.408293460925
0.751747804098, 0.835819726511, 5.69289329003, 0.367543413588, 46.3907195454, 45.8998981144, 2.96465553155, 1.14025853419, 32.5100263018, 0.465011204404, 0.378378378378
0.566352894405, 0.950920634753, 3.50787876212, 0.419088837445, 33.0383185843, 42.4906021412, 3.78600839609, 1.58969124376, 36.4405587305, 0.447630708096, 0.617924528302
0.5580657082, 1.00063125627, 4.40174343538, 0.230703210205, 47.8081838563, 48.692168607, 3.09032953731, 1.71132839371, 37.4630374137, 0.447659554395, 0.617933723197
