4.30301805522, 1.15319180717, 1.73934637201, 1.00000044222, 6.15640383427, 1.05726640211, 5.3651808141, 1.26000012909, 1.00000079649, 5.87647677536, 3.32821044721, 1.01504940556, 3.58247422662, 1.0110195717, 1.05305121096, 1.01968831774, 1.08785322989, 0.948956955767, 8.7109903568, 1.00000015363, 1.00000073852, 93.0419376033, 0.935525058542, 1.56668300788, 1.01213941715, 3.65665435978, 0.870000864206, 31.4679676114, 0.0
2.9895760976, 1.14946788253, 1.7360813288, 1.00000097593, 6.00514090209, 1.16431438014, 4.79217741987, 1.2600001576, 1.00000042954, 5.43381014586, 6.02503450098, 1.09186552498, 2.11649020374, 1.0968949591, 1.01999484429, 1.58124272192, 1.01317276234, 0.913436717039, 6.8528965995, 1.00000046129, 1.00000098827, 93.8180834579, 0.955126352975, 5.35617627118, 1.05417750905, 3.90136464656, 0.870000546277, 1217.34770146, 0.0
1.25263113781, 1.17484102946, 1.64873346149, 1.00000016068, 5.8682916224, 1.10604303278, 2.58465492055, 1.26000066113, 1.00000093847, 5.00464582556, 6.99704384781, 1.07303524644, 3.53820229839, 1.04165619557, 1.07314087661, 1.38910171857, 1.14449135109, 1.00097516082, 8.16602697544, 1.00000001251, 1.00000064375, 103.495209088, 1.05475644298, 4.75131482209, 1.02265307043, 3.95237270126, 0.870000646802, 125.772261255, 0.268096514745
1.75689012116, 1.33074040539, 1.35089529566, 1.00000077252, 7.04465191041, 1.18002897586, 1.08890464438, 1.26000084163, 1.00000085927, 5.04010930503, 6.06984150199, 1.01142308062, 2.9962062768, 1.08432858897, 1.07030561231, 1.40897871108, 1.06480801142, 1.09642732515, 5.88402153889, 1.00000090874, 1.00000034022, 102.763169399, 1.02749362202, 5.4173294708, 1.0022314216, 3.56692999846, 0.870000181969, 1341.39399343, 0.0
2.9895760976, 1.14946788253, 1.7360813288, 1.00000097593, 6.00514090209, 1.16431438014, 4.96914943518, 1.2600001576, 1.00000042954, 5.43381014586, 6.02503450098, 1.09186552498, 2.11649020374, 1.0968949591, 1.01999484429, 1.0307464039, 1.01317276234, 0.913436717039, 6.8528965995, 1.00000046129, 1.00000098827, 93.8180834579, 0.955126352975, 5.35617627118, 1.05417750905, 3.90136464656, 0.870000546277, 393.361202964, 1.87667560322
4.91194447506, 1.1975218271, 1.48054062989, 1.00000093988, 4.79225949407, 1.09149388418, 5.49006330346, 1.26000034629, 1.00000081699, 5.02751607404, 6.03939717305, 1.08407297895, 1.67697830672, 1.10698072332, 1.03519247229, 1.07237794093, 1.16196159695, 0.918293064958, 7.15080400328, 1.00000087117, 1.0000000847, 79.3382912382, 1.08002264293, 1.09694047517, 1.00305338404, 3.88781463903, 0.870000658849, 347.977166273, 2.14477211796
5.92348293059, 1.03223774012, 1.56679917802, 1.00000000452, 5.23584926898, 1.13733644893, 1.12182417231, 1.26000022638, 1.00000035853, 5.11154923983, 7.45460813418, 1.06263497441, 2.9471028005, 1.08518397084, 1.07377560919, 1.40779651242, 1.15516830866, 1.07825470621, 8.54614305504, 1.00000071745, 1.00000052134, 85.6098833555, 1.08799752606, 5.62500334706, 0.982830091974, 3.30563730845, 0.870000756626, 200.650683765, 2.68096514745
3.98756912238, 1.11952314496, 1.54616513208, 1.00000053341, 4.6428404709, 1.08653222211, 3.90094585537, 1.26000073978, 1.0000004607, 5.40551605924, 5.03433657504, 1.067827074, 1.12284182665, 1.03644031055, 1.03894385806, 1.11036358927, 1.14701125993, 0.965216966607, 8.62826091588, 1.00000003866, 1.00000068756, 76.30588118, 0.964686263833, 1.94316427586, 0.959373854828, 3.76889373936, 0.870000430659, 684.651108641, 0.268096514745
3.03486070507, 1.10967944209, 1.62078209918, 1.00000077563, 5.32930494828, 1.05273449617, 1.95703648805, 1.26000005752, 1.00000068548, 5.81100690937, 4.82578837854, 1.03608357613, 3.46544111952, 1.07708585143, 1.02744259858, 1.59861224346, 1.00706315239, 0.913511922848, 3.11347236541, 1.00000048973, 1.00000072724, 97.3359270746, 1.06987184142, 3.1817441654, 0.969370050287, 3.60973162885, 0.870000123825, 617.988002904, 1.60857908847
3.69994056183, 1.02812366979, 1.4726271068, 1.00000003918, 5.4237997492, 1.02752034886, 2.10409821142, 1.26000092259, 1.00000007741, 5.05570356669, 4.04259163543, 1.03698447015, 2.32842117221, 1.02231302944, 1.07831396862, 1.62321337969, 1.1348890203, 0.920797208984, 8.92184608793, 1.00000078409, 1.00000017686, 83.456557879, 0.942868524588, 5.46643195509, 0.958213364867, 4.2752031198, 0.870000403763, 2024.66123636, 0.0
2.28362943343, 1.30085685414, 1.42806626996, 1.00000053603, 6.36849205882, 1.02534967715, 5.54724865347, 1.26000062776, 1.000000744, 6.14177008898, 5.67610746419, 1.07914052382, 1.03338378602, 1.0603185848, 1.05253784444, 1.54198969627, 1.07229958028, 0.99514354301, 6.72231895514, 1.00000038664, 1.00000095328, 110.360714408, 1.01829294056, 5.56747177583, 0.968626594684, 3.42204261289, 0.87000063063, 448.128081484, 2.14477211796
3.5784444608, 1.02473018377, 1.5424658428, 1.00000095778, 5.16887472758, 1.16918122016, 4.61908845129, 1.26000074267, 1.00000049292, 5.77294722593, 6.66067575751, 1.05883780808, 1.29901925391, 1.11252968344, 1.05932322047, 1.19273022243, 1.14743000354, 0.972538171891, 6.3143224354, 1.00000080308, 1.00000077043, 83.5316877622, 0.99427677714, 3.09833052356, 1.00921713314, 4.07410876749, 0.870000808895, 283.804485476, 5.63002680965
5.0488441314, 1.02595212362, 1.64904271304, 1.00000052848, 5.43808117294, 1.15090305331, 3.77494038888, 1.26000064433, 1.00000046273, 5.18385840057, 6.57893890778, 1.05832517489, 3.81082539438, 1.06645316546, 1.03554904162, 1.1017113515, 1.08288151212, 0.960062584327, 4.5800837732, 1.00000091248, 1.00000007554, 101.488668907, 1.04800089689, 3.23663067674, 1.05163961709, 4.33063277703, 0.87000049252, 937.525016934, 0.804289544236
1.99316352092, 1.14323855905, 1.62685443474, 1.0000004155, 7.01390055182, 1.06146831866, 5.86590397673, 1.26000003167, 1.00000085811, 5.79369514082, 3.51855009226, 1.0582654022, 2.36886768224, 1.06550623007, 1.04351511793, 1.41880959317, 1.12505498031, 1.07306101227, 8.18361365732, 1.00000046916, 1.0000006933, 87.8533297293, 1.01685221087, 5.46971824297, 1.02150373473, 4.05396652185, 0.870000215893, 943.446821447, 0.268096514745
1.29444363088, 1.3506813877, 1.71005742388, 1.00000036781, 5.4237997492, 1.00791454429, 1.3074922506, 1.26000021189, 1.00000012396, 6.04161590988, 7.1529726225, 1.07962614173, 2.178432764, 1.0707238131, 1.06680401479, 1.38972623267, 1.13282658952, 1.07432591665, 9.16580275956, 1.00000053953, 1.00000072673, 110.838912328, 1.01907665263, 1.94487088114, 1.04390931146, 3.31666114461, 0.870000682705, 751.435433483, 1.34048257373
2.9895760976, 1.14946788253, 1.7360813288, 1.00000097593, 6.00514090209, 1.16431438014, 4.79217741987, 1.2600001576, 1.00000042954, 5.43381014586, 6.02503450098, 1.09186552498, 3.58247422662, 1.01559170739, 1.01999484429, 1.58124272192, 1.01317276234, 0.913436717039, 5.84027576793, 1.00000046129, 1.00000098827, 93.8180834579, 1.01516068288, 5.35617627118, 1.05417750905, 3.65665435978, 0.870000546277, 2760.39587605, 0.0
3.44600582574, 1.02379909777, 1.72853724486, 1.00000095681, 4.68112284793, 1.0607403552, 4.73456900966, 1.26000023558, 1.00000043211, 5.79027416226, 3.89273718631, 1.0913799712, 3.8017790703, 1.0987733635, 1.01133231347, 1.28237075619, 1.0538817565, 1.07282511648, 5.4991939408, 1.00000066455, 1.00000021477, 77.3386499285, 1.00126592594, 2.81842329614, 0.955360962569, 3.82738939919, 0.870000881863, 500.821126443, 2.14477211796
3.854933108, 1.10910318369, 1.69571742962, 1.00000000568, 5.97853359907, 1.05550809717, 1.07527497325, 1.2600009396, 1.00000022942, 5.94588112483, 5.45561718569, 1.00148284164, 3.72011328432, 1.01076505295, 1.00681197014, 1.12029532921, 1.00614576376, 0.91000378639, 3.11347236541, 1.00000061976, 1.00000013485, 82.2033623407, 0.996540029423, 4.06249164426, 1.03074956143, 3.60973162885, 0.870000987869, 477.27185567, 7.50670241287
3.96032607838, 1.08495970235, 1.4454475925, 1.00000006099, 5.84238632153, 1.10194485867, 5.30921720488, 1.26000070929, 1.00000062904, 4.9670789834, 5.27015912534, 1.00343139689, 2.06765354069, 1.01825006052, 1.03376383503, 1.32013920311, 1.1295755148, 1.06849134927, 7.12904568488, 1.00000014022, 1.00000040059, 116.574075405, 1.03336956092, 2.53259115335, 0.997207159388, 4.27354492111, 0.870000800859, 2006.43041773, 0.536193029491
3.69994056183, 1.02812366979, 1.4726271068, 1.00000003918, 5.70129169948, 1.02752034886, 3.17983905829, 1.26000080918, 1.00000007741, 5.05570356669, 4.04259163543, 1.03698447015, 2.32842117221, 1.02231302944, 1.07831396862, 1.62321337969, 1.1348890203, 0.920797208984, 8.92184608793, 1.00000078409, 1.00000017686, 83.456557879, 0.942868524588, 5.46643195509, 0.958213364867, 4.2752031198, 0.870000403763, 1070.17028578, 0.804289544236
3.09922563617, 1.07280858424, 1.50717546226, 1.00000028234, 6.77453708373, 1.01863623535, 1.87159663189, 1.26000010605, 1.00000046529, 5.4920564443, 6.48368557719, 1.06335898462, 2.32163407582, 1.1053804586, 1.07068254059, 1.22789400781, 1.00893537147, 1.08458004433, 6.43919103399, 1.00000072935, 1.00000040113, 123.02629674, 0.974072293116, 2.93221090123, 1.02992738066, 3.88196897485, 0.870000146363, 2358.67757393, 0.268096514745
3.11128560441, 1.35479658129, 1.69036190825, 1.00000044345, 5.80028288092, 1.08773841287, 2.99699391633, 1.26000048253, 1.00000022238, 5.26195248093, 5.92202637889, 1.0663864212, 2.32842117221, 1.09964359387, 1.08569489109, 1.2706861711, 1.14009888027, 0.991590228148, 7.51040564782, 1.00000094443, 1.0000000111, 101.138709991, 1.08950356364, 2.63269436037, 1.01774201114, 3.63328156694, 0.870000235391, 955.04068164, 1.87667560322
4.23212140498, 1.29457307619, 1.6015169605, 1.00000095495, 4.61092284652, 1.0527470924, 4.57734690808, 1.26000051642, 1.00000089171, 5.21743924514, 6.02531385263, 1.03310218504, 3.04376071543, 1.07338390161, 1.06407699628, 1.32615616775, 1.11957305966, 1.05139420735, 5.68803006508, 1.00000092404, 1.00000052094, 80.0895922387, 0.972573461929, 1.96121414668, 0.953849647448, 4.36653742663, 0.870000063869, 3638.48106545, 0.0
3.44600582574, 1.02379909777, 1.72853724486, 1.00000095681, 4.68112284793, 1.03244955419, 4.73456900966, 1.26000013318, 1.00000043211, 5.79027416226, 3.89273718631, 1.0913799712, 3.8017790703, 1.0987733635, 1.01133231347, 1.16795882686, 1.0538817565, 1.07282511648, 5.4991939408, 1.00000041564, 1.00000021477, 77.3386499285, 1.08920626438, 3.98618014977, 0.955360962569, 3.82738939919, 0.870000881863, 635.581929545, 5.63002680965
4.35347769131, 1.24342264854, 1.34432707865, 1.00000063346, 6.38927737739, 1.03810667881, 1.3074922506, 1.26000019198, 1.00000094674, 6.09975261121, 5.52411440169, 1.01948786, 2.45717414898, 1.05644320893, 1.01869260288, 1.04786641406, 1.07297106267, 1.0520492207, 9.56472204081, 1.00000006097, 1.00000027117, 117.038209745, 1.05406182592, 3.99988960316, 1.06884298968, 3.46417178531, 0.870000719735, 643.545514082, 2.14477211796
2.05993353558, 1.11808714639, 1.41983847913, 1.00000009872, 5.60400478215, 1.09926845839, 2.07405078032, 1.2600001064, 1.0000002263, 5.26757006447, 4.07627646989, 1.08163918647, 3.00421600361, 1.04882555573, 1.05439677836, 1.07121556265, 1.00401876162, 1.09490748222, 6.05239433282, 1.00000038518, 1.00000057967, 111.553473403, 0.933995221654, 2.59541090058, 0.958419645749, 4.12623953113, 0.870000604446, 2224.05825064, 0.536193029491
1.75689012116, 1.33074040539, 1.35089529566, 1.00000043425, 6.21201016031, 1.02678785824, 1.08890464438, 1.26000084163, 1.00000085927, 5.04010930503, 6.06984150199, 1.01142308062, 2.9962062768, 1.08432858897, 1.07030561231, 1.40897871108, 1.06480801142, 1.09642732515, 5.88402153889, 1.00000090874, 1.00000034022, 82.2033623407, 1.02749362202, 5.4173294708, 1.00302066257, 3.56692999846, 0.870000181969, 1508.20608715, 1.07238605898
1.74022138441, 1.00905043824, 1.35791569652, 1.00000068959, 6.18077194948, 1.03826622349, 5.86470868144, 1.26000031578, 1.00000096068, 5.60801602481, 7.45983210792, 1.03808272592, 2.53711584676, 1.05366356652, 1.04091110458, 1.07173000969, 1.03272700871, 1.10798400457, 3.64561524178, 1.00000069416, 1.00000021394, 117.380521135, 0.919286562182, 4.37972839012, 0.962597379884, 3.71020331494, 0.870000461176, 1878.33647866, 0.804289544236
4.81043238041, 1.41225155429, 1.52172423015, 1.00000031423, 6.99759132724, 1.10910387915, 5.43598000027, 1.26000030876, 1.00000098426, 4.98737269066, 4.51032682234, 1.033698853, 2.50742103454, 1.00648664247, 1.02393543285, 1.53828616222, 1.08948185614, 1.01509102521, 8.84031332174, 1.00000086363, 1.00000037801, 90.6747137713, 0.927400992442, 2.18946444497, 1.03888479452, 4.06533813679, 0.870000628201, 2905.28275758, 0.268096514745
1.55660353159, 1.15074246368, 1.40806091822, 1.00000079943, 5.48895886704, 1.14477559761, 2.03221459978, 1.26000049843, 1.00000074348, 5.18884362292, 5.27193262964, 1.08786927433, 2.41634451552, 1.11040979632, 1.01879465444, 1.53714526182, 1.07102189144, 1.10205306177, 7.91849589538, 1.00000026882, 1.00000012009, 88.0243624422, 1.07236047812, 4.30362507949, 0.958529986996, 3.42231941205, 0.870000392274, 3798.56429898, 0.0
1.94529199208, 1.37267821556, 1.45508845247, 1.00000095349, 6.45158739538, 1.16450558831, 2.19882020304, 1.26000052427, 1.00000035624, 6.00692799906, 6.39620301424, 1.06887110604, 1.07709231239, 1.10988646462, 1.00776754637, 1.5969633601, 1.04050536149, 1.02802432113, 7.40701069692, 1.00000048701, 1.00000095343, 79.8422094348, 1.07424741949, 4.22947779423, 1.01032875157, 3.87699762712, 0.870000893327, 927.282412536, 3.48525469169
1.75689012116, 1.33074040539, 1.35089529566, 1.00000077252, 7.04465191041, 1.00959750675, 1.08890464438, 1.26000084163, 1.00000085927, 5.04010930503, 6.06984150199, 1.01142308062, 2.9962062768, 1.08432858897, 1.07030561231, 1.40897871108, 1.06480801142, 1.09642732515, 5.88402153889, 1.00000090874, 1.00000034022, 102.763169399, 1.02749362202, 5.4173294708, 1.00302066257, 3.56692999846, 0.870000181969, 1072.13210439, 2.41286863271
3.39422965024, 1.23909343523, 1.68889545316, 1.00000048138, 5.04736902659, 1.13222890891, 5.1509537985, 1.26000015943, 1.00000030194, 4.98266655827, 7.0826897715, 1.01058872895, 1.47641639605, 1.11768697506, 1.04910945179, 1.10304449563, 1.14091138159, 0.987284744772, 3.91722552436, 1.00000035362, 1.00000023696, 104.926942485, 0.952119275052, 1.45383406815, 1.01455092775, 4.15718976694, 0.870000115187, 650.485122694, 4.02144772118
4.43355404901, 1.37775838283, 1.41900020563, 1.00000077213, 5.72219969139, 1.05316985505, 1.70408598355, 1.26000087172, 1.00000080624, 5.31023604301, 5.55342647058, 1.0896314491, 1.29790705292, 1.06009309767, 1.01378032823, 1.3112014576, 1.08485432178, 0.923098668734, 8.12439134144, 1.00000035265, 1.00000098882, 100.768088626, 1.07270139035, 3.56646894135, 1.06915669792, 3.98266186954, 0.87000074791, 2360.75405692, 0.536193029491
3.96032607838, 1.08495970235, 1.4454475925, 1.00000006099, 4.42442526804, 1.10194485867, 5.30921720488, 1.26000070929, 1.00000062904, 4.9670789834, 5.27015912534, 1.00343139689, 2.06765354069, 1.01825006052, 1.03376383503, 1.34173887617, 1.1295755148, 1.06849134927, 5.12392148022, 1.00000014022, 1.00000040059, 116.574075405, 1.03336956092, 2.53259115335, 0.997207159388, 4.27354492111, 0.870000800859, 1517.99319969, 1.60857908847
3.8953639549, 1.00408857707, 1.55271074289, 1.00000081628, 6.87404682488, 1.17683705332, 1.54577742154, 1.26000068405, 1.00000090076, 4.96206889597, 6.41270291553, 1.07842737856, 1.54772298135, 1.0175772011, 1.06222127679, 1.52399689986, 1.0617286513, 1.03441447553, 9.85292853229, 1.00000047088, 1.00000045925, 76.3505747728, 1.06661951937, 3.7203754351, 1.04465612964, 4.05428721174, 0.870000628803, 2029.8223964, 1.07238605898
3.854933108, 1.26362144182, 1.69571742962, 1.00000000568, 5.97853359907, 1.12174861779, 1.07527497325, 1.2600009396, 1.00000022942, 5.94588112483, 5.45561718569, 1.01434691258, 3.72011328432, 1.01076505295, 1.08850077514, 1.12029532921, 1.00614576376, 0.91000378639, 5.54032139091, 1.00000061976, 1.00000013485, 102.763169399, 0.996540029423, 4.06249164426, 1.03074956143, 3.51772592942, 0.870000987869, 3592.03037748, 0.268096514745
1.00066307932, 1.00520890789, 1.55036106395, 1.00000001558, 4.29068671985, 1.06034582478, 1.44826211291, 1.26000064437, 1.00000056507, 6.1607191933, 6.12526043052, 1.03490548353, 1.8936468031, 1.02565791372, 1.01653749515, 1.35680188574, 1.09148480486, 1.00031912931, 9.65117824872, 1.0000008373, 1.00000075307, 120.136665319, 0.952546668978, 1.80064514022, 0.970805461131, 4.08654542512, 0.870000959307, 3902.91582928, 0.0
1.04894544826, 1.09011966908, 1.64901594891, 1.00000023936, 6.67191350294, 1.11104277358, 2.72320760249, 1.26000023212, 1.00000097087, 5.36246473983, 6.03939717305, 1.05415379865, 1.38162523239, 1.01731198189, 1.06732464213, 1.0095123101, 1.00823257312, 0.96628703868, 4.34331426398, 1.00000057218, 1.00000044537, 87.3047740954, 0.951734322281, 1.98046696848, 1.02340058948, 3.31455141183, 0.870000850375, 1508.00629876, 2.41286863271
1.81787225288, 1.09508749529, 1.42518188124, 1.00000018658, 5.33878807758, 1.18301301881, 3.16528528196, 1.26000005018, 1.00000016529, 5.58708200115, 5.27193262964, 1.00860910419, 1.32262300553, 1.0504559784, 1.01189796614, 1.30333003105, 1.08158407898, 1.08582954452, 6.43919103399, 1.00000051654, 1.00000040113, 116.736416592, 1.03787461531, 2.06678474234, 1.06883301817, 4.32347930827, 0.870000962555, 1089.51092403, 2.68096514745
5.78499774236, 1.32235521033, 1.62844240275, 1.00000010611, 4.87271845622, 1.17135107288, 5.63068257501, 1.26000008846, 1.00000070331, 4.98977149311, 7.79281751054, 1.02795465975, 3.1966952026, 1.03361137649, 1.06723317098, 1.4552382904, 1.11333064928, 0.942736030322, 3.07639393342, 1.00000062239, 1.00000069294, 96.1915127624, 0.998325879573, 1.23519914865, 0.965578056438, 3.75991037876, 0.870000797783, 2558.19475768, 0.536193029491
2.90930930452, 1.09547997452, 1.38942931391, 1.00000084714, 6.95302831758, 1.15601795226, 2.99616943839, 1.26000023345, 1.00000065691, 6.02730295112, 6.09842322764, 1.00705648773, 1.38986703944, 1.05946882883, 1.04276347775, 1.14025371134, 1.01525699381, 1.05822713379, 5.28159792942, 1.00000068995, 1.00000027783, 115.49522531, 0.917237230363, 1.3798032533, 0.993524102159, 3.90264071442, 0.870000853652, 1628.08114308, 1.60857908847
5.0488441314, 1.02595212362, 1.64904271304, 1.00000052848, 5.43808117294, 1.15090305331, 3.77494038888, 1.26000064433, 1.00000046273, 5.18385840057, 3.82654396428, 1.05832517489, 3.81082539438, 1.06645316546, 1.03554904162, 1.1017113515, 1.08288151212, 0.960062584327, 4.5800837732, 1.00000091248, 1.00000007554, 101.488668907, 1.04800089689, 3.23663067674, 1.05163961709, 4.33063277703, 0.87000049252, 3824.64082028, 0.268096514745
5.25518457709, 1.36682426013, 1.54607120018, 1.00000079192, 4.90922204675, 1.07935984722, 4.83998573556, 1.26000057731, 1.00000045085, 5.90606411319, 3.59325445222, 1.0142549369, 1.1753363178, 1.06898784142, 1.00385254209, 1.41700829521, 1.00516183499, 1.09668438749, 7.04402273926, 1.00000010472, 1.00000001001, 78.8843832179, 1.01049560411, 5.81208244554, 0.997864884687, 3.92420767212, 0.870000561451, 3938.1632861, 0.0
5.78499774236, 1.3833650843, 1.62844240275, 1.00000006664, 4.87271845622, 1.17135107288, 5.63068257501, 1.26000008846, 1.00000093653, 4.9659892435, 4.38303536353, 1.03054667265, 3.1966952026, 1.03361137649, 1.06723317098, 1.41733200387, 1.11333064928, 0.942736030322, 3.07639393342, 1.00000062239, 1.00000069294, 85.0384475616, 0.998325879573, 1.0045799674, 1.06316534976, 3.75991037876, 0.870000565073, 1348.23652119, 2.68096514745
2.58338779861, 1.21635161168, 1.73852109142, 1.00000036175, 5.89351057296, 1.08426625325, 1.96992116521, 1.26000080533, 1.00000000408, 4.97041745294, 3.84570932828, 1.01209677319, 3.95313184876, 1.01745124163, 1.05567233008, 1.35286032008, 1.11774768351, 1.06510551299, 6.1734224711, 1.00000060952, 1.00000011119, 105.14314478, 1.03492282156, 3.32832545299, 1.01636184931, 3.42438315163, 0.870000698814, 1118.90480319, 4.28954423592
5.92348293059, 1.03223774012, 1.56679917802, 1.00000000452, 5.23584926898, 1.13733644893, 1.12182417231, 1.26000022638, 1.00000026783, 5.11154923983, 7.45460813418, 1.06263497441, 2.9471028005, 1.08518397084, 1.07377560919, 1.40779651242, 1.1375815344, 1.07825470621, 8.54614305504, 1.00000071745, 1.00000052134, 85.6098833555, 1.07125896369, 5.62500334706, 1.04726640917, 3.32450397587, 0.870000756626, 1110.19783745, 4.55764075067
2.14446861336, 1.18671974605, 1.35791569652, 1.0000003665, 5.57780335601, 1.01200395007, 3.60310780753, 1.26000037326, 1.00000028439, 5.18127906443, 3.29080244533, 1.01607410154, 2.12649832499, 1.00818852408, 1.00447383575, 1.03592144564, 1.10031341345, 0.996702770607, 4.98692015339, 1.00000038664, 1.00000035048, 122.373325179, 0.994750322058, 4.87955949457, 0.985816127234, 3.61924301068, 0.870000078246, 1300.38596916, 3.21715817694
4.20662521218, 1.2049770916, 1.4742031555, 1.00000029103, 5.03519445223, 1.0573648311, 2.76936241143, 1.26000020598, 1.00000075864, 5.49578488093, 6.99651933237, 1.08462196124, 2.34933192079, 1.11784118659, 1.07966626325, 1.10230075926, 1.14733569379, 0.992539058832, 8.62035079781, 1.00000047535, 1.00000027117, 92.8528999393, 1.05406182592, 2.74077321568, 1.00959480568, 3.9135127262, 0.87000095682, 3516.02024835, 0.536193029491
5.31388483807, 1.4218215778, 1.56991150331, 1.00000073619, 6.38689009452, 1.06716114368, 5.66641452293, 1.26000021571, 1.00000024443, 5.63199685512, 6.5061155016, 1.01016843514, 3.81703716106, 1.02795230281, 1.0376935199, 1.0157881928, 1.11277648632, 1.02634242406, 7.43092668911, 1.00000088136, 1.00000013383, 80.3673854712, 1.03657788703, 1.42744081726, 0.959138490318, 3.37256524691, 0.870000549242, 3025.38089338, 1.07238605898
5.31388483807, 1.41184311576, 1.56991150331, 1.00000073619, 6.38689009452, 1.06716114368, 5.66641452293, 1.26000021571, 1.00000024443, 5.63199685512, 6.5061155016, 1.01016843514, 1.95214657856, 1.07379427174, 1.0376935199, 1.0157881928, 1.11277648632, 1.02634242406, 7.43092668911, 1.00000088136, 1.00000013383, 80.3673854712, 1.03657788703, 1.42744081726, 0.959138490318, 3.37256524691, 0.870000549242, 3288.78748503, 0.804289544236
4.91194447506, 1.1975218271, 1.48054062989, 1.00000093988, 4.79225949407, 1.09149388418, 5.49006330346, 1.26000034629, 1.00000081699, 5.28190517028, 4.64827480348, 1.08407297895, 1.67697830672, 1.10698072332, 1.03519247229, 1.07237794093, 1.16196159695, 0.918293064958, 7.15080400328, 1.00000096208, 1.0000000847, 79.3382912382, 1.08002264293, 1.09694047517, 1.00305338404, 3.88781463903, 0.870000658849, 2137.46016557, 1.87667560322
5.54453646568, 1.07757769509, 1.61754907597, 1.000000747, 4.71693383576, 1.06276988228, 2.39001618357, 1.26000021251, 1.00000050157, 5.01286866741, 3.2331081405, 1.02841247049, 1.73584717395, 1.05844423409, 1.08981210812, 1.54999031587, 1.12810885963, 1.04547930693, 6.41357480341, 1.00000000228, 1.00000097061, 115.179217082, 1.04362268172, 5.57093812723, 0.971225750263, 3.75570099905, 0.870000316454, 1808.06640757, 2.41286863271
2.92761589245, 1.4257201362, 1.35830526199, 1.00000096566, 5.15599036418, 1.07284695325, 3.95943179558, 1.26000066344, 1.0000000249, 5.25849923654, 7.35541145557, 1.00689443487, 1.88617204085, 1.10998601854, 1.07944792816, 1.55296951523, 1.05178953778, 0.927637412954, 6.07544997306, 1.00000069747, 1.00000017234, 92.1117381514, 1.08962367784, 3.12993119125, 0.952511622941, 3.4317300086, 0.87000084543, 2505.38510752, 1.60857908847
1.04894544826, 1.09011966908, 1.64901594891, 1.00000023936, 6.67191350294, 1.11104277358, 2.72320760249, 1.26000012909, 1.00000079649, 5.36246473983, 6.27653012292, 1.05415379865, 1.38162523239, 1.01731198189, 1.06732464213, 1.0095123101, 1.0146492894, 0.96628703868, 4.34331426398, 1.00000057218, 1.00000044537, 87.3047740954, 0.951734322281, 1.98046696848, 1.02340058948, 3.31455141183, 0.870000850375, 5950.1756496, 0.0
1.00066307932, 1.00520890789, 1.42483314497, 1.00000001558, 4.29068671985, 1.06034582478, 1.25645059116, 1.26000064437, 1.0000002263, 6.1607191933, 5.80158242834, 1.07629918597, 1.8936468031, 1.01709639185, 1.01653749515, 1.35680188574, 1.09148480486, 1.00031912931, 9.76926150487, 1.0000008373, 1.00000075307, 120.136665319, 0.952546668978, 1.80064514022, 0.970805461131, 4.08654542512, 0.870000959307, 1661.90944618, 2.68096514745
3.09407126768, 1.34778217365, 1.57325375082, 1.00000059305, 4.81062988223, 1.01092607696, 1.65440408903, 1.26000056731, 1.00000048709, 5.23773847693, 4.79812216545, 1.0897163201, 2.14158784622, 1.03906196747, 1.06180630959, 1.19594430972, 1.16385495525, 0.979545356859, 7.37573898077, 1.0000000353, 1.00000068574, 118.006868034, 1.0838022637, 2.99111326622, 1.04577206959, 4.09442773872, 0.870000128869, 1389.31998405, 4.28954423592
5.70335806443, 1.06402452563, 1.5083244501, 1.00000076709, 4.26751858916, 1.01242003364, 5.21866268285, 1.26000004506, 1.00000059424, 4.9670789834, 7.07418140838, 1.04311739582, 3.04243929256, 1.06574591649, 1.02078824461, 1.34519506753, 1.02256976061, 1.06849134927, 6.81379014824, 1.00000065124, 1.00000061135, 92.2891531961, 1.00494117735, 3.54920443545, 0.993851986905, 3.44496419673, 0.870000225913, 3656.39342639, 0.536193029491
4.36877634792, 1.23394610192, 1.66398218316, 1.00000046119, 6.05165927508, 1.04217714834, 4.39636898612, 1.26000042484, 1.00000055353, 5.33704564433, 4.39286287586, 1.08665984863, 3.78233621871, 1.03543952634, 1.00605088301, 1.14156397152, 1.09804397955, 1.05541475683, 3.02348865722, 1.00000085617, 1.00000040697, 85.0054297772, 1.0062532956, 2.5964267515, 0.968407323536, 4.05113070962, 0.870000497842, 3184.74889558, 1.07238605898
1.37856989949, 1.4205705856, 1.42518188124, 1.00000018658, 5.33878807758, 1.18489816368, 1.39511743689, 1.26000005018, 1.00000016529, 5.58708200115, 3.77423123389, 1.07305102908, 1.32262300553, 1.0504559784, 1.01189796614, 1.30333003105, 1.05059528158, 1.08582954452, 6.43919103399, 1.00000051654, 1.00000040113, 123.116172141, 1.03787461531, 2.06678474234, 1.01927517708, 4.32347930827, 0.870000628803, 2422.42107458, 1.87667560322
5.25518457709, 1.36682426013, 1.54607120018, 1.00000012939, 4.90922204675, 1.07935984722, 4.83998573556, 1.26000057731, 1.00000058625, 5.90606411319, 3.59325445222, 1.0142549369, 2.74318167208, 1.06898784142, 1.00385254209, 1.30187036692, 1.00516183499, 1.09668438749, 7.04402273926, 1.00000010472, 1.00000003864, 78.8843832179, 1.01049560411, 5.81208244554, 0.997864884687, 3.92420767212, 0.870000561451, 2380.80727526, 2.41286863271
3.16206987579, 1.14667403567, 1.72426411846, 1.00000045637, 4.87616456054, 1.03578996381, 4.82509165964, 1.26000060156, 1.00000005936, 5.62169025384, 6.0356368591, 1.04412347581, 3.66663718502, 1.05501133003, 1.08781121416, 1.21534608401, 1.12221157985, 1.05388990654, 4.66846121404, 1.00000075004, 1.00000050923, 121.425230072, 0.997882932877, 5.00277092177, 1.02801041723, 4.01560842446, 0.870000318146, 6432.44258808, 0.0
4.91313854452, 1.22699328861, 1.58956805592, 1.00000097475, 4.48738656349, 1.07465542772, 4.71356081915, 1.26000035055, 1.00000055241, 5.47274034473, 5.70840635176, 1.02603041309, 3.66663718502, 1.05756521965, 1.02306377877, 1.04503853454, 1.07397476683, 0.96509881367, 8.26284895024, 1.00000024905, 1.00000004603, 100.598130902, 1.06620538406, 1.45429548628, 1.03374116505, 3.99945785218, 0.870000385376, 2057.44173859, 4.02144772118
5.92348293059, 1.03223774012, 1.56679917802, 1.00000000452, 5.23584926898, 1.13733644893, 1.12182417231, 1.26000022638, 1.00000000408, 5.11154923983, 7.45460813418, 1.06263497441, 2.9471028005, 1.08518397084, 1.07377560919, 1.40779651242, 1.1375815344, 1.07825470621, 8.54614305504, 1.00000071745, 1.00000052134, 85.6098833555, 1.07517062475, 5.62500334706, 0.982830091974, 3.30563730845, 0.870000756626, 1708.29514953, 4.82573726542
4.35347769131, 1.24342264854, 1.34432707865, 1.00000063346, 6.38927737739, 1.03810667881, 4.50221291867, 1.26000019198, 1.00000094674, 6.09975261121, 5.52411440169, 1.01948786, 2.45717414898, 1.05644320893, 1.05538473214, 1.09528957335, 1.07297106267, 1.0520492207, 9.56472204081, 1.00000006097, 1.00000027117, 117.038209745, 1.05406182592, 3.99988960316, 1.06825620626, 3.46417178531, 0.870000719735, 3666.48246744, 0.804289544236
1.29444363088, 1.3506813877, 1.49205229498, 1.00000036781, 5.70129169948, 1.00791454429, 1.3074922506, 1.26000021189, 1.00000012396, 6.04161590988, 7.1529726225, 1.07962614173, 2.178432764, 1.0707238131, 1.06680401479, 1.38972623267, 1.13282658952, 1.07432591665, 9.16580275956, 1.00000053953, 1.00000072673, 110.838912328, 1.01907665263, 1.94487088114, 1.04390931146, 3.31666114461, 0.870000682705, 5932.38380771, 0.536193029491
1.55271278004, 1.23390382754, 1.53034583728, 1.00000066778, 6.53018431618, 1.00094088264, 4.5620995263, 1.26000086642, 1.00000016416, 5.57324674971, 6.00346797098, 1.04719943974, 1.46214400036, 1.03120465961, 1.04353185238, 1.00427871272, 1.16189300773, 1.08048004095, 9.31850452893, 1.00000043401, 1.00000015818, 88.9011105998, 0.972681126109, 3.6148452836, 0.988912429177, 3.33133466473, 0.870000557193, 3274.34140959, 1.34048257373
2.90930930452, 1.09547997452, 1.38942931391, 1.00000084714, 6.95302831758, 1.18461961824, 2.99616943839, 1.26000023345, 1.00000065691, 6.02730295112, 6.09842322764, 1.00705648773, 1.38986703944, 1.05946882883, 1.04557473368, 1.14025371134, 1.01525699381, 1.05822713379, 4.90745027066, 1.00000068995, 1.00000027783, 115.49522531, 0.917237230363, 1.3798032533, 0.993524102159, 3.90264071442, 0.870000853652, 2438.51335071, 1.87667560322
1.74022138441, 1.10849992045, 1.35001376032, 1.00000068959, 6.18077194948, 1.03826622349, 5.67492998168, 1.26000000229, 1.00000096068, 5.60801602481, 7.45983210792, 1.03808272592, 2.53711584676, 1.05366356652, 1.04091110458, 1.07173000969, 1.03272700871, 1.10798400457, 3.64561524178, 1.00000069416, 1.00000021394, 117.380521135, 0.93324078971, 4.37972839012, 0.962597379884, 3.71020331494, 0.870000461176, 6822.06263424, 0.0
4.20662521218, 1.2049770916, 1.4742031555, 1.00000029103, 5.03519445223, 1.0573648311, 2.76936241143, 1.26000020598, 1.00000075864, 5.49578488093, 6.99651933237, 1.08462196124, 2.34933192079, 1.11784118659, 1.07966626325, 1.10230075926, 1.14733569379, 1.08323416429, 8.62035079781, 1.00000047535, 1.00000027117, 92.8528999393, 1.05406182592, 2.74077321568, 1.00959480568, 3.9135127262, 0.87000095682, 3789.10556001, 0.804289544236
3.44600582574, 1.02379909777, 1.72853724486, 1.00000095681, 4.68112284793, 1.03244955419, 4.73456900966, 1.26000013318, 1.00000043211, 5.79027416226, 3.89273718631, 1.01058872895, 3.8017790703, 1.0987733635, 1.01133231347, 1.16795882686, 1.0538817565, 1.07282511648, 5.4991939408, 1.00000041564, 1.00000026793, 77.3386499285, 1.08920626438, 3.98618014977, 0.955360962569, 3.82738939919, 0.870000881863, 3759.20547551, 1.07238605898
3.09922563617, 1.07280858424, 1.50717546226, 1.00000028234, 6.77453708373, 1.01863623535, 1.87159663189, 1.26000010605, 1.00000046529, 5.4920564443, 6.48368557719, 1.06335898462, 2.32163407582, 1.1053804586, 1.05131068011, 1.22789400781, 1.10656365933, 1.08458004433, 6.43919103399, 1.00000072935, 1.00000040113, 123.02629674, 0.974072293116, 2.93221090123, 1.02992738066, 3.88196897485, 0.870000146363, 6288.99699554, 0.536193029491
5.70335806443, 1.06402452563, 1.5083244501, 1.00000097353, 4.26751858916, 1.08384745395, 5.21866268285, 1.26000004506, 1.00000059424, 5.17287916272, 7.07418140838, 1.05766409411, 2.5141627302, 1.06574591649, 1.02078824461, 1.34519506753, 1.02362797443, 0.929976133952, 6.81379014824, 1.00000065124, 1.00000061336, 93.36981079, 1.00494117735, 3.54920443545, 0.954014692911, 3.56590588449, 0.870000225913, 3368.16128446, 1.34048257373
5.25518457709, 1.36682426013, 1.54607120018, 1.00000079192, 4.90922204675, 1.07935984722, 4.83998573556, 1.26000057731, 1.00000058625, 5.90606411319, 3.59325445222, 1.0142549369, 2.74318167208, 1.06898784142, 1.00385254209, 1.41700829521, 1.00516183499, 1.09668438749, 7.04402273926, 1.00000010472, 1.00000003864, 78.8843832179, 1.01049560411, 5.81208244554, 0.997864884687, 3.92420767212, 0.870000561451, 2481.3482393, 4.28954423592
2.58338779861, 1.21635161168, 1.73852109142, 1.00000036175, 5.89351057296, 1.08426625325, 1.96992116521, 1.26000080533, 1.00000000408, 4.97041745294, 3.84570932828, 1.01209677319, 3.95313184876, 1.01745124163, 1.05567233008, 1.35286032008, 1.1375815344, 1.06510551299, 6.1734224711, 1.00000060952, 1.00000011119, 105.14314478, 1.07125896369, 3.32832545299, 1.01636184931, 3.32450397587, 0.870000698814, 2739.11222727, 1.87667560322
3.09407126768, 1.34778217365, 1.57325375082, 1.00000030792, 4.81062988223, 1.01092607696, 1.5412526817, 1.26000056731, 1.00000064464, 5.23773847693, 4.79812216545, 1.0897163201, 2.14158784622, 1.06898784142, 1.06180630959, 1.19594430972, 1.16385495525, 0.979545356859, 7.37573898077, 1.00000010472, 1.00000068574, 113.304397097, 1.0481546077, 2.99111326622, 1.04577206959, 4.09442773872, 0.870000128869, 7788.3042438, 0.0
1.08123018756, 1.30690368108, 1.50607677313, 1.00000004916, 4.73119018616, 1.16918442359, 2.29840932633, 1.26000067461, 1.00000013085, 5.2512729023, 6.11443122837, 1.00013567005, 2.94945722654, 1.11662765354, 1.04785473792, 1.17139494641, 1.10499153935, 0.955219523426, 3.12191651492, 1.00000017329, 1.00000073089, 111.748666726, 0.913421223425, 5.08364313303, 1.05907551026, 3.96866561862, 0.870000682918, 3842.44176925, 0.804289544236
4.0965115868, 1.0888292858, 1.49043041748, 1.00000012359, 6.74560031391, 1.0225048204, 4.30196929582, 1.26000063936, 1.00000021451, 5.24298845549, 6.77580437659, 1.04071873813, 1.81796438192, 1.05900706124, 1.08523588368, 1.50970902432, 1.10596404281, 1.07971151768, 5.1193863119, 1.00000000658, 1.00000090458, 104.198161111, 1.03857007913, 1.35021408094, 1.06815147134, 3.94674197032, 0.870000366835, 6629.60304469, 0.536193029491
3.09407126768, 1.34778217365, 1.57325375082, 1.00000030792, 4.81062988223, 1.01092607696, 1.5412526817, 1.26000056731, 1.00000048709, 5.23773847693, 4.79812216545, 1.0897163201, 2.14158784622, 1.06898784142, 1.06180630959, 1.19594430972, 1.16385495525, 0.979545356859, 7.37573898077, 1.00000010472, 1.00000068574, 113.304397097, 1.0481546077, 2.99111326622, 1.04577206959, 4.09442773872, 0.870000128869, 3380.08537544, 1.34048257373
3.96032607838, 1.08495970235, 1.4454475925, 1.00000006099, 5.84238632153, 1.10194485867, 5.30921720488, 1.26000005276, 1.00000062904, 5.17287916272, 5.27015912534, 1.00343139689, 1.27555966695, 1.01825006052, 1.03376383503, 1.32013920311, 1.1295755148, 0.929976133952, 3.91457252481, 1.00000014022, 1.00000040059, 118.795630227, 1.03336956092, 2.53259115335, 0.997207159388, 4.27354492111, 0.870000800859, 2558.90783519, 8.3109919571
3.11128560441, 1.35479658129, 1.69036190825, 1.00000044345, 5.80028288092, 1.15564699695, 2.99699391633, 1.26000048253, 1.00000022238, 5.26195248093, 4.56998330157, 1.0663864212, 3.94072596259, 1.09964359387, 1.08569489109, 1.2706861711, 1.12437390253, 0.991590228148, 7.51040564782, 1.00000094443, 1.0000000111, 86.9230319026, 1.0897469574, 2.63269436037, 1.01774201114, 3.63328156694, 0.870000235391, 2621.67907658, 7.50670241287
2.9895760976, 1.14946788253, 1.7360813288, 1.00000097593, 6.15640383427, 1.16431438014, 4.79217741987, 1.2600001576, 1.00000042954, 5.21030936756, 6.02503450098, 1.09186552498, 2.11649020374, 1.0968949591, 1.02721069361, 1.58124272192, 1.11193150772, 0.912249518406, 6.8528965995, 1.00000046129, 1.00000098827, 93.8180834579, 0.955126352975, 5.35617627118, 1.05417750905, 3.90136464656, 0.870000546277, 2871.94707801, 2.14477211796
4.43355404901, 1.37775838283, 1.41900020563, 1.00000077213, 5.72219969139, 1.05316985505, 1.70408598355, 1.26000087172, 1.00000080624, 5.31023604301, 4.33956118969, 1.0896314491, 1.29790705292, 1.06009309767, 1.01378032823, 1.02739419615, 1.03272700871, 1.00655036959, 8.12439134144, 1.00000035265, 1.00000098882, 100.768088626, 0.93324078971, 4.37972839012, 1.06915669792, 3.98266186954, 0.87000074791, 3202.34869987, 1.87667560322
3.79807159398, 1.35627927102, 1.68507065793, 1.0000007471, 4.54716557104, 1.00362055431, 1.83897827179, 1.26000085142, 1.00000083225, 5.03270458001, 6.48095704485, 1.07891218306, 1.72419103859, 1.04941400193, 1.01105768535, 1.07944702484, 1.06965102075, 1.0421014236, 5.93183909112, 1.00000036611, 1.00000095535, 124.745926017, 1.07123257732, 3.17125225893, 1.01458607774, 3.78442711867, 0.870000468077, 8139.24824154, 0.0
1.08123018756, 1.30690368108, 1.70809448586, 1.00000004916, 4.96468153119, 1.16918442359, 2.29840932633, 1.26000067461, 1.00000013085, 5.2512729023, 6.11443122837, 1.00277824737, 2.94945722654, 1.11662765354, 1.04785473792, 1.17139494641, 1.10499153935, 0.955219523426, 3.12191651492, 1.00000017329, 1.00000070914, 111.748666726, 0.913421223425, 5.08364313303, 1.05907551026, 3.91639216357, 0.870000952368, 4005.21132492, 0.804289544236
4.35347769131, 1.24342264854, 1.34936675733, 1.00000004916, 6.38927737739, 1.03810667881, 4.50221291867, 1.26000019198, 1.00000094674, 6.09975261121, 5.52411440169, 1.01948786, 2.45717414898, 1.05644320893, 1.05538473214, 1.09528957335, 1.00293699983, 0.931255344195, 8.53530705058, 1.00000006097, 1.00000099589, 114.359935363, 1.0072575256, 3.99988960316, 1.06825620626, 3.46417178531, 0.870000119005, 7269.76762932, 0.536193029491
2.37670219817, 1.09798965454, 1.52362275412, 1.00000063417, 4.51598096825, 1.13303229828, 2.11914346242, 1.26000055132, 1.0000007669, 5.07314449213, 5.79103953371, 1.03813007365, 3.59564042461, 1.02127344747, 1.01069762753, 1.5002922862, 1.1006212179, 0.961580304729, 3.0971880235, 1.00000035677, 1.00000030315, 98.0528272432, 1.04404904135, 2.13036032378, 1.0261248561, 3.34998298059, 0.870000795014, 3415.0439271, 1.34048257373
1.75689012116, 1.33074040539, 1.35089529566, 1.00000043425, 6.21201016031, 1.02678785824, 1.08890464438, 1.26000084163, 1.00000085927, 5.04010930503, 6.06984150199, 1.01142308062, 2.9962062768, 1.08432858897, 1.07030561231, 1.40897871108, 1.06480801142, 1.09642732515, 5.88402153889, 1.00000090874, 1.00000034022, 102.763169399, 1.02749362202, 5.4173294708, 1.00302066257, 3.56692999846, 0.870000181969, 2884.50760898, 4.55764075067
5.97832685947, 1.35655977143, 1.59140011884, 1.00000036584, 6.79200421061, 1.07220037506, 5.4364171555, 1.26000056557, 1.00000036516, 5.25073267511, 4.56484427168, 1.04244485361, 3.4479155563, 1.04125026855, 1.02105742088, 1.46312521643, 1.07328669809, 0.9245842925, 4.45700117392, 1.00000015365, 1.00000064654, 91.1901693522, 0.942287151113, 1.31943186799, 0.959486683774, 4.09222217507, 0.870000744153, 3099.50504325, 2.14477211796
4.91313854452, 1.22699328861, 1.58956805592, 1.00000097475, 4.48738656349, 1.07465542772, 5.85393949728, 1.26000057731, 1.00000055241, 5.47274034473, 5.70840635176, 1.02603041309, 3.66663718502, 1.05756521965, 1.02306377877, 1.04503853454, 1.07397476683, 0.96509881367, 8.26284895024, 1.00000024905, 1.00000004603, 111.670347508, 1.06620538406, 1.45429548628, 1.03374116505, 4.34928320293, 0.870000385376, 8906.55267036, 0.0
3.16206987579, 1.14667403567, 1.72426411846, 1.00000045637, 4.87616456054, 1.03578996381, 4.82509165964, 1.26000060156, 1.00000005936, 5.62169025384, 6.0356368591, 1.04412347581, 3.6107546458, 1.05501133003, 1.08781121416, 1.21534608401, 1.12221157985, 1.05388990654, 3.28404474202, 1.00000075004, 1.00000050923, 121.425230072, 0.997882932877, 5.00277092177, 1.02801041723, 4.01560842446, 0.870000318146, 4409.76637803, 0.804289544236
4.35347769131, 1.24342264854, 1.34936675733, 1.00000063346, 6.38927737739, 1.03810667881, 4.50221291867, 1.26000019198, 1.00000094674, 6.09975261121, 5.52411440169, 1.01948786, 2.45717414898, 1.05644320893, 1.05538473214, 1.09528957335, 1.07297106267, 1.0520492207, 9.56472204081, 1.00000006097, 1.00000099448, 114.359935363, 1.0072575256, 3.99988960316, 1.06825620626, 3.46417178531, 0.870000336122, 7580.50563424, 0.536193029491
5.54453646568, 1.07757769509, 1.61754907597, 1.000000747, 4.71693383576, 1.02762902156, 2.39001618357, 1.26000021251, 1.00000050157, 5.01286866741, 3.2331081405, 1.02841247049, 1.73584717395, 1.05844423409, 1.08981210812, 1.54999031587, 1.12810885963, 1.07971151768, 4.3143764875, 1.00000000242, 1.00000042793, 115.179217082, 1.04362268172, 5.57093812723, 0.971225750263, 3.75570099905, 0.870000316454, 3431.42997557, 1.34048257373
4.91194447506, 1.1975218271, 1.48054062989, 1.00000093988, 4.79225949407, 1.09149388418, 5.49006330346, 1.26000034629, 1.00000081699, 5.28190517028, 4.64827480348, 1.08407297895, 1.67697830672, 1.10698072332, 1.03519247229, 1.07237794093, 1.16196159695, 0.918293064958, 7.15080400328, 1.00000087117, 1.0000000847, 79.3382912382, 1.08002264293, 1.09694047517, 1.00305338404, 3.88781463903, 0.870000658849, 3061.25292058, 5.36193029491
4.91194447506, 1.1975218271, 1.48054062989, 1.00000093988, 4.79225949407, 1.09149388418, 5.49006330346, 1.26000034629, 1.00000081699, 5.28190517028, 4.64827480348, 1.03955707013, 1.67697830672, 1.02759839631, 1.03080797526, 1.07237794093, 1.16196159695, 0.918293064958, 7.15080400328, 1.00000087117, 1.0000000847, 79.3382912382, 1.08914509419, 1.09694047517, 1.00305338404, 3.88781463903, 0.870000658849, 3411.09819204, 2.9490616622
1.29444363088, 1.3506813877, 1.49205229498, 1.00000035964, 6.92837826459, 1.00791454429, 4.50221291867, 1.26000021189, 1.00000012396, 6.04161590988, 7.1529726225, 1.07962614173, 2.178432764, 1.0707238131, 1.06680401479, 1.32619520191, 1.13355925365, 1.07432591665, 9.16580275956, 1.00000053953, 1.00000072673, 110.838912328, 1.01907665263, 1.94487088114, 1.04390931146, 3.31666114461, 0.870000682705, 3182.08091139, 3.48525469169
1.25263113781, 1.39494292975, 1.64873346149, 1.00000016068, 5.8682916224, 1.10604303278, 2.58465492055, 1.26000066113, 1.00000093847, 5.00464582556, 6.99704384781, 1.07303524644, 3.53820229839, 1.04165619557, 1.07314087661, 1.56156239956, 1.09148480486, 1.00097516082, 8.16602697544, 1.00000001251, 1.00000064375, 102.21810922, 1.05475644298, 4.75131482209, 1.02265307043, 3.95237270126, 0.870000646802, 10762.3045494, 0.0
4.01810668549, 1.40836201673, 1.49889525544, 1.00000002113, 6.69647687716, 1.17960042178, 5.27765431708, 1.2600000502, 1.00000062824, 5.71405341754, 5.18984722663, 1.09644603548, 3.71644020245, 1.10376697964, 1.07068254059, 1.49368954425, 1.00893537147, 1.08668274026, 4.27087519032, 1.00000066305, 1.00000090702, 81.0014131218, 1.03023664076, 3.08275119732, 0.993051894904, 3.98809828606, 0.870000776051, 3183.39775248, 4.02144772118
1.04894544826, 1.09011966908, 1.64901594891, 1.00000018829, 6.67191350294, 1.11104277358, 2.72320760249, 1.26000023212, 1.00000097087, 5.36246473983, 6.03939717305, 1.05415379865, 1.38162523239, 1.01731198189, 1.06732464213, 1.0095123101, 1.03801943645, 0.96628703868, 4.34331426398, 1.00000097051, 1.00000044537, 87.3047740954, 0.951734322281, 1.98046696848, 1.02340058948, 3.31455141183, 0.870000850375, 9277.68909608, 0.536193029491
4.0965115868, 1.0888292858, 1.49043041748, 1.00000012359, 6.74560031391, 1.0225048204, 4.30196929582, 1.26000063936, 1.00000021451, 5.24298845549, 6.77580437659, 1.04071873813, 1.81796438192, 1.02102252741, 1.08523588368, 1.50970902432, 1.10596404281, 1.04547930693, 7.35267980156, 1.00000001574, 1.00000090458, 104.198161111, 1.03857007913, 1.35021408094, 1.06815147134, 3.94674197032, 0.870000366835, 5234.52155654, 0.804289544236
