5.29532352265, 1.25362096466, 1.58526516978, 1.00000041137, 6.49258721974, 1.1653300326, 5.32653482532, 1.26000011628, 1.00000032142, 5.45096935229, 3.47731409578, 1.08020309515, 3.97194483646, 1.04693358509, 1.0739061088, 1.07699570455, 1.0499643292, 0.919578214054, 8.37829633804, 1.00000065877, 1.00000048242, 76.8737792254, 0.910268716454, 5.46539730855, 0.998605291746, 4.20789888467, 0.870000827994, 11.7190582855, 336.124690995
3.19760658657, 1.22567668713, 1.60993842482, 1.00000020004, 4.85317092506, 1.00979197528, 1.48154840033, 1.26000088268, 1.00000031319, 5.48781609844, 6.30261229049, 1.06738745853, 3.6146632933, 1.02171201613, 1.07723516556, 1.24300307419, 1.16050163369, 0.937240360363, 6.27364719005, 1.00000026146, 1.00000032745, 115.712666981, 1.04736705548, 5.92439912756, 1.05694544502, 4.19804449568, 0.870000532164, 13.0809895908, 155.608400018
4.54147320506, 1.00105305821, 1.55052742863, 1.0000007356, 5.72657349828, 1.03124095699, 1.36877555536, 1.26000035873, 1.00000065511, 6.01777226226, 4.04294776862, 1.06039637056, 1.60560904683, 1.10945693894, 1.06812070201, 1.4167523234, 1.07726944765, 0.983353151081, 5.13389012162, 1.00000054663, 1.00000018122, 100.654787228, 0.986617493645, 4.26822211162, 1.04337105358, 3.96274118595, 0.870000352441, 14.8145589975, 65.2922636915
4.87525053748, 1.01128306992, 1.55318932512, 1.0000008214, 4.86975356661, 1.17340494924, 4.01767080041, 1.2600000503, 1.00000066298, 5.73517515435, 3.33779227981, 1.00600593109, 2.26816308273, 1.00195826711, 1.08635486064, 1.02961819111, 1.01067805523, 1.05211152132, 6.83538607341, 1.00000049595, 1.00000079607, 97.5730301594, 0.938515662996, 1.45642377135, 0.973773690522, 4.13606014665, 0.870000503026, 11.9819883633, 272.099501264
3.66271086845, 1.25533294357, 1.54089853151, 1.00000018309, 6.67922492355, 1.16334702404, 4.89096903955, 1.26000074473, 1.00000092784, 6.07645406114, 4.35452258021, 1.03456500144, 2.58576174723, 1.02607079182, 1.08330139786, 1.02497876865, 1.0060800596, 0.973802637412, 8.42993539393, 1.00000056434, 1.00000058014, 115.475537022, 0.94541157741, 2.58644694921, 0.976608859316, 3.50187582292, 0.870000265292, 12.1413744901, 543.551166181
4.00143737491, 1.16514464737, 1.55761773864, 1.00000034523, 6.15228695598, 1.12810096787, 5.5615820239, 1.26000064076, 1.0000009218, 5.90684853371, 4.3117823887, 1.06254764329, 1.30363917797, 1.08156460534, 1.02624999891, 1.32074267021, 1.03736648883, 1.03917142479, 8.11891024695, 1.00000006544, 1.00000043481, 88.031868655, 0.960568468107, 1.88301204856, 1.00804911459, 3.88758460734, 0.870000875519, 16.2847461313, 389.713150655
4.33944574524, 1.32762637559, 1.4231297892, 1.00000028631, 5.27295258666, 1.18026184057, 5.67850166038, 1.26000015347, 1.00000015586, 5.70218030706, 4.74829733606, 1.0898155544, 2.44962712979, 1.06673208104, 1.03740201266, 1.54088649448, 1.13379141389, 0.918356408054, 4.37750209304, 1.000000017, 1.00000078566, 104.668682594, 0.932301345299, 1.81496581536, 1.03785339337, 3.88513345298, 0.870000124099, 13.2428395558, 855.47449077
3.64721031822, 1.33855029515, 1.40998579658, 1.00000024893, 4.82750268061, 1.12273278207, 3.77101120122, 1.26000089919, 1.0000006276, 5.65842904315, 6.16046417162, 1.01459986729, 3.03042211297, 1.00627154095, 1.07815274893, 1.58289496243, 1.13737331623, 1.07206175637, 8.5709204792, 1.00000051721, 1.00000094776, 109.12133517, 0.974002985668, 3.75960529936, 1.03035060744, 3.84064514245, 0.870000067867, 13.6014059441, 689.490095894
2.23550243649, 1.25064326989, 1.50414727926, 1.00000045291, 5.37330270778, 1.17348988526, 4.85427283826, 1.26000088757, 1.00000081246, 5.49071485065, 4.41888745449, 1.00040361467, 2.62191358364, 1.00061393863, 1.04338243117, 1.10649211842, 1.02546088497, 0.972312354584, 4.24209459505, 1.00000079325, 1.00000098514, 85.0404962789, 1.05174817366, 4.10644549041, 1.05867373749, 4.20259545896, 0.870000756766, 13.1111344355, 2224.33712286
1.14871072116, 1.12092405631, 1.62550166119, 1.00000084807, 4.25055906106, 1.15089980079, 1.4531650663, 1.26000089928, 1.00000074999, 5.58966277081, 6.92445867658, 1.07183163041, 2.62511688168, 1.06287949096, 1.04403410521, 1.06690709063, 1.01131579997, 1.08792925414, 3.56094091666, 1.00000075661, 1.00000063182, 79.8249555379, 1.03393696858, 2.53408164901, 0.975350425543, 3.30049966463, 0.870000377825, 14.7734274101, 1404.53184375
4.36192955594, 1.34079756852, 1.67295317881, 1.0000006508, 4.61978346053, 1.02810621206, 5.74242264768, 1.26000024508, 1.00000023173, 5.53325730242, 6.63388474324, 1.00694594249, 3.14794230295, 1.10969304776, 1.08212324111, 1.08682189929, 1.12751712959, 1.0860011077, 9.15730609513, 1.00000051504, 1.00000028866, 108.186994908, 1.05769346356, 3.7697073907, 1.04498078516, 3.6135856905, 0.870000389899, 15.1785437383, 1269.31832209
4.26624730351, 1.27544966075, 1.43373597491, 1.00000025246, 6.12308956558, 1.03224104932, 2.98196890392, 1.26000002243, 1.00000052618, 5.36607684387, 5.65677910785, 1.07011439238, 4.00035285979, 1.11543625166, 1.06133465328, 1.25325680715, 1.0336253427, 1.08639206394, 5.0341480559, 1.00000089366, 1.000000168, 88.0501769453, 1.06264579547, 2.17605869581, 1.02027649175, 4.02773967865, 0.870000526488, 15.8727120164, 1195.83917543
3.65069813172, 1.31823335093, 1.64753103008, 1.00000000992, 4.68982361866, 1.06950434835, 1.67178172218, 1.26000081968, 1.00000094864, 5.79145792484, 4.2979504612, 1.07719082157, 3.5808076226, 1.04963852386, 1.03775141876, 1.52286365971, 1.07117969655, 1.01684179278, 6.36043271725, 1.00000057915, 1.00000031431, 82.9743310524, 1.07921841952, 3.31620116528, 0.959756671758, 3.52129323795, 0.870000864927, 20.0692736175, 1136.96069055
3.78729823157, 1.200703371, 1.58199656191, 1.00000026829, 6.95633526513, 1.02558343838, 2.4394122091, 1.26000090131, 1.00000089627, 5.39491726949, 3.35852419918, 1.08474904765, 1.72171295289, 1.03662205474, 1.06602855339, 1.16480559397, 1.1409386078, 1.00547569946, 4.19506906748, 1.0000000983, 1.00000040259, 97.2807213607, 0.940678542448, 5.98302775331, 0.97384835007, 3.95876952432, 0.870000687979, 20.0784917928, 907.457926617
4.32526003144, 1.34324544658, 1.39240948353, 1.00000078533, 4.27464153479, 1.00284354495, 3.0683861487, 1.26000062146, 1.00000043488, 5.0495107004, 7.15940922726, 1.09145280678, 2.1073491837, 1.04789467135, 1.05288898316, 1.10600986885, 1.02023222328, 0.920871184961, 3.73704521323, 1.00000099954, 1.0000006938, 85.5854765476, 1.02211001182, 4.13278871289, 1.02875512271, 3.94465100528, 0.870000014367, 15.2682705528, 1857.57398468
3.62566708488, 1.42021216495, 1.37439819958, 1.00000082007, 4.89556617597, 1.02153217176, 5.96310142243, 1.26000004385, 1.00000043954, 4.97806275124, 3.23746139538, 1.02145359768, 4.01348706599, 1.09655665528, 1.07720033771, 1.07471410117, 1.02321944078, 1.08637898445, 9.0772726513, 1.00000063172, 1.00000078802, 112.235915189, 1.04919931898, 4.93438548935, 1.01165700067, 3.83171853265, 0.870000833385, 37.2280256407, 1023.54698412
1.87697559489, 1.08545898959, 1.38483499548, 1.00000033165, 6.08411632741, 1.0574150446, 1.84802911561, 1.26000005169, 1.00000085319, 5.98420422688, 6.50429009225, 1.04906128216, 1.85897580798, 1.11743894211, 1.01655515399, 1.5265327022, 1.07200062975, 0.995178590848, 4.66217321968, 1.00000021806, 1.00000000893, 124.309079512, 0.97888507404, 5.22203870159, 1.03946981494, 3.95901127327, 0.870000696549, 20.3796510073, 1064.88784104
3.55783603835, 1.34391676832, 1.54276728122, 1.00000075854, 4.86187921406, 1.02564362213, 2.1311559018, 1.26000098614, 1.00000065176, 5.80124552129, 5.92515604845, 1.0205222708, 1.87832510959, 1.04168996222, 1.01451238536, 1.27016469243, 1.15717525335, 0.96988016472, 8.41798516411, 1.00000015961, 1.00000058044, 83.0518576819, 1.04330913313, 1.00424671411, 1.05925453733, 3.73439355824, 0.870000984638, 17.7142184988, 1245.24468395
2.69347023291, 1.0575916953, 1.44886265291, 1.00000066708, 5.62163400853, 1.08417068558, 5.51591354193, 1.26000086659, 1.00000027125, 5.96198028988, 4.34509650669, 1.05584189758, 1.27835215752, 1.10714059255, 1.00975582928, 1.32469865183, 1.16421237512, 1.02922862423, 4.74068318988, 1.00000014234, 1.00000091364, 78.0398675685, 1.04338045591, 2.8853990028, 1.05544993121, 3.34663237494, 0.870000085894, 24.2663772469, 1081.86498281
1.99216886176, 1.26570214387, 1.44619369284, 1.00000085034, 6.18290355485, 1.14796533227, 1.95220957383, 1.26000039747, 1.00000026226, 5.28348855658, 6.40418174259, 1.09972314547, 3.39721355786, 1.10874214742, 1.03310650282, 1.62679988317, 1.12144311928, 1.10707398505, 3.14114229703, 1.00000057637, 1.0000007629, 118.977163535, 0.922231828033, 3.3476771462, 1.06430381775, 4.05505012416, 0.870000611276, 31.1900451196, 1184.68674508
3.6560818765, 1.00607168441, 1.40646922625, 1.00000052118, 6.73623973906, 1.05208577885, 1.48668823647, 1.26000019302, 1.00000010826, 5.27759919083, 5.57670228198, 1.05819077161, 3.06310224566, 1.0787970818, 1.08802541759, 1.07117715168, 1.08975459625, 0.966790719776, 6.61386884933, 1.00000004289, 1.00000074015, 75.7453355543, 0.959517669827, 5.07762889422, 0.991009354624, 4.10116544335, 0.870000120532, 16.9623190018, 2159.75562726
3.78263040008, 1.10911789409, 1.55617487002, 1.00000099128, 4.68216310141, 1.14093719662, 4.20470489325, 1.26000077938, 1.000000541, 5.90116165207, 5.38591392898, 1.0889353328, 1.80778084601, 1.1184299184, 1.0835317132, 1.34979606034, 1.09573811333, 0.992210937667, 4.01407493399, 1.00000029187, 1.00000061679, 114.732983261, 0.982771340454, 5.70066218189, 1.04759722918, 3.81152162246, 0.870000098355, 17.2230635709, 3037.14849599
3.68149406204, 1.39401912477, 1.59508092413, 1.00000046911, 5.09104681418, 1.17954580245, 5.99978645997, 1.26000036082, 1.00000060152, 5.82974376306, 5.63809008421, 1.08216822267, 3.8953697849, 1.05204332775, 1.05098898181, 1.06218367953, 1.13956696808, 1.0682236503, 8.59636685948, 1.00000089809, 1.00000059126, 111.244287671, 1.08212817244, 2.84164561584, 1.05580050733, 4.31214746855, 0.870000611392, 34.8944490762, 1253.71886113
3.67475093049, 1.14385226793, 1.4082958276, 1.00000076033, 6.63434152054, 1.12189685335, 2.85742482985, 1.26000062146, 1.00000025664, 5.20414378232, 7.26334079063, 1.09090580836, 3.63261626813, 1.02363505187, 1.0803454135, 1.08754172845, 1.03417639722, 0.984115558769, 8.15230231091, 1.00000039788, 1.00000088398, 115.06853777, 1.06886370307, 3.8931676771, 0.988018236465, 4.3170184776, 0.870000287178, 19.0411449071, 2570.42001201
1.91181719965, 1.07871195476, 1.35810982943, 1.00000074563, 4.52835196462, 1.04557184408, 1.53283129457, 1.26000022245, 1.0000002558, 6.12401392141, 5.9026568061, 1.06957834436, 1.02193349216, 1.0634889743, 1.0076864283, 1.26668974041, 1.06315758547, 1.052984792, 9.91224762164, 1.00000013969, 1.00000048154, 85.2902223731, 0.965918084032, 5.32052401609, 0.952124339296, 3.44214395226, 0.870000499457, 18.0469153099, 7893.66428225
3.65069813172, 1.41561184448, 1.64753103008, 1.00000000992, 4.68982361866, 1.06950434835, 1.67178172218, 1.26000081968, 1.00000094864, 5.79145792484, 4.2979504612, 1.07719082157, 3.5808076226, 1.04963852386, 1.03775141876, 1.52286365971, 1.07117969655, 1.01684179278, 6.36043271725, 1.00000062518, 1.00000073077, 82.9743310524, 1.07921841952, 3.31620116528, 0.959756671758, 3.52129323795, 0.870000864927, 17.8336463542, 11435.5922865
4.31279405123, 1.01023483316, 1.34111078597, 1.00000013691, 6.97889475183, 1.06662987229, 1.0967040587, 1.26000056572, 1.0000008271, 5.59647852713, 5.36428668489, 1.08775707677, 3.83947931117, 1.04138832359, 1.07483403402, 1.32624114535, 1.14539242605, 0.994582607787, 8.40847297839, 1.00000084302, 1.00000089379, 88.4724018931, 1.04554469103, 2.93331877517, 0.96080477876, 3.34514069234, 0.870000684571, 19.0986563229, 2751.51203958
4.51306556072, 1.1913752491, 1.51841379223, 1.00000025209, 6.81778520184, 1.13256496818, 4.27317527865, 1.26000033967, 1.00000084377, 6.13680476335, 5.65351876645, 1.07053350439, 1.44073203767, 1.09775582887, 1.07747526545, 1.17568137343, 1.02195898548, 1.08694727858, 9.30422223634, 1.00000058559, 1.00000026279, 86.7176826086, 0.934279392994, 4.17275981491, 0.978227040348, 3.35448908751, 0.870000979476, 41.3072220927, 1318.34373723
4.32526003144, 1.34324544658, 1.39240948353, 1.00000078533, 4.27464153479, 1.00748027578, 3.0683861487, 1.26000038424, 1.00000043488, 5.0495107004, 7.15940922726, 1.09145280678, 2.1073491837, 1.04789467135, 1.05288898316, 1.10600986885, 1.02023222328, 0.920871184961, 3.73704521323, 1.00000099954, 1.0000006938, 85.5854765476, 1.02211001182, 4.13278871289, 1.02875512271, 3.94465100528, 0.870000014367, 20.1473158796, 2465.54605971
1.25851242396, 1.22087983343, 1.65021364668, 1.00000025443, 5.2515661176, 1.13602275632, 4.26623220213, 1.26000078946, 1.00000054883, 5.73925621778, 5.39659444273, 1.09497604017, 3.56849647908, 1.06850791984, 1.08720027049, 1.05782054959, 1.06326381191, 1.044473448, 8.47581976415, 1.00000064228, 1.0000002725, 100.754861094, 1.02048388587, 3.40725219031, 1.06696290245, 3.65499513319, 0.87000095628, 19.2231268549, 5288.39354021
3.53384610387, 1.41121688452, 1.34581216009, 1.00000028275, 4.2749211215, 1.07406028251, 1.38803762808, 1.26000068726, 1.00000043634, 5.4414536124, 7.22196280881, 1.03700725814, 3.06983971971, 1.03265115608, 1.02697575251, 1.01782512978, 1.04653259031, 0.988655813139, 8.99776983399, 1.00000037327, 1.00000070582, 114.185269531, 0.935768861068, 3.89160236096, 1.06625485673, 4.25500851224, 0.870000882305, 29.8308389668, 2164.4661706
3.78729823157, 1.200703371, 1.58199656191, 1.00000026829, 6.95633526513, 1.02558343838, 2.4394122091, 1.26000090131, 1.00000013746, 5.39491726949, 3.35852419918, 1.08474904765, 1.72171295289, 1.03662205474, 1.05478452444, 1.47853467639, 1.11716390662, 1.00547569946, 4.19506906748, 1.0000000983, 1.00000040259, 97.2807213607, 0.940678542448, 5.98302775331, 0.97384835007, 3.95876952432, 0.870000783437, 37.2783321456, 2059.12889517
3.59942008514, 1.39401912477, 1.59508092413, 1.00000046911, 5.09104681418, 1.17954580245, 5.99978645997, 1.26000036082, 1.00000060152, 5.82974376306, 5.63809008421, 1.08216822267, 3.8953697849, 1.05204332775, 1.03668126417, 1.06218367953, 1.13956696808, 1.0682236503, 8.8893367721, 1.00000089809, 1.00000059126, 111.244287671, 1.07090001678, 2.84164561584, 1.05580050733, 4.31214746855, 0.870000611392, 20.1316237782, 2853.85324015
5.9632168996, 1.28466984738, 1.3760574659, 1.00000003789, 6.59125636412, 1.01634350353, 3.85877724937, 1.2600006074, 1.00000041795, 5.26402105958, 7.34354982797, 1.07292631437, 3.47368947814, 1.00393810916, 1.03005904569, 1.605165674, 1.08873222621, 1.10067887584, 5.62801388642, 1.00000086647, 1.00000086306, 91.6392149106, 1.0341173655, 5.2927187421, 1.03104348325, 3.71515396738, 0.870000069341, 23.2198643451, 2501.93062669
1.34743815438, 1.36701629973, 1.72520953634, 1.00000071946, 5.86738308596, 1.15404947526, 5.08443960807, 1.26000028702, 1.0000006752, 5.32123731335, 5.33041003694, 1.03535541504, 1.85451119062, 1.002910702, 1.0454011326, 1.38061128658, 1.05558306419, 1.03739190362, 7.41741281348, 1.00000033193, 1.00000012123, 93.6045538833, 1.0037193756, 1.13792891235, 0.970614996594, 4.1101548148, 0.870000956177, 30.7249654098, 2381.50087576
4.03647618571, 1.19198166044, 1.66376207259, 1.00000048265, 5.56481860286, 1.14068966432, 4.70971870334, 1.26000000609, 1.00000077085, 5.54436942625, 3.20381162902, 1.08606320918, 1.35572017264, 1.01593483469, 1.00365113223, 1.00575559628, 1.12743415143, 0.93756825165, 3.95203237446, 1.00000049595, 1.00000026549, 83.9891375198, 1.04070657777, 1.45642377135, 1.04657904916, 4.04037591266, 0.870000572018, 35.4212053544, 2190.9823901
5.64744521541, 1.37592809304, 1.38440287733, 1.0000007104, 6.30840198496, 1.10072365577, 4.20632282101, 1.26000076107, 1.00000068418, 4.99228010314, 4.13125417222, 1.09454929435, 1.6520571436, 1.01563979767, 1.03058171676, 1.35895261542, 1.02757090963, 1.07898871281, 6.80117011473, 1.00000064427, 1.00000057481, 118.468344604, 0.945046296642, 4.21417114625, 0.994033343136, 4.16969921264, 0.870000419083, 23.0690622052, 2574.78307796
5.34787120133, 1.10866181411, 1.42386948895, 1.00000029562, 5.75827118214, 1.113723573, 1.16971914623, 1.26000017009, 1.00000064022, 5.80053804285, 4.65000515781, 1.09895812769, 1.9816974879, 1.08149915459, 1.06132915087, 1.21782531766, 1.01803872446, 1.04108003408, 8.03124109049, 1.00000098152, 1.00000086272, 86.9205274641, 1.07368663306, 3.13345749376, 0.96905171846, 3.97756374117, 0.870000561748, 20.2796062904, 6440.9254744
5.80635357784, 1.11195964106, 1.72013574925, 1.00000023747, 4.85176168939, 1.13768381774, 3.12517206569, 1.26000008898, 1.00000011035, 5.35255863639, 7.30319188116, 1.00298682268, 1.89865772393, 1.11049061391, 1.06078960859, 1.07817791735, 1.06191629691, 1.00268951462, 9.20201907944, 1.00000032287, 1.00000028951, 115.085095026, 1.01104600334, 3.66288707988, 1.0351913744, 4.3165726727, 0.870000156661, 20.5165704032, 4110.30559859
4.36192955594, 1.34079756852, 1.67295317881, 1.0000006508, 4.3990369186, 1.02810621206, 5.74242264768, 1.26000024508, 1.00000023173, 5.53325730242, 6.63388474324, 1.00694594249, 3.14794230295, 1.10969304776, 1.08212324111, 1.08682189929, 1.12751712959, 1.0860011077, 9.15730609513, 1.00000051504, 1.00000028866, 108.186994908, 1.05769346356, 3.7697073907, 1.04498078516, 3.6135856905, 0.870000389899, 22.1992340409, 5206.77066976
3.67764104126, 1.13300961717, 1.61739898508, 1.00000051604, 5.91638921111, 1.01841593265, 1.67625352463, 1.26000094014, 1.00000074226, 5.46872583817, 6.47668559717, 1.04295355729, 3.5398036219, 1.11439662298, 1.03220182537, 1.09786497312, 1.03048241705, 0.933334638791, 4.2067462327, 1.00000031187, 1.00000055059, 120.041197399, 1.04400677839, 2.25672529378, 1.01511157314, 3.57788099453, 0.870000570613, 20.1801453785, 12331.1530964
4.81886723175, 1.33749194745, 1.42856216001, 1.00000064345, 5.07739341608, 1.01088629093, 5.81429643535, 1.26000035881, 1.00000060898, 6.19105838902, 6.12663413605, 1.09579304158, 2.5653768364, 1.07263367856, 1.08197187222, 1.5516210568, 1.06611773264, 1.03114895147, 3.08509321466, 1.00000095743, 1.00000011184, 94.8868745749, 0.981700410477, 2.28637940568, 1.06328586593, 4.25741169634, 0.870000909825, 21.4215701536, 5500.25848455
1.51915087571, 1.10169770038, 1.57418806983, 1.000000617, 4.44912296363, 1.10873493997, 4.70785149919, 1.26000076107, 1.00000057794, 5.57761383323, 5.85246488755, 1.01091011861, 1.3268418076, 1.07982139393, 1.06718071267, 1.1696680048, 1.1177460847, 0.98350205124, 4.17117631918, 1.00000096323, 1.00000022995, 103.863577668, 1.07897550251, 2.44468705986, 0.977835001309, 4.20802486547, 0.870000140152, 26.4186548454, 2894.3001582
3.59834977863, 1.15902254596, 1.73870800343, 1.0000009742, 6.49341763353, 1.07982453693, 3.54631847996, 1.26000096567, 1.00000029719, 5.29346859442, 5.4924887029, 1.03435483728, 1.12480465196, 1.0589981964, 1.02980754178, 1.17646787073, 1.05698394695, 1.08532452535, 8.63940426502, 1.0000008328, 1.00000022529, 103.802982196, 1.04324011497, 4.63062415082, 1.06034347305, 3.84477481881, 0.870000898274, 25.6146729843, 3018.10363313
3.08788996868, 1.11948860529, 1.4921169415, 1.0000001365, 5.96919841008, 1.03759545171, 5.0359943956, 1.26000092311, 1.00000059297, 5.87339025248, 5.76981737342, 1.01030548049, 2.11034922636, 1.05789121619, 1.08046562451, 1.10489739316, 1.06605473089, 1.00353985148, 4.74759228872, 1.000000949, 1.00000016918, 101.332816026, 0.930473085249, 4.17671271827, 1.00315237814, 4.34160686952, 0.870000024737, 21.8592268104, 5757.77037153
4.01285347763, 1.27817085614, 1.71391309517, 1.00000072424, 6.82671304714, 1.18517697172, 5.05753621298, 1.26000053792, 1.00000097403, 6.07275914428, 6.57835826916, 1.09203906201, 2.56778771573, 1.11357120486, 1.02928251836, 1.51401704806, 1.05576815169, 1.08193580311, 7.6016210322, 1.00000011037, 1.00000070217, 102.114514933, 0.933999205968, 3.25412451731, 0.957748380647, 3.44888958027, 0.87000080178, 23.7813633669, 5022.78073421
2.95010610444, 1.33682085458, 1.56830568488, 1.00000054279, 6.61274759379, 1.10093169703, 1.71157891552, 1.26000074189, 1.00000099552, 6.01011473553, 5.50606944618, 1.07227687481, 1.37115772922, 1.07719624991, 1.08414223519, 1.17295277327, 1.0087613711, 1.04490786849, 5.66457147527, 1.00000093143, 1.00000009359, 111.250450181, 0.960270481216, 2.32852388517, 1.05919258382, 3.56707552968, 0.870000333149, 24.7146444185, 3624.23752608
1.58986752386, 1.05858962708, 1.41505939217, 1.00000037291, 5.97109521192, 1.03349930906, 3.18251143036, 1.26000074749, 1.00000064488, 5.48872219406, 6.93173666689, 1.02240224874, 4.01460713657, 1.03152253571, 1.00113363075, 1.33921991681, 1.07382252882, 1.00599220517, 4.77933636268, 1.0000008559, 1.000000979, 105.045936949, 1.08583857666, 5.22230995879, 1.05018602938, 4.04547256973, 0.870000600152, 30.2018238603, 3015.20998333
1.9113766188, 1.42080120797, 1.47320619291, 1.00000013127, 4.2966006054, 1.17066712599, 2.59776082656, 1.26000041914, 1.00000046162, 5.74237296825, 7.02252216249, 1.07200596515, 3.06855832504, 1.04641795412, 1.04096449549, 1.51634750549, 1.05450224078, 1.00882952719, 6.65287431106, 1.00000005655, 1.00000041147, 101.581861213, 0.946331030748, 4.44418617721, 1.03166368351, 4.35075323621, 0.870000232539, 21.5746262666, 6801.7518031
2.95791927502, 1.34641606009, 1.42320170556, 1.00000015967, 6.29977895784, 1.0712259593, 4.99310514094, 1.26000055023, 1.00000080736, 4.9989525741, 7.14065898472, 1.06095344315, 3.64620634385, 1.08742848018, 1.06743246484, 1.06965990902, 1.02258951094, 1.02810222923, 5.07986186471, 1.00000039143, 1.00000047363, 104.102288761, 0.960975267471, 1.35804060157, 0.959260101381, 3.61803607301, 0.870000126296, 20.6762720584, 21829.8862197
5.70812664708, 1.28215118173, 1.72199736932, 1.00000040295, 5.29814870443, 1.08926706941, 2.11984210972, 1.260000095, 1.00000066505, 5.64350826191, 4.79962907935, 1.04031060277, 1.01548943629, 1.00042749313, 1.01302492321, 1.03304839485, 1.07848126886, 1.10384705045, 8.50571616559, 1.00000041057, 1.00000013366, 97.1563221357, 0.989369251301, 4.20773219064, 0.957005460144, 3.46735323424, 0.870000009857, 44.5390755927, 2794.93704119
4.20000703633, 1.25917377468, 1.43717026332, 1.00000085216, 5.19716078147, 1.03959317476, 2.64877416301, 1.26000096604, 1.00000038222, 5.26703550202, 5.53702101057, 1.01178749333, 1.03647498297, 1.03785712644, 1.03303370868, 1.55773252015, 1.06853659673, 0.942851054557, 9.66870670998, 1.0000003711, 1.00000005595, 114.967468283, 0.951304981648, 5.2453127994, 1.0316387907, 3.70829813717, 0.870000252636, 26.5742931828, 3964.5143285
1.1734150692, 1.05672785251, 1.71542646271, 1.00000099469, 5.56709094794, 1.17290632646, 1.59831481541, 1.26000090097, 1.0000004665, 5.26710508297, 5.46439845194, 1.07231785905, 2.56432375932, 1.05535588835, 1.08350962271, 1.38375624194, 1.16029941833, 1.03123009115, 4.62919209715, 1.00000054373, 1.00000013814, 76.0931933515, 1.04823169074, 3.42760640033, 0.96367103372, 3.42506268608, 0.870000028564, 28.0900618502, 3654.83702008
2.62412403901, 1.2655873176, 1.51808736018, 1.00000093579, 5.90543093149, 1.16049298675, 1.45142900237, 1.26000071789, 1.00000051451, 5.617110579, 5.34807298826, 1.00229071603, 1.27617194984, 1.02190286732, 1.0220349703, 1.05281418975, 1.0910991854, 1.10448440783, 8.7907775889, 1.00000010027, 1.00000072181, 121.181207086, 0.927555555166, 1.72539979406, 0.951103591918, 3.8726402125, 0.870000301449, 44.4437491187, 2948.17228766
2.69347023291, 1.16534948291, 1.44886265291, 1.00000066708, 5.62163400853, 1.08417068558, 5.51591354193, 1.26000086659, 1.00000027125, 5.96198028988, 4.34509650669, 1.05584189758, 1.27835215752, 1.10714059255, 1.00975582928, 1.32469865183, 1.16421237512, 1.0197012224, 4.74068318988, 1.00000025566, 1.00000091364, 78.0398675685, 1.04338045591, 3.03775588109, 1.05544993121, 3.34663237494, 0.870000085894, 27.8138244982, 4391.53071099
4.64256794655, 1.18041961406, 1.69658401691, 1.000000349, 5.6474887063, 1.1827332313, 3.11303628434, 1.26000006449, 1.00000022466, 5.30354463312, 6.43543139053, 1.09491979375, 2.18290949496, 1.02290806164, 1.0043009966, 1.50830428703, 1.13861293792, 1.02943826847, 4.73930510594, 1.00000030547, 1.00000002163, 100.167195718, 1.06107115267, 5.22973564851, 1.00329662573, 3.74096967723, 0.870000537129, 21.9786814553, 17244.9413526
4.81886723175, 1.33749194745, 1.42856216001, 1.00000053891, 5.07739341608, 1.01088629093, 5.81429643535, 1.26000035881, 1.00000060898, 6.19105838902, 6.12663413605, 1.09579304158, 2.5653768364, 1.07263367856, 1.08197187222, 1.5516210568, 1.06611773264, 1.03114895147, 3.06039706904, 1.00000095743, 1.00000011184, 94.8868745749, 0.981700410477, 2.28637940568, 1.06328586593, 4.29835008574, 0.870000909825, 21.8825263689, 18090.2408031
5.06365703114, 1.02956047101, 1.56163744634, 1.00000039026, 6.02359110943, 1.10319636646, 1.34537333389, 1.26000074962, 1.00000038333, 6.18245345486, 4.31395289511, 1.0273387323, 3.00969434327, 1.07735329461, 1.04288573821, 1.24247945624, 1.03281289493, 1.09776323267, 4.63100709783, 1.00000005921, 1.00000073922, 76.5246713106, 1.05829279143, 3.13306925683, 0.962641692898, 3.58773561804, 0.870000017463, 26.488164501, 5052.33344197
5.48104753399, 1.31003516819, 1.36846669969, 1.00000001594, 6.78697925369, 1.0399593993, 5.40394984529, 1.26000017903, 1.0000003287, 5.37593307627, 4.09052078312, 1.03692292288, 3.53645882143, 1.0574923521, 1.04575153389, 1.28197148299, 1.02221365485, 0.964194934611, 7.94938578878, 1.00000026935, 1.00000006454, 97.5138034427, 1.050117413, 3.13716993624, 1.02783996373, 3.93312594451, 0.870000978632, 33.5792117977, 3433.59391517
1.35849465671, 1.28003083526, 1.54785631666, 1.00000002308, 4.32487292016, 1.16776788473, 4.51289288118, 1.26000045468, 1.0000002524, 6.05042080992, 4.59501079999, 1.02531851526, 3.08818396789, 1.05507920808, 1.08093543617, 1.21305518392, 1.00251767499, 1.09248252088, 6.5301660427, 1.00000096676, 1.00000037869, 105.924159626, 0.971740544522, 3.43247979992, 1.03197210594, 4.09028969423, 0.870000306385, 29.6456196574, 4160.7608565
2.6690714961, 1.02500120369, 1.61012072849, 1.00000030392, 4.87074317363, 1.14471065496, 3.67509463335, 1.26000094742, 1.00000000896, 4.9768552278, 5.61311367821, 1.05926810049, 1.10454998321, 1.09518171067, 1.01510007358, 1.32030671158, 1.03516548738, 1.03799255526, 3.73092139749, 1.00000085272, 1.00000062108, 121.149757417, 1.00197549208, 3.88695787152, 1.00478229583, 4.31038415973, 0.870000763863, 30.4861994101, 3965.28566001
3.19760658657, 1.27966468379, 1.60993842482, 1.00000035503, 4.82394350468, 1.00979197528, 1.48154840033, 1.26000088268, 1.00000031319, 5.48781609844, 6.30261229049, 1.06738745853, 3.6146632933, 1.02171201613, 1.06681294112, 1.24300307419, 1.16050163369, 0.910507079505, 6.27364719005, 1.00000026146, 1.00000032745, 115.712666981, 1.04736705548, 5.76220401278, 1.05694544502, 4.19804449568, 0.870000532164, 23.6064840349, 8645.74961722
2.81544599455, 1.16716826099, 1.46242115905, 1.00000021981, 6.94278958604, 1.10920636875, 4.28437020626, 1.26000013191, 1.00000044125, 5.73082780613, 5.23743256618, 1.03605369966, 2.67925348573, 1.01589319478, 1.06893270097, 1.49438277671, 1.05382741664, 1.07898064537, 9.68361802601, 1.00000027309, 1.00000021994, 105.573920734, 1.06798721785, 1.17559986903, 1.05608455917, 4.14067897373, 0.870000978245, 22.7016308904, 71472.5635422
2.40463117501, 1.08515832387, 1.60858751265, 1.00000031783, 6.18459885056, 1.14852849187, 3.36591898056, 1.26000072755, 1.00000097964, 5.1768721516, 3.7436428166, 1.03129546933, 3.93448761402, 1.08071031456, 1.07215002955, 1.04896645146, 1.06474173086, 1.01952783985, 5.12623159495, 1.00000083202, 1.00000054515, 89.2925895697, 1.08160191279, 2.05184799194, 1.05818987472, 3.77492999498, 0.870000566366, 41.0755825062, 3602.32552666
1.16209216838, 1.39180255452, 1.5978983357, 1.00000014487, 5.14621938972, 1.0731756996, 5.45490619862, 1.26000016891, 1.00000067418, 5.06560817779, 6.56615432375, 1.01092504774, 2.60953718905, 1.03225044986, 1.03388256894, 1.55043117853, 1.09256387483, 1.03824635293, 4.29928806851, 1.00000040857, 1.00000002458, 95.1888827112, 1.04380171873, 4.3743229119, 0.972542344379, 3.84996893787, 0.870000364563, 23.9928187188, 10591.3906251
3.78263040008, 1.10911789409, 1.55617487002, 1.00000099128, 4.68216310141, 1.13602275632, 4.20470489325, 1.26000077938, 1.000000541, 5.90116165207, 5.38591392898, 1.0889353328, 1.80778084601, 1.1184299184, 1.0835317132, 1.34979606034, 1.09573811333, 1.044473448, 4.01407493399, 1.00000029187, 1.00000061679, 114.732983261, 0.982771340454, 5.70066218189, 1.04759722918, 4.10439128911, 0.870000098355, 24.488910125, 9093.31683438
1.05945995525, 1.28003083526, 1.54785631666, 1.0000003696, 4.85402886929, 1.05832646827, 4.67124274917, 1.26000055994, 1.00000079474, 4.96397840215, 5.78787100518, 1.02531851526, 3.81052293225, 1.04159713882, 1.0308287403, 1.35525840397, 1.04090783618, 1.00388061926, 3.49049255979, 1.00000010705, 1.00000005809, 91.3055618674, 1.00965954151, 3.09091172031, 1.01624797746, 3.42426057253, 0.870000385939, 23.8293321326, 13430.9570941
5.97351570045, 1.17137714892, 1.47586341711, 1.00000041696, 7.0461193682, 1.01639104708, 1.0967040587, 1.26000077299, 1.0000008084, 5.35729169847, 3.38429220848, 1.00680275236, 3.177804508, 1.04539440818, 1.02929406394, 1.12113219409, 1.12505000799, 1.06953310486, 5.61003849682, 1.00000029617, 1.00000055417, 85.0447140928, 1.01204240517, 1.0863922657, 0.999884164848, 4.29088571787, 0.870000096668, 28.9109330327, 5346.73569957
1.90109286725, 1.34385815943, 1.44965350494, 1.00000090905, 6.22957026955, 1.08608614293, 1.25000337898, 1.26000065755, 1.00000098627, 5.03081249197, 7.63219655292, 1.0553526054, 1.27929318335, 1.01557491356, 1.03926387907, 1.05769370191, 1.10346615364, 1.0742373286, 5.72703474881, 1.00000070706, 1.00000091574, 120.834467563, 0.996497638551, 5.01643054074, 0.994659503597, 3.97897164294, 0.870000464573, 28.2213754353, 5377.29720423
4.77865149981, 1.02956047101, 1.56163744634, 1.00000039026, 6.02359110943, 1.10319636646, 1.71157891552, 1.26000074962, 1.00000080176, 6.18245345486, 4.31395289511, 1.0273387323, 3.00969434327, 1.07735329461, 1.07692868607, 1.24247945624, 1.03281289493, 1.09776323267, 4.63100709783, 1.00000048983, 1.00000073922, 87.1323202281, 1.05829279143, 3.13306925683, 0.962641692898, 3.58773561804, 0.870000021367, 23.875182892, 13692.3513488
3.78117831986, 1.06453571446, 1.52682796127, 1.00000008488, 5.41639559405, 1.17328852363, 1.01621382048, 1.26000089001, 1.00000032059, 5.41167999675, 4.66490743784, 1.07144525523, 2.34327041619, 1.11002348567, 1.05218300491, 1.43203241922, 1.12171618225, 0.959089611632, 6.31997837717, 1.00000088714, 1.00000073026, 79.4389919749, 1.07124143103, 2.8853990028, 1.01484623983, 3.69280676912, 0.870000288686, 24.399886343, 11836.6323053
3.62566708488, 1.42021216495, 1.4608079632, 1.00000082007, 4.89556617597, 1.02153217176, 5.96310142243, 1.26000004385, 1.00000043954, 4.97252162676, 3.23746139538, 1.08357755876, 4.01348706599, 1.09655665528, 1.07720033771, 1.07471410117, 1.02321944078, 0.969999720369, 8.72834929666, 1.00000001056, 1.00000078802, 112.235915189, 1.04919931898, 4.93438548935, 1.01165700067, 3.83171853265, 0.870000833385, 25.2572351815, 9285.54747323
5.97351570045, 1.17137714892, 1.47586341711, 1.00000041696, 7.0461193682, 1.01639104708, 5.30439882119, 1.26000077299, 1.0000008084, 5.35729169847, 3.38429220848, 1.00680275236, 3.177804508, 1.04539440818, 1.02929406394, 1.12113219409, 1.12505000799, 1.06953310486, 5.61003849682, 1.00000029617, 1.00000055417, 85.0447140928, 1.01204240517, 1.0863922657, 0.999884164848, 4.29088571787, 0.870000096668, 23.9479680838, 18022.7033788
1.34743815438, 1.36701629973, 1.72520953634, 1.00000071946, 6.2809611131, 1.15404947526, 5.71260009107, 1.26000028702, 1.0000006752, 5.32123731335, 5.33041003694, 1.03535541504, 1.85451119062, 1.002910702, 1.05816127794, 1.38061128658, 1.05558306419, 1.03739190362, 7.41741281348, 1.00000033193, 1.00000012123, 82.3487162611, 1.0037193756, 1.13792891235, 0.970614996594, 4.1101548148, 0.870000956177, 24.6659146936, 11721.0488673
2.90776509232, 1.42499069399, 1.71572047021, 1.00000083141, 6.79682458525, 1.07426714987, 3.96807786789, 1.26000037334, 1.00000005038, 5.4729212851, 6.03882921867, 1.05545392114, 1.8167836879, 1.07296438989, 1.03191594306, 1.5127874587, 1.11881681421, 0.910284851228, 3.63040261803, 1.00000021022, 1.00000038525, 95.5400537738, 1.00535911709, 4.18802694159, 0.954919202841, 3.44326852266, 0.870000793215, 36.373914174, 4345.946142
5.37697853679, 1.05858962708, 1.56998661416, 1.0000003095, 6.66088189284, 1.16570931563, 5.26518260512, 1.26000041882, 1.00000059134, 6.08633425591, 4.30816880991, 1.09868738791, 1.13643429473, 1.03152253571, 1.03251161369, 1.24464563734, 1.00491341303, 1.0852484477, 8.44749732613, 1.00000019868, 1.00000082041, 113.559375305, 0.913446306186, 5.64641968283, 1.06383344938, 4.0878913757, 0.870000459327, 25.3637616425, 11373.9044798
3.67764104126, 1.13300961717, 1.61739898508, 1.00000051604, 5.91638921111, 1.01841593265, 1.67625352463, 1.26000094014, 1.00000074226, 5.46872583817, 6.47668559717, 1.04295355729, 3.5398036219, 1.11439662298, 1.03220182537, 1.09786497312, 1.03048241705, 0.933334638791, 4.2067462327, 1.00000012725, 1.00000061762, 120.041197399, 1.04400677839, 2.25672529378, 1.01511157314, 3.57788099453, 0.870000570613, 26.3143855871, 9371.52086622
3.41089262388, 1.25250484492, 1.54806482649, 1.00000057403, 5.2099695912, 1.08914198944, 3.59790666164, 1.26000051548, 1.0000000689, 4.98712105793, 4.86108060421, 1.05947856553, 2.86579893609, 1.0242035678, 1.03081343162, 1.04591799081, 1.08322464039, 0.915839189289, 4.40609574735, 1.00000099115, 1.00000027695, 84.8623879488, 1.02754341756, 2.64829688484, 1.0179451413, 4.11230450546, 0.870000598297, 30.2943461956, 5367.61571795
4.01285347763, 1.27817085614, 1.71391309517, 1.00000072424, 6.82671304714, 1.18517697172, 5.05753621298, 1.26000053792, 1.00000097403, 6.07275914428, 7.09826223528, 1.0942846324, 2.56778771573, 1.11357120486, 1.02928251836, 1.51401704806, 1.05576815169, 1.08193580311, 7.6016210322, 1.00000011037, 1.00000070217, 102.114514933, 0.933999205968, 3.25412451731, 0.957748380647, 3.44888958027, 0.87000080178, 31.1790714993, 5328.72400945
4.26624730351, 1.23755777137, 1.43373597491, 1.00000025246, 6.12308956558, 1.03224104932, 2.98196890392, 1.26000002243, 1.00000055072, 5.36607684387, 5.65677910785, 1.07011439238, 4.00035285979, 1.11543625166, 1.06133465328, 1.25325680715, 1.0336253427, 1.08639206394, 8.99071381236, 1.00000089366, 1.00000037435, 88.0501769453, 1.06264579547, 2.17605869581, 1.02027649175, 4.02773967865, 0.870000526488, 24.5569735777, 16408.8822736
5.85454134265, 1.2750817336, 1.64511371883, 1.00000083101, 5.57202785487, 1.16947644346, 5.24892750313, 1.26000072167, 1.0000005383, 5.25913074678, 3.2486868221, 1.00989844941, 1.2092050615, 1.06323297862, 1.02927128372, 1.25826764402, 1.03719970056, 1.04265546899, 5.61305396308, 1.00000086185, 1.00000010941, 97.7034844849, 1.05673770973, 2.56831401015, 1.02307153258, 3.66587486097, 0.870000472657, 45.7164412306, 4304.98521541
5.23097205428, 1.0837842521, 1.56387718942, 1.00000016469, 5.9674597906, 1.00520274062, 5.85018537146, 1.26000099695, 1.00000091434, 5.92895918908, 4.91917275169, 1.06907531473, 3.88914707985, 1.08917135365, 1.06420594177, 1.41422355601, 1.07680868267, 0.992969216795, 7.30980526429, 1.0000000493, 1.00000015257, 96.2720125357, 0.962851785965, 3.51914863173, 1.05988383984, 3.35436809165, 0.870000633577, 24.3291257013, 29620.032747
3.63853621652, 1.25250484492, 1.54806482649, 1.00000057403, 5.2099695912, 1.08914198944, 3.59790666164, 1.26000051548, 1.0000000689, 4.96298376285, 4.86108060421, 1.05947856553, 2.86579893609, 1.0242035678, 1.05843757909, 1.03588595982, 1.08322464039, 0.915839189289, 4.40609574735, 1.00000099115, 1.00000027695, 84.8623879488, 1.02754341756, 2.64829688484, 1.0179451413, 4.11230450546, 0.870000598297, 52.2991517693, 4360.42169769
4.64080934097, 1.31488840932, 1.52109289291, 1.0000003821, 4.66718775988, 1.17668892752, 3.09971236529, 1.26000047312, 1.00000017202, 5.63376308965, 4.4631322491, 1.0522333473, 1.54232924916, 1.11566177785, 1.06084601642, 1.31341880811, 1.08749805966, 1.08637898445, 7.81779261403, 1.00000050619, 1.0000007574, 113.562499718, 1.05271506401, 5.8891628098, 0.999878272052, 3.33671765723, 0.870000445351, 28.8109086855, 8468.95824961
2.87443791195, 1.11730381817, 1.36461990154, 1.00000042348, 5.8271939844, 1.00313704887, 3.50407407171, 1.26000014377, 1.00000038972, 5.50199040496, 7.78429265057, 1.08185374894, 3.10194813867, 1.03527375454, 1.0434787957, 1.62923235763, 1.11406355278, 0.956523933592, 6.32516748505, 1.00000003324, 1.00000076539, 119.728250338, 1.07420505873, 1.68260874664, 0.959229598896, 4.24415309253, 0.870000446251, 29.232191056, 8097.44971861
4.8094826248, 1.38047346743, 1.3800617365, 1.00000019151, 5.59241496378, 1.13246578122, 4.03507895358, 1.2600002259, 1.00000057581, 5.83445190001, 5.55661990197, 1.01412574873, 2.15518845717, 1.03549879552, 1.03289687904, 1.30801305406, 1.1195742559, 1.10049022422, 3.20643287834, 1.00000090056, 1.00000091873, 122.21356047, 0.92727053954, 3.90769579441, 1.01157063088, 3.7318858156, 0.870000401316, 25.9083465846, 13366.3976978
2.90776509232, 1.42499069399, 1.71572047021, 1.00000083141, 6.79682458525, 1.07426714987, 3.96807786789, 1.26000037334, 1.00000005038, 5.4729212851, 6.03882921867, 1.05545392114, 1.8167836879, 1.07296438989, 1.03191594306, 1.5127874587, 1.11881681421, 0.910284851228, 3.63040261803, 1.00000021022, 1.00000038525, 95.5400537738, 1.00535911709, 4.18802694159, 0.954919202841, 3.44326852266, 0.870000793215, 30.8563137398, 6002.44475124
3.86773992855, 1.27966468379, 1.56406158464, 1.00000099271, 5.60860061067, 1.08503550455, 2.57324652863, 1.26000039758, 1.00000053814, 5.86472372978, 7.50551913077, 1.00567256277, 1.45012795985, 1.00410559864, 1.06033616238, 1.52154373258, 1.02376295441, 0.910507079505, 6.14237021925, 1.00000054947, 1.00000033108, 102.553634884, 1.06984570194, 3.41797181653, 1.05591602358, 4.06597228189, 0.870000177574, 24.8514569662, 32786.3205322
1.42317111464, 1.13862573327, 1.59347379105, 1.00000049075, 6.50957458322, 1.17982236714, 4.14721013916, 1.26000048741, 1.000000505, 5.41437292858, 4.91917275169, 1.044556914, 3.04860000399, 1.03544242147, 1.04657813325, 1.53687211127, 1.09462807157, 1.09762143738, 6.68767821612, 1.0000002532, 1.00000073802, 80.4639579823, 0.998887554123, 2.40017197609, 1.03720551281, 4.24528865995, 0.870000315189, 48.4255402999, 5213.19630128
1.52873186025, 1.1187968, 1.62238468606, 1.00000064805, 4.57331695176, 1.16069451728, 4.32476496887, 1.2600005352, 1.00000073694, 5.03127992388, 5.32664572818, 1.01792535703, 3.09825790941, 1.03441332658, 1.05707995374, 1.30801305406, 1.08360654083, 1.05923153368, 8.53992213463, 1.00000066831, 1.00000035855, 93.9612129119, 0.955977672264, 2.08883123365, 1.0663641543, 3.66080746552, 0.870000505499, 66.7305676683, 5211.24964631
3.19227681325, 1.28466984738, 1.3760574659, 1.00000003789, 6.59125636412, 1.00750745126, 2.24416083728, 1.2600006074, 1.00000041795, 5.26402105958, 7.24461644116, 1.07292631437, 3.47368947814, 1.00238513252, 1.03005904569, 1.605165674, 1.08873222621, 1.10067887584, 5.62801388642, 1.00000086647, 1.00000086306, 91.6392149106, 1.0341173655, 5.2927187421, 1.03104348325, 3.80757631995, 0.870000069341, 34.161905429, 5669.88727279
4.20000703633, 1.25917377468, 1.58064591323, 1.00000085216, 5.19716078147, 1.03959317476, 2.3238397005, 1.26000096604, 1.000000597, 5.26703550202, 5.53702101057, 1.01178749333, 1.03647498297, 1.03785712644, 1.03303370868, 1.55773252015, 1.06853659673, 0.942851054557, 9.66870670998, 1.0000003711, 1.00000005595, 114.967468283, 0.951304981648, 5.2453127994, 1.0316387907, 3.70829813717, 0.870000252636, 29.4220224544, 9250.45218958
4.03647618571, 1.19198166044, 1.66376207259, 1.00000048265, 5.56481860286, 1.14068966432, 4.70971870334, 1.26000000609, 1.00000077085, 5.54436942625, 3.12176450747, 1.08606320918, 1.35572017264, 1.01593483469, 1.00365113223, 1.00575559628, 1.12743415143, 0.93756825165, 3.64099857474, 1.0000002124, 1.00000026549, 81.4947575524, 1.04070657777, 4.03964675574, 1.04657904916, 4.04037591266, 0.870000790124, 30.2250336264, 8374.36588744
2.33198170661, 1.40122813608, 1.59604844585, 1.00000024271, 4.49705423839, 1.00336138604, 3.61771110777, 1.26000073741, 1.00000083553, 5.15964067282, 7.2900326827, 1.0127975532, 1.67943723782, 1.11387298595, 1.0754625621, 1.21859705513, 1.02618597208, 1.08690493318, 4.5934897535, 1.0000009017, 1.00000041038, 85.5515923929, 0.954682630309, 5.48546159462, 1.00477592762, 4.20820260937, 0.870000879358, 25.5554015027, 52623.4828595
1.71235241534, 1.25678410345, 1.64204268631, 1.00000017039, 5.06402575557, 1.00104938952, 3.21738004998, 1.26000033565, 1.00000013746, 5.06183519448, 5.46176002394, 1.01531226558, 2.92082184842, 1.09099409972, 1.05478452444, 1.51997639048, 1.0472347596, 0.965596381917, 4.88041809238, 1.00000087101, 1.00000037505, 98.1659075237, 1.03829811333, 2.88136582227, 1.01613221028, 3.3420498167, 0.870000847324, 26.1886041764, 18834.4340447
3.12307809082, 1.13152001745, 1.5111545805, 1.00000059211, 4.41610083642, 1.18549435779, 2.09902248461, 1.26000008736, 1.00000090309, 4.97125916847, 5.90236029864, 1.03891571778, 2.68057003421, 1.04142649674, 1.03668126417, 1.00094845867, 1.16988900183, 1.05186319404, 8.8893367721, 1.00000043588, 1.00000055434, 82.2429588394, 0.916134650843, 5.51887828512, 1.02433917688, 4.0357710439, 0.870000290098, 29.5069218443, 9325.15878029
1.40947662686, 1.28882593254, 1.56309017701, 1.00000088, 5.13846584378, 1.18885201615, 2.24786222012, 1.26000095912, 1.00000037377, 5.00473261198, 6.99440078228, 1.0578374185, 2.64747147784, 1.03540234621, 1.00876643408, 1.06382229684, 1.06146305, 1.00736388416, 6.45939035114, 1.00000055971, 1.00000062917, 75.3989998489, 1.06624377551, 4.48931488035, 1.04679655334, 4.11952223927, 0.870000944457, 32.2627362387, 6672.61555306
1.52249963471, 1.37045679407, 1.43717026332, 1.00000022706, 5.23611564261, 1.06327087762, 3.59719346181, 1.26000022927, 1.00000047166, 5.75693484898, 3.7800182538, 1.05349389571, 2.20662566929, 1.10635426379, 1.00456098613, 1.56419136706, 1.00074853548, 1.0851633124, 3.65528577511, 1.00000051109, 1.0000003384, 112.110500601, 1.08711537743, 3.5601614772, 0.969609189137, 3.89839930104, 0.870000842046, 26.4156715721, 21187.7892919
2.86031206821, 1.13606836705, 1.48361681782, 1.00000044731, 6.97296642293, 1.00147736513, 4.44500074938, 1.2600005544, 1.00000001618, 6.16833174661, 6.89555420949, 1.01710983976, 3.67700729368, 1.08641334512, 1.01023876045, 1.28228311491, 1.09030660666, 1.07680151415, 3.58965400892, 1.0000008015, 1.00000047054, 87.0989367726, 1.07297269102, 2.11907455324, 0.991504439587, 3.45251579777, 0.87000098208, 28.5214695526, 13365.6488493
4.64256794655, 1.18041961406, 1.69658401691, 1.000000349, 5.6474887063, 1.1827332313, 3.11303628434, 1.26000006449, 1.00000022466, 5.30354463312, 6.43543139053, 1.09252868051, 2.18290949496, 1.02290806164, 1.0043009966, 1.50830428703, 1.13861293792, 1.02943826847, 4.73930510594, 1.00000030547, 1.00000002163, 100.167195718, 1.06107115267, 5.22973564851, 0.980643645291, 3.74096967723, 0.870000537129, 60.3684147698, 5528.66927193
