3.07185873029, 1.000842971, 1.02467570702, 0.823860499173, 3.64791071892, 0.817941632642, 3.76665607882, 0.975429688213, 0.995137780745, 5.11828337967, 5.70368998994, 0.94785511172, 5.06845851467, 0.897374271608, 1.09000088323, 1.08409542628, 1.00200737058, 1.10095972406, 7.91751838474, 1.09065017873, 0.821069702356, 189.078096441, 1.07521247817, 1.96876989586, 1.13463562921, 1.05145768584, 0.997362231455, 32.3611186225, 11.0263575987
1.22370901512, 1.25754141813, 0.927371449358, 0.800685653565, 1.92438406151, 0.96935155401, 4.79143074552, 0.89460064875, 0.904590197232, 3.2303776771, 1.92849440198, 0.888360397048, 3.64407007417, 1.03415621467, 1.09000028879, 1.07306959426, 1.00138145044, 1.01230106625, 8.91378063128, 1.04469904764, 0.818804793154, 147.57157767, 0.952262946846, 1.5781317026, 1.0814699866, 3.04706387545, 1.27477750742, 37.9782614426, 7.95467475086
5.38758166762, 1.18723112822, 0.946426622354, 1.1269577657, 6.27850368481, 0.800121049285, 1.67490985585, 0.871945497347, 0.940597430327, 1.89068759907, 3.20027599285, 0.94090362754, 4.07391451728, 1.00847351054, 1.09000072513, 1.03538923422, 1.04203959677, 1.15805765273, 5.8038591644, 0.922878923385, 0.891141224128, 248.84900074, 0.960223133949, 2.7103904607, 1.04711001911, 1.73649744998, 1.28350068277, 92.4703857643, 10.125510315
3.47444153904, 1.12640121228, 0.960827289836, 0.81448465249, 4.42202263634, 0.908337964671, 1.63433294042, 1.03755624178, 0.960519743174, 4.72953630971, 7.45899208935, 1.0434713168, 2.47587626142, 0.83254004118, 1.09000068635, 1.04170088574, 1.03988571679, 1.05632137505, 3.21081322037, 1.17550706437, 0.987967634632, 164.05185217, 1.08705278948, 4.32710786037, 1.06162269173, 4.43666635972, 0.972552125095, 68.3522135415, 11.0487829953
2.47438356587, 1.06208469621, 0.960422441588, 0.964076287518, 5.98910102724, 0.806575734148, 4.34054559956, 1.07716862131, 0.947528577454, 5.5879651553, 4.56108482368, 0.938898398056, 4.08665757509, 0.957859628331, 1.09000082549, 1.05363106488, 1.01807158159, 1.10572034202, 7.90434402405, 1.17164849827, 0.991295325478, 316.141613399, 0.966493820771, 3.39119059045, 0.97688352893, 4.41898176573, 1.26342457546, 102.188161008, 12.9668177905
3.95529001916, 1.34487780762, 1.16703022548, 1.06881841351, 1.45284336338, 0.918827437774, 4.9836395604, 0.859478983644, 0.92977256136, 5.68926650559, 5.64243828599, 0.892422466992, 3.26234212982, 1.07306172939, 1.09000094485, 1.04230771676, 1.00211430263, 0.887276625172, 7.75926172038, 1.04187147906, 0.879594339411, 119.563669383, 1.06786812426, 2.5271976835, 1.09218171719, 2.0258087946, 0.950028808107, 128.848395969, 11.5287174275
2.03233035267, 1.25793277438, 1.09020270143, 1.09067523151, 4.91167366342, 0.80232677702, 5.45834273001, 0.913119164902, 0.977488898306, 4.04780163992, 3.64626477463, 0.992259044422, 3.38882274046, 0.922650091555, 1.09000052021, 1.04763710127, 1.03268957051, 1.11921606351, 3.40034684699, 0.986213476934, 0.924712754496, 63.7349828651, 0.972708765691, 4.17579570262, 1.15725146332, 4.79813653276, 1.01137617793, 107.755536803, 20.4433196872
4.56074383764, 1.32360297825, 1.01499158589, 0.874070564291, 5.12687011265, 0.835729329099, 2.14956696425, 0.937428373016, 0.970106764538, 2.44451792909, 2.44462749247, 0.941142961384, 3.70412150865, 1.1280746779, 1.09000037419, 1.01966218644, 1.00845251705, 1.04644760672, 3.85185488413, 0.956801068602, 0.800421200656, 70.576025477, 0.916645737963, 4.65253841752, 1.02620711922, 2.98476495944, 1.15584117399, 126.925041675, 16.4726257433
3.3676749874, 1.35082985218, 0.994857190133, 0.974649542396, 3.36972107664, 0.942584915535, 2.51090565214, 1.03902134327, 0.959259142644, 2.90671449156, 2.64845418053, 0.869330526665, 1.05487852318, 1.19395511136, 1.09000034439, 1.07537272763, 1.00920575624, 0.979892002502, 6.17679109911, 1.14365484466, 0.819216317708, 232.768940633, 1.10342177027, 2.90394574041, 0.961565067083, 3.40650818999, 1.02646865228, 141.937994994, 13.4090394821
5.38758166762, 1.18723112822, 0.946426622354, 1.1269577657, 6.27850368481, 0.800121049285, 1.67490985585, 0.871945497347, 0.940597430327, 1.89068759907, 3.20027599285, 0.94090362754, 3.27181320559, 1.00847351054, 1.09000072513, 1.03538923422, 1.04203959677, 1.15805765273, 5.8038591644, 0.922878923385, 0.891141224128, 248.84900074, 0.960223133949, 2.7103904607, 1.04711001911, 1.73649744998, 0.942739489036, 162.873261843, 13.9454101852
3.59717435609, 1.41258266288, 1.08880431106, 0.833935767376, 6.96142590067, 0.782567232349, 1.29005084249, 0.95034571646, 0.979231975065, 5.81513993217, 7.08330315779, 0.953317208067, 4.13453900272, 1.19762149807, 1.09000016793, 1.02070139164, 1.01195609036, 0.980543962589, 9.10633551198, 1.03833815916, 0.99918007009, 221.935143023, 1.00600846097, 2.55870805111, 0.977684563301, 1.71786188397, 1.1451926005, 272.549840667, 13.8120055243
3.95529001916, 1.40425479121, 0.968302250941, 1.19404230385, 4.32760949275, 0.784884304589, 1.46439894999, 0.960700025174, 0.964247671894, 4.39483016969, 3.26735351871, 1.08715629095, 4.55455781842, 1.21178471536, 1.09000057349, 1.02525543856, 1.00789171526, 0.88457835047, 4.1850888977, 0.937737150249, 0.904120656622, 175.182544102, 1.05782757114, 2.03851698175, 1.21796341975, 2.48292458864, 1.14488775805, 172.980998697, 14.6882518881
3.37403168574, 1.01565552666, 0.874478251749, 1.03729656768, 2.09719286182, 0.783891189322, 2.33366520956, 0.883640523841, 0.931701871613, 5.78776611206, 1.75972024137, 0.994562013966, 5.03645042434, 0.828323962216, 1.09000057645, 1.09272103759, 1.00220206354, 0.957711398789, 6.74729969569, 1.07527664989, 0.964150382341, 103.194087517, 1.00882919345, 3.39013357144, 1.0829801753, 3.65820568312, 1.04579451976, 150.798368378, 23.7519294612
5.79394266614, 1.37443200218, 1.10645805299, 1.19638828817, 1.41320122361, 0.998717058719, 1.22429202891, 0.852344100081, 0.960692447386, 3.26770117941, 6.21534468127, 0.87896943703, 1.16053731432, 1.20871994146, 1.09000038819, 1.09102248153, 1.03705253805, 0.939863919042, 5.90586905505, 1.03567428859, 0.828909692055, 189.818326708, 1.16270034904, 3.19223501526, 1.20451644948, 1.66514869384, 1.04367251571, 170.130830886, 17.6467094769
5.07450253179, 1.10811997484, 0.878555408437, 0.816190682782, 6.59308796369, 0.974523866404, 2.88151101904, 1.00838665664, 0.994911142936, 5.38132947446, 4.75682915109, 0.862440502728, 4.66670893524, 1.16413724396, 1.09000050365, 1.07703695905, 1.00263879826, 0.819191115119, 6.80649449113, 0.955006806807, 0.974193403129, 172.266549997, 0.956848126694, 3.36275586189, 0.973024766466, 1.64587027131, 1.01593154232, 222.298156579, 16.0827638914
3.83779502238, 1.30156847619, 1.15597433837, 1.15102001402, 4.39227317058, 0.744200283126, 4.77564447132, 1.0794641224, 0.922401654518, 2.37066463237, 4.55804233803, 1.02917508292, 4.44446990797, 1.18966520159, 1.09000036176, 1.01006056622, 1.03217091507, 1.21224457103, 9.62936923308, 1.13994440892, 0.83241649539, 72.2085852054, 0.931499797536, 2.79767480424, 1.18741523278, 3.31944987288, 1.07679155435, 330.790365969, 14.7938339852
2.26374622448, 1.03247644241, 0.786160941093, 1.09529533966, 5.28245885635, 0.944425125097, 5.89479435092, 0.992275913738, 0.931072364729, 2.52751145761, 3.96062688188, 0.885114235356, 3.34716202979, 0.931913699644, 1.09000000645, 1.03620847293, 1.0442743943, 1.1628761476, 7.4507703261, 0.952840186727, 0.827636610567, 339.85279039, 0.975577430727, 5.98485517287, 1.0974898823, 3.31538106953, 1.11948450121, 345.924905017, 15.22227106
2.88934659414, 1.37023563088, 0.808564741862, 0.909255380121, 5.44992773522, 0.717526551204, 3.05243471412, 0.887309620652, 0.967447115858, 2.4851797043, 1.8827421659, 0.992736732684, 3.24999499801, 1.08553592358, 1.09000038191, 1.05926506511, 1.00590158595, 0.995450765259, 8.50378672147, 1.03589752637, 0.945053208355, 35.4731396406, 1.04516908212, 1.55451623407, 1.05045552967, 5.40777028827, 1.25320795591, 267.388757919, 16.7832803413
3.15858532466, 1.09486205251, 0.898814721745, 1.08956185896, 4.80883094451, 0.781960716549, 3.12678427598, 0.928985986384, 0.97078558015, 3.75187671147, 6.41574148591, 1.01824290991, 2.15303923546, 1.0092820557, 1.0900001272, 1.08212962857, 1.04925047622, 1.14167624816, 9.34882426492, 0.981488536318, 0.942928172304, 141.759261331, 1.15291135746, 4.01458137678, 0.976549263274, 2.26253723201, 1.20327037741, 351.590897972, 15.5179869201
5.34585771954, 1.34977822807, 1.16703022548, 1.06881841351, 1.45284336338, 0.918827437774, 4.9836395604, 0.924648906653, 0.92977256136, 5.68926650559, 5.64243828599, 0.892422466992, 3.26234212982, 0.892838209645, 1.09000094485, 1.04230771676, 1.00211430263, 0.887276625172, 7.75926172038, 1.04187147906, 0.879594339411, 302.959370455, 1.01206734858, 2.85481733889, 1.09218171719, 1.24650602978, 0.987236418663, 212.347672926, 25.8934490781
1.22370901512, 1.25754141813, 0.927371449358, 0.800685653565, 1.92438406151, 0.96935155401, 4.79143074552, 0.89460064875, 0.904590197232, 3.2303776771, 1.92849440198, 0.960588098316, 3.64407007417, 1.27905195442, 1.09000028879, 1.07306959426, 1.00138145044, 1.18235458132, 8.91378063128, 0.912929442501, 0.818804793154, 147.57157767, 0.952262946846, 1.5781317026, 1.0814699866, 3.04706387545, 1.27477750742, 305.346164909, 17.7058547813
4.14719539592, 1.19273950003, 0.820736425993, 1.05431404812, 1.69841840593, 0.742942290625, 3.06311644819, 0.84181882794, 0.989073930154, 2.44886106348, 3.00370618007, 0.888360397048, 3.19960152104, 1.16958007684, 1.09000017525, 1.00686778917, 1.00116204066, 1.14476911244, 5.19206596066, 1.15855172896, 0.959732433485, 168.100734878, 1.02175991338, 5.68198665731, 1.03196773181, 1.05324012613, 1.08644594229, 255.68055619, 26.5087908145
1.51105387669, 1.30980570771, 1.03202678786, 0.877958141862, 2.32690474278, 0.903739286764, 3.40551714415, 0.971489771279, 0.987516142807, 2.9097153782, 7.70254604207, 1.04632992945, 4.63541850727, 0.949301743101, 1.09000070343, 1.08893210959, 1.04256433181, 1.04478277144, 3.69702861955, 1.07959870409, 0.884949595446, 137.052187334, 0.931578508987, 3.61269194916, 0.953558384173, 1.68287759041, 1.16769375377, 475.313029479, 17.2928748863
3.46559237919, 1.01339516795, 0.7587913404, 1.0687458077, 6.40138306152, 0.794419942231, 5.90222713393, 1.07647943669, 0.987531982593, 2.128259433, 3.0581072486, 0.92779964569, 4.05963633858, 1.14853087675, 1.09000010803, 1.10752222055, 1.03982768978, 1.0571068945, 8.83217099111, 1.1715753755, 0.821968039353, 242.119639141, 0.999316919283, 3.7885789169, 1.22035446606, 1.1698894518, 0.994142351016, 427.397761214, 17.3299494249
5.03092965526, 1.28934455111, 1.11097766227, 0.91949132493, 6.67265958904, 0.831109115626, 3.52602608606, 0.966075949488, 0.96743857207, 3.77504274495, 2.44459088932, 1.0698275639, 1.79835256773, 0.88472828277, 1.09000071931, 1.05729233616, 1.04342658204, 1.21018217376, 5.58433903514, 0.928125020797, 0.959744292405, 363.577047977, 1.13328344896, 4.05293138879, 0.963501315391, 2.6771956984, 1.17512798646, 486.356494975, 17.0830526114
1.09273411094, 1.40831690435, 0.799067709664, 1.21993900351, 4.30898214354, 0.978887693446, 1.26438853627, 1.05208991598, 0.983999257635, 5.31209454437, 3.30591302673, 0.896386353814, 3.55199243494, 1.03895637462, 1.09000050774, 1.03908772435, 1.00774955868, 0.851569455385, 7.67894413702, 1.0855408122, 0.867508185883, 329.973204994, 1.12319243861, 4.13712650626, 1.14353994726, 1.28431077577, 0.932840047812, 383.176482369, 17.4838344016
2.26374622448, 1.37023563088, 0.808564741862, 0.909255380121, 5.44992773522, 0.717526551204, 3.05243471412, 0.887309620652, 0.967447115858, 2.4851797043, 1.8827421659, 0.992736732684, 3.24999499801, 1.08553592358, 1.09000038191, 1.05926506511, 1.03619204346, 0.995450765259, 8.50378672147, 1.03589752637, 0.945053208355, 35.4731396406, 1.04516908212, 1.0850844508, 1.04348289353, 5.40777028827, 1.25320795591, 509.933033614, 17.3111420879
3.07185873029, 1.000842971, 1.02467570702, 0.823860499173, 3.64791071892, 0.817941632642, 3.76665607882, 0.975429688213, 0.995137780745, 5.11828337967, 6.05411274897, 0.94785511172, 5.06676005519, 0.897374271608, 1.09000088323, 1.08409542628, 1.0177017485, 1.10095972406, 7.91751838474, 1.09065017873, 0.821069702356, 189.078096441, 1.07521247817, 1.96876989586, 1.13463562921, 1.05145768584, 0.997362231455, 362.398901482, 18.5318249239
3.56462159469, 1.34737766139, 0.901718264252, 1.0482061059, 2.72871097115, 0.824958422289, 3.32079323595, 0.862216003205, 0.9923668444, 5.5229850137, 6.61838751827, 1.02823200511, 1.70450892698, 1.04387681675, 1.09000087715, 1.00431783524, 1.04699367114, 1.20737128754, 6.3082897567, 1.09530300729, 0.760849290091, 73.5280962008, 1.09039884465, 4.58803112014, 1.09732833275, 1.13679999357, 0.901041487895, 371.346995792, 18.4294477468
2.62473447041, 1.07869291191, 0.80786525123, 1.14841903686, 4.01529586082, 0.747367401112, 1.27601078131, 1.07114455449, 0.914994698837, 3.99349077276, 2.01691505729, 0.853781266997, 1.79398265872, 1.16043579528, 1.09000015013, 1.10247851317, 1.04724782332, 1.22058609931, 9.76543207544, 0.959367008166, 0.995541761798, 102.274600432, 1.09933799509, 5.9120789676, 1.19847341552, 3.83634259231, 1.05639922707, 357.042616012, 22.590525311
1.36761679624, 1.34860876343, 0.738120218421, 1.1805487336, 6.55669725314, 0.829470966114, 5.47782028353, 1.05205298818, 0.980642689856, 1.29594198708, 2.24271587203, 0.814141417464, 3.14259189796, 1.23960484234, 1.09000050726, 1.09724873635, 1.0418380042, 0.907215193138, 9.10753823844, 0.947594572583, 0.779171730685, 203.833778264, 1.00335393069, 4.22292184742, 1.00646491781, 5.13009843102, 0.884878333052, 361.333105498, 22.2895176437
3.47262247827, 1.20438036407, 1.00543267442, 0.857021978895, 5.86329991822, 0.753416673109, 1.42408349877, 1.04670290304, 0.940087666609, 2.36946759912, 5.04900276458, 0.925904735491, 3.89761341662, 1.26767826289, 1.09000023024, 1.03553621524, 1.0138413484, 1.22760525498, 6.42951602323, 0.910919920507, 0.824672538877, 142.465411533, 1.0415306352, 2.33443397367, 1.04527377251, 4.10024295587, 0.952091470437, 341.827169808, 30.011109531
5.36523884403, 1.13054236924, 1.03839480847, 0.884939228792, 3.09273505732, 0.868306578937, 2.99673394467, 1.05163013202, 0.91552854272, 1.92795042315, 4.25679350642, 0.82427742046, 1.78183889352, 1.21809514241, 1.09000029313, 1.00316038579, 1.03366256493, 1.07237538541, 3.7651780003, 1.18861930328, 0.80398074093, 153.966596736, 0.921375657552, 5.57743242175, 1.00091243633, 2.76475376768, 1.20705990605, 376.642694568, 18.9702568441
1.40945823624, 1.29330607655, 1.00748590199, 1.18806094688, 3.33794485685, 0.84496008867, 2.72309867414, 1.08994453098, 0.994580889816, 2.58453756162, 2.37283826834, 0.859389601432, 3.37889524185, 1.2049950532, 1.09000015153, 1.04134942949, 1.01487462982, 0.986522397669, 5.61185881825, 1.08578067946, 0.89647202167, 359.407489971, 1.13953434519, 5.63203174351, 1.06027211573, 5.16063773392, 1.12756795815, 569.945995351, 18.0236920135
2.62912619805, 1.05115364374, 0.789300672966, 1.08576968013, 1.56120068687, 0.92323076415, 2.0353892353, 0.930153410732, 0.940585675433, 4.38688170685, 4.62575500555, 0.820407742397, 2.04993359447, 1.17455948937, 1.09000070446, 1.00974643207, 1.02205066615, 0.88825347913, 4.94610308838, 1.05664211948, 0.954392729901, 275.864369723, 0.951778831402, 5.35575063356, 1.17522044446, 1.59886030684, 1.14966301475, 473.197865316, 20.1765882346
3.08548607204, 1.30912290227, 0.736481485027, 0.934996307161, 6.44626961174, 0.823210271151, 2.38634324886, 1.03902134327, 0.914497617651, 2.54604948145, 6.72878835715, 0.938924068998, 3.2790950176, 1.20839635062, 1.09000053025, 1.06642384971, 1.00028074107, 0.940473896718, 5.39323673275, 0.9910694243, 0.893600062842, 207.643003312, 0.947304152708, 5.52258344969, 1.06921371839, 3.32030185434, 0.934049876232, 469.50149429, 20.3066078449
2.62473447041, 1.07869291191, 0.80786525123, 1.14841903686, 4.01529586082, 0.747367401112, 5.47782028353, 1.07114455449, 0.966836237095, 3.99349077276, 2.01691505729, 0.853781266997, 1.79398265872, 1.23960484234, 1.09000015013, 1.10247851317, 1.04724782332, 1.22058609931, 9.76543207544, 0.959367008166, 0.995541761798, 102.274600432, 1.09933799509, 5.9120789676, 1.19847341552, 3.83634259231, 1.05639922707, 363.04170603, 31.4252057085
1.51105387669, 1.30980570771, 0.866429735301, 0.877958141862, 2.32690474278, 0.903739286764, 2.55342789164, 0.971489771279, 0.987516142807, 2.9097153782, 7.70254604207, 1.04632992945, 4.63541850727, 0.949301743101, 1.09000070343, 1.08893210959, 1.04256433181, 1.04478277144, 3.69702861955, 1.13951560468, 0.884949595446, 137.052187334, 0.931578508987, 3.61269194916, 0.953558384173, 1.1698894518, 1.16769375377, 410.991336004, 22.6754062434
3.3676749874, 1.35082985218, 0.994857190133, 0.974649542396, 3.36972107664, 0.942584915535, 2.51090565214, 0.869988483359, 0.959259142644, 2.90671449156, 4.26075229326, 0.869330526665, 1.08022507132, 1.19395511136, 1.09000034439, 1.07537272763, 1.00920575624, 0.979892002502, 6.17679109911, 1.14365484466, 0.819216317708, 232.768940633, 1.06916592586, 2.90394574041, 0.969105987703, 3.40650818999, 1.12744499168, 421.232717804, 23.2645100571
5.21982811401, 1.08016537628, 1.02040223904, 0.929936163102, 3.48451159338, 0.780422814776, 5.95615724887, 0.94196410907, 0.922593752437, 1.63358601425, 4.60193181648, 1.0910204815, 4.18610376084, 1.09647291158, 1.09000036176, 1.10194341889, 1.0326384054, 0.923545603662, 8.47115176987, 1.03942986304, 0.852612699097, 163.346229066, 0.920250717953, 4.75568508906, 1.134348554, 4.77875861278, 1.13428994278, 743.224744429, 19.9062302049
1.36761679624, 1.34860876343, 0.758639471499, 0.981412154628, 6.55669725314, 0.829470966114, 5.47782028353, 1.05205298818, 0.980642689856, 1.29594198708, 2.24271587203, 0.814141417464, 3.14259189796, 1.22309802915, 1.09000050726, 1.09724873635, 1.0418380042, 0.907215193138, 9.10753823844, 0.947594572583, 0.779171730685, 203.833778264, 1.00335393069, 4.22292184742, 0.984653709974, 5.13009843102, 0.884878333052, 441.199123525, 23.3578360079
2.11749789517, 1.0600395247, 0.742644056514, 0.86131357613, 3.04479008663, 0.873460492176, 1.79791930744, 0.951158489119, 0.933314837717, 2.7958011037, 3.98510723325, 1.0443622977, 1.08545460263, 0.877630550969, 1.09000025322, 1.09809402705, 1.01795788901, 1.09551745943, 8.26672933626, 0.976177652545, 0.796926561961, 282.854194909, 1.17214992513, 3.48750857641, 1.1349319458, 4.8737614266, 1.07797888513, 887.698878568, 19.9507667863
1.51105387669, 1.30980570771, 1.03202678786, 0.877958141862, 2.32690474278, 0.953756428428, 3.40551714415, 0.971489771279, 0.987516142807, 2.9097153782, 7.70254604207, 0.884536976595, 4.63541850727, 0.949301743101, 1.09000070343, 1.08893210959, 1.04256433181, 1.04478277144, 3.69702861955, 1.07959870409, 0.884949595446, 21.7159777141, 0.931578508987, 3.61269194916, 0.953558384173, 1.68287759041, 1.22427025591, 794.860754344, 20.2798507982
3.43833838855, 1.21020398577, 1.08756413456, 1.02674151089, 4.64012124515, 0.999369768912, 4.6208114645, 0.891302681671, 0.927641389991, 5.28278662882, 7.66554995705, 0.856677057781, 2.14357742438, 0.854992617402, 1.09000073966, 1.03511268477, 1.02636755061, 0.861985563047, 6.32009286016, 1.04391685731, 0.930178031372, 318.789532675, 1.11265237987, 3.15005248022, 1.11058592137, 5.38144244792, 0.893013163122, 519.21639793, 20.850894737
4.14719539592, 1.37023563088, 1.02298912862, 1.05431404812, 1.69841840593, 0.742942290625, 3.06311644819, 0.84181882794, 0.952853901611, 2.44886106348, 3.00370618007, 0.888360397048, 3.19960152104, 1.16958007684, 1.09000017525, 1.00686778917, 1.02340773244, 1.14476911244, 5.19206596066, 1.15855172896, 0.911851083129, 168.100734878, 1.02175991338, 5.68198665731, 0.959682576192, 1.05324012613, 1.08644594229, 558.546989856, 21.6043732044
4.40849923913, 1.04188057475, 1.10643328766, 1.1434940091, 6.68810646377, 0.822632087477, 1.95149097444, 1.04825462935, 0.923625470721, 2.83442043929, 5.50396766968, 0.974019360679, 4.62315790128, 1.03153972106, 1.0900001348, 1.00747278025, 1.00764476583, 1.10670509604, 3.09260660243, 1.07081797488, 0.818864900927, 387.194528198, 1.11609262458, 3.08321778292, 1.16698707288, 1.81635089893, 1.25216696049, 738.674048903, 20.6669446076
4.11160525557, 1.35454733105, 0.971100732867, 1.19583678338, 2.23365185386, 0.999731201932, 5.83499715977, 0.933825932641, 0.900156620179, 3.66722138508, 3.72998206988, 1.0549771813, 2.51731359845, 1.00067661752, 1.09000096129, 1.10391113885, 1.02775536, 1.13765601314, 8.57145265876, 1.01934510072, 0.997616980209, 102.534816984, 0.960579784814, 3.02177962641, 1.17255487891, 5.30586004761, 1.14919534353, 614.582175122, 21.4849694234
4.09496544409, 1.42117863192, 0.74287643864, 0.862251322889, 5.15317172741, 0.840736494371, 4.60515888257, 0.926627511341, 0.995782337481, 5.3456688354, 6.15493376896, 1.08726143037, 1.61084252501, 1.19142428266, 1.09000073442, 1.10927927417, 1.03762640368, 1.07223909045, 3.70747987897, 1.10934085209, 0.815918756753, 123.644219762, 0.950651219352, 1.10490311817, 1.10687674341, 3.77613478355, 1.20974205951, 973.914856627, 20.6324011041
1.2899433649, 1.33949657696, 1.04851229864, 1.02496924162, 3.69864786516, 0.880272608856, 4.54070528644, 0.936187807628, 0.900051156818, 4.81447868568, 2.71492400051, 1.00526197228, 3.83451131018, 1.26434386239, 1.09000021337, 1.00388991362, 1.04229037172, 1.04750229314, 6.07553139082, 0.950616856888, 0.870533978408, 287.897349502, 0.98253706199, 4.21175757712, 1.05170266516, 2.93420851135, 1.17049181964, 645.65590068, 22.0715285601
4.14685027393, 1.40473155322, 0.799130597033, 0.924331944761, 6.40537975816, 0.961095847432, 3.4953036777, 0.980475148595, 0.954387509113, 2.77579298637, 7.31056896828, 1.07954675898, 4.52845472437, 0.838875829145, 1.09000080208, 1.09905389202, 1.04608927654, 0.886451842832, 5.83506459856, 1.08545346912, 0.971037311143, 154.741012368, 1.19817223243, 2.61853103041, 1.14258727975, 1.49614719964, 0.988326477912, 656.783291276, 21.7896319618
1.62708858462, 1.0693353039, 0.960178572582, 0.932809846983, 1.4383182331, 0.762046005122, 3.86666705901, 1.05523133061, 0.952935188755, 4.03929364758, 3.87760663746, 1.08980920472, 3.4018439749, 1.10280625685, 1.09000042398, 1.10004478778, 1.02325966371, 1.02478596657, 4.70192839147, 1.14523753483, 0.97717445497, 270.147256016, 1.0370517592, 1.76726651735, 1.0895127841, 3.16534186003, 1.15542402051, 490.940142296, 25.204877611
4.16073463423, 1.38472426504, 0.743143873449, 1.20467677904, 5.91982723793, 0.931880377496, 2.37874298787, 0.942180050367, 0.941789580955, 4.8108256998, 4.05406415148, 1.06272821572, 3.60495523954, 1.27528622621, 1.09000047961, 1.02407375408, 1.0136026352, 1.03679804919, 7.67512336453, 1.13287585864, 0.779940556732, 89.8264444824, 1.17905881876, 3.02177962641, 1.22302976104, 4.31492400814, 1.28677313604, 504.744655595, 24.7127314313
2.58977023064, 1.27474352501, 1.00912971836, 0.828119578092, 3.04837287469, 0.820770643525, 5.86807316059, 0.853026298989, 0.936803104827, 2.09387980221, 7.02512671932, 1.06998267269, 4.07974003603, 1.12703397495, 1.09000017311, 1.10043743162, 1.0258919194, 1.0337726066, 9.50855631892, 0.933196782486, 0.791461202128, 102.331084083, 0.958307737625, 3.94668188335, 1.04752344122, 4.76767854428, 1.25630453067, 639.741287834, 22.5390403513
4.33092155777, 1.1772163074, 0.841890225002, 0.945108465187, 5.59176152008, 0.792982704669, 4.70267245958, 1.04587004135, 0.922796690403, 4.73962497144, 4.19388227738, 1.09225242345, 3.03548402392, 1.27752405276, 1.09000084802, 1.06229712682, 1.03362471995, 0.955155002845, 4.45942365052, 1.14014950311, 0.773030930784, 378.150641918, 0.929031408916, 3.02545355836, 1.17223296315, 1.15079363429, 0.926069730221, 1046.31037681, 20.7280740453
5.79394266614, 1.37443200218, 1.09287614804, 1.19638828817, 3.48867819447, 0.998717058719, 1.22429202891, 0.852344100081, 0.960692447386, 3.26770117941, 6.21534468127, 0.87896943703, 1.16053731432, 1.27443523428, 1.09000038819, 1.09102248153, 1.03705253805, 0.939863919042, 5.47605627936, 1.03567428859, 0.828909692055, 189.818326708, 1.16270034904, 3.19223501526, 1.19618097842, 2.84362333522, 1.04367251571, 749.879853165, 22.5365719168
2.62912619805, 1.05115364374, 0.789300672966, 1.08576968013, 1.56120068687, 0.980171855021, 2.0353892353, 0.930153410732, 0.940585675433, 4.38688170685, 4.62575500555, 0.820407742397, 2.04993359447, 1.17455948937, 1.09000070446, 1.00974643207, 1.02205066615, 0.88825347913, 4.94610308838, 1.05664211948, 0.954392729901, 275.864369723, 0.951778831402, 5.35575063356, 1.17522044446, 1.59886030684, 1.14966301475, 551.813668917, 25.7716275408
2.32352476777, 1.38928335678, 0.777975028901, 1.19709878366, 3.27807933423, 0.974444120449, 2.21600124806, 0.937792568935, 0.909667562623, 5.58610945818, 4.25633871632, 1.06569218796, 3.61191359265, 0.886367643416, 1.09000053966, 1.04955572365, 1.04732163696, 1.05586699972, 7.99988831118, 1.04980852223, 0.976941966555, 302.190837028, 0.969884106356, 1.37071956725, 1.04522788376, 1.22199321433, 1.22284953786, 541.881651228, 25.8941481504
5.72146397122, 1.0513269408, 0.864827772619, 1.21290302766, 4.90055538772, 0.869800562541, 2.96773363116, 1.08097161251, 0.977690155379, 3.69941533825, 7.42364667638, 1.05485837074, 1.25594543601, 1.22598177454, 1.09000029308, 1.04363814483, 1.02435035405, 0.93620864773, 5.35426111359, 1.01614459251, 0.895112571101, 52.4215216014, 0.919712647629, 4.14651611372, 1.13294628952, 2.82382694248, 1.22912804405, 709.582212975, 23.0933584161
2.60477370198, 1.06396014833, 0.888859316406, 1.08890469729, 1.92925139161, 0.757510376684, 1.7754082303, 0.982035279959, 0.932780649447, 1.48744578273, 5.8146134921, 1.0515020293, 1.60987618954, 1.11764696953, 1.09000059841, 1.10237698383, 1.02340773244, 1.05351812229, 8.93532343437, 0.992425827352, 0.764981177312, 298.895287645, 0.98844548515, 5.07274261487, 1.01264467365, 1.63318433818, 1.26986042453, 585.324010057, 25.6916637899
3.69991204236, 1.18859385861, 1.07141125749, 1.01432889886, 5.14840484467, 0.879596428007, 3.15714249561, 1.08373456943, 0.993456505349, 3.6163600276, 4.23318388901, 0.840283305779, 5.04541032295, 1.28257156699, 1.09000094425, 1.0535267584, 1.02823770485, 0.966624921016, 6.10337788732, 0.959730480864, 0.976629511557, 22.6319738578, 1.19874932965, 1.38885611812, 1.11436222768, 2.36455536556, 1.21741189237, 1100.05062824, 22.0855635092
3.59717435609, 1.41258266288, 1.08880431106, 0.833935767376, 6.96142590067, 0.782567232349, 1.29005084249, 0.95034571646, 0.979231975065, 5.81513993217, 7.08330315779, 0.953317208067, 4.13453900272, 1.20169717988, 1.09000016793, 1.03538923422, 1.01195609036, 0.980543962589, 9.10633551198, 1.03833815916, 0.999655706025, 221.935143023, 1.00600846097, 2.55870805111, 0.977684563301, 1.71786188397, 1.1451926005, 1221.36081174, 22.4966351523
4.14719539592, 1.37023563088, 1.02298912862, 1.05431404812, 1.69841840593, 0.742942290625, 3.06311644819, 0.84181882794, 0.989073930154, 2.44886106348, 3.00370618007, 0.888360397048, 3.19960152104, 1.16958007684, 1.09000017525, 1.00686778917, 1.00116204066, 1.14476911244, 5.19206596066, 1.15855172896, 0.959732433485, 168.100734878, 1.02175991338, 5.68198665731, 0.959682576192, 1.05324012613, 1.08644594229, 634.711560205, 34.78877584
3.65877064366, 1.40266810172, 0.758086222626, 0.992773135986, 2.91530078247, 0.86311801494, 1.2630620485, 0.871734600876, 0.903547889626, 1.48833544069, 2.6620308313, 1.05198054014, 3.72003781604, 1.10453933549, 1.09000023867, 1.06968585559, 1.04521107986, 0.83101482911, 9.03870705884, 0.992698393792, 0.760849290091, 369.946379874, 1.14746320958, 2.5914402583, 1.23276000825, 1.1710363948, 0.901041487895, 653.128192752, 26.7670112721
5.00150968938, 1.0434401662, 0.978804694196, 1.12747439574, 1.55288778969, 0.724626794602, 5.43950932226, 0.826443278229, 0.90125253636, 1.62716012621, 2.07754865852, 0.997024169601, 4.0396111291, 1.04806284777, 1.09000061884, 1.00084983272, 1.00883870371, 0.934382148869, 6.49032734343, 1.06188402112, 0.844775671202, 42.2185476347, 1.18944600352, 4.7209126033, 0.99188971167, 3.02761440603, 0.872587410147, 960.31290933, 25.0879807054
4.74640124608, 1.34737766139, 0.901718264252, 1.0482061059, 2.72871097115, 0.824958422289, 3.32079323595, 0.838615062625, 0.9923668444, 5.5229850137, 6.61838751827, 1.02823200511, 3.20181754246, 1.04387681675, 1.09000087715, 1.00431783524, 1.04699367114, 1.20737128754, 6.3082897567, 1.09530300729, 0.992062181335, 73.5280962008, 1.09039884465, 4.58803112014, 1.09732833275, 1.13679999357, 0.90402048014, 684.451467022, 27.3220825271
5.36523884403, 1.13054236924, 1.03839480847, 0.884939228792, 3.09273505732, 0.868306578937, 2.99673394467, 1.05163013202, 0.91552854272, 1.92795042315, 2.44459088932, 0.82427742046, 1.78183889352, 1.21809514241, 1.09000029313, 1.00316038579, 1.0387178851, 1.07237538541, 3.7651780003, 1.18861930328, 0.80398074093, 153.966596736, 0.921375657552, 5.57743242175, 1.00091243633, 2.76475376768, 1.20705990605, 944.228967287, 25.6235023643
2.48023347603, 1.1860589254, 1.05096530013, 1.12040246048, 4.90859876481, 0.979577538308, 2.07948067937, 0.900248736387, 0.902207212843, 3.90302381565, 1.65238037572, 0.933905526326, 3.61191359265, 1.01671360727, 1.09000073966, 1.03511268477, 1.01475849439, 1.03222468457, 5.2282938953, 0.915269937252, 0.775837727614, 49.8847896381, 1.01704611744, 3.19187458639, 1.09545960575, 4.03585174183, 0.881057341234, 656.165813515, 34.572146251
2.5734164636, 1.0374241744, 0.898593531171, 1.10887164055, 5.5925328391, 0.973567599159, 4.69452314917, 0.846561322734, 0.927106816797, 3.14717173257, 4.55399780232, 1.01523949393, 3.80118993596, 0.971595241598, 1.09000028767, 1.06327173157, 1.04602703803, 0.954934593391, 3.20224903763, 0.917129315672, 0.97963285091, 172.908166587, 1.1679257371, 1.95491746105, 1.19591207577, 2.27768247852, 1.22317725702, 1469.87222955, 23.6290510994
4.40849923913, 1.04188057475, 1.10643328766, 1.1434940091, 5.75379942573, 0.822632087477, 1.95149097444, 1.04825462935, 0.923625470721, 2.83442043929, 2.47256034555, 0.974019360679, 4.62315790128, 1.03153972106, 1.0900001348, 1.00747278025, 1.03746084729, 1.10670509604, 3.09260660243, 1.07081797488, 0.818864900927, 387.194528198, 1.11609262458, 3.08321778292, 1.16698707288, 1.81635089893, 1.25216696049, 653.535915178, 35.0637375999
3.80971968688, 1.28524481433, 1.02237313999, 1.12811952368, 2.22073032729, 0.913272512772, 5.97780388539, 0.856387668822, 0.977649351004, 3.6163600276, 5.85218778254, 1.08622149977, 5.01814207293, 1.01464208892, 1.09000082444, 1.0247753949, 1.04740454757, 0.961225309213, 8.86839785072, 0.970993759852, 0.767032093272, 186.09619211, 1.02168001789, 1.3780556318, 0.953280164316, 3.14017947165, 1.1526060632, 655.562829951, 35.0147995551
3.80971968688, 1.28524481433, 1.02237313999, 1.12811952368, 2.22073032729, 0.913272512772, 5.97780388539, 0.849526730029, 0.977649351004, 3.6163600276, 5.85218778254, 1.08622149977, 5.01814207293, 1.01464208892, 1.09000059247, 1.0247753949, 1.04740454757, 0.961225309213, 8.86839785072, 0.970993759852, 0.767032093272, 186.09619211, 1.02168001789, 1.3780556318, 0.953280164316, 3.14017947165, 1.1526060632, 691.135058475, 28.1249693341
2.5734164636, 1.0374241744, 0.898593531171, 1.10887164055, 5.5925328391, 0.973567599159, 4.69452314917, 0.846561322734, 0.958110570327, 3.14717173257, 4.55399780232, 1.01523949393, 4.93976172145, 0.971595241598, 1.09000028767, 1.10449431825, 1.04602703803, 0.954934593391, 9.81029613129, 0.917129315672, 0.97963285091, 172.908166587, 1.1679257371, 3.91468413196, 1.19591207577, 2.27768247852, 0.893915790095, 1095.31376914, 24.8087507046
4.14719539592, 1.19273950003, 0.820736425993, 1.05431404812, 1.69841840593, 0.732362374893, 2.6990983463, 0.84181882794, 0.990430833635, 2.44886106348, 3.00370618007, 0.960588098316, 3.19960152104, 1.16958007684, 1.09000017525, 1.00686778917, 1.00088161097, 1.1634461982, 5.19206596066, 1.15855172896, 0.959732433485, 168.100734878, 1.02175991338, 5.68198665731, 1.03196773181, 1.05324012613, 1.08644594229, 1585.94877085, 24.4258852099
3.47262247827, 1.20438036407, 1.0140518711, 0.857021978895, 5.86329991822, 0.753416673109, 1.42408349877, 1.04670290304, 0.919117768106, 2.36946759912, 5.04900276458, 0.925904735491, 3.89761341662, 1.26767826289, 1.09000023024, 1.03553621524, 1.0138413484, 1.22948395086, 6.42951602323, 0.910919920507, 0.824672538877, 142.465411533, 1.0415306352, 2.33443397367, 1.04527377251, 1.47795491633, 0.952091470437, 1512.59143752, 24.6129490396
4.99352906045, 1.2228032289, 0.8363224951, 1.21586481196, 1.82752333845, 0.950637482116, 5.89479435092, 0.88435868268, 0.907081759167, 2.25704022738, 1.67151062848, 0.892142231052, 1.02419400086, 0.907099265332, 1.09000097654, 1.00291071217, 1.01095490452, 0.872318172634, 9.34702527118, 1.0798621752, 0.887735571555, 260.402810442, 0.959045722952, 4.68437245964, 1.18157898296, 3.47719057505, 0.949741795292, 1638.32239553, 24.5335346083
5.99798359414, 1.00065890663, 1.14613895125, 0.979080916605, 7.03424565416, 0.864036222382, 2.7835884392, 0.896498899976, 0.952682934596, 2.13979306164, 6.11366920264, 0.89858950352, 1.61684376255, 0.85000407294, 1.09000044429, 1.01646075831, 1.0475485046, 1.17089402071, 5.86523482763, 1.1441782249, 0.815918756753, 54.5729730936, 1.09531175675, 2.19031106118, 1.02759945786, 1.28108089126, 1.27285122952, 1555.17193982, 24.6679581948
5.79394266614, 1.32002355141, 1.1659180244, 1.19638828817, 3.48867819447, 0.998717058719, 1.22429202891, 0.852344100081, 0.960692447386, 3.26770117941, 6.21534468127, 0.87896943703, 1.16053731432, 1.27443523428, 1.09000038819, 1.09102248153, 1.03705253805, 0.939863919042, 5.14473643351, 0.910200412294, 0.828909692055, 189.818326708, 1.16270034904, 3.19223501526, 1.19618097842, 2.84362333522, 1.04367251571, 662.936063572, 35.6957560138
2.32352476777, 1.38928335678, 0.777975028901, 1.19709878366, 3.27807933423, 0.962937550341, 2.21600124806, 0.937792568935, 0.929300658057, 5.58610945818, 4.25633871632, 1.06569218796, 3.61191359265, 0.886367643416, 1.09000053966, 1.07747828641, 1.04732163696, 1.05586699972, 7.99988831118, 1.04980852223, 0.976941966555, 302.190837028, 0.969884106356, 5.07459075415, 1.04522788376, 1.72755373299, 1.22284953786, 1189.42707749, 25.570247059
3.53641151151, 1.37588286878, 1.06208014333, 0.822288015885, 5.98192799506, 0.85568028712, 5.31072175407, 1.09271258225, 0.962370150693, 2.33935976499, 4.66419614506, 0.901882020969, 1.72602160571, 0.894424650557, 1.09000085325, 1.04551190147, 1.02070904197, 1.22745319038, 4.64511749681, 0.947267131979, 0.794766257646, 62.3567092215, 1.16518093353, 3.91468413196, 1.21652828037, 4.91849716256, 1.05840933715, 1634.21507854, 24.8925785993
4.39155697865, 1.15687434887, 0.73365083395, 0.8166541965, 5.60123786489, 0.881994285427, 1.66708545681, 1.01507053253, 0.915225897866, 3.65639380136, 5.45085761645, 1.0732913932, 2.35120748958, 1.05856958346, 1.09000048025, 1.05262950036, 1.02569784004, 0.968853253661, 7.08400955919, 1.01433733636, 0.870533978408, 245.595872295, 0.964762562727, 3.55925946639, 1.01937412019, 1.92517194705, 1.0789150879, 733.579747569, 37.7250483305
5.52232861692, 1.27849711418, 0.903971674149, 0.844622001401, 5.98562153294, 0.872756390423, 2.21010759227, 0.964014598081, 0.988127082803, 5.09017326573, 1.68015946732, 0.905172301011, 2.07490524427, 0.8747703421, 1.09000071879, 1.10700099958, 1.02851885917, 1.21687752987, 5.0583554026, 1.09742048317, 0.791427270986, 126.872450533, 1.06211537268, 3.78887523657, 1.05268750165, 1.66052838851, 1.10577318364, 820.405328247, 29.4776393435
4.39155697865, 1.15687434887, 0.73365083395, 0.8166541965, 5.60123786489, 0.881994285427, 1.66708545681, 0.961315399952, 0.957868108033, 3.65639380136, 5.45085761645, 1.0732913932, 4.88724927476, 1.05988669599, 1.09000048025, 1.05262950036, 1.02569784004, 0.968853253661, 7.08400955919, 1.01433733636, 0.808244050113, 245.595872295, 0.959758726572, 3.55925946639, 1.01937412019, 1.92517194705, 1.0789150879, 880.228833381, 28.3859331459
4.16073463423, 1.16281501907, 0.743143873449, 1.20467677904, 4.03924693776, 0.792982704669, 2.37874298787, 0.942180050367, 0.941789580955, 4.8108256998, 4.05406415148, 1.06272821572, 3.60495523954, 1.27528622621, 1.09000047961, 1.02407375408, 1.0136026352, 1.03679804919, 7.67512336453, 1.13287585864, 0.779940556732, 378.150641918, 1.17905881876, 3.02177962641, 1.23267609383, 4.31492400814, 1.28677313604, 833.201846053, 29.7615110561
4.96401646985, 1.36219494569, 0.870403094242, 1.19111089263, 4.40403577008, 0.800076271249, 5.35195358293, 0.83628629219, 0.987054127795, 4.26581297096, 3.12108909896, 0.878034038189, 4.50157314414, 0.939168106739, 1.09000081153, 1.05458002766, 1.00323639871, 1.21046744277, 6.01570060546, 1.09964327639, 0.929233383883, 362.010004578, 1.09039904254, 1.14396779112, 1.0326514362, 3.95189980693, 1.11176387428, 740.399327765, 39.278485735
3.3676749874, 1.35082985218, 0.994857190133, 0.974649542396, 3.36972107664, 0.942584915535, 2.51090565214, 1.02535568495, 0.959259142644, 2.90671449156, 4.26075229326, 0.869330526665, 1.08022507132, 1.19395511136, 1.09000034439, 1.07537272763, 1.00920575624, 0.979892002502, 6.17679109911, 1.14365484466, 0.819216317708, 232.768940633, 1.02200778215, 2.90394574041, 0.969105987703, 3.40650818999, 1.12744499168, 853.23568562, 30.7462367196
5.0834935562, 1.00064624581, 0.787390659499, 0.823090817735, 5.61463985525, 0.811239281842, 4.73173659361, 1.0626571888, 0.952099241422, 2.70809980107, 6.58356925803, 0.841753492486, 4.43826003441, 0.916530668936, 1.09000073096, 1.0820596638, 1.0224760412, 0.988036212515, 9.60404679552, 1.05822719937, 0.95358778994, 345.339421884, 1.0887715332, 3.72515795089, 1.2367581689, 2.15211416678, 0.95050896394, 2037.78158515, 25.5539413217
3.95529001916, 1.34977822807, 1.16703022548, 1.06881841351, 1.45284336338, 0.918827437774, 4.9836395604, 0.924648906653, 0.92977256136, 5.68926650559, 5.64243828599, 0.892422466992, 3.26234212982, 1.07306172939, 1.09000094485, 1.04230771676, 1.00211430263, 0.887276625172, 7.75926172038, 1.04187147906, 0.879594339411, 119.563669383, 1.06786812426, 2.5271976835, 1.09218171719, 1.24650602978, 0.987236418663, 752.221871189, 37.9384455963
5.34585771954, 1.40425479121, 0.968302250941, 1.19404230385, 4.32760949275, 0.784884304589, 2.41817396376, 0.960700025174, 0.964247671894, 4.39483016969, 3.26735351871, 1.08715629095, 4.55455781842, 1.21178471536, 1.09000057349, 1.02525543856, 1.00789171526, 0.88457835047, 4.1850888977, 0.937737150249, 0.904120656622, 175.182544102, 1.05782757114, 2.03851698175, 1.06711176713, 2.48292458864, 1.14488775805, 1861.08179498, 25.597928658
3.46559237919, 1.01339516795, 0.7587913404, 1.0687458077, 6.40138306152, 0.794419942231, 5.90222713393, 1.07647943669, 0.987531982593, 2.128259433, 3.0581072486, 0.95850316152, 4.05963633858, 1.14853087675, 1.09000010803, 1.10752222055, 1.03982768978, 1.0571068945, 8.83217099111, 1.07959870409, 0.821968039353, 242.119639141, 0.999316919283, 3.7885789169, 1.22035446606, 1.49812215983, 0.994142351016, 919.867852995, 31.3845519641
3.07185873029, 1.000842971, 1.02467570702, 0.823860499173, 3.64791071892, 0.817941632642, 3.76665607882, 0.975429688213, 0.995137780745, 5.11828337967, 5.70368998994, 0.94785511172, 5.06532369808, 0.897374271608, 1.09000088323, 1.08409542628, 1.00200737058, 1.10095972406, 7.91751838474, 1.09065017873, 0.821069702356, 189.078096441, 1.07521247817, 1.96876989586, 1.13463562921, 1.05145768584, 0.997362231455, 1736.28328193, 25.7179815783
3.37403168574, 1.40425479121, 0.923108963641, 0.835815750429, 2.09719286182, 0.783891189322, 5.00791994858, 0.960700025174, 0.931701871613, 5.78776611206, 1.75972024137, 0.994562013966, 3.23092345415, 1.1358374025, 1.09000057645, 1.09272103759, 1.04453392421, 0.957711398789, 4.1850888977, 1.07527664989, 0.964150382341, 103.194087517, 1.00882919345, 2.03851698175, 1.0829801753, 3.65820568312, 1.04579451976, 1230.55778116, 26.634774864
2.56591878741, 1.28528855227, 0.755609544278, 1.15025091633, 3.70008901205, 0.720023785751, 3.19672385211, 0.899375869276, 0.951234700687, 3.37047729362, 1.73049420534, 0.950215975582, 3.50453026346, 0.969045854939, 1.09000020152, 1.02040727005, 1.00995595311, 0.94172457268, 8.02399071329, 0.98049202466, 0.988548897768, 306.418665242, 1.03053323546, 3.11451275721, 1.13173535023, 5.4336199444, 0.988930450185, 1255.68839396, 26.7435016152
5.00150968938, 1.0434401662, 0.978804694196, 1.12747439574, 1.55288778969, 0.724626794602, 5.43950932226, 0.826443278229, 0.90125253636, 1.62716012621, 2.07754865852, 0.997024169601, 4.0396111291, 1.04806284777, 1.09000061884, 1.00084983272, 1.03323655644, 0.934382148869, 6.49032734343, 1.06188402112, 0.844775671202, 42.2185476347, 1.18944600352, 4.7209126033, 0.99188971167, 3.02761440603, 0.872587410147, 859.654422581, 40.4156403759
4.99352906045, 1.2228032289, 0.8363224951, 1.21586481196, 1.82752333845, 0.944425125097, 5.89479435092, 0.986883982047, 0.907081759167, 2.25704022738, 1.67151062848, 0.892142231052, 1.02419400086, 0.907099265332, 1.09000097654, 1.03620847293, 1.01095490452, 0.872318172634, 9.34702527118, 1.0798621752, 0.887735571555, 260.402810442, 0.959045722952, 4.68437245964, 1.18157898296, 3.47719057505, 0.949741795292, 864.634927347, 42.0307544624
2.94437848033, 1.27948467524, 1.07315605986, 0.973613934191, 4.73326874997, 0.926885685744, 5.07524325755, 1.07588057647, 0.9487901208, 4.14035944606, 2.18074365975, 0.856049897012, 1.72602160571, 1.06929032588, 1.09000027699, 1.01406232312, 1.00975537567, 1.18056650812, 7.98187573291, 1.18059569017, 0.9148150858, 141.910028677, 1.16931342214, 4.75330860291, 1.09259102702, 5.24277148504, 1.27466281669, 1022.95500963, 30.9438124655
5.89282666806, 1.15360237396, 1.01182459579, 0.885608898628, 5.69355802022, 0.739963234885, 1.42199805457, 1.07265166501, 0.960037171871, 4.91585399508, 6.59898383942, 0.918526839649, 1.60164532812, 1.16174850267, 1.09000047729, 1.00382838508, 1.02793985102, 0.963504527274, 4.18221479809, 1.14839726688, 0.947315389228, 57.9534972607, 1.14976644038, 4.03303651698, 0.993565417433, 1.77668304722, 0.899512486516, 1460.38375375, 27.2143217199
2.5734164636, 1.0374241744, 0.898593531171, 1.10887164055, 5.5925328391, 0.973567599159, 4.69452314917, 0.846561322734, 0.958110570327, 3.14717173257, 4.55399780232, 1.01523949393, 4.93976172145, 0.971595241598, 1.09000028767, 1.06798253864, 1.04602703803, 0.954934593391, 9.81029613129, 0.917129315672, 0.97963285091, 172.908166587, 1.1679257371, 2.97331587064, 1.19591207577, 2.27768247852, 0.958773938136, 2109.75154554, 26.4941816425
5.34585771954, 1.40425479121, 0.968302250941, 1.19404230385, 4.32760949275, 0.784884304589, 2.41817396376, 0.960700025174, 0.97187792672, 4.39483016969, 3.26735351871, 1.08715629095, 4.55455781842, 1.21178471536, 1.09000057349, 1.02525543856, 1.00789171526, 0.88457835047, 4.61195533141, 1.09149367125, 0.904120656622, 175.182544102, 1.05782757114, 1.85730694911, 1.06711176713, 2.48292458864, 1.23659039161, 1128.57674795, 30.9238673991
5.0834935562, 1.00064624581, 0.787390659499, 0.823090817735, 5.61463985525, 0.811239281842, 2.21010759227, 1.0626571888, 0.921747285004, 2.16453029272, 6.58356925803, 0.841753492486, 2.07490524427, 0.916530668936, 1.09000073096, 1.0820596638, 1.0224760412, 0.988036212515, 9.60404679552, 1.05822719937, 0.95358778994, 253.82305903, 1.0887715332, 3.72515795089, 1.2367581689, 2.15211416678, 0.95050896394, 1061.11963389, 31.4278375641
4.39155697865, 1.15687434887, 0.73365083395, 0.8166541965, 5.60123786489, 0.881994285427, 1.66708545681, 1.02866769719, 0.915225897866, 3.65639380136, 5.45085761645, 1.0732913932, 2.35120748958, 1.05988669599, 1.09000048025, 1.05262950036, 1.02569784004, 0.968853253661, 7.08400955919, 1.01433733636, 0.808244050113, 245.595872295, 1.01117934512, 3.55925946639, 1.01937412019, 1.92517194705, 1.0789150879, 1474.13041668, 27.3718141268
