3.83779502238, 1.30156847619, 1.15597433837, 1.15102001402, 4.68361327669, 0.744200283126, 4.77564447132, 0.91103036965, 0.922401654518, 2.37066463237, 4.55804233803, 1.02917508292, 4.29967115499, 1.18966520159, 1.09000015742, 1.01006056622, 1.03217091507, 1.21224457103, 9.62936923308, 1.13994440892, 0.83241649539, 57.0583459112, 0.931499797536, 2.79767480424, 1.18741523278, 4.91093142548, 1.07679155435, 27.6065437375, 10.0469064728
3.68759425073, 1.12717144917, 1.12824047644, 0.936661283842, 6.22127383965, 0.798312598367, 1.63138250443, 1.00425955257, 0.919683210721, 4.57157705748, 2.50001279468, 0.951575218409, 3.03770186857, 0.946913520458, 1.09000047997, 1.06127837909, 1.04288545569, 0.975399273767, 7.59951405852, 0.910206303722, 0.926938123553, 18.155181867, 1.19470035945, 5.13435486605, 1.14841013194, 1.27085911689, 1.06311986998, 37.6163347406, 8.1185637174
2.26374622448, 1.03247644241, 0.786160941093, 1.09529533966, 4.97772029775, 0.944425125097, 5.89479435092, 0.992275913738, 0.931072364729, 4.00121600687, 3.96062688188, 0.885114235356, 3.34716202979, 0.931913699644, 1.09000000645, 1.03620847293, 1.0442743943, 1.09816863145, 7.4507703261, 1.0798621752, 0.827636610567, 339.85279039, 0.975577430727, 5.98485517287, 1.0974898823, 3.31538106953, 1.11948450121, 75.4378583735, 14.3429387349
1.80933642778, 1.42218449216, 0.879842453679, 1.19166004436, 4.60048328666, 0.805438448566, 2.51258347264, 1.06135610484, 0.941552613461, 2.86094774977, 1.67578941442, 0.819064181016, 4.47127207567, 1.23511276084, 1.09000076559, 1.10002247936, 1.0028431983, 1.114428453, 9.12665566775, 0.949938038109, 0.993696069374, 309.129773395, 1.15002897738, 5.00050827499, 1.2097043804, 2.39558455806, 1.29339547692, 44.4212298091, 16.4148504649
2.32352476777, 1.42810899614, 0.777975028901, 0.987223150004, 3.27807933423, 0.962937550341, 2.21600124806, 0.937792568935, 0.929300658057, 5.58610945818, 4.25633871632, 1.06569218796, 1.53751289301, 0.886367643416, 1.09000053966, 1.07747828641, 1.04899287567, 1.00340102296, 4.14023217961, 1.04980852223, 0.976941966555, 302.190837028, 1.06808666367, 4.9911190257, 1.04522788376, 1.72755373299, 1.22284953786, 97.1660868249, 12.0975926249
5.00150968938, 1.2110732171, 0.978804694196, 1.12747439574, 1.55288778969, 0.720315831678, 5.43950932226, 0.826443278229, 0.90125253636, 1.62716012621, 2.07754865852, 0.997024169601, 4.0396111291, 0.957636674814, 1.09000061884, 1.00084983272, 1.00883870371, 0.934382148869, 5.0583554026, 1.06188402112, 0.844775671202, 126.872450533, 1.18944600352, 4.7209126033, 0.99188971167, 3.02761440603, 0.872587410147, 71.8798240288, 19.245160349
3.47262247827, 1.20438036407, 1.00543267442, 0.857021978895, 5.86329991822, 0.753416673109, 1.42408349877, 1.04670290304, 0.940087666609, 2.36946759912, 5.04900276458, 0.925904735491, 3.89761341662, 1.26767826289, 1.09000023024, 1.03553621524, 1.0138413484, 1.22760525498, 6.42951602323, 0.910919920507, 0.824672538877, 142.465411533, 1.13328344896, 4.57256088504, 1.04527377251, 4.10024295587, 0.952091470437, 168.457363064, 12.6385968083
4.66942800665, 1.14876690603, 1.12438154362, 1.05136448366, 5.16079520639, 0.767218126917, 4.10425963385, 1.00471336986, 0.96074457443, 1.68856821223, 7.66978375594, 0.833910375605, 2.61740095081, 0.93647633587, 1.09000001822, 1.05518848352, 1.03460025584, 1.00029815854, 7.56703898168, 1.09049787319, 0.914291812127, 42.1067044465, 1.10731413621, 3.35276483368, 0.992162892839, 3.57294600097, 0.968557003944, 112.051582239, 13.108291087
2.58977023064, 1.27474352501, 1.00912971836, 0.835178713908, 3.04837287469, 0.820770643525, 5.86807316059, 0.853026298989, 0.936803104827, 2.09387980221, 7.02512671932, 1.06998267269, 4.07974003603, 1.28436511306, 1.09000017311, 1.10043743162, 1.0258919194, 1.0337726066, 9.50855631892, 0.933196782486, 0.791461202128, 102.331084083, 0.935717589155, 2.12167661421, 1.04752344122, 4.76767854428, 1.25630453067, 89.0368475305, 20.3671430801
1.91403276773, 1.12894165394, 0.932336044831, 1.13197088798, 2.00281180368, 0.854756030975, 4.53347047609, 0.971362370143, 0.911632811585, 5.23540500329, 3.79973703513, 1.03981689874, 3.64922821786, 0.958532275888, 1.0900005088, 1.1084641505, 1.03475904537, 1.17655798777, 3.32838682087, 1.15063333652, 0.949201066553, 173.10660634, 1.04489700006, 3.05217626809, 1.15398066187, 2.72579292253, 1.28350068277, 231.803911963, 12.9967203487
3.07185873029, 1.000842971, 1.02467570702, 0.823860499173, 3.64791071892, 0.817941632642, 3.76665607882, 0.975429688213, 0.995137780745, 5.11828337967, 5.70368998994, 0.94785511172, 5.06532369808, 0.897374271608, 1.09000088323, 1.08409542628, 1.00200737058, 1.10095972406, 7.91751838474, 1.09065017873, 0.821069702356, 189.078096441, 1.07521247817, 1.96876989586, 1.13463562921, 1.05145768584, 0.997362231455, 149.348059619, 14.4593457181
2.88934659414, 1.37023563088, 0.808564741862, 0.909255380121, 5.44992773522, 0.717526551204, 3.05243471412, 0.887309620652, 0.967447115858, 2.4851797043, 1.8827421659, 0.992736732684, 3.24999499801, 1.08553592358, 1.09000038191, 1.05926506511, 1.00590158595, 0.995450765259, 8.50378672147, 1.03589752637, 0.945053208355, 35.4731396406, 1.04516908212, 1.55451623407, 1.05045552967, 5.40777028827, 1.25320795591, 119.052599226, 15.7773983757
5.21982811401, 1.08016537628, 1.02040223904, 0.918841737487, 3.48451159338, 0.780422814776, 5.98552388683, 0.94196410907, 0.922593752437, 1.52124679002, 4.60193181648, 1.0910204815, 4.18610376084, 1.09647291158, 1.09000055395, 1.09809402705, 1.0326384054, 0.923545603662, 8.26672933626, 1.03942986304, 0.852612699097, 163.346229066, 0.920250717953, 4.96818368761, 1.134348554, 4.77875861278, 1.13428994278, 293.16838119, 14.8440890001
4.99352906045, 1.2228032289, 0.8363224951, 1.15783831223, 1.82752333845, 0.967866133218, 1.2630620485, 0.986883982047, 0.907081759167, 2.25704022738, 1.67151062848, 0.892142231052, 1.02419400086, 0.907099265332, 1.09000097568, 1.04675265664, 1.01095490452, 0.933434620823, 9.34702527118, 1.0798621752, 0.887735571555, 260.402810442, 0.959045722952, 4.68437245964, 1.18157898296, 3.47719057505, 1.05385698752, 120.891758583, 16.2688457248
3.37403168574, 1.01565552666, 0.874478251749, 1.03729656768, 2.09719286182, 0.783891189322, 2.33366520956, 0.883640523841, 0.931701871613, 5.78776611206, 1.75972024137, 0.994562013966, 5.03645042434, 0.828323962216, 1.09000057645, 1.09272103759, 1.00220206354, 0.957711398789, 6.74729969569, 1.07527664989, 0.964150382341, 103.194087517, 1.00882919345, 3.39013357144, 1.0829801753, 3.65820568312, 1.04579451976, 219.689430014, 15.9529474421
2.84275068096, 1.3816085389, 1.02096002545, 1.11862688614, 5.67247744702, 0.833191204872, 2.54328538308, 1.08281231928, 0.964244860806, 5.51097568502, 5.80144015547, 0.858808092341, 2.6435888206, 0.909082059207, 1.09000091696, 1.10721145244, 1.00385525209, 1.07626238221, 8.75740346405, 0.972988846125, 0.985428709202, 153.438297313, 1.17469100903, 3.88002162198, 1.22038169498, 3.46700382793, 1.20882086106, 349.120184205, 15.3661720214
3.47262247827, 1.20438036407, 1.00543267442, 0.969332772746, 5.86329991822, 0.753416673109, 1.42408349877, 1.04670290304, 0.940087666609, 1.50891010132, 5.04900276458, 1.09821724285, 3.89761341662, 1.26767826289, 1.09000023024, 1.03553621524, 1.0138413484, 1.22760525498, 6.42951602323, 0.910919920507, 0.768332279127, 142.465411533, 1.10731413621, 4.57256088504, 1.04527377251, 4.10024295587, 0.952091470437, 320.935967262, 15.4059075821
4.74640124608, 1.34737766139, 0.901718264252, 1.0482061059, 2.72871097115, 0.824958422289, 3.32079323595, 0.838615062625, 0.9923668444, 5.5229850137, 6.61838751827, 1.02823200511, 3.20181754246, 1.04387681675, 1.09000087715, 1.00431783524, 1.04699367114, 1.20737128754, 6.3082897567, 1.09530300729, 0.992062181335, 73.5280962008, 1.09039884465, 4.58803112014, 1.09732833275, 1.13679999357, 0.90402048014, 217.405770997, 27.2432223622
5.40344682421, 1.11384435577, 0.963181724305, 0.889762429113, 3.01359762787, 0.782279953288, 2.75877142406, 0.86226643281, 0.972943266284, 1.26829395799, 7.68602072934, 1.09986177627, 4.24687201287, 0.950401239855, 1.09000084275, 1.03591998425, 1.00262086569, 0.834846034247, 8.54321107451, 1.08364863239, 0.987533320717, 340.176323285, 0.910462262918, 5.19255190129, 1.13040242026, 4.22855363376, 1.00539674255, 242.085727984, 19.1029620468
5.98822952825, 1.21653550692, 0.783139215486, 1.02878116737, 6.46737826113, 0.804315285062, 2.74631619303, 0.908662033741, 0.917400417155, 5.88322950912, 4.41720399871, 0.994365250099, 3.17603938617, 1.17198773109, 1.09000016995, 1.03868365119, 1.02743491043, 0.817626682125, 9.45624747217, 0.926508380293, 0.776217250385, 388.841980104, 0.928731298892, 5.56046090967, 1.00372143966, 1.15212039985, 1.05538962081, 230.743392602, 20.0629160405
4.11160525557, 1.0544844646, 0.801588338266, 1.19583678338, 2.23365185386, 0.985646674206, 5.05479573998, 0.933825932641, 0.900156620179, 1.28125630341, 3.72998206988, 1.0503239827, 2.71373317206, 1.00067661752, 1.09000096129, 1.10391113885, 1.03084793507, 1.13765601314, 8.57145265876, 1.01934510072, 0.897835147027, 102.534816984, 0.960579784814, 4.65515357867, 1.17255487891, 5.30586004761, 1.13594552127, 327.208477307, 15.5241655155
3.53641151151, 1.37588286878, 1.06208014333, 0.822288015885, 5.98192799506, 0.85568028712, 5.31072175407, 1.09271258225, 0.962370150693, 2.33935976499, 4.66419614506, 0.901882020969, 2.38391917013, 0.894424650557, 1.09000085325, 1.04551190147, 1.02070904197, 1.15970355516, 4.64511749681, 0.947267131979, 0.794766257646, 62.3567092215, 1.16518093353, 3.91468413196, 1.21652828037, 4.91849716256, 1.05840933715, 243.204933703, 19.1610942871
2.71119407142, 1.29330607655, 1.05901345859, 0.984079880786, 5.31728115437, 0.889831543668, 1.50337219695, 0.869606146643, 0.948817324587, 5.87154100705, 3.58181577958, 0.874777563708, 2.50938399725, 0.975622575576, 1.09000052766, 1.03745519232, 1.00948104075, 0.864332870131, 7.14722539197, 0.915269937252, 0.905584050238, 185.908817501, 1.12323286517, 2.57162449958, 1.06917263335, 4.95035335971, 1.13125930522, 407.233941698, 18.6698405775
2.08303867879, 1.02190195788, 1.10524895492, 0.800644903947, 1.55686299373, 0.799417285401, 5.5619050043, 1.01496832467, 0.966216137433, 4.86928900152, 3.26769027324, 0.943998688514, 2.69128667999, 1.05554392134, 1.09000069952, 1.0505947061, 1.04526902703, 0.940283206647, 6.85948739475, 1.0855408122, 0.939275718954, 343.213749432, 1.02747713017, 3.46669597196, 1.0622490317, 3.38034032632, 1.01410911134, 409.970423311, 16.2559146916
4.74640124608, 1.34737766139, 0.901718264252, 1.0482061059, 2.72871097115, 0.824958422289, 3.32079323595, 0.838615062625, 0.9923668444, 5.5229850137, 6.61838751827, 1.02823200511, 3.20181754246, 1.04387681675, 1.09000087715, 1.00431783524, 1.04699367114, 1.20737128754, 6.3082897567, 1.08569512993, 0.992062181335, 73.5280962008, 1.09039884465, 4.58803112014, 1.09732833275, 1.13679999357, 0.90402048014, 309.653760081, 28.5161660189
3.01468377371, 1.19393524931, 1.10668334146, 1.20726993325, 2.07921664831, 0.979087993929, 4.20560324553, 0.910426362168, 0.98909092554, 5.5517277551, 2.22838429204, 1.09402690542, 4.7302095522, 0.968744632512, 1.09000081732, 1.07141337853, 1.00533162832, 0.896205355536, 3.05359609759, 1.17872313385, 0.848492724461, 239.007855093, 1.14644920348, 1.70283461094, 1.12922762994, 3.70898531764, 0.935431389658, 322.72956377, 21.8787458022
2.90828027741, 1.31754359982, 0.817278893363, 1.07873968216, 3.28667038622, 0.888424032598, 5.04183814828, 0.858158638947, 0.935754217581, 3.12774546333, 1.78280328221, 0.844787741868, 3.50748275015, 1.00445541524, 1.09000013116, 1.0421125162, 1.00128982995, 1.10353508674, 3.4782783708, 0.988692180121, 0.819708846405, 300.645419778, 1.18508796211, 4.69024000779, 1.03700754577, 3.32030185434, 0.970148029313, 432.106548421, 16.5351626629
2.47438356587, 1.06208469621, 0.960422441588, 0.964076287518, 5.98910102724, 0.793330719176, 4.34054559956, 1.00390319575, 0.947528577454, 5.5879651553, 1.80275968557, 0.938898398056, 4.08665757509, 0.978803404724, 1.09000082549, 1.05363106488, 1.01807158159, 1.10572034202, 7.90434402405, 1.15615477638, 0.991295325478, 316.141613399, 0.966493820771, 3.39119059045, 0.97688352893, 4.41898176573, 0.956915456694, 416.943064583, 17.2865746469
5.72146397122, 1.0513269408, 0.864827772619, 1.21290302766, 6.21771686169, 0.869800562541, 2.75842406664, 1.02409023088, 0.987539970096, 3.69941533825, 7.42364667638, 1.05485837074, 1.25594543601, 1.22598177454, 1.09000029308, 1.04363814483, 1.02435035405, 0.93620864773, 5.35426111359, 1.01614459251, 0.895112571101, 52.4215216014, 0.919712647629, 4.14651611372, 1.13294628952, 2.82382694248, 1.22912804405, 426.951424938, 16.9155265082
2.03233035267, 1.25793277438, 0.765317675432, 1.02878116737, 4.91167366342, 0.80232677702, 3.99610075694, 0.913119164902, 0.977488898306, 4.04780163992, 3.64626477463, 0.992259044422, 3.38882274046, 0.856128687141, 1.09000052021, 1.04763710127, 1.03268957051, 1.11921606351, 3.40034684699, 0.986213476934, 0.924712754496, 303.324431263, 0.972708765691, 5.56046090967, 1.15725146332, 4.79813653276, 1.01137617793, 332.568767624, 28.8897413866
3.68759425073, 1.21420268709, 1.08125007809, 0.871360772056, 5.3826036315, 0.715098249183, 1.17757289004, 1.00928881407, 0.969196602815, 5.85237769053, 2.02510854029, 0.998847830439, 2.3449157573, 0.857578219016, 1.09000041277, 1.02032832091, 1.04440406675, 1.19658634272, 7.76713342084, 1.02558793877, 0.944139906237, 286.853517997, 0.932556405094, 5.13252408176, 1.17481333081, 3.47054191714, 1.27395157742, 342.158632728, 28.3109017663
1.6156683332, 1.38703830155, 0.777009129069, 1.14724804959, 5.47397745202, 0.934374256978, 4.14730996283, 1.03336934747, 0.913064433626, 1.39753147462, 2.69053683102, 1.03530003724, 4.63541850727, 1.07906081027, 1.09000065108, 1.10351428811, 1.00138689012, 1.20055048444, 4.7920822933, 0.964598782287, 0.858250463411, 25.1050759548, 0.945263463166, 2.87886629272, 1.22223505201, 1.75091874258, 1.07792605429, 470.819647095, 16.6002812432
3.15858532466, 1.04188057475, 0.898814721745, 1.08956185896, 4.80883094451, 0.781960716549, 3.12678427598, 0.928985986384, 0.97078558015, 3.21388376259, 6.41574148591, 1.01824290991, 2.15303923546, 1.27781059329, 1.0900001272, 1.08212962857, 1.04968929657, 1.14167624816, 9.34882426492, 0.981488536318, 0.942928172304, 141.759261331, 1.15291135746, 4.01458137678, 0.976549263274, 2.26253723201, 1.20327037741, 452.634216446, 18.7388185181
3.37403168574, 1.01565552666, 0.874478251749, 1.03729656768, 2.09719286182, 0.783891189322, 2.33366520956, 0.877142230346, 0.931701871613, 5.78776611206, 1.75972024137, 1.02823200511, 5.03645042434, 0.826828436099, 1.09000057645, 1.09272103759, 1.00220206354, 0.957711398789, 8.07449594918, 1.07527664989, 0.964150382341, 103.194087517, 1.00882919345, 3.39013357144, 1.0829801753, 3.65820568312, 1.04579451976, 435.834795552, 25.1177313355
3.08548607204, 1.38248182606, 0.736481485027, 0.934996307161, 6.44626961174, 0.930186400818, 2.38634324886, 1.03902134327, 0.914497617651, 2.54604948145, 6.72878835715, 0.938924068998, 3.2790950176, 1.20839635062, 1.09000007655, 1.06642384971, 1.00028074107, 1.13843730178, 5.32294711967, 0.9910694243, 0.896379696692, 207.643003312, 0.947304152708, 5.52258344969, 1.13694297835, 3.45639685081, 0.934049876232, 442.874416866, 23.5244838232
3.46559237919, 1.01339516795, 0.881925609436, 0.841194048549, 6.40138306152, 0.794419942231, 5.90222713393, 1.07647943669, 0.954489181258, 2.128259433, 3.0581072486, 0.950964742554, 4.05963633858, 1.14853087675, 1.09000010803, 1.10752222055, 1.03982768978, 1.0571068945, 8.83217099111, 1.1715753755, 0.821968039353, 242.119639141, 1.15320291886, 3.7885789169, 1.22035446606, 1.1698894518, 0.994142351016, 336.314537907, 31.1383172208
5.0834935562, 1.00064624581, 0.787390659499, 0.823090817735, 5.61463985525, 0.811239281842, 4.73173659361, 1.0626571888, 0.952099241422, 2.70809980107, 6.58356925803, 0.841753492486, 4.43826003441, 0.916530668936, 1.09000073096, 1.0820596638, 1.0224760412, 0.988036212515, 9.60404679552, 1.05822719937, 0.95358778994, 345.339421884, 1.0887715332, 3.72515795089, 1.2367581689, 2.15211416678, 0.95050896394, 371.238004722, 28.9978251629
3.10740127178, 1.3679842612, 0.758086222626, 1.00068681272, 2.91530078247, 0.86311801494, 5.28482705091, 0.871734600876, 0.903547889626, 2.48155457651, 2.6620308313, 1.05198054014, 3.72003781604, 1.10453933549, 1.09000023867, 1.06968585559, 1.04521107986, 0.83101482911, 9.03870705884, 0.992698393792, 0.760849290091, 369.946379874, 1.14746320958, 2.5914402583, 1.23276000825, 1.1710363948, 0.901041487895, 491.858057032, 17.5526675888
2.84275068096, 1.3816085389, 1.02096002545, 1.11862688614, 5.67247744702, 0.833191204872, 2.54328538308, 1.08281231928, 0.964244860806, 5.51097568502, 5.80144015547, 0.858808092341, 2.6435888206, 0.909082059207, 1.09000091696, 1.10043743162, 1.00385525209, 1.07626238221, 8.75740346405, 0.972988846125, 0.972162294177, 153.438297313, 1.17469100903, 3.88002162198, 1.22038169498, 3.46700382793, 1.20882086106, 474.947970765, 19.0249709892
2.96549132596, 1.00586216641, 0.773962778849, 1.17873115294, 2.1583992897, 0.874306320864, 5.50772928831, 0.985490106531, 0.965709789144, 5.35531195921, 2.29587705875, 0.981671153502, 4.48234743876, 0.882073334555, 1.09000029644, 1.02924508919, 1.0466714184, 1.01574352383, 8.4052227937, 1.13846714634, 0.866358233216, 205.644774634, 1.15402936417, 3.16063239144, 1.15909492732, 1.27872111697, 1.09788126107, 455.71265944, 19.4382547172
2.5734164636, 1.0374241744, 0.898593531171, 1.18298288462, 6.02586409112, 0.973567599159, 2.51597214715, 0.846561322734, 0.958110570327, 3.14717173257, 4.55399780232, 1.01523949393, 3.80118993596, 0.971595241598, 1.09000028767, 1.06327173157, 1.04602703803, 0.954934593391, 9.81029613129, 0.911852569134, 0.97963285091, 172.908166587, 1.1679257371, 2.97331587064, 1.19591207577, 2.27768247852, 1.22317725702, 453.154830127, 24.364906352
1.36761679624, 1.34860876343, 0.738120218421, 1.1805487336, 6.55669725314, 0.829470966114, 3.4953036777, 1.05205298818, 0.980642689856, 1.29594198708, 2.24271587203, 0.814141417464, 3.14259189796, 1.23960484234, 1.09000057209, 1.09724873635, 1.0418380042, 0.882150149831, 5.83506459856, 0.947594572583, 0.779171730685, 244.84855476, 1.00335393069, 4.22292184742, 1.00646491781, 5.13009843102, 0.971207255409, 563.19757324, 18.8519483298
4.66942800665, 1.14876690603, 1.12438154362, 1.05136448366, 5.16079520639, 0.767218126917, 4.10425963385, 1.00471336986, 0.96074457443, 1.68856821223, 7.66978375594, 0.833910375605, 2.61740095081, 0.93647633587, 1.09000001822, 1.05518848352, 1.03460025584, 1.00029815854, 7.56703898168, 1.09049787319, 0.914291812127, 42.1067044465, 1.13328344896, 3.35276483368, 0.992162892839, 3.57294600097, 0.968557003944, 486.706788944, 19.2012242906
2.71119407142, 1.29330607655, 1.10663008166, 0.984079880786, 5.31728115437, 0.889831543668, 1.50337219695, 0.828767867508, 0.948817324587, 5.87154100705, 3.58181577958, 0.874777563708, 2.50938399725, 0.975622575576, 1.09000030121, 1.03745519232, 1.00948104075, 0.864332870131, 7.14722539197, 1.01908177654, 0.905584050238, 185.908817501, 1.12323286517, 3.73266830028, 1.06917263335, 4.95035335971, 1.13125930522, 471.298124552, 24.480558493
4.74805824172, 1.31131219934, 0.756313755332, 0.891961068615, 5.21101742168, 0.813791504515, 5.69782839867, 1.03543306154, 0.990085065372, 4.09689879897, 3.83333700465, 1.02088880371, 5.04688581842, 0.954314797365, 1.09000043077, 1.089560185, 1.00737262179, 1.21287693029, 9.36410675942, 1.14226678502, 0.953747516515, 258.084546551, 1.16367812924, 3.60216424023, 1.15235091109, 4.71631122668, 1.18630501392, 618.85090063, 18.9327699204
1.51105387669, 1.30980570771, 1.03202678786, 0.877958141862, 2.32690474278, 0.903739286764, 3.40551714415, 0.971489771279, 0.987516142807, 2.9097153782, 7.70254604207, 1.04632992945, 3.03548402392, 0.884175864981, 1.09000070343, 1.08893210959, 1.03257423119, 1.04478277144, 7.01857759411, 1.06793753688, 0.884949595446, 137.052187334, 0.917190389627, 3.61269194916, 0.953558384173, 1.68287759041, 1.16769375377, 551.940717451, 20.6447679229
4.92703495778, 1.3826111857, 0.946653986861, 0.955675198117, 6.44031765905, 0.760707503485, 3.74171220298, 1.0726494286, 0.920192365996, 1.73290155353, 6.75510717859, 1.0480703555, 4.6916373721, 1.05188281268, 1.09000052774, 1.03405847533, 1.0393859823, 0.855357848668, 8.64377466561, 0.915366206334, 0.939523856992, 231.57918403, 1.02095561199, 2.37536144353, 1.05305834616, 3.93127715692, 1.00437108204, 505.631529927, 34.2150762027
4.15593564331, 1.0374241744, 0.917836338013, 1.14805102392, 2.19317885325, 0.757985667353, 5.42048531688, 0.83006527998, 0.958110570327, 4.77698819207, 2.53259717138, 1.09435960555, 1.79680035564, 1.22225046307, 1.09000054994, 1.0595455381, 1.02309580456, 0.890683299168, 7.66942578531, 0.952482573276, 0.810663756158, 295.539611016, 1.08495201744, 5.70933922444, 1.19591207577, 3.29877230075, 1.1700776345, 535.242977477, 32.1275656867
4.15593564331, 1.15814457683, 0.917836338013, 1.14805102392, 2.19317885325, 0.757985667353, 5.42048531688, 0.83006527998, 0.965266765895, 4.77698819207, 2.53259717138, 1.09435960555, 1.79680035564, 1.22225046307, 1.09000054994, 1.09579166657, 1.02309580456, 0.890683299168, 7.66942578531, 0.952482573276, 0.835778153586, 295.539611016, 1.08495201744, 5.69797274713, 0.992405135819, 3.29877230075, 1.1700776345, 675.230936168, 19.9892519582
5.72146397122, 1.0513269408, 0.864827772619, 1.21290302766, 4.90055538772, 0.869800562541, 2.96773363116, 1.08097161251, 0.977690155379, 3.69941533825, 7.42364667638, 1.05485837074, 1.25594543601, 1.22598177454, 1.09000029308, 1.04363814483, 1.02435035405, 0.93620864773, 5.35426111359, 1.01614459251, 0.895112571101, 52.4215216014, 0.919712647629, 4.14651611372, 1.13294628952, 2.82382694248, 1.22912804405, 561.292906369, 24.9302522935
2.56591878741, 1.28528855227, 0.755609544278, 1.15025091633, 4.8729592998, 0.720023785751, 3.19672385211, 0.899375869276, 0.951234700687, 3.37047729362, 4.02657136617, 0.950215975582, 3.50453026346, 0.969045854939, 1.09000020152, 1.02040727005, 1.00995595311, 1.05717357971, 8.5283730917, 0.938402766436, 0.988548897768, 306.418665242, 1.03053323546, 5.40310815448, 1.05848493, 5.4336199444, 0.988930450185, 618.136745175, 21.3516142131
5.06141197295, 1.0918987153, 0.794780787254, 1.10571320089, 5.90675102506, 0.816808391917, 2.17528362073, 1.08671256502, 0.991339652307, 2.05040027711, 5.48926113721, 0.853786540536, 4.8035650863, 1.27767440158, 1.09000074535, 1.09703423474, 1.00815168624, 0.828368816276, 5.2104862654, 1.16311974225, 0.787767659935, 285.540284572, 1.18447372269, 3.58841522044, 1.03887351213, 4.02685111468, 1.09357036076, 567.629881098, 21.3871604288
5.37630839797, 1.00316660536, 1.12408138161, 1.01041256134, 5.69579543403, 0.884149494042, 4.29780187082, 0.843650414925, 0.900398147335, 4.23310208161, 7.11838335125, 1.0732913932, 2.8597852678, 1.27829265488, 1.09000051931, 1.08749078148, 1.04290882199, 0.962274230692, 3.92278389121, 0.970094159243, 0.924116552863, 201.053867919, 1.15184788069, 2.52383829139, 1.02789933917, 4.34766452014, 1.19325028331, 563.786751474, 22.1718134086
3.46559237919, 1.01339516795, 0.881925609436, 0.841194048549, 6.40138306152, 0.794419942231, 5.90222713393, 1.07647943669, 0.954489181258, 2.128259433, 3.0581072486, 0.950964742554, 4.05963633858, 1.14853087675, 1.09000010803, 1.10752222055, 1.03982768978, 1.0571068945, 8.83217099111, 1.1715753755, 0.821968039353, 242.119639141, 1.15320291886, 3.7885789169, 1.22035446606, 1.1698894518, 0.994142351016, 552.484881311, 36.2369720572
2.35299290605, 1.24970609973, 0.783309756252, 0.970180292594, 5.74028601424, 0.866325599947, 5.96827978306, 0.919946464797, 0.927106816797, 2.92875196293, 6.78822593657, 0.951236220884, 4.42901066576, 1.26928783245, 1.09000085759, 1.0334693722, 1.00932730149, 0.955887688089, 3.20224903763, 1.09568746366, 0.941417053162, 78.6269419544, 0.992889537347, 5.63203174351, 1.15009872657, 4.34536009453, 0.904868208174, 731.776864542, 20.1626180348
1.62708858462, 1.09291797555, 0.960178572582, 0.932809846983, 1.4383182331, 0.762046005122, 3.86666705901, 1.05523133061, 0.967990729817, 4.03929364758, 3.87760663746, 1.08980920472, 3.4018439749, 0.84673892858, 1.09000042398, 1.10004478778, 1.0161684466, 1.02478596657, 4.70192839147, 1.14523753483, 0.97717445497, 270.147256016, 1.0370517592, 1.76726651735, 1.0895127841, 2.89954335193, 1.15542402051, 852.174498363, 20.1389879759
4.66942800665, 1.14876690603, 1.12438154362, 1.08931888946, 5.16079520639, 0.767218126917, 4.10425963385, 1.00471336986, 0.96074457443, 1.68856821223, 7.66978375594, 0.833910375605, 2.61740095081, 0.93647633587, 1.09000001822, 1.05518848352, 1.03460025584, 1.00029815854, 7.56703898168, 1.06490092098, 0.914291812127, 42.1067044465, 1.10731413621, 3.35276483368, 0.992162892839, 3.57294600097, 0.968557003944, 595.131746783, 21.8889606435
1.69848831359, 1.07509642624, 1.10663008166, 0.984079880786, 5.31728115437, 0.889831543668, 1.50337219695, 0.828767867508, 0.948817324587, 5.87154100705, 3.15038084918, 0.874777563708, 2.79392911386, 1.00694837364, 1.09000030121, 1.03745519232, 1.00948104075, 0.864332870131, 6.57732078442, 1.01908177654, 0.905584050238, 185.908817501, 1.12323286517, 3.11452825451, 1.17059593375, 4.95035335971, 1.13125930522, 568.43573679, 25.9546670503
5.1839097131, 1.40712119932, 1.08152024917, 1.08087819914, 3.75602856904, 0.831722001391, 5.84442099088, 1.03970010501, 0.985912692824, 4.26754375391, 7.15462542588, 1.01898652563, 1.61084252501, 1.04790636712, 1.09000093415, 1.03578691522, 1.01541312107, 0.967725766344, 3.28455429221, 1.06911488214, 0.761897428811, 201.46278232, 1.06105693523, 4.59505322515, 1.10858638458, 4.08603389724, 1.02962685401, 1122.02568811, 21.5497566943
3.1088499463, 1.0937920788, 1.05856469858, 1.09614992378, 6.22127383965, 0.798312598367, 2.07619124478, 1.00425955257, 0.919683210721, 4.57157705748, 2.50001279468, 0.951575218409, 3.03770186857, 0.946913520458, 1.09000047997, 1.06127837909, 1.04288545569, 0.975399273767, 7.59951405852, 0.910206303722, 0.926938123553, 18.155181867, 1.19470035945, 5.13435486605, 1.14841013194, 1.27085911689, 1.06311986998, 1099.79063616, 21.6862316741
2.5734164636, 1.15814457683, 0.898593531171, 1.18298288462, 6.02586409112, 0.973567599159, 2.51597214715, 0.846561322734, 0.965266765895, 3.01437030379, 4.55399780232, 1.01523949393, 3.80118993596, 0.971595241598, 1.09000028767, 1.06585264191, 1.04602703803, 0.954934593391, 9.81029613129, 0.910193471562, 0.97963285091, 347.396827709, 1.1679257371, 3.93281232172, 0.992405135819, 2.27768247852, 1.22317725702, 1234.50443427, 21.4027332806
5.37630839797, 1.00316660536, 1.12408138161, 1.01041256134, 6.6556115671, 0.884149494042, 5.67931971015, 0.843650414925, 0.900398147335, 4.23310208161, 7.11838335125, 0.850501875293, 2.8597852678, 1.28120258792, 1.09000067808, 1.08749078148, 1.04290882199, 0.848801979683, 3.21531672249, 0.970094159243, 0.924116552863, 201.053867919, 1.15184788069, 2.52383829139, 1.02789933917, 3.68211071311, 1.19325028331, 941.948978974, 22.9069580948
2.48023347603, 1.1860589254, 1.05096530013, 1.11265546852, 4.90859876481, 0.979577538308, 2.07948067937, 1.04173758813, 0.902207212843, 3.90302381565, 2.66644413899, 0.933905526326, 3.61191359265, 1.01671360727, 1.09000011646, 1.07957818171, 1.01475849439, 1.03222468457, 5.2282938953, 0.915269937252, 0.791346295168, 18.3102850098, 1.01704611744, 1.47389553465, 1.03488786091, 2.11963892196, 0.881057341234, 764.753091491, 23.0166364341
5.03092965526, 1.28934455111, 1.11097766227, 0.91949132493, 6.67265958904, 0.831109115626, 3.52602608606, 0.966075949488, 0.96743857207, 3.77504274495, 3.40479628099, 1.0698275639, 1.79835256773, 0.88472828277, 1.09000071931, 1.05729233616, 1.04342658204, 1.21018217376, 5.58433903514, 0.928125020797, 0.959744292405, 314.071163144, 1.0415306352, 4.05293138879, 0.963501315391, 2.6771956984, 1.17512798646, 1015.56771825, 22.0209044568
4.39155697865, 1.15687434887, 0.73365083395, 0.8166541965, 5.60123786489, 0.881994285427, 1.66708545681, 1.02866769719, 0.915225897866, 3.65639380136, 5.45085761645, 0.850501875293, 2.35120748958, 1.05988669599, 1.09000048025, 1.05262950036, 1.02569784004, 0.968853253661, 7.08400955919, 1.01433733636, 0.808244050113, 245.595872295, 1.01117934512, 3.55925946639, 0.986025106779, 1.92517194705, 1.20463529115, 603.748261925, 36.6965779413
2.35299290605, 1.24970609973, 0.783309756252, 0.970180292594, 5.74028601424, 0.866325599947, 5.96827978306, 0.919946464797, 0.927106816797, 2.92875196293, 6.78822593657, 0.951236220884, 4.80415876987, 1.26928783245, 1.09000085759, 1.0334693722, 1.00932730149, 0.955887688089, 3.20224903763, 1.04938821989, 0.941417053162, 78.6269419544, 0.992889537347, 5.07409960005, 1.15009872657, 3.93722157273, 0.904868208174, 669.157929529, 28.6998548475
3.83779502238, 1.30156847619, 1.15597433837, 1.15102001402, 4.39227317058, 0.744200283126, 4.77564447132, 0.91103036965, 0.922401654518, 2.37066463237, 4.55804233803, 1.02917508292, 4.29967115499, 1.18966520159, 1.09000015742, 1.01006056622, 1.03217091507, 1.21224457103, 9.62936923308, 1.13994440892, 0.83241649539, 57.0583459112, 0.931499797536, 2.79767480424, 1.18741523278, 4.91093142548, 1.07679155435, 867.595411684, 23.1259641162
1.40945823624, 1.07509642624, 0.959348104205, 1.18806094688, 3.33794485685, 0.84496008867, 2.72309867414, 1.08994453098, 0.994580889816, 2.58453756162, 2.37283826834, 0.859389601432, 3.37889524185, 1.06873092133, 1.09000015153, 1.04134942949, 1.01487462982, 0.986522397669, 5.61185881825, 1.08578067946, 0.89647202167, 359.407489971, 1.13953434519, 5.63203174351, 1.17059593375, 5.16063773392, 1.12756795815, 803.292679501, 27.6641115333
3.3676749874, 1.35082985218, 0.994857190133, 0.974649542396, 3.36972107664, 0.942584915535, 2.51090565214, 1.02535568495, 0.959259142644, 2.90671449156, 4.26075229326, 0.869330526665, 1.08022507132, 1.19395511136, 1.09000034439, 1.07537272763, 1.00920575624, 0.979892002502, 6.17679109911, 1.14365484466, 0.819216317708, 232.768940633, 1.02200778215, 2.90394574041, 0.969105987703, 3.40650818999, 1.12744499168, 1117.14046498, 22.2986107417
2.94437848033, 1.27948467524, 1.07315605986, 0.973613934191, 4.73326874997, 0.926885685744, 5.07524325755, 1.07588057647, 0.9487901208, 4.14035944606, 2.18074365975, 0.856049897012, 1.72602160571, 1.06929032588, 1.09000027699, 1.01406232312, 1.00975537567, 1.18056650812, 7.98187573291, 1.18059569017, 0.9148150858, 141.910028677, 1.16931342214, 4.75330860291, 1.09259102702, 5.24277148504, 1.27466281669, 678.843066409, 38.4607040624
2.48023347603, 1.1860589254, 1.05096530013, 1.11265546852, 4.90859876481, 0.979577538308, 2.07948067937, 0.900248736387, 0.902207212843, 3.90302381565, 2.66644413899, 0.933905526326, 3.61191359265, 1.01671360727, 1.09000011646, 1.07957818171, 1.01475849439, 1.03222468457, 5.2282938953, 0.915269937252, 0.791346295168, 49.8847896381, 1.01704611744, 1.47389553465, 1.09545960575, 2.11963892196, 0.881057341234, 697.962812374, 36.6356956166
4.56074383764, 1.32360297825, 1.01499158589, 0.874070564291, 5.12687011265, 0.835729329099, 2.14956696425, 0.937428373016, 0.970106764538, 2.44451792909, 2.44462749247, 0.941142961384, 3.70412150865, 1.1280746779, 1.09000037419, 1.01966218644, 1.00845251705, 1.04644760672, 7.66942578531, 0.956801068602, 0.800421200656, 70.576025477, 0.916645737963, 4.65253841752, 1.02620711922, 2.98476495944, 1.15584117399, 950.219244918, 24.0385784149
5.36523884403, 1.13054236924, 1.03839480847, 0.884939228792, 3.09273505732, 0.868306578937, 2.99673394467, 1.05205298818, 0.91552854272, 1.92795042315, 5.70368998994, 1.08734125254, 1.78183889352, 1.21809514241, 1.09000029313, 1.00316038579, 1.0418380042, 1.07237538541, 3.7651780003, 1.18861930328, 0.796014512593, 390.382170504, 0.921125522243, 5.57743242175, 1.11209015468, 2.76475376768, 1.20705990605, 904.83627395, 25.6418675444
1.36761679624, 1.17653330749, 0.738120218421, 1.1805487336, 6.55669725314, 0.829470966114, 5.47782028353, 1.05163013202, 0.980642689856, 1.29594198708, 2.24271587203, 0.814141417464, 3.14259189796, 1.23960484234, 1.09000050726, 1.09724873635, 1.03366256493, 0.907215193138, 9.10753823844, 0.947594572583, 0.779171730685, 203.833778264, 1.00335393069, 2.33909730633, 1.00646491781, 5.13009843102, 0.884878333052, 917.937665371, 24.737804947
5.37630839797, 1.00316660536, 1.12408138161, 1.01041256134, 5.69579543403, 0.884149494042, 4.29780187082, 0.843650414925, 0.900398147335, 4.23310208161, 7.11838335125, 0.850501875293, 2.8597852678, 1.27624954758, 1.09000051931, 1.08749078148, 1.04290882199, 0.962274230692, 3.92278389121, 0.970094159243, 0.924116552863, 201.053867919, 1.15184788069, 2.52383829139, 1.02789933917, 3.68211071311, 1.19325028331, 1156.11001443, 22.4063525507
4.99352906045, 1.0544844646, 0.801588338266, 1.19583678338, 2.23365185386, 0.985646674206, 5.05479573998, 0.933825932641, 0.900017037165, 1.28125630341, 3.72998206988, 1.0503239827, 2.71373317206, 0.907099265332, 1.09000096129, 1.10391113885, 1.03084793507, 1.13765601314, 8.57145265876, 1.01934510072, 0.897835147027, 102.534816984, 0.960579784814, 4.65515357867, 1.17255487891, 5.30586004761, 1.13594552127, 770.742487472, 37.3160765825
4.09496544409, 1.42117863192, 0.74287643864, 0.862251322889, 5.15317172741, 0.840736494371, 4.60515888257, 0.926627511341, 0.995782337481, 5.3456688354, 6.15493376896, 1.08726143037, 1.61084252501, 1.19142428266, 1.09000073442, 1.10927927417, 1.03762640368, 1.07223909045, 3.70747987897, 1.10934085209, 0.815918756753, 123.644219762, 0.950651219352, 1.10490311817, 1.10687674341, 3.77613478355, 1.20974205951, 902.976178005, 36.961160999
2.56591878741, 1.28528855227, 0.755609544278, 1.15025091633, 3.70008901205, 0.720023785751, 3.19672385211, 0.899375869276, 0.951234700687, 3.37047729362, 7.33622446947, 0.950215975582, 3.50453026346, 0.969045854939, 1.09000020152, 1.02040727005, 1.00995595311, 1.05717357971, 8.5283730917, 0.938402766436, 0.988548897768, 306.418665242, 1.03053323546, 5.40310815448, 1.11955411246, 5.4336199444, 0.988930450185, 978.28159063, 24.6872077483
4.14685027393, 1.40473155322, 0.799130597033, 0.924331944761, 4.28861072969, 0.961095847432, 3.4953036777, 0.980475148595, 0.954387509113, 2.77579298637, 7.31056896828, 1.07954675898, 4.52845472437, 0.838875829145, 1.09000080208, 1.09905389202, 1.04608927654, 0.886451842832, 5.83506459856, 1.08545346912, 0.971037311143, 154.741012368, 1.19817223243, 2.61853103041, 1.14258727975, 1.49614719964, 0.988326477912, 921.830483804, 29.0605658588
4.98097612057, 1.03388328758, 1.05959137732, 1.05979725836, 4.32329894973, 0.742271686886, 5.1326500487, 0.848749723942, 0.966530803776, 3.54729971085, 5.99273428354, 0.972357926551, 1.8967503751, 1.24512469627, 1.09000086861, 1.09892131479, 1.02777328913, 0.812167553028, 5.86593059762, 0.97492201879, 0.770625426026, 67.2636771679, 0.958093019056, 2.97967681401, 1.08152334398, 3.98059926844, 0.994277536502, 1333.85716676, 24.0939645384
3.59717435609, 1.41258266288, 1.08880431106, 0.833935767376, 6.96142590067, 0.782567232349, 1.04407295627, 0.95034571646, 0.979231975065, 5.98326425781, 7.08330315779, 0.953317208067, 4.13453900272, 1.19762149807, 1.09000016793, 1.02070139164, 1.01195609036, 0.980543962589, 9.10633551198, 1.03833815916, 0.99918007009, 221.935143023, 1.00600846097, 2.55870805111, 0.977684563301, 3.95189980693, 1.1451926005, 1414.8680083, 22.8481630059
4.39155697865, 1.15687434887, 0.73365083395, 0.8166541965, 5.60123786489, 0.881994285427, 1.66708545681, 1.02866769719, 0.915225897866, 3.65639380136, 5.45085761645, 1.0732913932, 2.35120748958, 1.05988669599, 1.09000048025, 1.05262950036, 1.02569784004, 0.968853253661, 7.08400955919, 1.01433733636, 0.808244050113, 245.595872295, 1.01117934512, 3.55925946639, 1.01937412019, 1.92517194705, 1.0789150879, 860.715595117, 40.6363813358
3.10740127178, 1.37053019415, 0.758086222626, 1.00068681272, 2.91530078247, 0.86311801494, 5.28482705091, 0.871734600876, 0.903547889626, 2.48155457651, 2.6620308313, 1.05198054014, 3.72003781604, 0.906657053355, 1.09000023867, 1.06968585559, 1.04521107986, 0.83101482911, 9.03870705884, 0.992698393792, 0.760849290091, 369.946379874, 1.14746320958, 2.5914402583, 1.23276000825, 2.16129622448, 0.901041487895, 905.63594217, 39.4585608867
4.74805824172, 1.31131219934, 0.736481485027, 1.19310105838, 5.21101742168, 0.813791504515, 5.69782839867, 1.03543306154, 0.990085065372, 4.09689879897, 3.83333700465, 0.932681238195, 5.04688581842, 0.954314797365, 1.09000043077, 1.089560185, 1.00737262179, 1.21287693029, 9.36410675942, 1.14226678502, 0.953747516515, 168.837640097, 1.16367812924, 3.60216424023, 1.15235091109, 4.71631122668, 1.18630501392, 1043.87919438, 24.9908684319
2.11749789517, 1.0600395247, 0.742644056514, 1.09881682656, 3.04479008663, 0.873460492176, 1.79791930744, 0.942180050367, 0.933314837717, 2.7958011037, 3.98510723325, 1.0443622977, 1.08545460263, 0.877630550969, 1.09000025322, 1.03885615821, 1.01795788901, 1.09551745943, 8.26672933626, 0.976177652545, 0.796926561961, 328.698067482, 1.17214992513, 3.84522719545, 1.1349319458, 5.45075002134, 1.07797888513, 1001.10167343, 29.4433671598
3.68759425073, 1.21420268709, 1.08125007809, 0.871360772056, 5.3826036315, 0.715098249183, 1.17757289004, 0.987663641448, 0.969196602815, 5.85237769053, 2.02510854029, 0.998847830439, 2.3449157573, 0.857578219016, 1.09000041277, 1.02032832091, 1.04440406675, 1.19658634272, 7.76713342084, 1.02558793877, 0.944139906237, 286.853517997, 0.932556405094, 5.13252408176, 1.17481333081, 3.47054191714, 1.27395157742, 1431.33191857, 23.9442196046
2.32352476777, 1.42810899614, 0.777975028901, 1.20809082363, 3.27807933423, 0.962937550341, 2.21600124806, 0.937792568935, 0.929300658057, 5.58610945818, 4.25633871632, 1.06569218796, 1.53751289301, 0.886367643416, 1.09000053966, 1.07747828641, 1.04732163696, 1.00340102296, 4.14023217961, 1.04980852223, 0.976941966555, 302.190837028, 1.06808666367, 4.9911190257, 1.04522788376, 1.72755373299, 1.22284953786, 1376.08294681, 25.0391288903
5.36523884403, 1.13054236924, 1.03839480847, 0.884939228792, 3.09273505732, 0.868306578937, 2.99673394467, 1.05163013202, 0.91552854272, 1.92795042315, 5.70368998994, 1.08734125254, 1.78183889352, 1.21809514241, 1.09000029313, 1.00316038579, 1.03366256493, 1.07237538541, 3.7651780003, 1.18861930328, 0.796014512593, 390.382170504, 0.921375657552, 5.57743242175, 1.08369381833, 2.76475376768, 1.20705990605, 1109.02767709, 25.0504306058
4.74640124608, 1.34737766139, 0.925041426947, 1.0482061059, 2.72871097115, 0.824958422289, 3.32079323595, 0.838615062625, 0.9923668444, 4.88371889027, 6.61838751827, 0.994562013966, 3.20181754246, 1.04387681675, 1.09000087715, 1.00431783524, 1.04699367114, 1.20737128754, 6.3082897567, 1.09530300729, 0.998083379137, 73.5280962008, 1.09039884465, 4.58803112014, 1.09732833275, 1.13679999357, 0.90402048014, 1088.55153713, 25.1337110588
1.36761679624, 1.34860876343, 0.738120218421, 1.1805487336, 6.55669725314, 0.829470966114, 5.47782028353, 1.05205298818, 0.980642689856, 1.29594198708, 2.24271587203, 0.814141417464, 3.14259189796, 1.23960484234, 1.09000050726, 1.09724873635, 1.0418380042, 0.907215193138, 9.10753823844, 0.947594572583, 0.779171730685, 203.833778264, 1.00335393069, 4.22292184742, 1.00646491781, 5.13009843102, 0.884878333052, 1055.71494117, 31.1104984771
5.27973891764, 1.21402299176, 1.03585419794, 1.11123143097, 1.45067975868, 0.903435639629, 3.82412467915, 0.917348705861, 0.949598383323, 1.52026731314, 6.48239777236, 0.876268155629, 4.57781807602, 0.837311406844, 1.09000063302, 1.0065636776, 1.011243374, 1.18850061321, 8.19834001862, 0.915366206334, 0.931169758712, 130.516397726, 1.01719444837, 1.93007484684, 1.13115139268, 3.87200024865, 0.950846192306, 1527.37812535, 24.7822622799
2.32352476777, 1.42810899614, 0.777975028901, 1.19709878366, 3.27807933423, 0.962937550341, 2.21600124806, 0.937792568935, 0.929300658057, 5.58610945818, 4.25633871632, 1.06569218796, 1.53751289301, 0.886367643416, 1.09000053966, 1.07747828641, 1.04732163696, 1.05586699972, 7.99988831118, 1.04980852223, 0.976941966555, 302.190837028, 1.06808666367, 4.9911190257, 1.04522788376, 1.72755373299, 1.22284953786, 1767.04499538, 24.0124267907
1.22370901512, 1.25754141813, 0.927371449358, 0.800685653565, 1.92438406151, 0.96935155401, 4.79143074552, 0.939896503006, 0.904590197232, 3.2303776771, 1.92849440198, 0.859537409105, 3.64407007417, 1.27905195442, 1.09000028879, 1.01384994351, 1.00075191858, 1.18235458132, 8.93698264311, 0.912929442501, 0.818804793154, 147.57157767, 0.952262946846, 1.382074434, 1.0814699866, 3.04706387545, 1.27477750742, 1627.32433854, 24.7644370316
4.11160525557, 1.0544844646, 0.971100732867, 1.19583678338, 2.23365185386, 0.985646674206, 5.83499715977, 0.933825932641, 0.900156620179, 3.66722138508, 3.72998206988, 1.0503239827, 2.51731359845, 1.00067661752, 1.09000096129, 1.10391113885, 1.03084793507, 1.13765601314, 8.57145265876, 1.01934510072, 0.897835147027, 102.534816984, 0.960579784814, 4.65515357867, 1.17255487891, 5.30586004761, 1.14919534353, 1316.1947238, 25.2152690036
4.09496544409, 1.42117863192, 0.74287643864, 1.09996809306, 5.26841544351, 0.934082768005, 1.39481533467, 0.926627511341, 0.99606746994, 5.3456688354, 6.15493376896, 1.08726143037, 1.61084252501, 1.19142428266, 1.09000073442, 1.10927927417, 1.03762640368, 1.20368680929, 3.70747987897, 1.10934085209, 0.815918756753, 123.644219762, 0.950651219352, 1.10490311817, 1.10687674341, 3.77613478355, 1.20974205951, 1255.02723755, 25.5565718431
2.56027885663, 1.39242019314, 1.16494667665, 0.887634928655, 3.36972107664, 0.892312360738, 2.51090565214, 0.85446262607, 0.989711099738, 1.52621954807, 4.91808619328, 0.841430068403, 1.81962711845, 1.28509957377, 1.0900006467, 1.06862150708, 1.01522304728, 0.927976129648, 8.30832103403, 1.08943073114, 0.819216317708, 382.211655127, 1.06916592586, 5.57210641553, 0.97517991282, 3.92386021992, 1.27258641915, 1089.12103606, 25.7852501701
2.06730101933, 1.05115364374, 0.789300672966, 1.17281044862, 1.91940802174, 0.92323076415, 2.0353892353, 0.930153410732, 0.940585675433, 4.38688170685, 4.05406415148, 0.820407742397, 3.46125944609, 1.17455948937, 1.09000070446, 1.00974643207, 1.02205066615, 0.88825347913, 4.94610308838, 0.911298217062, 0.954392729901, 275.864369723, 0.951778831402, 5.35575063356, 1.17522044446, 1.59886030684, 1.17559470543, 1579.66678116, 25.2300544159
1.51105387669, 1.30980570771, 1.03202678786, 0.877958141862, 2.32690474278, 0.903739286764, 3.40551714415, 0.971489771279, 0.987516142807, 2.9097153782, 7.70254604207, 1.04632992945, 4.63541850727, 0.884175864981, 1.09000070343, 1.08893210959, 1.03257423119, 1.04478277144, 7.01857759411, 1.06793753688, 0.884949595446, 137.052187334, 0.917190389627, 3.61269194916, 0.953558384173, 1.68287759041, 1.16769375377, 1092.33017703, 30.0176162142
1.6156683332, 1.38703830155, 0.777009129069, 1.14724804959, 5.47397745202, 0.934374256978, 4.14730996283, 1.09308675376, 0.913064433626, 1.39753147462, 2.69053683102, 1.03530003724, 3.03548402392, 1.07906081027, 1.09000065108, 1.10351428811, 1.00138689012, 1.20055048444, 4.7920822933, 1.02839054678, 0.858250463411, 25.1050759548, 0.945263463166, 5.2364664358, 1.22223505201, 1.75091874258, 1.07792605429, 1177.21347191, 26.8158426981
5.98822952825, 1.21653550692, 0.783139215486, 1.02878116737, 5.90089859657, 0.804315285062, 2.74631619303, 0.908662033741, 0.920291555921, 5.88322950912, 4.41720399871, 0.994365250099, 3.17603938617, 1.17198773109, 1.09000016995, 1.03868365119, 1.02743491043, 0.817626682125, 9.45624747217, 0.926508380293, 0.776217250385, 387.057511243, 0.928731298892, 5.56046090967, 1.00372143966, 1.15212039985, 1.05538962081, 1473.0070355, 25.5704238423
