0.179700345986, 0.851788555219, 93.435618751, 0.545826144877, 17.3370019457, 35.0963447656, 0.939212345788, 1.19788746984, 3.14820625727, 1.11022302463e-16, 0.0
0.264974987572, 1.15284125691, 89.5388495981, 0.565750220188, 5.65966586564, 17.377687307, 0.880520086129, 1.95533411378, 5.04120657365, 0.0109431713255, 0.0
0.11143807878, 1.00892003668, 93.6235048779, 0.563231075152, 90.5641345511, 2.05847940503, 1.36645210597, 2.98653852742, 16.8837506797, 0.0116349928969, 0.0
0.411689996071, 1.09271806374, 92.621950298, 0.525751464997, 9.0312265397, 1.34854772164, 0.987081811751, 0.139043229585, 3.52329538971, 0.0203589843339, 0.0
0.25285618633, 1.20352362802, 90.2012004756, 0.410685121809, 23.8449509638, 30.985306468, 0.714850121728, 4.15409665362, 6.72063336009, 0.0533911311815, 0.0
0.127559867714, 1.25385668496, 93.005845748, 0.485871047958, 36.2829907057, 2.36088821989, 1.51043058428, 0.782048422418, 9.26228583774, 0.0256587266763, 0.0689655172414
0.152717943734, 1.21945426551, 93.9770347694, 0.529652206595, 27.2187227127, 9.71042804605, 0.712481673884, 0.96658722667, 10.2915345578, 0.101657199376, 0.0
0.377864731927, 0.824035282709, 85.4671314206, 0.409808702677, 95.5591356663, 3.08727109352, 1.76460755093, 3.6177269419, 14.4431256596, 0.0680057153896, 0.0294117647059
0.428707466518, 0.92294888093, 82.3332639927, 0.642749659751, 42.9198619468, 1.2115106091, 1.85648619612, 4.13795230386, 17.6270075585, 0.0605567632507, 0.32
0.127559867714, 0.84455479243, 93.005845748, 0.485871047958, 12.0951243252, 2.36088821989, 1.41897989784, 0.782048422418, 9.26228583774, 0.0445520606822, 0.4375
0.218620679028, 1.11846806297, 90.202801858, 0.514058779922, 4.75701318619, 12.1208157293, 1.08736522892, 0.719513225267, 18.1432301351, 0.123899126992, 0.0
0.31538383132, 1.25551249215, 88.6278819669, 0.61316335247, 85.4325875168, 4.55476801092, 1.24100703584, 1.58712090646, 7.80815638654, 0.0803401863107, 0.0816326530612
0.411689996071, 1.09271806374, 92.621950298, 0.525751464997, 5.29888914825, 1.34854772164, 0.987081811751, 0.139043229585, 9.0325160818, 0.0739563182597, 0.4
0.438427699934, 0.92294888093, 82.3332639927, 0.642749659751, 42.9198619468, 1.2115106091, 1.85648619612, 4.13795230386, 16.6923528276, 0.0695081642611, 0.46835443038
0.179700345986, 1.22184718141, 84.1447221072, 0.690981063619, 55.3694127391, 22.1914778395, 1.04921302972, 4.69285992982, 17.2401525783, 0.12832949657, 0.0
0.11143807878, 1.00892003668, 90.8423741691, 0.411732718941, 90.5641345511, 14.7606211203, 1.36645210597, 2.98653852742, 16.8837506797, 0.0913469596697, 0.28
0.130665090506, 1.09939202328, 83.2882281694, 0.490471493442, 74.4865606551, 26.8221343839, 0.919930129275, 4.87731058836, 1.54281747201, 0.108042823979, 0.111111111111
0.321142335456, 1.08585679026, 81.1056888907, 0.684718003758, 28.0869078029, 4.28599755389, 1.89769269767, 1.13168270054, 13.4739241085, 0.0961840789397, 0.166666666667
0.250431138779, 1.02691950394, 88.3052636583, 0.614305752617, 13.0924405228, 11.7761297983, 1.23054020285, 3.6594243222, 17.0973455366, 0.151906329211, 0.047619047619
0.644854825142, 1.25385668496, 86.5029718647, 0.65045825504, 39.9258700451, 5.7230108858, 1.51043058428, 4.88921491322, 15.5559665421, 0.162580035014, 0.0
0.377864731927, 0.824035282709, 85.4671314206, 0.409808702677, 95.5591356663, 3.08727109352, 1.76460755093, 3.6177269419, 14.4431256596, 0.101787957685, 0.428571428571
0.326695632374, 1.09939202328, 82.3919886687, 0.490471493442, 14.8690828945, 41.3316093971, 0.57109469003, 2.50821991492, 13.6836356725, 0.114832167495, 0.2
0.31538383132, 1.2567428059, 88.6278819669, 0.632472606033, 85.4325875168, 4.55476801092, 1.24100703584, 1.58712090646, 7.80815638654, 0.102444471502, 0.229166666667
0.19805650389, 0.84511616105, 92.2952577607, 0.563231075152, 81.5770713616, 14.9504984208, 1.63864377356, 4.98640844128, 19.5017472239, 0.162613637902, 0.0943396226415
0.735607386984, 1.17221896002, 89.5873751084, 0.654557117555, 0.0468587081757, 38.7666872892, 0.29628523575, 2.52457963313, 6.41649064495, 0.169278928543, 0.0
0.853592374105, 0.88013898302, 86.942737223, 0.553734921125, 7.54536860534, 7.38572007536, 0.636131614272, 0.0103341873718, 4.66852070134, 0.161916365975, 0.461538461538
0.205352254111, 0.850772262235, 87.4708497293, 0.608879385857, 7.94288830918, 11.9260379957, 0.169990015362, 3.8056631013, 4.9671416287, 0.132961731498, 0.681818181818
0.205352254111, 1.11670351656, 87.4708497293, 0.608879385857, 44.2311906338, 11.9260379957, 0.169990015362, 3.8056631013, 4.9671416287, 0.134793837391, 0.666666666667
0.205051343891, 1.07081093984, 86.3996236195, 0.509259642547, 32.6302065467, 26.980788726, 0.442427573417, 3.70030829314, 16.9993175033, 0.1713785401, 0.0
0.321142335456, 1.08585679026, 88.3134631227, 0.684718003758, 28.0869078029, 4.28599755389, 1.89769269767, 1.13168270054, 13.4739241085, 0.139734114614, 0.666666666667
0.27401682011, 1.19936307879, 92.9891183915, 0.594262435195, 51.5200138068, 27.5009820483, 1.39399579232, 0.783186157577, 5.51661903928, 0.173162559327, 0.0
0.172005911764, 1.00184892436, 80.0360748525, 0.651258454984, 11.1837480484, 9.09177050389, 0.632084039816, 1.20417858097, 5.42271732315, 0.157393960559, 0.666666666667
0.183986950505, 1.14333335895, 83.5613330006, 0.564195766753, 40.5763020439, 33.0802244894, 0.961306031597, 2.03912183632, 5.61125170007, 0.182091282285, 0.0
0.447307222493, 1.10304333603, 93.0044288704, 0.690824613166, 72.0863391973, 7.26681351597, 1.52750383712, 0.311908339779, 7.37367551794, 0.175568059055, 0.269230769231
0.172005911764, 1.00184892436, 80.0360748525, 0.651258454984, 11.1837480484, 9.09177050389, 0.666220046612, 1.20417858097, 5.42271732315, 0.173538341617, 0.545454545455
0.619659070524, 0.957608929266, 81.5914229485, 0.452338123674, 34.0547178089, 23.018762709, 0.918328568737, 4.11044428546, 6.19236862267, 0.185397781155, 0.0
0.309467548559, 1.02431074982, 90.0667221714, 0.630427732852, 23.1258957398, 11.2054109141, 1.92118480327, 4.44400873529, 2.44604179937, 0.190483594505, 0.0
0.218620679028, 1.03493496992, 90.202801858, 0.514058779922, 4.75701318619, 12.1208157293, 1.08736522892, 0.719513225267, 18.1432301351, 0.185824598961, 0.0425531914894
0.514102191086, 1.10867812189, 83.719827576, 0.407514458535, 76.8087214147, 48.4194054488, 0.31952515665, 1.62079294276, 4.91549103289, 0.194762704336, 0.0
0.333637541021, 0.956626868724, 87.6197775797, 0.695862156605, 51.2173977098, 19.0343794582, 0.00153912949282, 0.749036400491, 11.2410089135, 0.186160642832, 0.125
0.204287472353, 0.838622040922, 91.0521325009, 0.573294173823, 38.0438781749, 41.9576612636, 0.0946606750947, 2.40609327548, 14.2698713511, 0.195310826612, 0.0
0.152717943734, 1.21945426551, 93.9770347694, 0.529652206595, 27.2187227127, 13.2361048172, 0.712481673884, 0.96658722667, 10.2915345578, 0.188243412598, 0.294117647059
0.438427699934, 0.94446650871, 84.3043140199, 0.590268061206, 83.2820232264, 14.2517312207, 0.8820572947, 1.02128478533, 16.6923528276, 0.18702395893, 0.666666666667
0.447307222493, 0.951301523365, 82.1310062745, 0.690824613166, 72.0863391973, 7.26681351597, 1.31264320935, 0.311908339779, 7.37367551794, 0.190930177996, 0.157894736842
0.557303402079, 1.0737950194, 82.200271461, 0.643669828317, 11.9556472856, 12.6284783818, 1.64294170151, 3.79540511494, 13.5740930031, 0.203734696295, 0.0
0.309467548559, 1.02431074982, 90.0667221714, 0.630427732852, 23.1258957398, 11.2054109141, 1.92118480327, 4.44400873529, 2.44604179937, 0.216892595508, 0.430379746835
0.130665090506, 1.09164258639, 81.794199946, 0.453359913672, 74.4865606551, 26.8221343839, 0.919930129275, 4.87731058836, 1.54281747201, 0.203928463238, 0.666666666667
0.518604450512, 0.923472671054, 87.6305431907, 0.569393450063, 64.5080557616, 16.5517080743, 1.29487230988, 4.65557858163, 16.1414870426, 0.234933859529, 0.0
0.105012981627, 1.06073723023, 80.7261566115, 0.403850509373, 48.5985064318, 39.415620282, 1.62235673256, 3.44211799178, 19.9153568457, 0.220951890615, 0.12
0.211194807884, 0.844725450565, 93.0044288704, 0.627889284979, 12.9650498144, 28.9050194534, 0.846766350702, 0.0209473664588, 15.6759016055, 0.235033864929, 0.0
0.762393198715, 0.845468964204, 93.0571975603, 0.482216054904, 1.70939232009, 23.9089335217, 1.71168534731, 2.1307463389, 1.59466217215, 0.222911045937, 0.296296296296
0.613832715853, 0.850772262235, 92.7792428839, 0.51539667702, 15.9873140229, 12.5626251899, 1.62452408648, 2.64453234335, 3.27629674817, 0.235317043001, 0.0
0.172217994053, 0.879329683235, 93.9066029523, 0.547339310972, 51.8416411143, 26.8759217104, 1.57430685265, 1.87018954599, 8.88353755299, 0.235353396614, 0.0
0.613832715853, 1.11670351656, 92.7792428839, 0.51539667702, 15.9873140229, 7.65283312029, 1.62452408648, 1.84212340802, 3.27629674817, 0.238927862082, 0.197916666667
0.783651942369, 1.15103333835, 86.6373869323, 0.543894217222, 79.7657724984, 14.4350201184, 0.186592386393, 1.61694819345, 14.3290020026, 0.268376691143, 0.111111111111
0.264974987572, 0.956626868724, 89.5388495981, 0.565750220188, 5.65966586564, 17.377687307, 0.00153912949282, 1.95533411378, 5.04120657365, 0.273230552699, 0.0
0.393617193905, 1.05641674327, 86.4713775664, 0.548782308987, 29.1400832338, 18.7118642082, 1.19943976489, 1.77597510616, 16.9406508025, 0.244722253521, 0.274509803922
0.212923415093, 1.05962588739, 94.5807840442, 0.651076232177, 23.1965362279, 25.7996732783, 1.16557770661, 2.23615970754, 17.1511804963, 0.277997989611, 0.24
0.212923415093, 1.05962588739, 94.5807840442, 0.651076232177, 23.1965362279, 25.7996732783, 1.48498510251, 2.23615970754, 17.1511804963, 0.279920067809, 0.0
0.194841802351, 0.99111679906, 81.3079931702, 0.58750284119, 16.1629110326, 43.2049530412, 1.2947777464, 1.59388947174, 1.44289612599, 0.271053631957, 0.285714285714
0.191778145294, 1.07081093984, 81.3079931702, 0.58750284119, 16.1629110326, 43.2049530412, 1.2947777464, 1.59388947174, 1.44289612599, 0.249433317115, 0.313725490196
0.668517805811, 0.856408247357, 94.3627942984, 0.581408460359, 84.8105577318, 5.49673538613, 1.26035187269, 4.52673005624, 12.0287676604, 0.246615645338, 0.418604651163
0.649555090548, 1.07238136387, 91.5587392514, 0.464606595929, 36.1616782189, 7.77298431783, 0.402779839686, 2.80157552438, 19.2274303815, 0.315116178238, 0.0
0.110158742234, 0.958173827625, 94.6754224934, 0.570798654585, 37.514449277, 47.6494898814, 1.16223201485, 3.14973682287, 4.06568174902, 0.312861359498, 0.0333333333333
0.250431138779, 1.02691950394, 88.3052636583, 0.614305752617, 13.0924405228, 24.1694805637, 1.93574572853, 3.6594243222, 17.0973455366, 0.295917244169, 0.0757575757576
0.656274597271, 1.0019500899, 81.0914337373, 0.676576349838, 93.8251948895, 10.0073706575, 0.139846072865, 0.738434920944, 5.24066001983, 0.281337553011, 0.142857142857
0.389028839385, 0.84511616105, 92.2952577607, 0.411732718941, 81.5770713616, 14.9504984208, 1.63864377356, 3.51011278908, 19.5017472239, 0.301690799473, 0.0547945205479
0.362384322519, 1.20534762487, 92.9569033157, 0.542200355865, 66.9492466701, 35.5283473559, 0.276009624036, 1.07550717029, 8.7053350793, 0.250234702741, 0.384615384615
0.204287472353, 0.820915446194, 90.9991681512, 0.573294173823, 38.0438781749, 41.9576612636, 0.0946606750947, 2.40609327548, 14.2698713511, 0.320263903968, 0.0
0.27401682011, 1.19936307879, 92.9891183915, 0.594262435195, 51.5200138068, 27.5009820483, 1.39399579232, 0.783186157577, 5.51661903928, 0.282662923546, 0.315789473684
0.829199433452, 1.2213486409, 94.6505643553, 0.68199373979, 92.5817855414, 9.78932338852, 0.45802193252, 0.608059936172, 4.85177718897, 0.28570646484, 0.142857142857
0.711727232408, 1.12503508123, 86.1396130785, 0.401056652257, 22.3294194508, 31.7613707244, 0.628273724614, 4.15409665362, 6.42745737581, 0.283729085047, 0.166666666667
0.221427887851, 1.17656038029, 87.1653412715, 0.691678354243, 83.9666297639, 30.8792882282, 1.52807555371, 2.75058530162, 12.424742219, 0.310656645502, 0.0983606557377
0.105012981627, 1.06073723023, 80.7261566115, 0.403850509373, 51.5428901879, 39.415620282, 1.62235673256, 3.44211799178, 19.9153568457, 0.278075866382, 0.388059701493
0.172217994053, 0.879329683235, 93.9066029523, 0.547339310972, 51.8416411143, 26.8759217104, 1.57430685265, 1.87018954599, 8.88353755299, 0.267784237816, 0.411764705882
0.333637541021, 1.15284125691, 85.281243361, 0.695862156605, 46.9552184235, 19.0343794582, 0.880520086129, 0.749036400491, 11.2410089135, 0.330618088444, 0.0909090909091
0.211194807884, 0.844725450565, 82.1310062745, 0.627889284979, 12.9650498144, 28.9050194534, 0.846766350702, 0.0209473664588, 15.6759016055, 0.344749013668, 0.0
0.557303402079, 1.0737950194, 89.1970497836, 0.643669828317, 2.9825572411, 12.6284783818, 1.64294170151, 3.79540511494, 13.5740930031, 0.293462212456, 0.310344827586
0.221427887851, 1.17656038029, 87.1653412715, 0.691678354243, 83.9666297639, 30.8792882282, 1.52807555371, 2.75058530162, 14.6053542903, 0.325543159694, 0.134615384615
0.179836319741, 1.23658210864, 89.7947882215, 0.675591897663, 84.2984843263, 44.3002714672, 1.76940933431, 0.719089338303, 5.29359202069, 0.328593790855, 0.121212121212
0.525375418462, 1.22533928394, 91.1256989318, 0.672445123908, 0.408820200678, 11.0543158418, 1.39453424503, 3.57685501039, 13.6771753708, 0.320321070872, 0.296296296296
0.7999772412, 1.07238136387, 91.5587392514, 0.581408460359, 36.1616782189, 7.77298431783, 0.402779839686, 2.80157552438, 19.2274303815, 0.3230975661, 0.136363636364
0.656274597271, 1.0019500899, 81.0914337373, 0.676576349838, 93.8251948895, 10.0073706575, 0.139846072865, 0.738434920944, 5.24066001983, 0.283205576893, 0.529411764706
0.359554757378, 1.01442630168, 86.701515598, 0.657591236998, 57.3528049667, 39.3886516758, 1.72057437931, 4.97335362253, 13.9236408728, 0.350133595411, 0.0
0.362384322519, 1.20534762487, 92.9569033157, 0.542200355865, 66.9492466701, 35.5283473559, 0.276009624036, 1.07550717029, 6.30815045265, 0.307779518777, 0.333333333333
0.612265596307, 0.851788555219, 93.435618751, 0.545826144877, 17.3370019457, 35.0963447656, 0.939212345788, 2.72407548031, 3.14820625727, 0.338937525922, 0.2
0.61167444597, 1.16692471819, 90.4990218033, 0.687000113527, 48.5985064318, 40.2501550132, 0.813547652572, 2.64659751807, 9.85767807295, 0.341832350049, 0.173913043478
0.393617193905, 0.938789462011, 86.4713775664, 0.548782308987, 47.272852964, 24.5401143538, 0.0393105872317, 1.01649368395, 16.9406508025, 0.290579622703, 0.571428571429
0.158537958023, 1.11134934515, 84.0390629601, 0.622422905004, 30.1290344561, 38.2833448758, 1.89021567448, 0.795050111143, 1.70026956294, 0.303422301761, 0.549295774648
0.25285618633, 1.20352362802, 85.0004237185, 0.410685121809, 23.8449509638, 30.985306468, 0.714850121728, 2.12986589362, 6.72063336009, 0.354434829389, 0.133333333333
0.841055940353, 1.04887395589, 84.3084131344, 0.65450630946, 61.9449278074, 29.0812517366, 1.32069133229, 3.52309844724, 18.3180049176, 0.368239016351, 0.0
0.358621669326, 1.06336516753, 85.8944860058, 0.65450630946, 9.89727626403, 12.8923444785, 1.6096883861, 1.84238566869, 3.50802765489, 0.31746796251, 0.490196078431
0.71221997103, 1.2213486409, 94.6505643553, 0.68199373979, 92.5817855414, 9.78932338852, 0.45802193252, 0.0685205825139, 4.85177718897, 0.338871791458, 0.421052631579
0.671220362005, 1.07155717317, 84.1741997568, 0.444668445878, 39.5392791396, 14.8981867557, 0.453921077323, 1.88061350026, 3.53350316174, 0.342703586685, 0.3
0.644854825142, 0.84455479243, 86.5029718647, 0.65045825504, 39.9258700451, 5.7230108858, 1.41897989784, 4.76232224885, 15.5559665421, 0.345880384755, 0.277108433735
0.814211610619, 1.04749743086, 87.3736259632, 0.570798654585, 71.926817526, 40.6179704968, 0.974077078876, 1.1395240659, 7.80145218648, 0.301913297264, 0.65
0.415611567277, 1.22182196033, 94.252543653, 0.555853925178, 80.2917161205, 36.638468626, 0.537594064052, 3.87842412845, 16.5709668356, 0.376276961109, 0.0
0.218387421924, 0.878644961967, 90.7210116548, 0.598930739701, 52.9880539938, 40.8493009075, 1.24011746614, 0.97128455489, 4.89255351545, 0.366648150354, 0.228070175439
0.525375418462, 1.22533928394, 94.1434172867, 0.672445123908, 0.408820200678, 11.0543158418, 1.39453424503, 3.57685501039, 13.6771753708, 0.343869225561, 0.3125
0.110158742234, 0.958173827625, 94.0635848622, 0.548204854641, 37.514449277, 47.6494898814, 1.16223201485, 3.14973682287, 4.03852628271, 0.33554844997, 0.540229885057
