0.179700345986, 0.851788555219, 93.435618751, 0.545826144877, 17.3370019457, 35.0963447656, 0.939212345788, 1.19788746984, 3.14820625727, 1.11022302463e-16, 0.0
0.11143807878, 1.09271806374, 92.621950298, 0.525751464997, 5.29888914825, 1.34854772164, 0.987081811751, 0.139043229585, 9.0325160818, 0.00809295808956, 0.0
0.127559867714, 0.84455479243, 93.005845748, 0.485871047958, 12.0951243252, 1.80629285436, 0.169990015362, 0.782048422418, 9.26228583774, 0.00882646958621, 0.0
0.264974987572, 1.15284125691, 89.5388495981, 0.565750220188, 5.65966586564, 17.377687307, 0.880520086129, 1.95533411378, 5.04120657365, 0.0109431713255, 0.0
0.11143807878, 1.00892003668, 93.6235048779, 0.563231075152, 90.5641345511, 2.05847940503, 1.36645210597, 2.98653852742, 16.8837506797, 0.0116349928969, 0.0
0.25285618633, 1.25385668496, 93.005845748, 0.485871047958, 36.2829907057, 1.61792633656, 1.51043058428, 0.782048422418, 3.54308951304, 0.013588244716, 0.0645161290323
0.326695632374, 1.09939202328, 82.3919886687, 0.490471493442, 14.8690828945, 1.47963845348, 1.76460755093, 2.50821991492, 13.6836356725, 0.0164939453761, 0.0
0.11143807878, 1.09939202328, 82.3919886687, 0.490471493442, 4.66949403574, 1.47963845348, 1.76460755093, 2.50821991492, 13.6836356725, 0.0139642967773, 0.142857142857
0.411689996071, 1.09271806374, 92.621950298, 0.525751464997, 9.0312265397, 1.34854772164, 0.987081811751, 0.139043229585, 3.52329538971, 0.0203589843339, 0.0
0.326695632374, 1.00892003668, 93.6235048779, 0.563231075152, 90.5641345511, 1.77053818492, 1.36645210597, 2.98653852742, 16.8837506797, 0.0370087526009, 0.0449438202247
0.201877043392, 0.88013898302, 86.942737223, 0.614305752617, 13.0924405228, 5.7230108858, 1.23054020285, 3.6594243222, 4.66852070134, 0.0470143090021, 0.0
0.127559867714, 1.25385668496, 93.005845748, 0.485871047958, 36.2829907057, 2.36088821989, 1.51043058428, 0.782048422418, 9.26228583774, 0.0256587266763, 0.0689655172414
0.321142335456, 1.08585679026, 88.3134631227, 0.684718003758, 28.0869078029, 4.28599755389, 1.89769269767, 1.13168270054, 13.4739241085, 0.0471344018826, 0.0
0.411689996071, 1.09271806374, 92.621950298, 0.684718003758, 9.0312265397, 1.34854772164, 0.987081811751, 1.13168270054, 3.52329538971, 0.0324546098964, 0.142857142857
0.25285618633, 1.20352362802, 90.2012004756, 0.410685121809, 23.8449509638, 30.985306468, 0.714850121728, 4.15409665362, 6.72063336009, 0.0533911311815, 0.0
0.127559867714, 0.84455479243, 93.005845748, 0.485871047958, 12.0951243252, 2.36088821989, 1.41897989784, 0.782048422418, 8.94926210088, 0.0332448486569, 0.196078431373
0.152717943734, 1.21945426551, 93.9770347694, 0.529652206595, 27.2187227127, 13.2361048172, 0.635744637677, 0.285304727615, 14.2698713511, 0.0552584121014, 0.0
0.411689996071, 1.09271806374, 92.621950298, 0.525751464997, 5.29888914825, 1.34854772164, 0.987081811751, 0.139043229585, 9.0325160818, 0.045340006875, 0.275862068966
0.11143807878, 1.00892003668, 93.6235048779, 0.563231075152, 90.5641345511, 2.05847940503, 1.36645210597, 2.98653852742, 16.8837506797, 0.0380578837973, 0.567164179104
0.127559867714, 0.84455479243, 93.005845748, 0.485871047958, 12.0951243252, 2.36088821989, 1.41897989784, 0.782048422418, 9.26228583774, 0.0445520606822, 0.4375
0.205352254111, 0.850772262235, 87.4708497293, 0.608879385857, 7.94288830918, 11.9260379957, 0.169990015362, 3.8056631013, 4.9671416287, 0.0693149638738, 0.0
0.377864731927, 0.824035282709, 85.4671314206, 0.409808702677, 95.5591356663, 3.08727109352, 1.76460755093, 3.6177269419, 14.4431256596, 0.0680057153896, 0.0294117647059
0.377864731927, 0.824035282709, 85.4671314206, 0.409808702677, 95.5591356663, 3.08727109352, 1.76460755093, 3.6177269419, 17.6270075585, 0.0572548364506, 0.107142857143
0.438427699934, 0.92294888093, 82.3332639927, 0.642749659751, 42.9198619468, 1.2115106091, 1.85648619612, 4.13795230386, 16.6923528276, 0.0501731211585, 0.309090909091
0.127559867714, 1.25385668496, 85.8853634549, 0.485871047958, 36.2829907057, 2.36088821989, 1.51043058428, 4.15409665362, 9.26228583774, 0.0473884482172, 0.525
0.127559867714, 0.820359293549, 93.005845748, 0.485871047958, 12.0951243252, 2.36088821989, 1.69068789509, 0.782048422418, 14.2698713511, 0.0452421838104, 0.527777777778
0.321142335456, 1.08585679026, 81.1056888907, 0.684718003758, 28.0869078029, 4.28599755389, 1.89769269767, 1.13168270054, 13.4739241085, 0.0728179439688, 0.0
0.411689996071, 1.00892003668, 93.6235048779, 0.563231075152, 90.5641345511, 2.05847940503, 1.36645210597, 2.98653852742, 16.8837506797, 0.0707768866639, 0.235294117647
0.411689996071, 1.09271806374, 94.4126243447, 0.525751464997, 5.29888914825, 1.34854772164, 1.36645210597, 0.139043229585, 9.0325160818, 0.0658685153562, 0.287671232877
0.25285618633, 1.25385668496, 93.005845748, 0.485871047958, 36.2829907057, 2.36088821989, 1.51043058428, 0.782048422418, 3.54308951304, 0.0502216759556, 0.469696969697
0.428707466518, 0.92294888093, 82.3332639927, 0.642749659751, 42.9198619468, 1.2115106091, 1.85648619612, 4.13795230386, 17.6270075585, 0.0605567632507, 0.32
0.438427699934, 0.92294888093, 82.3332639927, 0.642749659751, 42.9198619468, 1.2115106091, 1.98826592958, 4.13795230386, 16.6923528276, 0.058630013924, 0.36
0.172005911764, 1.00184892436, 80.0360748525, 0.651258454984, 11.1837480484, 9.09177050389, 0.632084039816, 1.20417858097, 5.42271732315, 0.0735073779009, 0.142857142857
0.377864731927, 0.824035282709, 85.4671314206, 0.409808702677, 95.5591356663, 3.08727109352, 1.76460755093, 3.6177269419, 14.4431256596, 0.0734459874747, 0.22641509434
0.152717943734, 1.25926323557, 93.9770347694, 0.651258454984, 14.8864818481, 9.71042804605, 0.996443522351, 0.96658722667, 13.5310161472, 0.0765543964389, 0.0
0.411689996071, 1.09271806374, 92.621950298, 0.525751464997, 9.0312265397, 1.34854772164, 0.987081811751, 0.139043229585, 3.52329538971, 0.0599492810992, 0.444444444444
0.411689996071, 1.09271806374, 92.621950298, 0.525751464997, 5.29888914825, 1.34854772164, 0.987081811751, 0.139043229585, 9.0325160818, 0.0739563182597, 0.4
0.172005911764, 1.00184892436, 80.0360748525, 0.651258454984, 11.1837480484, 9.09177050389, 0.666220046612, 1.20417858097, 5.42271732315, 0.0744971664882, 0.25
0.31538383132, 1.25551249215, 88.6278819669, 0.61316335247, 85.4325875168, 4.55476801092, 1.24100703584, 1.58712090646, 7.80815638654, 0.0803401863107, 0.0816326530612
0.31538383132, 1.11846806297, 90.202801858, 0.581408460359, 99.807926203, 4.55476801092, 1.24100703584, 2.58097583421, 7.80815638654, 0.0807875400058, 0.0
0.438427699934, 0.92294888093, 82.3332639927, 0.642749659751, 42.9198619468, 1.2115106091, 1.85648619612, 4.13795230386, 16.6923528276, 0.0695081642611, 0.46835443038
0.438427699934, 0.92294888093, 82.3332639927, 0.642749659751, 42.9198619468, 1.2115106091, 1.85648619612, 4.13795230386, 16.6923528276, 0.0686950269833, 0.49
0.205352254111, 1.11670351656, 88.3052636583, 0.57549862906, 44.2311906338, 11.7761297983, 1.23054020285, 3.6594243222, 17.0973455366, 0.082361825635, 0.0
0.312726875745, 1.07081093984, 86.3996236195, 0.499014552521, 32.6302065467, 24.8297956713, 0.442427573417, 3.70030829314, 16.9993175033, 0.0834949295318, 0.0
0.11143807878, 1.00892003668, 84.1447221072, 0.411732718941, 90.5641345511, 14.7606211203, 1.36645210597, 2.98653852742, 16.8837506797, 0.0843960381991, 0.108695652174
0.829199433452, 1.2213486409, 94.6505643553, 0.68199373979, 22.3294194508, 6.93367791644, 0.45802193252, 0.608059936172, 4.85177718897, 0.0936898258048, 0.0
0.31538383132, 1.21130589887, 89.5873751084, 0.632472606033, 85.4325875168, 4.55476801092, 0.29628523575, 1.58712090646, 7.80815638654, 0.0903471032752, 0.153846153846
0.152717943734, 1.21945426551, 93.9770347694, 0.529652206595, 27.2187227127, 9.71042804605, 0.712481673884, 0.96658722667, 10.2915345578, 0.101657199376, 0.0
0.11143807878, 1.00892003668, 90.8423741691, 0.411732718941, 90.5641345511, 14.7606211203, 1.36645210597, 2.98653852742, 16.8837506797, 0.0913469596697, 0.28
0.321142335456, 1.08585679026, 81.1056888907, 0.684718003758, 28.0869078029, 4.28599755389, 1.89769269767, 1.13168270054, 13.4739241085, 0.0961840789397, 0.166666666667
0.152717943734, 1.25926323557, 93.9770347694, 0.529652206595, 14.8864818481, 9.71042804605, 0.996443522351, 0.96658722667, 10.2915345578, 0.104478320819, 0.0
0.31538383132, 1.2567428059, 88.6278819669, 0.632472606033, 85.4325875168, 4.55476801092, 1.24100703584, 1.58712090646, 7.80815638654, 0.102444471502, 0.229166666667
0.377864731927, 0.824035282709, 85.4671314206, 0.409808702677, 95.5591356663, 3.08727109352, 1.76460755093, 3.6177269419, 14.4431256596, 0.100695369756, 0.321428571429
0.11143807878, 1.00892003668, 90.8423741691, 0.411732718941, 90.5641345511, 14.7606211203, 1.36645210597, 2.98653852742, 16.8837506797, 0.106493228787, 0.140350877193
0.152717943734, 1.21945426551, 93.9770347694, 0.529652206595, 27.2187227127, 9.71042804605, 0.712481673884, 0.96658722667, 10.2915345578, 0.113954500588, 0.0
0.130665090506, 1.09939202328, 83.2882281694, 0.490471493442, 74.4865606551, 26.8221343839, 0.919930129275, 4.87731058836, 1.54281747201, 0.108042823979, 0.111111111111
0.377864731927, 0.824035282709, 85.4671314206, 0.409808702677, 95.5591356663, 3.08727109352, 1.76460755093, 3.6177269419, 14.4431256596, 0.101787957685, 0.428571428571
0.205352254111, 0.850772262235, 94.5599930386, 0.608879385857, 7.94288830918, 11.9260379957, 0.169990015362, 3.8056631013, 4.9671416287, 0.114866667069, 0.0
0.105012981627, 0.928012193887, 80.7261566115, 0.403850509373, 48.5985064318, 12.5626251899, 1.62235673256, 3.44211799178, 19.9153568457, 0.10853768548, 0.190476190476
0.183986950505, 1.14333335895, 83.5613330006, 0.690824613166, 40.5763020439, 33.0802244894, 0.961306031597, 2.03912183632, 7.37367551794, 0.118272014543, 0.0
0.321142335456, 1.08585679026, 88.3134631227, 0.525751464997, 28.0869078029, 4.28599755389, 1.89769269767, 0.139043229585, 13.4739241085, 0.111186089286, 0.366197183099
0.321142335456, 1.09939202328, 81.1056888907, 0.684718003758, 28.0869078029, 4.28599755389, 1.89769269767, 0.124387062304, 13.4739241085, 0.114687698026, 0.30612244898
0.326695632374, 1.09939202328, 82.3919886687, 0.490471493442, 14.8690828945, 41.3316093971, 0.57109469003, 2.50821991492, 13.6836356725, 0.114832167495, 0.2
0.218620679028, 1.25551249215, 88.6278819669, 0.408099986103, 4.75701318619, 12.1208157293, 1.08736522892, 0.719513225267, 18.1432301351, 0.121054411355, 0.0571428571429
0.218620679028, 1.11846806297, 90.202801858, 0.514058779922, 4.75701318619, 12.1208157293, 1.08736522892, 0.719513225267, 18.1432301351, 0.123899126992, 0.0
0.377864731927, 0.824035282709, 85.4671314206, 0.409808702677, 95.5591356663, 3.08727109352, 1.80532728615, 3.6177269419, 7.80815638654, 0.114112418799, 0.385714285714
0.205352254111, 0.850772262235, 87.4708497293, 0.608879385857, 7.94288830918, 11.9260379957, 1.41897989784, 3.8056631013, 4.9671416287, 0.124513149232, 0.0
0.31538383132, 1.2567428059, 88.6278819669, 0.632472606033, 85.4325875168, 4.55476801092, 1.24100703584, 1.58712090646, 14.4431256596, 0.120043981965, 0.494117647059
0.148408318621, 1.00184892436, 80.0360748525, 0.651258454984, 37.514449277, 9.09177050389, 0.666220046612, 1.20417858097, 5.42271732315, 0.114782849969, 0.6
0.179700345986, 1.22184718141, 84.1447221072, 0.690981063619, 55.3694127391, 22.1914778395, 1.04921302972, 4.69285992982, 17.2401525783, 0.12832949657, 0.0
0.11143807878, 1.00892003668, 84.1447221072, 0.411732718941, 90.5641345511, 14.7606211203, 0.987081811751, 2.98653852742, 16.8837506797, 0.129931117736, 0.619047619048
0.359554757378, 1.01442630168, 86.701515598, 0.657591236998, 57.3528049667, 10.0073706575, 1.72057437931, 4.989964039, 13.9236408728, 0.130195522156, 0.0
0.218620679028, 1.02431074982, 87.3799767022, 0.630427732852, 23.1258957398, 11.2054109141, 1.85860780494, 4.44400873529, 2.44604179937, 0.130760299498, 0.0
0.428707466518, 0.92294888093, 82.3332639927, 0.642749659751, 42.9198619468, 5.42293912928, 1.85648619612, 4.13795230386, 17.6270075585, 0.143269506668, 0.0
0.205352254111, 1.11670351656, 87.4708497293, 0.608879385857, 44.2311906338, 11.9260379957, 0.169990015362, 3.8056631013, 4.9671416287, 0.134327685527, 0.230769230769
0.283958173689, 1.09939202328, 81.1056888907, 0.684718003758, 33.1367583128, 4.28599755389, 1.89769269767, 0.124387062304, 13.4739241085, 0.131475478176, 0.322580645161
0.15635692637, 1.11846806297, 88.6278819669, 0.408099986103, 4.75701318619, 12.1208157293, 1.08736522892, 0.719513225267, 18.1432301351, 0.134500155291, 0.1875
0.359554757378, 1.01442630168, 91.2549734519, 0.657591236998, 57.3528049667, 10.0073706575, 1.72057437931, 4.989964039, 13.9236408728, 0.141948902003, 0.0227272727273
0.319933252763, 1.00184892436, 80.0360748525, 0.651258454984, 11.1837480484, 21.1029716615, 0.632084039816, 1.20417858097, 5.42271732315, 0.14650525465, 0.0
0.130665090506, 1.09939202328, 83.5613330006, 0.490471493442, 40.5763020439, 26.8221343839, 0.961306031597, 4.87731058836, 1.54281747201, 0.133734929392, 0.333333333333
0.172005911764, 1.00184892436, 80.0360748525, 0.529652206595, 11.1837480484, 9.09177050389, 0.666220046612, 1.20417858097, 5.42271732315, 0.133084032405, 0.444444444444
0.205352254111, 0.850772262235, 87.4708497293, 0.608879385857, 7.94288830918, 11.9260379957, 0.169990015362, 3.8056631013, 4.9671416287, 0.132961731498, 0.681818181818
0.31538383132, 1.21130589887, 88.6278819669, 0.632472606033, 85.4325875168, 4.55476801092, 1.24100703584, 1.58712090646, 7.80815638654, 0.14131441416, 0.31914893617
0.179700345986, 1.15284125691, 93.435618751, 0.565750220188, 5.65966586564, 17.377687307, 0.880520086129, 1.95533411378, 5.04120657365, 0.144006720545, 0.0833333333333
0.330275239246, 1.03493496992, 89.2493999141, 0.514058779922, 4.73786328777, 12.1208157293, 1.08736522892, 0.719513225267, 18.1432301351, 0.158198244981, 0.030303030303
0.250431138779, 1.02691950394, 88.3052636583, 0.614305752617, 13.0924405228, 11.7761297983, 1.23054020285, 3.6594243222, 17.0973455366, 0.151906329211, 0.047619047619
0.644854825142, 1.25385668496, 86.5029718647, 0.65045825504, 39.9258700451, 5.7230108858, 1.51043058428, 4.88921491322, 15.5559665421, 0.162580035014, 0.0
0.321142335456, 1.08585679026, 88.3134631227, 0.684718003758, 7.00147351588, 4.28599755389, 1.89769269767, 1.13168270054, 13.4739241085, 0.138627981188, 0.585858585859
0.205352254111, 1.11670351656, 87.4708497293, 0.608879385857, 44.2311906338, 11.9260379957, 0.169990015362, 3.8056631013, 4.9671416287, 0.134793837391, 0.666666666667
0.201877043392, 1.02691950394, 88.3052636583, 0.614305752617, 13.0924405228, 5.7230108858, 1.23054020285, 3.6594243222, 17.0973455366, 0.14608013692, 0.474226804124
0.130665090506, 1.09164258639, 81.794199946, 0.453359913672, 74.4865606551, 14.5619013257, 0.919930129275, 4.87731058836, 1.45463519635, 0.155752062888, 0.272727272727
0.19805650389, 0.84511616105, 92.2952577607, 0.563231075152, 81.5770713616, 14.9504984208, 1.63864377356, 4.98640844128, 19.5017472239, 0.162613637902, 0.0943396226415
0.735607386984, 1.17221896002, 89.5873751084, 0.654557117555, 0.0468587081757, 38.7666872892, 0.29628523575, 2.52457963313, 6.41649064495, 0.169278928543, 0.0
0.321142335456, 1.08585679026, 88.3134631227, 0.684718003758, 28.0869078029, 4.28599755389, 1.89769269767, 1.13168270054, 13.4739241085, 0.139734114614, 0.666666666667
0.205051343891, 1.07081093984, 86.3996236195, 0.509259642547, 32.6302065467, 26.980788726, 0.442427573417, 3.70030829314, 16.9993175033, 0.1713785401, 0.0
0.172005911764, 1.00184892436, 80.0360748525, 0.651258454984, 11.1837480484, 9.09177050389, 0.632084039816, 1.20417858097, 5.42271732315, 0.157393960559, 0.666666666667
0.110158742234, 0.958173827625, 81.9304953942, 0.43572910455, 11.1837480484, 47.6494898814, 1.16223201485, 3.14973682287, 4.06568174902, 0.167478203243, 0.16
0.853592374105, 0.88013898302, 86.942737223, 0.553734921125, 7.54536860534, 7.38572007536, 0.636131614272, 0.0103341873718, 4.66852070134, 0.161916365975, 0.461538461538
0.333637541021, 0.956626868724, 83.2554416768, 0.695862156605, 76.8087214147, 19.0343794582, 0.00153912949282, 1.52614402678, 11.2410089135, 0.160140174066, 0.538461538462
0.172005911764, 1.00184892436, 80.0360748525, 0.651258454984, 11.1837480484, 9.09177050389, 0.632084039816, 1.20417858097, 5.42271732315, 0.160683206539, 0.529411764706
