0.569776127342, 0.920089216615, 6.90379918662, 0.40077375221, 44.5337113961, 41.0105032493, 2.23829606369, 1.72650839388, 24.1176472299, 780.030448382, 0.436300675184
0.589922169326, 0.825881144064, 5.79399054004, 0.372847728982, 3.20278702764, 45.1376539145, 2.06175170314, 1.92815602216, 23.2026680322, 550.52914642, 0.452295677886
0.70311448969, 1.19187031685, 2.31061651445, 0.222284144772, 37.730318204, 44.8050984977, 2.46675557793, 1.64788868888, 21.094007363, 351.995904871, 0.463608093016
0.70311448969, 0.890171898837, 2.31061651445, 0.222284144772, 37.730318204, 44.8050984977, 2.46675557793, 1.64788868888, 20.8433549219, 247.937266519, 0.486583886093
0.5002273619, 0.935284789392, 2.12557024292, 0.471162454013, 47.9999079634, 43.5588404643, 2.77761487366, 2.32951843006, 31.5780800455, 272.973389186, 0.562553811191
0.5002273619, 0.935284789392, 2.12557024292, 0.471162454013, 47.9999079634, 43.5588404643, 2.77761487366, 3.27666449365, 31.5780800455, 292.504171286, 0.496062743655
0.894800982759, 0.82137732687, 4.030824217, 0.399385004183, 11.800452826, 49.7431688411, 3.37710528644, 1.51170069679, 32.4893686066, 529.246224943, 0.485261682535
0.680234584907, 0.885357378709, 4.6405216912, 0.360271205819, 13.642976427, 47.3745259281, 2.5932820844, 1.08206631639, 24.9035702599, 656.67963118, 0.473377549459
0.782351268282, 0.885357378709, 4.6405216912, 0.360271205819, 13.642976427, 47.3745259281, 2.5932820844, 1.08206631639, 24.9035702599, 584.824947162, 0.480549664226
0.603289810179, 1.1392222312, 5.11162339723, 0.266314792937, 17.766215696, 44.4059969724, 2.263028668, 1.57063693201, 40.8771920165, 1102.79703883, 0.465771716027
0.812276636479, 1.09023004935, 4.35320867766, 0.499689286733, 12.7324587485, 40.2219210734, 3.50407046187, 1.36547886578, 23.656976773, 789.999904032, 0.467505285157
0.589922169326, 0.97596100496, 5.79399054004, 0.372847728982, 3.20278702764, 45.1376539145, 2.06175170314, 1.92815602216, 20.537525085, 764.776701181, 0.476913698026
0.653895489757, 0.86765823839, 2.17466440959, 0.367617741454, 23.8237924251, 42.8725006993, 3.21438465149, 0.909320994694, 30.8383832072, 332.052675543, 0.621280034486
0.88726653593, 1.08109959339, 2.33564784772, 0.295427641588, 17.3135576082, 45.1533625051, 2.98013757337, 4.55346237744, 34.3927330881, 342.39659639, 0.625613281002
0.592222429475, 1.00883106135, 2.72310669646, 0.20541927003, 30.8010208498, 43.0407551128, 2.27973230882, 1.97783511132, 35.4990505323, 376.00077827, 0.513039400517
0.617039446632, 1.13420663621, 2.49612823903, 0.495255369158, 1.82333095449, 42.7989753369, 2.15115838217, 4.71308171919, 20.340124076, 353.956513568, 0.539657708503
0.801077193309, 0.869668587455, 6.87638925478, 0.493169582176, 2.78964652849, 42.4981598893, 2.59738260527, 1.91829949877, 43.5187247753, 816.876070233, 0.476465213065
0.617039446632, 1.13420663621, 2.49612823903, 0.495255369158, 1.82333095449, 42.7989753369, 2.15115838217, 4.71308171919, 20.340124076, 356.908335533, 0.54246837596
0.692633415628, 1.02400536085, 4.12548117057, 0.238150867734, 11.6709380758, 45.5338509978, 3.42571127951, 1.8762834175, 27.2299823514, 777.135838669, 0.481097347138
0.692633415628, 1.02400536085, 4.12548117057, 0.238150867734, 11.6709380758, 45.5338509978, 3.42571127951, 1.8762834175, 27.2299823514, 770.340121481, 0.483757653205
0.714179623783, 0.946803024201, 3.10111574635, 0.251812610298, 25.3288489822, 46.8598644973, 2.29686200206, 2.71703466339, 36.9583616551, 461.292760529, 0.537855520468
0.844365469186, 0.961995572369, 2.17564864488, 0.446735539425, 29.7789933019, 41.2551610436, 3.65424087, 3.14271537814, 26.7510299655, 360.57523501, 0.567495982296
0.584234837588, 1.10250157436, 3.98955901105, 0.360413908633, 31.2040841572, 41.209978823, 2.19731798556, 3.60959758563, 24.5672428796, 585.85207165, 0.502477173061
0.592222429475, 0.870287778196, 6.28994516868, 0.482645031257, 16.5279153528, 43.4688261041, 2.29653816011, 2.84793075598, 35.4990505323, 625.4852385, 0.499180813441
0.784049031596, 0.996027418683, 3.41717925278, 0.400260668891, 30.7787589911, 43.1545598745, 2.08618117301, 0.0491322282885, 36.3148459595, 551.412802707, 0.519253950688
0.647476068145, 1.09483082025, 2.05592062647, 0.27563363994, 0.112111550279, 46.6262997246, 2.58784988946, 0.615565158704, 30.8656089719, 377.20024801, 0.548985288264
0.631221611849, 0.90880315268, 3.69237352948, 0.325457235744, 2.55726132033, 40.5502868959, 2.32939815931, 4.32973964619, 24.585476584, 434.814997529, 0.547472158128
0.779211252014, 0.961995572369, 2.17564864488, 0.446735539425, 29.7789933019, 41.2551610436, 3.65424087, 3.14271537814, 26.7510299655, 372.417337127, 0.605748453874
0.810130436541, 1.09055531343, 3.43528038103, 0.217012118936, 47.5670494234, 42.0164720459, 2.11452932004, 1.12882686045, 31.0469739678, 649.517917631, 0.501111309452
0.560866864671, 0.87295542577, 4.25162111294, 0.426192270021, 31.8337949348, 45.7373319788, 3.27430205892, 2.46094772088, 23.9183445037, 556.218645642, 0.536956388952
0.789974805335, 1.08852380812, 7.52770677794, 0.215766727253, 12.3453838129, 46.0287716903, 3.18024421772, 1.6477424022, 38.5555680953, 1720.46457607, 0.481183537193
0.506161512388, 1.08317888053, 5.04142959584, 0.27834954273, 22.2696198463, 41.1460397174, 2.92835885099, 1.56960063799, 26.6871195687, 935.960373683, 0.485076091116
0.810130436541, 1.09055531343, 3.43528038103, 0.217012118936, 47.5670494234, 44.4839398832, 2.16406372307, 1.12882686045, 31.0469739678, 630.951405829, 0.506950608144
0.682512000123, 1.22420914618, 4.92388029542, 0.327088686574, 40.6951373808, 43.9714893551, 2.9778553799, 2.87541911331, 39.5946759929, 1234.25658452, 0.48419568857
0.687970205467, 0.825881144064, 4.98731649997, 0.440876357228, 27.311569105, 44.2505598151, 2.14808278871, 0.217483888269, 23.2026680322, 421.440499994, 0.564541213672
0.827782232409, 0.963167373163, 2.72310669646, 0.20541927003, 30.8010208498, 43.0407551128, 2.27973230882, 2.6297647287, 38.1694589775, 442.180678692, 0.557787015023
0.591099928436, 0.969267071761, 5.4807473214, 0.496562651508, 19.0540353058, 48.9711383448, 2.56407369531, 2.31120057885, 31.8274438639, 786.017959454, 0.491295054464
0.853030904557, 0.901719152992, 2.28565392999, 0.302667325944, 37.8130218127, 43.8457684335, 3.34806949864, 0.6510706652, 33.8151689063, 392.848048885, 0.595769496204
0.750187198742, 0.90880315268, 3.69237352948, 0.325457235744, 5.42147807383, 41.0309893539, 2.77771312197, 4.32973964619, 24.585476584, 411.424442884, 0.572486045058
0.625672872587, 0.876664400312, 2.32666242613, 0.271803908899, 37.5258222489, 47.513364813, 3.31292527079, 2.18564018153, 30.4755855104, 385.599751326, 0.605261195709
0.566278758765, 0.985198874624, 3.78635620364, 0.285679220041, 31.6939630887, 49.3798362377, 3.74442562768, 1.26807382342, 24.6958804751, 603.630767889, 0.529638227481
0.853030904557, 0.901719152992, 2.28565392999, 0.302667325944, 28.5266541513, 43.8457684335, 3.34806949864, 0.698859693635, 29.3106541103, 382.79978362, 0.670858780919
0.569776127342, 0.895674605203, 6.90379918662, 0.40077375221, 44.5337113961, 41.0105032493, 2.23829606369, 1.72650839388, 36.2973338472, 663.033674842, 0.503172671399
0.502040097325, 0.946803024201, 3.45265265676, 0.251812610298, 25.3288489822, 47.4993882267, 2.29686200206, 2.71703466339, 36.9583616551, 519.701318678, 0.559945784118
0.652585743004, 0.959634059611, 2.60423599361, 0.423878743617, 44.8282004423, 48.7301933537, 3.21327397531, 2.7261215504, 43.5187247753, 432.96280939, 0.574550705037
0.735027773906, 1.0427301788, 2.65102100481, 0.233429848197, 43.9382715329, 43.7546518843, 3.47343150394, 3.46868576, 26.0488658799, 426.616646089, 0.576671739166
0.586257458018, 0.84625337962, 4.39550287654, 0.373323644406, 23.7309288775, 40.9796045394, 3.12191110717, 3.99037414481, 33.1900767837, 655.403513125, 0.513457818534
0.566278758765, 0.947575200729, 6.97207647179, 0.336976316427, 31.6939630887, 43.538940077, 3.74442562768, 1.26807382342, 24.6958804751, 1089.96535872, 0.493726096062
0.647476068145, 1.09483082025, 2.05592062647, 0.27563363994, 0.112111550279, 46.6262997246, 3.47125959376, 0.615565158704, 30.8656089719, 427.23938898, 0.631695047843
0.735027773906, 1.0427301788, 2.65102100481, 0.233429848197, 43.9382715329, 43.7546518843, 3.23740792734, 3.46868576, 26.0488658799, 514.215457641, 0.57172420681
0.707972218459, 0.928474774114, 7.56449590643, 0.240720400376, 27.5816114564, 42.1382211384, 3.18024421772, 1.6477424022, 26.0845121822, 1203.47336252, 0.498515691421
0.506161512388, 1.08317888053, 5.04142959584, 0.27834954273, 22.2696198463, 41.1460397174, 2.92835885099, 1.56960063799, 26.6871195687, 767.794234418, 0.513112673715
0.734901057019, 1.02516522122, 3.00828236026, 0.281287971728, 12.8507874353, 45.947580684, 3.2048021082, 3.67003401485, 43.6956704094, 542.921839085, 0.565516230688
0.603289810179, 1.1392222312, 5.11162339723, 0.266314792937, 17.766215696, 44.4059969724, 2.263028668, 1.57063693201, 40.8771920165, 1025.754345, 0.501835489654
0.505299208576, 1.09656017222, 2.86106397747, 0.304366328172, 22.1532120507, 45.6082575079, 2.07692798812, 0.745792140075, 39.6676673867, 458.816214627, 0.619439874369
0.83052181766, 1.00645321922, 4.04378363522, 0.25873463713, 28.3648654697, 40.4892312153, 2.05226882426, 2.82031155747, 37.7388713053, 513.295798495, 0.578174326603
0.653895489757, 1.01183170418, 2.44985455814, 0.367617741454, 29.2803213767, 42.8725006993, 3.05681858178, 0.909320994694, 30.8383832072, 461.54988258, 0.592648926584
0.829780618268, 0.888523232949, 3.3575773817, 0.353255443384, 2.06295508828, 41.7817280745, 3.09083799219, 3.21631168668, 25.1696133965, 469.796810733, 0.582218086426
0.803058460421, 0.957823721622, 3.45265265676, 0.230932437501, 7.10760417898, 49.5957908208, 2.10003089673, 2.8049026179, 39.445116652, 477.075618148, 0.586100344941
0.83052181766, 1.00645321922, 4.04378363522, 0.25873463713, 1.66419398595, 40.4892312153, 2.05226882426, 2.82031155747, 39.1134874118, 514.178533933, 0.581955263747
0.505299208576, 1.09656017222, 2.86106397747, 0.304366328172, 22.1532120507, 45.6082575079, 2.11228981746, 0.745792140075, 39.6676673867, 516.193428913, 0.578046685263
0.559756215629, 0.846129563922, 4.08571320553, 0.278941856865, 26.2901350726, 40.4786348875, 2.60822794872, 0.825032472889, 22.6955756028, 472.457472526, 0.59580079643
0.845199698206, 0.983192451855, 6.29585872813, 0.349509749763, 17.2278392051, 45.2507211912, 2.5129382663, 2.25866920436, 41.3103689655, 1207.96614677, 0.502225180184
0.559756215629, 0.846129563922, 4.08571320553, 0.278941856865, 26.2901350726, 40.4786348875, 2.92233504605, 0.825032472889, 22.6955756028, 472.898300131, 0.597889886234
0.709229627581, 1.19477650623, 4.36820217468, 0.28053253843, 18.1554681921, 46.3028541568, 2.77771312197, 2.74211448518, 31.7038691854, 769.142800198, 0.535124770126
0.652585743004, 0.959634059611, 2.60423599361, 0.423878743617, 44.8282004423, 48.7301933537, 3.21327397531, 2.7261215504, 37.9748750574, 516.423887094, 0.5839515651
0.803058460421, 0.957823721622, 3.10111574635, 0.230932437501, 7.10760417898, 49.5957908208, 2.02415945283, 2.8049026179, 39.445116652, 490.77173195, 0.610341312485
0.762787458529, 0.881035747328, 3.60616763767, 0.330169227974, 20.8997750988, 41.7589071096, 3.84732465251, 3.82588654916, 34.6375517723, 560.839238513, 0.565930172287
0.896088651949, 0.930956446164, 3.26260208064, 0.332255335492, 36.5662319609, 44.2361778086, 3.23740792734, 2.53554578119, 30.8888432025, 566.829918063, 0.56812685264
0.551751971727, 0.931328291387, 3.46244368314, 0.498670053564, 18.5947543527, 44.7557959259, 3.39690990526, 2.46190248649, 34.2306619175, 621.32775865, 0.563811933853
0.744729415463, 0.996027418683, 5.41924159378, 0.398571688447, 46.3866671779, 43.1545598745, 2.48501431297, 4.92511196179, 24.8051706483, 652.053122974, 0.5573828876
0.51868707171, 1.23978989364, 6.91714785872, 0.375980800623, 23.6643192336, 43.7743525383, 2.88599980764, 2.3502242585, 23.8358076199, 1654.89558688, 0.509463642029
0.829780618268, 0.888523232949, 3.3575773817, 0.353255443384, 2.06295508828, 41.7817280745, 3.09083799219, 3.21631168668, 25.1696133965, 521.361761417, 0.593626878754
0.51868707171, 1.23978989364, 3.17631197564, 0.375980800623, 27.2756613692, 43.7743525383, 2.88599980764, 0.850749079187, 23.8358076199, 634.922391986, 0.558682089354
0.637366994595, 0.830673363155, 6.67227079097, 0.211103664358, 39.7292696622, 44.9449661234, 3.08629339793, 2.91322545978, 38.1520246466, 871.960662624, 0.515594327945
0.608884450109, 1.09023004935, 4.35320867766, 0.499689286733, 12.7324587485, 40.2219210734, 3.50407046187, 1.36547886578, 23.656976773, 790.604270257, 0.524424664026
0.735301950229, 0.858367541457, 5.32641128884, 0.490963306667, 27.0627347502, 42.4818158884, 2.35256325312, 3.61931198975, 24.7687219819, 532.785250544, 0.590692450907
0.586257458018, 0.84625337962, 4.39550287654, 0.429506278949, 23.7309288775, 41.1067551083, 3.12191110717, 3.99037414481, 40.5047538046, 732.873768273, 0.548854491299
0.734901057019, 1.02516522122, 3.00828236026, 0.281287971728, 12.8507874353, 45.947580684, 3.2048021082, 3.67003401485, 43.6956704094, 551.512539263, 0.581446110129
0.884039546258, 1.08109959339, 4.08594164944, 0.295427641588, 17.3135576082, 45.1533625051, 2.98013757337, 3.98954792877, 34.3927330881, 582.97317122, 0.574911728572
0.762787458529, 0.881035747328, 3.60616763767, 0.31364382183, 20.8997750988, 41.7589071096, 3.84732465251, 3.82588654916, 34.6375517723, 640.720345638, 0.563058746368
0.584234837588, 1.10250157436, 3.98955901105, 0.360413908633, 31.2040841572, 46.3805761997, 2.19731798556, 4.57888446758, 24.5672428796, 702.362913804, 0.556402321253
0.784049031596, 0.992662865546, 3.41717925278, 0.400260668891, 30.7787589911, 43.7511148665, 2.08618117301, 0.0491322282885, 36.3148459595, 558.593909637, 0.580149370355
0.735301950229, 0.858367541457, 5.32641128884, 0.490963306667, 27.0627347502, 42.4818158884, 2.35256325312, 3.61931198975, 24.7687219819, 611.819833641, 0.567668985192
0.853608098467, 1.15377898749, 3.5478633533, 0.326393664352, 44.0089981274, 49.6746975505, 2.91886667093, 0.846501544244, 26.1291769216, 539.597791717, 0.61969577178
0.560866864671, 0.87295542577, 4.25162111294, 0.426192270021, 31.8337949348, 45.7373319788, 3.27430205892, 2.46094772088, 23.9183445037, 690.287309046, 0.558080352705
0.629379520345, 1.23600450307, 5.395897278, 0.439955624825, 31.5641487359, 41.7441396115, 3.15461784891, 2.32951843006, 27.0785131528, 1349.20422128, 0.523662193917
0.735329281152, 1.25181994637, 6.67227079097, 0.29352962124, 12.8289896745, 41.8186840882, 2.42833641548, 2.84676209036, 38.8610113567, 1884.46376949, 0.524288501943
0.853608098467, 1.15377898749, 3.5478633533, 0.326393664352, 44.0089981274, 49.6746975505, 2.91886667093, 0.846501544244, 26.1291769216, 545.320918205, 0.634466725799
0.630345417122, 1.18312820637, 5.40745643332, 0.400387586966, 6.18145371957, 46.1987848482, 2.40571959694, 4.07577852056, 37.5300932484, 1346.89033493, 0.526478295796
0.571083497777, 1.03672388446, 4.43731403136, 0.414259487552, 16.4797749489, 49.2397188154, 2.18823782173, 0.86271935407, 33.1900767837, 718.12323805, 0.558390396878
0.551751971727, 0.931328291387, 4.12973070947, 0.498670053564, 18.5947543527, 44.7557959259, 3.39690990526, 2.46190248649, 34.2306619175, 775.23980473, 0.550660371414
0.591099928436, 0.969267071761, 5.4807473214, 0.496562651508, 19.0540353058, 48.9711383448, 2.56407369531, 2.31120057885, 31.8274438639, 803.022165628, 0.546067527434
0.625672872587, 0.876664400312, 4.87599145179, 0.271803908899, 37.5258222489, 47.513364813, 3.31292527079, 2.18564018153, 30.4755855104, 681.296185894, 0.563078491741
0.598156188515, 1.19418510716, 7.86558324887, 0.370333708449, 6.46770377964, 46.7390613078, 3.11913929394, 3.09310446647, 26.8295897301, 1951.49386592, 0.537490790904
0.682512000123, 1.00561531256, 5.59916325446, 0.327088686574, 40.6951373808, 43.9714893551, 2.9778553799, 2.87541911331, 39.5946759929, 1046.09599871, 0.540382768288
0.896088651949, 0.930956446164, 3.26260208064, 0.332255335492, 36.5662319609, 44.2361778086, 3.47343150394, 2.53554578119, 30.8888432025, 584.090407873, 0.594966986178
0.776947529723, 1.06705481559, 3.16065679513, 0.263424879084, 15.9375543858, 40.0540591745, 3.95310340234, 0.0537379725817, 33.619704454, 637.202748099, 0.574483623706
0.637366994595, 0.830673363155, 7.89688735551, 0.211103664358, 39.7292696622, 44.9449661234, 3.08629339793, 2.91322545978, 38.1520246466, 1041.42583242, 0.542782866764
0.898026720716, 1.13683957264, 3.52798629645, 0.362353853059, 0.894717340767, 47.787550385, 2.77917108308, 4.56263725874, 39.5026687766, 591.362484645, 0.592937403032
