0.70311448969, 0.890171898837, 2.31061651445, 0.222284144772, 37.730318204, 44.8050984977, 2.46675557793, 1.64788868888, 20.8433549219, 247.937266519, 0.486583886093
0.680234584907, 0.885357378709, 4.030824217, 0.360271205819, 11.800452826, 47.3745259281, 2.5932820844, 1.08206631639, 24.9035702599, 479.610922271, 0.409006554095
0.506161512388, 1.08317888053, 7.52770677794, 0.215766727253, 22.2696198463, 41.1460397174, 2.92835885099, 1.56960063799, 26.6871195687, 1285.06741875, 0.373781302908
0.70311448969, 0.890171898837, 2.31061651445, 0.222284144772, 37.730318204, 44.8050984977, 2.46675557793, 1.64788868888, 20.8433549219, 268.343198594, 0.434185266393
0.569776127342, 0.920089216615, 2.62006736515, 0.426285227866, 44.5337113961, 41.0105032493, 2.23829606369, 1.72650839388, 24.1176472299, 341.660458985, 0.420160218348
0.566278758765, 0.875056710184, 6.97207647179, 0.336976316427, 31.6939630887, 43.538940077, 3.74442562768, 1.26807382342, 24.6958804751, 928.882229929, 0.408559404815
0.5002273619, 0.935284789392, 2.12557024292, 0.330010352221, 47.9999079634, 43.5588404643, 2.77761487366, 2.32951843006, 31.5780800455, 254.931534084, 0.517163508626
0.70311448969, 0.890171898837, 2.31061651445, 0.222284144772, 46.1921931329, 44.8050984977, 2.46675557793, 1.64788868888, 20.8433549219, 288.869689434, 0.455642962275
0.603289810179, 1.1392222312, 5.11162339723, 0.266314792937, 25.0927802566, 44.4059969724, 2.263028668, 1.57063693201, 41.7316478727, 1212.53206373, 0.422431476522
0.532698368974, 1.1392222312, 5.11162339723, 0.266314792937, 17.766215696, 44.4059969724, 2.263028668, 1.57063693201, 40.8771920165, 1041.9975847, 0.423894913068
0.784049031596, 0.992662865546, 3.41717925278, 0.400260668891, 27.0627347502, 43.7511148665, 2.35256325312, 1.307853741, 36.3148459595, 446.463711533, 0.438643630465
0.779211252014, 0.961995572369, 2.17564864488, 0.499689286733, 29.7789933019, 40.1081762332, 3.65424087, 1.09093995281, 26.7510299655, 357.605402398, 0.444279475641
0.810130436541, 1.09055531343, 2.27404910369, 0.272532575316, 47.5670494234, 44.4839398832, 2.85430254936, 1.12882686045, 31.0469739678, 384.782003661, 0.441074776609
0.5002273619, 0.935284789392, 2.12557024292, 0.471162454013, 47.9999079634, 43.5588404643, 2.77761487366, 2.32951843006, 31.5780800455, 272.973389186, 0.562553811191
0.5002273619, 0.935284789392, 2.12557024292, 0.471162454013, 33.7546461721, 43.5588404643, 2.77761487366, 3.27666449365, 31.5780800455, 277.3471322, 0.536673088738
0.569776127342, 0.920089216615, 6.90379918662, 0.40077375221, 44.5337113961, 41.0105032493, 2.23829606369, 1.72650839388, 24.1176472299, 780.030448382, 0.436300675184
0.603289810179, 1.1392222312, 5.11162339723, 0.266314792937, 17.766215696, 44.4059969724, 2.263028668, 1.45990278753, 40.8771920165, 921.899358963, 0.435803458611
0.559756215629, 0.824167742085, 4.08571320553, 0.243605552386, 13.6350932809, 40.4786348875, 2.60822794872, 0.825032472889, 22.6955756028, 413.698688373, 0.441089069602
0.5002273619, 0.935284789392, 2.12557024292, 0.471162454013, 47.9999079634, 43.5588404643, 2.77761487366, 3.27666449365, 31.5780800455, 292.504171286, 0.496062743655
0.70311448969, 1.19187031685, 2.31061651445, 0.222284144772, 37.730318204, 44.8050984977, 2.46675557793, 1.64788868888, 21.094007363, 322.635392233, 0.493973446526
0.530773217081, 0.985198874624, 2.28565392999, 0.285679220041, 29.449577166, 49.3798362377, 3.74442562768, 1.26807382342, 24.6958804751, 364.363959206, 0.449476500109
0.506161512388, 1.08852380812, 7.52770677794, 0.215766727253, 22.2696198463, 48.9138966403, 2.92835885099, 1.6477424022, 38.5555680953, 1551.90957778, 0.434239152364
0.5002273619, 0.935284789392, 2.12557024292, 0.471162454013, 38.4266101945, 43.5588404643, 2.77761487366, 3.27666449365, 31.5780800455, 277.852176213, 0.549577389105
0.70311448969, 1.19187031685, 2.31061651445, 0.222284144772, 37.730318204, 44.8050984977, 2.46675557793, 1.64788868888, 21.094007363, 351.995904871, 0.463608093016
0.810130436541, 1.09055531343, 3.43528038103, 0.217012118936, 47.5670494234, 42.0164720459, 2.11452932004, 1.12882686045, 31.0469739678, 519.056172009, 0.439587699794
0.692633415628, 0.946803024201, 4.12548117057, 0.238150867734, 11.6709380758, 45.5338509978, 3.42571127951, 1.8762834175, 36.9583616551, 730.781623596, 0.439256899244
0.501532112589, 1.13420663621, 2.72310669646, 0.495255369158, 1.82333095449, 42.7989753369, 2.27973230882, 2.88061280094, 20.2005453838, 322.139777638, 0.499021491458
0.647476068145, 1.09483082025, 2.05592062647, 0.27563363994, 0.112111550279, 46.6262997246, 2.58784988946, 0.0491322282885, 30.8656089719, 286.859036227, 0.649640906052
0.692633415628, 1.02400536085, 4.12548117057, 0.238150867734, 11.6709380758, 45.5338509978, 2.77761487366, 1.8762834175, 21.7945857198, 610.850810395, 0.440978304
0.868565162762, 0.890171898837, 2.31061651445, 0.222284144772, 46.1921931329, 44.8050984977, 2.46675557793, 1.64788868888, 20.8433549219, 346.848343881, 0.49165798295
0.592222429475, 1.00883106135, 2.49612823903, 0.20541927003, 30.8010208498, 42.7989753369, 2.27973230882, 1.97783511132, 35.4990505323, 355.257735089, 0.472474727351
0.692633415628, 1.02400536085, 4.12548117057, 0.238150867734, 11.6709380758, 45.5338509978, 3.42571127951, 1.8762834175, 27.2299823514, 759.519717876, 0.439610275659
0.894800982759, 0.82137732687, 2.49612823903, 0.399385004183, 7.22134094811, 49.7431688411, 2.15115838217, 1.51170069679, 32.4893686066, 310.570783664, 0.520826251178
0.5002273619, 0.935284789392, 2.12557024292, 0.471162454013, 47.9999079634, 47.8624714381, 2.77761487366, 2.32951843006, 31.5780800455, 289.286067767, 0.553214049037
0.70311448969, 1.19187031685, 2.31061651445, 0.222284144772, 37.730318204, 44.8050984977, 2.46675557793, 1.64788868888, 21.094007363, 359.582396026, 0.471636665151
0.589922169326, 0.825881144064, 5.79399054004, 0.372847728982, 3.20278702764, 45.1376539145, 2.06175170314, 1.92815602216, 23.2026680322, 580.973188885, 0.442324902186
0.88726653593, 1.08109959339, 2.06790667355, 0.295427641588, 17.3135576082, 45.1635616326, 2.98013757337, 4.55346237744, 34.3927330881, 306.709098453, 0.553301649573
0.5002273619, 0.935284789392, 2.12557024292, 0.419843143496, 47.9999079634, 43.5588404643, 2.77761487366, 2.32951843006, 31.5780800455, 294.262017893, 0.565672169799
0.625672872587, 0.876664400312, 2.32666242613, 0.271803908899, 37.5258222489, 44.3802440583, 2.77433203244, 2.18564018153, 24.585476584, 295.718159746, 0.579897651788
0.803058460421, 0.957823721622, 2.32666242613, 0.271803908899, 7.10760417898, 49.5957908208, 2.02415945283, 2.18564018153, 39.445116652, 297.910464043, 0.581654832905
0.617039446632, 1.13420663621, 2.33674495026, 0.495255369158, 1.82333095449, 43.0407551128, 2.15115838217, 4.71308171919, 20.340124076, 331.54644817, 0.545828705042
0.617039446632, 1.13420663621, 2.49612823903, 0.495255369158, 1.82333095449, 42.7989753369, 2.15115838217, 4.71308171919, 20.340124076, 312.874515617, 0.565048540412
0.589922169326, 0.825881144064, 5.79399054004, 0.372847728982, 3.20278702764, 45.1376539145, 2.06175170314, 1.92815602216, 23.2026680322, 550.52914642, 0.452295677886
0.526892060778, 0.90880315268, 3.33773839657, 0.325457235744, 5.42147807383, 41.0309893539, 2.77771312197, 4.32973964619, 30.4755855104, 414.91303445, 0.466286634976
0.647476068145, 1.09483082025, 2.05592062647, 0.27563363994, 0.112111550279, 46.6262997246, 2.58784988946, 0.615565158704, 30.8656089719, 312.710433926, 0.601135454796
0.680234584907, 0.885357378709, 2.49612823903, 0.360271205819, 8.06220237364, 47.3745259281, 2.5932820844, 1.08206631639, 24.9035702599, 354.037402504, 0.507686092249
0.653895489757, 0.842190208561, 2.17466440959, 0.367617741454, 23.8237924251, 42.8725006993, 3.21438465149, 0.909320994694, 30.8383832072, 318.803543093, 0.607443422167
0.789974805335, 1.08852380812, 5.04142959584, 0.27834954273, 12.3453838129, 46.0287716903, 3.18024421772, 1.6477424022, 38.5555680953, 1081.62919554, 0.445272438713
0.566278758765, 0.947575200729, 6.97207647179, 0.336976316427, 31.6939630887, 43.538940077, 3.74442562768, 1.26807382342, 29.8302381447, 1283.78781965, 0.449130466803
0.784049031596, 0.992662865546, 3.41717925278, 0.400260668891, 27.0627347502, 43.7511148665, 2.35256325312, 1.307853741, 36.3148459595, 553.262389875, 0.457841024144
0.589922169326, 0.825881144064, 5.79399054004, 0.27834954273, 22.2540047946, 45.1376539145, 2.06175170314, 1.92815602216, 23.2026680322, 563.690332574, 0.457827385808
0.653895489757, 0.86765823839, 2.17466440959, 0.367617741454, 23.8237924251, 42.8725006993, 3.21438465149, 0.909320994694, 30.8383832072, 325.021726138, 0.577490228574
0.617039446632, 1.13420663621, 2.49612823903, 0.495255369158, 1.82333095449, 42.7989753369, 2.15115838217, 4.71308171919, 20.340124076, 353.956513568, 0.539657708503
0.714179623783, 0.946803024201, 3.10111574635, 0.251812610298, 25.3288489822, 46.8598644973, 2.29686200206, 1.08206631639, 24.9035702599, 434.269542916, 0.484472560999
0.810130436541, 1.09055531343, 3.43528038103, 0.217012118936, 47.5670494234, 42.0164720459, 2.11452932004, 1.12882686045, 31.0469739678, 578.419106906, 0.461030265851
0.688226492812, 0.985198874624, 2.04716602562, 0.285679220041, 0.112111550279, 48.3295283726, 3.71642926599, 0.615565158704, 30.8656089719, 328.868153512, 0.647381642198
0.88726653593, 1.08109959339, 2.06790667355, 0.295427641588, 17.3135576082, 45.1635616326, 2.98013757337, 4.55346237744, 34.3927330881, 334.908260529, 0.587798009716
0.653895489757, 0.86765823839, 2.17466440959, 0.367617741454, 23.8237924251, 42.8725006993, 3.21438465149, 0.909320994694, 30.8383832072, 332.052675543, 0.621280034486
0.844365469186, 0.961995572369, 2.17564864488, 0.446735539425, 29.7789933019, 41.2551610436, 3.65424087, 3.52319538108, 26.7510299655, 345.631172135, 0.568479596654
0.617039446632, 1.13420663621, 2.49612823903, 0.495255369158, 1.82333095449, 42.7989753369, 2.15115838217, 4.71308171919, 20.340124076, 356.908335533, 0.54246837596
0.779211252014, 0.961995572369, 2.17564864488, 0.446735539425, 29.7789933019, 41.2551610436, 3.65424087, 3.14271537814, 26.7510299655, 350.945771627, 0.569473094865
0.88726653593, 1.08109959339, 2.33564784772, 0.295427641588, 17.3135576082, 45.1533625051, 2.98013757337, 4.55346237744, 34.3927330881, 342.39659639, 0.625613281002
0.810130436541, 1.2154784897, 3.43528038103, 0.217012118936, 47.5670494234, 42.0164720459, 2.263028668, 1.12882686045, 31.0469739678, 525.928907344, 0.482335310866
0.5208753322, 0.985198874624, 6.90379918662, 0.285679220041, 29.449577166, 49.3798362377, 3.74442562768, 1.26807382342, 24.6958804751, 1060.25852568, 0.458306048891
0.592222429475, 1.00883106135, 2.72310669646, 0.20541927003, 30.8010208498, 43.0407551128, 2.27973230882, 1.97783511132, 35.4990505323, 376.00077827, 0.513039400517
0.566278758765, 0.947575200729, 6.97207647179, 0.336976316427, 12.4899541695, 43.538940077, 3.74442562768, 1.26807382342, 29.8302381447, 1092.0359694, 0.460903894403
0.894800982759, 0.82137732687, 4.6405216912, 0.399385004183, 13.642976427, 49.7431688411, 3.62820004392, 1.51170069679, 32.4893686066, 720.224957048, 0.465032008348
0.894800982759, 0.82137732687, 4.030824217, 0.399385004183, 11.800452826, 49.7431688411, 3.37710528644, 1.51170069679, 32.4893686066, 529.246224943, 0.485261682535
0.894800982759, 0.82137732687, 2.17466440959, 0.367617741454, 0.662837716555, 49.7431688411, 3.12475950112, 4.7975722961, 32.4893686066, 351.135907898, 0.629770773206
0.51868707171, 0.869668587455, 6.87638925478, 0.375980800623, 2.78964652849, 42.4981598893, 2.59738260527, 1.91829949877, 21.8350229561, 728.604823419, 0.467600211408
0.779211252014, 0.961995572369, 2.17564864488, 0.446735539425, 29.7789933019, 40.1081762332, 3.65424087, 3.14271537814, 26.7510299655, 356.727906494, 0.553417163135
0.603289810179, 1.1392222312, 5.11162339723, 0.266314792937, 17.766215696, 44.4059969724, 2.263028668, 1.57063693201, 40.8771920165, 1102.79703883, 0.465771716027
0.5002273619, 0.935284789392, 2.12557024292, 0.471162454013, 47.9999079634, 43.5588404643, 3.42571127951, 3.27666449365, 31.5780800455, 377.923257391, 0.530266902863
0.812276636479, 1.09023004935, 4.35320867766, 0.499689286733, 12.7324587485, 40.2219210734, 3.50407046187, 1.36547886578, 23.656976773, 789.999904032, 0.467505285157
0.692633415628, 1.02400536085, 4.12548117057, 0.238150867734, 11.6709380758, 45.5338509978, 3.42571127951, 1.8762834175, 27.2299823514, 765.807029886, 0.468371082104
0.853030904557, 0.901719152992, 2.28565392999, 0.302667325944, 28.5266541513, 43.8457684335, 3.34806949864, 0.698859693635, 29.3106541103, 352.149068539, 0.631105000265
0.782351268282, 0.885357378709, 4.6405216912, 0.360271205819, 13.642976427, 47.3745259281, 2.5932820844, 1.08206631639, 24.9035702599, 584.824947162, 0.480549664226
0.589922169326, 0.825881144064, 5.79399054004, 0.372847728982, 3.20278702764, 45.1376539145, 2.06175170314, 1.92815602216, 23.2026680322, 607.35968299, 0.474331117485
0.502040097325, 0.97596100496, 5.79399054004, 0.372847728982, 3.20278702764, 45.1376539145, 2.06175170314, 1.92815602216, 20.537525085, 604.700890954, 0.475848665783
0.589922169326, 0.97596100496, 5.79399054004, 0.372847728982, 3.20278702764, 45.1376539145, 2.06175170314, 1.36547886578, 20.537525085, 569.507936657, 0.485847811536
0.680234584907, 0.885357378709, 4.6405216912, 0.360271205819, 13.642976427, 47.3745259281, 2.5932820844, 1.08206631639, 24.9035702599, 656.67963118, 0.473377549459
0.51868707171, 0.888523232949, 3.3575773817, 0.353255443384, 2.06295508828, 41.7817280745, 3.15648727487, 3.21631168668, 25.1696133965, 438.623675356, 0.50955988302
0.526892060778, 0.90880315268, 3.33773839657, 0.325457235744, 5.42147807383, 41.0309893539, 2.77771312197, 4.32973964619, 30.4755855104, 469.346603059, 0.504138261721
0.561839532451, 1.13420663621, 2.72310669646, 0.495255369158, 1.82333095449, 42.7989753369, 2.27973230882, 2.88061280094, 20.2005453838, 408.223218063, 0.531389307595
0.853030904557, 0.901719152992, 2.28565392999, 0.302667325944, 27.5816114564, 48.3984363594, 3.34806949864, 0.6510706652, 33.8151689063, 355.044629902, 0.669318087933
0.70311448969, 1.19187031685, 6.77644406205, 0.222284144772, 37.730318204, 44.8050984977, 2.46675557793, 1.64788868888, 21.094007363, 1150.31425878, 0.470242579306
0.608884450109, 1.09023004935, 6.67227079097, 0.499689286733, 12.7324587485, 40.2219210734, 3.15648727487, 1.36547886578, 23.656976773, 1345.29278708, 0.46913155237
0.592222429475, 1.00883106135, 2.49612823903, 0.285801719631, 30.8010208498, 43.0407551128, 2.15115838217, 1.97783511132, 35.4990505323, 356.206025396, 0.585444894964
0.569776127342, 0.920089216615, 6.90379918662, 0.40077375221, 48.2813659586, 40.5088649846, 2.23829606369, 1.72650839388, 24.1176472299, 868.313733615, 0.472232468916
0.647476068145, 1.09483082025, 2.05592062647, 0.27563363994, 0.112111550279, 46.6262997246, 2.58784988946, 0.615565158704, 30.8656089719, 377.20024801, 0.548985288264
0.589922169326, 0.946803024201, 2.88675999311, 0.251812610298, 25.3288489822, 47.4993882267, 2.29686200206, 2.71703466339, 35.4677170123, 440.178310984, 0.515644337301
0.707972218459, 0.928474774114, 7.56449590643, 0.240720400376, 37.8130218127, 42.1382211384, 3.18024421772, 1.6477424022, 26.0845121822, 1077.05826132, 0.47190997174
0.647476068145, 1.09483082025, 2.05592062647, 0.34856174493, 0.112111550279, 46.6262997246, 2.58784988946, 0.0491322282885, 30.8656089719, 356.814219297, 0.605587126833
0.589922169326, 0.97596100496, 5.79399054004, 0.372847728982, 3.20278702764, 45.1376539145, 2.06175170314, 1.92815602216, 20.537525085, 764.776701181, 0.476913698026
0.827782232409, 0.963167373163, 2.72310669646, 0.20541927003, 30.8010208498, 43.0407551128, 2.27973230882, 2.6297647287, 38.1694589775, 370.421434645, 0.555972413422
0.844365469186, 0.961995572369, 2.17564864488, 0.446735539425, 29.7789933019, 41.2551610436, 3.65424087, 3.14271537814, 26.7510299655, 360.57523501, 0.567495982296
0.642915845099, 1.09656017222, 2.86106397747, 0.27834954273, 22.2696198463, 41.1460397174, 2.92835885099, 1.56960063799, 26.6871195687, 434.818568193, 0.52604457749
0.502040097325, 0.946803024201, 3.45265265676, 0.251812610298, 25.3288489822, 47.4993882267, 2.29686200206, 2.71703466339, 35.4677170123, 444.073496595, 0.520084688834
0.844365469186, 0.961995572369, 2.17564864488, 0.446735539425, 29.7789933019, 40.5502868959, 3.65424087, 3.14271537814, 26.7510299655, 389.716927655, 0.548456657776
0.51868707171, 0.996027418683, 5.55927113171, 0.375980800623, 23.6643192336, 43.7743525383, 2.39596415482, 2.3502242585, 21.8350229561, 744.773090247, 0.482848773307
