2.20323199298, 1.04396362731, 1.57302597621, 1.00000024768, 5.748971788, 1.05472480435, 3.83128774155, 1.26000018883, 1.00000023087, 5.62617553872, 7.32943560032, 1.08847805739, 3.47231966246, 1.00955885119, 1.02815453584, 1.24568036971, 1.03261106362, 1.10373356849, 4.81630125677, 1.00000011716, 1.00000008444, 98.7618629226, 0.965533166333, 3.88249879216, 1.06057172083, 3.41392916843, 0.870000918306, 15.3633983201, 6.83915215418
4.66706714522, 1.09510867658, 1.65199536614, 1.00000093662, 6.20534509492, 1.02663211076, 4.10662879613, 1.26000029763, 1.00000043431, 5.23411980846, 3.54686795405, 1.0498472665, 2.29906456422, 1.02965749148, 1.05602172425, 1.28472988434, 1.05217747575, 1.04796503314, 9.28869126537, 1.00000032664, 1.00000047152, 116.436602199, 0.97954944017, 1.97610555933, 0.989015344703, 4.14668642895, 0.870000418726, 26.4679129841, 8.59861641102
2.95147309071, 1.35308728328, 1.63272055885, 1.00000028652, 5.84199674608, 1.05551558635, 4.49127591018, 1.26000020089, 1.00000025467, 6.1990718004, 4.95731782254, 1.01242491825, 2.29906456422, 1.02654306491, 1.04417081435, 1.1192351588, 1.15204474871, 1.01765154946, 7.9176179071, 1.00000068841, 1.00000014271, 81.5258953333, 0.926899143747, 3.50152900762, 0.967901113532, 4.16585860607, 0.870000751254, 29.8560507473, 10.8230369955
5.757846932, 1.26106524692, 1.42771379511, 1.00000047997, 4.47502300698, 1.08882046079, 2.55395009492, 1.26000085651, 1.00000009189, 5.11903247246, 3.50236409344, 1.09949082389, 1.36113751712, 1.03508371686, 1.02498902319, 1.29040972876, 1.02549498942, 1.04193131178, 3.14501170794, 1.0000007665, 1.00000040475, 106.670572423, 1.02534214913, 1.63289161881, 1.03325264235, 4.2857775769, 0.870000015165, 134.082753486, 11.7101776248
5.72571070509, 1.01660167589, 1.56589801404, 1.00000057935, 6.76065390041, 1.12978301315, 1.79229617934, 1.26000011348, 1.00000095199, 4.96836196282, 3.29595404045, 1.0875863813, 1.0290957778, 1.09791918701, 1.01944066904, 1.49255119393, 1.1045035672, 0.980789528893, 8.81483755069, 1.00000008006, 1.00000011719, 77.3290249154, 1.05025919055, 5.46230696215, 1.05704334294, 3.61412323963, 0.870000374899, 46.353877956, 11.83144074
5.34407183968, 1.0606122873, 1.58506781528, 1.00000095609, 5.52460586965, 1.06665008485, 4.97443845646, 1.26000053801, 1.00000036076, 5.11985360082, 5.54936860969, 1.0679299817, 3.72680849772, 1.1164597445, 1.06005266375, 1.3043389642, 1.04631927195, 1.05162150354, 8.89452157652, 1.00000039482, 1.00000033049, 118.991008446, 1.06011027243, 1.89477626176, 1.0374389126, 4.24433708996, 0.87000043913, 158.067113829, 12.307751622
3.81582827395, 1.02597409644, 1.38252001543, 1.0000001917, 4.33937558863, 1.1420530122, 1.41606342961, 1.26000067279, 1.00000080823, 5.76323401456, 5.99220274743, 1.04003941457, 3.60858335466, 1.06502462202, 1.00533636562, 1.62715659379, 1.03872243824, 0.972309985885, 3.68106315963, 1.00000076108, 1.00000029653, 117.319028503, 0.973005646349, 2.74745019277, 1.02903954336, 3.35341134033, 0.870000079127, 79.7549930179, 14.357452086
1.41970085936, 1.21479505678, 1.6630646988, 1.00000009966, 6.67892535255, 1.03600939997, 4.56817357227, 1.26000000756, 1.00000045801, 5.64008167909, 5.1796194559, 1.08478548569, 1.5714014235, 1.05191319906, 1.04540179455, 1.10783368068, 1.12559683206, 0.982209834015, 9.56397828564, 1.000000585, 1.00000091333, 91.2012709267, 0.992685624199, 2.59984073355, 1.05604199853, 3.52351973072, 0.870000815594, 120.154214661, 13.1631923479
1.16388067994, 1.11687168372, 1.52794401186, 1.0000009244, 5.35741025634, 1.15045054225, 3.73281587156, 1.26000076186, 1.00000067326, 5.46681867667, 6.91612248202, 1.02294500295, 1.06409639785, 1.00349191039, 1.05316072768, 1.27588422848, 1.09456206282, 0.987713799893, 7.80182932035, 1.00000084333, 1.00000005725, 76.9590167779, 1.06853866968, 4.95753905724, 0.967422587085, 3.53190868939, 0.870000849226, 159.401881628, 11.9823725956
5.72571070509, 1.00869330842, 1.56589801404, 1.00000057935, 6.76065390041, 1.12978301315, 1.79229617934, 1.26000011348, 1.00000095199, 4.96836196282, 3.29595404045, 1.06469491844, 2.09697783845, 1.09791918701, 1.07353655178, 1.49255119393, 1.12900445079, 0.980789528893, 8.81483755069, 1.00000008006, 1.00000011719, 77.3290249154, 1.05025919055, 5.46230696215, 1.05704334294, 3.61412323963, 0.870000374899, 103.939197511, 15.3054690209
4.66706714522, 1.09510867658, 1.65199536614, 1.00000093662, 5.86347850622, 1.02663211076, 4.18717966773, 1.26000029763, 1.00000043431, 5.23411980846, 3.94530258247, 1.0498472665, 4.02346744845, 1.02965749148, 1.05602172425, 1.33238043191, 1.05217747575, 1.04796503314, 9.28869126537, 1.00000032664, 1.00000047152, 116.436602199, 0.97954944017, 1.97610555933, 0.989015344703, 4.14668642895, 0.870000418726, 183.694256699, 12.8599241262
2.9438571948, 1.09957928004, 1.42691100625, 1.00000033472, 5.15639809559, 1.03232385465, 1.80162311797, 1.26000016524, 1.00000092229, 5.15982608561, 7.72199955514, 1.01282839642, 3.66871541213, 1.00830485522, 1.01821082832, 1.55057063084, 1.05488676396, 0.992551205691, 9.41443442289, 1.00000096382, 1.00000007184, 88.5678040259, 1.01204456638, 4.07009914517, 0.95807565246, 3.61817903503, 0.870000630685, 190.123193054, 12.5853223516
5.06417369287, 1.13731516583, 1.44121848364, 1.00000037416, 4.45356850721, 1.16726706103, 4.08026853197, 1.26000051951, 1.00000040401, 6.11797202084, 6.27472277926, 1.00024261251, 2.01858604482, 1.015289887, 1.0679505504, 1.04029932199, 1.00745320352, 1.075685554, 8.5339022127, 1.00000016839, 1.00000062097, 104.689988148, 0.92447942019, 3.07293593668, 0.993547794966, 4.29551503659, 0.870000535745, 119.9046275, 15.5336658219
5.71500668818, 1.1394803592, 1.35918069233, 1.00000066265, 5.60915848306, 1.13504450925, 1.91593508684, 1.26000023892, 1.00000021128, 5.8405389051, 4.33486056942, 1.09840642038, 3.40170653123, 1.07346671536, 1.05505622215, 1.055191712, 1.09447887626, 0.944914033889, 3.85528113331, 1.0000004867, 1.0000002712, 94.4008898084, 1.05138523921, 3.96108320284, 1.01484350568, 3.46019012711, 0.870000346917, 209.381973257, 14.9608172701
5.77462581229, 1.06142155876, 1.61857758355, 1.00000000428, 6.50818285265, 1.12132332235, 2.72707899767, 1.26000057566, 1.00000072388, 5.45234744221, 4.09834272282, 1.09714181068, 3.77958512403, 1.05270370367, 1.02407182161, 1.57390806357, 1.13594841117, 1.04509489428, 6.59491762534, 1.0000002394, 1.00000014136, 95.3220206231, 0.922148924452, 2.2683369041, 1.06329798482, 4.10511198351, 0.870000885362, 222.500825746, 13.561153679
3.21316658121, 1.24262308479, 1.37422793873, 1.00000004043, 4.65127998173, 1.02128436185, 4.26159887036, 1.26000003714, 1.00000075885, 5.06356436303, 4.74303312567, 1.05349488846, 1.47332557687, 1.04185343627, 1.06571311769, 1.04636627496, 1.00199075199, 1.06145653465, 3.26395674764, 1.00000038086, 1.00000004453, 90.8373828162, 1.0001270132, 3.96519862792, 0.978467695277, 4.344761025, 0.870000047325, 153.148679356, 16.4260368165
1.86765679468, 1.1423732692, 1.4269572811, 1.00000031843, 6.45242025038, 1.0386534443, 2.53829096637, 1.26000018681, 1.00000043617, 6.05923095858, 5.19748017425, 1.0320142748, 2.8311668188, 1.08466194621, 1.06699412784, 1.35109605517, 1.06069535486, 1.02907396979, 5.73661869164, 1.00000076237, 1.00000046776, 104.808630207, 0.969144209382, 1.9721372587, 1.06916353142, 4.11664300832, 0.870000301917, 296.41721105, 15.2095856073
4.55122128861, 1.08497648082, 1.36804126952, 1.00000043419, 5.594368403, 1.17144844807, 5.92900694664, 1.26000000964, 1.0000006856, 5.28451589055, 5.12865407573, 1.04661516008, 3.10222350009, 1.02831024933, 1.06855180337, 1.37135171467, 1.10747196483, 1.01181203678, 9.42153132589, 1.00000035336, 1.00000053709, 122.935680649, 0.95086647177, 4.00241204942, 1.00695594747, 3.29175992021, 0.87000001144, 299.649335693, 14.5458860916
1.80034089683, 1.24262308479, 1.36810824943, 1.00000004043, 4.65127998173, 1.02128436185, 4.26159887036, 1.26000003714, 1.00000075885, 5.06356436303, 6.436720944, 1.05349488846, 1.47332557687, 1.04185343627, 1.06571311769, 1.04636627496, 1.04805623542, 1.06145653465, 3.26395674764, 1.00000038086, 1.00000004453, 90.8373828162, 1.00973025494, 3.96519862792, 0.978467695277, 4.344761025, 0.870000591315, 157.982513036, 25.4855780033
2.53503448013, 1.23115993247, 1.61971887038, 1.00000031273, 6.76355561156, 1.12009444687, 2.74803579242, 1.26000017057, 1.00000026023, 5.70066498772, 4.20310497742, 1.03281322586, 1.07045511274, 1.10161501317, 1.03700891786, 1.04422399992, 1.03865355717, 0.983300797427, 7.42027193114, 1.00000063707, 1.00000020241, 98.4467375911, 0.928782034673, 4.26086198946, 1.00595783, 4.17083389333, 0.870000598557, 184.010829087, 18.0349717776
4.56208507794, 1.06498911974, 1.62293817378, 1.00000013666, 4.54901538535, 1.06724895293, 4.52946053677, 1.2600001635, 1.00000074184, 6.05197874494, 3.14270418068, 1.05132661067, 1.80332460331, 1.04111139573, 1.05517644893, 1.37702908849, 1.09536642481, 0.91078956698, 3.61558980028, 1.00000042965, 1.00000052982, 112.009560942, 0.976929907752, 4.2223728513, 0.962639794614, 3.39093003655, 0.870000785646, 170.131573519, 18.7443063296
4.5083315188, 1.27997937004, 1.49757035368, 1.00000019155, 4.36886118359, 1.10525156565, 5.72928118835, 1.26000015088, 1.0000000179, 6.09412945215, 4.29097431333, 1.08980316442, 2.20618794033, 1.09884609564, 1.08715500319, 1.02551413474, 1.10316211335, 0.983453792428, 7.41459888515, 1.00000051411, 1.00000042664, 107.085141108, 0.927673120231, 4.00241204942, 1.01779409573, 4.24166662531, 0.870000899928, 279.777670705, 16.6255561932
4.5085335411, 1.16263529387, 1.72557005106, 1.00000031273, 6.56211822608, 1.12009444687, 3.51336377251, 1.26000008678, 1.00000064151, 5.70066498772, 4.20310497742, 1.06095071768, 2.0051704683, 1.03233673287, 1.00397841066, 1.4751678004, 1.00953620117, 0.985238719646, 4.13241789868, 1.00000025721, 1.00000090767, 114.290057653, 1.08550514087, 3.98578202409, 1.06278567149, 3.81613018119, 0.870000598557, 331.957878785, 15.8471728236
2.0592631097, 1.16669405921, 1.47125243572, 1.00000096617, 5.92336575011, 1.10622333113, 3.77661946158, 1.26000008282, 1.00000011566, 5.621951492, 4.82667140603, 1.00373902127, 2.66457254642, 1.05345534937, 1.0042648551, 1.03567450407, 1.16762300163, 1.07194181216, 6.42646231298, 1.00000079798, 1.00000063653, 75.9608529468, 0.932448962471, 3.81713363903, 0.970830195193, 3.31828175827, 0.870000325697, 385.457457094, 15.5454306127
5.14163563021, 1.04276877691, 1.39479787571, 1.00000016928, 4.81162135897, 1.18964118649, 2.89198583358, 1.26000062343, 1.0000000666, 5.26835544515, 7.50870190958, 1.0538947036, 3.10222350009, 1.08694288062, 1.0725389438, 1.10689332541, 1.01932737548, 1.00839868119, 3.51847401876, 1.00000070298, 1.00000031498, 114.425096082, 1.07470332593, 4.44774760171, 1.05953978505, 3.68344066133, 0.870000352336, 383.047234163, 15.7521908148
3.03256822878, 1.21633338569, 1.34549944385, 1.00000095849, 4.99400849426, 1.13128032179, 5.54138002358, 1.26000017287, 1.00000027175, 5.55848532302, 6.87610384083, 1.00448404632, 3.84339774414, 1.08600244258, 1.02857801974, 1.39023739697, 1.11208251095, 1.01664568727, 5.87869014188, 1.00000014886, 1.00000036515, 95.1395860663, 1.00107873101, 3.73628180932, 0.963714502293, 3.98228843632, 0.870000483177, 222.831081092, 18.7872399125
3.9093429308, 1.3456184215, 1.56766615607, 1.00000025409, 6.04887296871, 1.03120599288, 3.39668901563, 1.26000096006, 1.000000588, 5.4717851483, 6.13549564274, 1.06052847929, 2.0070103238, 1.10169645963, 1.05521979742, 1.35583464839, 1.01810805503, 0.923330706843, 8.55449906581, 1.00000050275, 1.00000096162, 122.555527853, 1.07065335943, 4.11718367265, 0.985776280622, 4.32225950803, 0.870000148414, 200.492571679, 24.1250311498
2.53503448013, 1.23115993247, 1.61971887038, 1.00000095311, 6.76355561156, 1.04513532349, 2.74803579242, 1.26000017057, 1.00000026023, 5.30624908839, 5.13795973953, 1.03281322586, 1.40685112229, 1.10161501317, 1.03700891786, 1.04422399992, 1.03865355717, 0.983300797427, 7.42027193114, 1.00000063707, 1.00000020241, 98.4467375911, 0.928782034673, 4.26086198946, 1.00595783, 4.17083389333, 0.870000776467, 318.760305521, 16.8897534824
5.71500668818, 1.1394803592, 1.35918069233, 1.00000066265, 5.60915848306, 1.13504450925, 1.91593508684, 1.26000023892, 1.00000021128, 5.8405389051, 4.33486056942, 1.09840642038, 3.40170653123, 1.07346671536, 1.05505622215, 1.055191712, 1.09447887626, 0.944914033889, 3.85528113331, 1.0000004867, 1.0000002712, 94.4008898084, 1.05138523921, 3.96108320284, 1.01484350568, 3.46019012711, 0.870000346917, 284.200955195, 17.0151573707
5.06417369287, 1.4172836181, 1.49185198376, 1.00000091091, 4.45356850721, 1.14887845623, 1.77634209542, 1.26000023915, 1.00000019872, 5.85671132162, 4.73031610455, 1.02170649779, 3.82372607303, 1.11698760066, 1.06627079433, 1.54917495458, 1.02343700528, 0.911793819384, 5.51957864965, 1.00000094855, 1.00000033461, 107.257977641, 1.06090937906, 1.16259378898, 1.02349846688, 4.23481583454, 0.870000940214, 424.680065725, 16.8306982832
1.55468709358, 1.07744900451, 1.67382986823, 1.0000007662, 4.90436424551, 1.08393924105, 3.46940202136, 1.26000076627, 1.00000047858, 5.74385856511, 3.45773415727, 1.03797087141, 3.47833299963, 1.07189846594, 1.01909867058, 1.37910204091, 1.07673879047, 0.927887900031, 3.81573784149, 1.00000056298, 1.00000060516, 111.490669909, 0.985378436291, 3.24031242085, 1.04941613504, 3.45219300285, 0.870000505658, 261.898355275, 20.3115953615
5.757846932, 1.26106524692, 1.42771379511, 1.00000047997, 4.47502300698, 1.08882046079, 2.55395009492, 1.26000085651, 1.00000009189, 5.11903247246, 3.50236409344, 1.02038939948, 1.36113751712, 1.03508371686, 1.013821498, 1.29040972876, 1.02549498942, 1.04193131178, 3.14501170794, 1.00000059427, 1.00000040475, 106.670572423, 1.02534214913, 1.63289161881, 1.05704334294, 4.08680812834, 0.870000015165, 254.302558996, 28.5798154019
3.81582827395, 1.02597409644, 1.38252001543, 1.0000001917, 4.33712307229, 1.1420530122, 1.41606342961, 1.26000067279, 1.00000080823, 5.76323401456, 5.99220274743, 1.04003941457, 3.60858335466, 1.06502462202, 1.00533636562, 1.58129339601, 1.03872243824, 0.972309985885, 3.68106315963, 1.00000076108, 1.00000029653, 117.319028503, 0.973005646349, 2.74745019277, 1.02903954336, 3.35341134033, 0.870000079127, 427.199907557, 17.186547117
5.50033830736, 1.37881926233, 1.72146477409, 1.000000158, 4.36469636788, 1.15671863744, 1.06105630843, 1.26000036479, 1.00000027249, 5.89387566584, 5.82094697763, 1.07396960581, 1.80332460331, 1.01714729585, 1.00132060594, 1.18526018722, 1.03558551391, 0.978421650666, 9.04108197113, 1.00000063564, 1.00000039048, 107.828530039, 1.0045439836, 3.87716570468, 0.977421192725, 3.90674544248, 0.870000218611, 263.323439687, 21.2359894073
1.07180489468, 1.23817975487, 1.72505654587, 1.00000089318, 6.88881157643, 1.11444487591, 1.02217137797, 1.26000040614, 1.00000006271, 5.59298712395, 4.2050222869, 1.00820064857, 1.69148056138, 1.06501639635, 1.03726355836, 1.20642532698, 1.13913661794, 1.07073362489, 3.14933769958, 1.00000006799, 1.00000049173, 124.796007302, 0.944898624083, 3.85634455291, 0.95945248668, 4.07810765605, 0.870000344234, 260.554453624, 28.7188923648
2.74824798917, 1.35315617152, 1.50373869258, 1.00000067786, 5.63719021108, 1.16362928597, 1.53133031427, 1.26000074513, 1.00000019709, 5.70635967685, 5.43017469152, 1.05702881795, 2.43048924434, 1.06011507105, 1.01654609533, 1.4423300888, 1.06473796047, 0.919431506766, 8.33019400209, 1.00000099752, 1.00000063289, 117.671323457, 1.00596706521, 5.94584713592, 1.06025499185, 4.12072504764, 0.870000114745, 589.105514257, 17.5546199532
5.83532198715, 1.02238035019, 1.6523842658, 1.00000064429, 6.25127315891, 1.18973454085, 1.5228985285, 1.26000007772, 1.00000076162, 5.04936575991, 4.46769401641, 1.01183751649, 1.33173946085, 1.09083325369, 1.0358260307, 1.5603353393, 1.03708217544, 1.08697894085, 6.7929286792, 1.00000015598, 1.00000008928, 118.582009966, 1.07291110637, 1.8510225514, 0.960122891994, 3.55537457754, 0.87000028025, 627.056372685, 17.3641745672
2.57153907501, 1.02597409644, 1.38252001543, 1.0000001917, 5.22590972289, 1.1420530122, 1.41606342961, 1.26000067279, 1.00000048331, 5.76323401456, 5.99220274743, 1.04003941457, 3.60858335466, 1.06502462202, 1.00533636562, 1.58129339601, 1.03872243824, 0.972309985885, 3.68106315963, 1.00000076108, 1.00000029653, 117.319028503, 0.973005646349, 2.74745019277, 1.02903954336, 3.40690293185, 0.870000004313, 432.180282095, 18.8739755341
3.2875386227, 1.42277860627, 1.3483704136, 1.0000001917, 5.11157411537, 1.05305848529, 1.41606342961, 1.26000095098, 1.00000096507, 5.49393441616, 5.73602701821, 1.09915338852, 3.55582658647, 1.10715757609, 1.03992724398, 1.07712105926, 1.16854769846, 1.10567859363, 4.56294490658, 1.00000043034, 1.00000047638, 104.03526291, 1.01814565828, 2.7641333017, 0.982907658308, 3.54558489686, 0.870000217516, 357.265431324, 21.9314620844
3.03256822878, 1.21633338569, 1.37606141871, 1.00000095849, 4.99400849426, 1.13128032179, 5.54138002358, 1.26000017287, 1.00000027175, 5.55848532302, 6.87610384083, 1.00448404632, 3.84339774414, 1.08600244258, 1.02857801974, 1.39023739697, 1.11208251095, 1.01664568727, 5.87869014188, 1.00000014886, 1.00000036515, 95.1395860663, 1.00107873101, 3.73628180932, 0.963714502293, 3.98228843632, 0.870000483177, 299.279667292, 28.8714510588
5.23510503188, 1.07356382771, 1.65879994654, 1.00000005031, 4.30962844271, 1.07458085576, 5.31572966091, 1.26000081529, 1.00000081679, 5.39856795096, 6.13271620154, 1.09656661293, 3.69393245847, 1.09516049191, 1.02205844631, 1.37180640056, 1.13017307453, 0.942921194802, 6.43256308347, 1.00000083392, 1.00000038008, 114.087896241, 1.01220773108, 1.52065104206, 0.986989877486, 3.69929336499, 0.870000706401, 285.584432585, 28.919606332
4.04512502634, 1.10310235532, 1.38085445561, 1.00000040573, 4.42191159683, 1.04765618619, 5.2612284017, 1.26000046314, 1.00000006857, 6.12959448332, 4.54403809015, 1.07056784764, 2.95654442767, 1.08454609345, 1.06448264036, 1.22203501981, 1.03138378025, 0.927917302851, 9.327686902, 1.00000031076, 1.00000091083, 90.3986277139, 0.970012917553, 5.11779109594, 0.985540540868, 4.06081861343, 0.870000566259, 670.382431861, 18.4367744571
1.76820371519, 1.12378673566, 1.54294284501, 1.00000011584, 4.54273639542, 1.06598630378, 4.61599243692, 1.26000023221, 1.00000014793, 5.72927943566, 5.76332277612, 1.08478886503, 1.94328111099, 1.11970207384, 1.03121273078, 1.14568228407, 1.06127705236, 0.9127838126, 5.26372591803, 1.00000055967, 1.00000027684, 76.6135997302, 0.921689317261, 3.57495907613, 0.985056832555, 3.9831140465, 0.870000245015, 532.719250297, 20.2940299773
2.74824798917, 1.35315617152, 1.50373869258, 1.00000067786, 5.63719021108, 1.16362928597, 1.53133031427, 1.26000074513, 1.00000019709, 5.59468925467, 5.19027588504, 1.05702881795, 2.43048924434, 1.03818240785, 1.01654609533, 1.29087354936, 1.06473796047, 0.949229298995, 8.33019400209, 1.00000095119, 1.00000063289, 117.671323457, 0.979560623411, 4.96712289464, 1.06025499185, 4.12072504764, 0.870000114745, 503.78225091, 20.561315839
1.07180489468, 1.26302707914, 1.72505654587, 1.00000089318, 6.88881157643, 1.09232578602, 1.02217137797, 1.26000041886, 1.00000006271, 5.59298712395, 4.2050222869, 1.00820064857, 1.69148056138, 1.06501639635, 1.03726355836, 1.20642532698, 1.13913661794, 1.07073362489, 3.14933769958, 1.00000006799, 1.00000049173, 124.796007302, 0.944898624083, 3.85634455291, 0.95945248668, 4.07810765605, 0.870000344234, 401.827522774, 23.2794569329
5.48569312412, 1.38133045721, 1.6771637934, 1.00000006588, 7.00872544855, 1.10283565228, 4.00661564042, 1.26000051786, 1.00000090219, 5.04044673618, 7.62206243029, 1.07509973888, 2.01270331323, 1.0015178478, 1.02962749083, 1.38141996886, 1.08321716825, 1.06546593071, 4.47343523374, 1.00000055093, 1.00000071304, 121.731196975, 0.955177793474, 4.8904249277, 0.981114306759, 3.63963148129, 0.870000317603, 319.354293407, 29.0644408275
4.55122128861, 1.08497648082, 1.36804126952, 1.00000043419, 5.594368403, 1.17144844807, 5.92900694664, 1.26000000964, 1.0000006856, 5.28451589055, 7.0669294759, 1.04661516008, 3.10222350009, 1.02831024933, 1.06855180337, 1.37135171467, 1.10747196483, 1.01181203678, 9.42153132589, 1.00000035336, 1.00000053709, 122.935680649, 0.940682937259, 4.00241204942, 1.00695594747, 3.29175992021, 0.87000001144, 766.034229195, 18.6442348493
5.92190122573, 1.26250669413, 1.49946799201, 1.00000000892, 6.90776964014, 1.17544236424, 1.79707152438, 1.26000006117, 1.00000050175, 5.76178072429, 6.82608133554, 1.09571159692, 2.97729048307, 1.02935819313, 1.04817776607, 1.42095201774, 1.08854516364, 1.10714715523, 3.67303441477, 1.00000096122, 1.00000090033, 104.373905335, 1.03894099233, 1.94413608077, 1.02916116067, 3.9603044485, 0.870000833732, 710.322074735, 19.3581922738
5.14163563021, 1.04276877691, 1.39479787571, 1.00000016928, 4.81162135897, 1.18964118649, 2.89198583358, 1.26000060858, 1.0000000666, 5.26835544515, 7.50870190958, 1.0538947036, 3.88568935684, 1.08694288062, 1.0725389438, 1.10689332541, 1.01932737548, 1.00839868119, 3.51847401876, 1.00000070298, 1.00000031498, 114.425096082, 1.07470332593, 4.70902063095, 1.05953978505, 3.68344066133, 0.870000352336, 551.841066363, 20.5047082657
4.5085335411, 1.16263529387, 1.72557005106, 1.00000095311, 5.63862128923, 1.04513532349, 3.51336377251, 1.26000008678, 1.00000064151, 5.30624908839, 5.13795973953, 1.06095071768, 2.0051704683, 1.03233673287, 1.00397841066, 1.4751678004, 1.00953620117, 0.982648813911, 4.13241789868, 1.00000025721, 1.00000090767, 114.290057653, 1.08550514087, 3.98578202409, 1.06278567149, 3.81613018119, 0.870000776467, 546.781504997, 21.3844588939
4.12309812721, 1.0362272825, 1.40256448275, 1.00000081986, 5.33859815681, 1.10474721855, 5.46597836687, 1.2600002103, 1.00000073196, 5.82369163972, 5.91423129155, 1.0689905229, 2.59929841709, 1.10286303915, 1.05626266101, 1.60472879233, 1.00276864043, 1.06424174328, 8.16275556111, 1.00000037087, 1.00000065532, 78.6256216582, 0.937996014836, 3.24811049006, 1.03038609433, 3.60846059108, 0.870000708768, 321.500791241, 30.0507250921
4.04512502634, 1.10310235532, 1.38085445561, 1.00000040573, 4.42191159683, 1.04765618619, 5.2612284017, 1.26000046314, 1.00000064091, 6.12959448332, 5.80911645987, 1.07056784764, 2.95654442767, 1.08454609345, 1.06448264036, 1.22203501981, 1.16911102205, 0.927917302851, 9.03397843568, 1.00000031076, 1.00000091083, 90.3986277139, 0.994032390349, 5.11779109594, 0.960967602975, 4.06081861343, 0.870000190074, 842.924875827, 19.9288840005
5.97312205494, 1.03316979345, 1.71888683803, 1.00000075673, 6.96299279741, 1.14784226369, 1.31907864308, 1.26000019014, 1.00000037768, 5.22812574793, 5.60494746501, 1.05385901171, 3.58433883579, 1.01815939829, 1.06103015819, 1.11003548084, 1.11641943622, 1.07195631461, 6.13769295351, 1.00000011856, 1.00000082368, 98.4315820853, 1.06790615942, 3.60710998798, 1.00997469001, 4.25057000076, 0.870000961249, 597.568061418, 25.0159518545
4.12309812721, 1.0362272825, 1.40256448275, 1.00000081986, 5.33859815681, 1.10474721855, 5.03861769864, 1.2600002103, 1.00000073196, 5.82369163972, 5.91423129155, 1.04186854371, 2.59929841709, 1.10286303915, 1.05626266101, 1.60472879233, 1.00276864043, 0.983974200699, 8.16275556111, 1.00000037087, 1.00000065532, 78.6256216582, 0.937996014836, 3.24811049006, 1.06499176625, 3.60846059108, 0.870000708768, 623.829978799, 21.6410181392
5.48569312412, 1.02238035019, 1.6523842658, 1.00000064429, 6.25127315891, 1.18973454085, 1.48208657701, 1.26000007772, 1.00000076162, 5.04936575991, 4.46769401641, 1.07863138415, 1.33173946085, 1.10669260575, 1.0358260307, 1.5603353393, 1.03708217544, 0.978867005597, 6.7929286792, 1.00000015598, 1.00000008928, 118.582009966, 1.07291110637, 1.8510225514, 0.960122891994, 3.66537642725, 0.870000196572, 335.642389784, 30.7323134573
2.89689322369, 1.29697828543, 1.59631584914, 1.00000075042, 6.02221475865, 1.12132332235, 1.13053949903, 1.26000000727, 1.00000039446, 5.05582197399, 5.84523396979, 1.02477148319, 3.84342981763, 1.01546690288, 1.08827362338, 1.53114622588, 1.03662324938, 1.06844292253, 9.1595096614, 1.00000078233, 1.0000008563, 89.2199341239, 1.02796453844, 5.77620175406, 1.06822713003, 3.7693725882, 0.870000569783, 856.804032159, 20.3316745937
4.01813513471, 1.0672301149, 1.40138979542, 1.00000052408, 5.1237366118, 1.01431724743, 4.62512142316, 1.26000086405, 1.00000059368, 5.00095980896, 4.99279167204, 1.03906085719, 3.73240554585, 1.05449433952, 1.08464365004, 1.13017662151, 1.02618055858, 0.938547573171, 9.95982307745, 1.00000044952, 1.00000071583, 94.4371594913, 0.95400953112, 3.60539135169, 0.972651574364, 3.9982669052, 0.87000048506, 936.082630309, 20.0663199851
4.61788135887, 1.27583850714, 1.50186022438, 1.00000079954, 5.86216889279, 1.02826523817, 3.20429903285, 1.26000000028, 1.00000079498, 5.08879121993, 7.25025920954, 1.04516523414, 2.04156557494, 1.06376715782, 1.00369119479, 1.34258630041, 1.1379366217, 1.02051396884, 9.74112203856, 1.00000021522, 1.00000051999, 100.230825861, 0.934545895159, 5.95917864959, 0.971498678928, 4.34361405156, 0.870000199837, 995.126461918, 20.0236990308
5.77462581229, 1.06142155876, 1.70310545848, 1.00000053505, 6.50818285265, 1.12132332235, 2.72707899767, 1.26000057566, 1.00000072388, 5.45234744221, 4.09834272282, 1.09714181068, 3.77958512403, 1.05270370367, 1.02407182161, 1.57390806357, 1.13594841117, 1.04509489428, 6.59491762534, 1.0000002394, 1.00000014136, 120.687356464, 0.922148924452, 2.2683369041, 1.06329798482, 4.10511198351, 0.870000885362, 622.879476525, 25.8670422323
1.41970085936, 1.21479505678, 1.6630646988, 1.00000009966, 6.67892535255, 1.03600939997, 4.56817357227, 1.26000001272, 1.00000059263, 5.64008167909, 7.49474653667, 1.08478548569, 1.5714014235, 1.05191319906, 1.04540179455, 1.10783368068, 1.12559683206, 0.982209834015, 7.99562756703, 1.000000585, 1.00000081662, 91.2012709267, 0.992685624199, 2.59984073355, 1.05604199853, 3.52351973072, 0.870000815594, 803.77764127, 22.235196138
4.04512502634, 1.10310235532, 1.38085445561, 1.00000078247, 4.42191159683, 1.04765618619, 5.2612284017, 1.26000046314, 1.00000006857, 6.12959448332, 4.54403809015, 1.07056784764, 2.95654442767, 1.08454609345, 1.06448264036, 1.22203501981, 1.06948643225, 0.927917302851, 9.327686902, 1.00000031076, 1.00000091083, 90.3986277139, 0.970012917553, 5.11779109594, 0.985540540868, 4.06081861343, 0.870000566259, 757.775062444, 22.9416465588
1.76820371519, 1.12378673566, 1.54294284501, 1.00000011584, 4.54273639542, 1.06598630378, 4.61599243692, 1.26000023221, 1.00000014793, 5.72927943566, 5.76332277612, 1.08478886503, 1.94328111099, 1.11970207384, 1.03121273078, 1.05302268463, 1.06127705236, 1.07194181216, 5.26372591803, 1.00000055967, 1.00000027684, 75.9608529468, 0.921689317261, 3.57495907613, 0.985056832555, 3.9831140465, 0.870000245015, 431.092241633, 32.374275043
5.14163563021, 1.04276877691, 1.39479787571, 1.00000010637, 4.81162135897, 1.18964118649, 2.89198583358, 1.26000062343, 1.0000000666, 5.26835544515, 7.50870190958, 1.0538947036, 3.10222350009, 1.08694288062, 1.0725389438, 1.10689332541, 1.01932737548, 1.00839868119, 3.51847401876, 1.00000070298, 1.00000031498, 114.425096082, 1.07470332593, 4.44774760171, 1.05953978505, 3.68344066133, 0.870000352336, 447.991524232, 31.1049028415
5.14163563021, 1.04276877691, 1.39479787571, 1.00000016928, 4.81162135897, 1.18964118649, 2.89198583358, 1.26000060858, 1.0000000666, 5.26835544515, 7.50870190958, 1.06095071768, 3.88568935684, 1.03233673287, 1.0725389438, 1.10689332541, 1.01932737548, 1.00839868119, 3.51847401876, 1.00000070298, 1.00000031498, 114.425096082, 1.07470332593, 4.70902063095, 1.05953978505, 3.68344066133, 0.870000352336, 944.371063904, 21.6858653637
2.62305210828, 1.21687145404, 1.5224982008, 1.00000016689, 6.51191565128, 1.02945097306, 1.65142550405, 1.26000062895, 1.00000089822, 5.16187054466, 3.47349779988, 1.05455871228, 2.98802984553, 1.10721759812, 1.03535665628, 1.38618518226, 1.00178335175, 0.972224870817, 3.00029780466, 1.00000033113, 1.00000015122, 76.4804822114, 0.919137761905, 1.16714616723, 1.06205264835, 3.98606048073, 0.870000944354, 983.663611704, 20.3222021285
1.54689813736, 1.17063015942, 1.69601814015, 1.00000083174, 6.71353531024, 1.02809946965, 5.42993784291, 1.26000094347, 1.00000009651, 5.64199649362, 7.37957967711, 1.03237437888, 3.56656853904, 1.06085304931, 1.06234514198, 1.23022969339, 1.0813039936, 0.947070799994, 4.1050176312, 1.00000032286, 1.00000052775, 92.7639970759, 1.0164103855, 3.16524115701, 1.03679913226, 4.01238290384, 0.87000016913, 749.4216915, 26.6321766519
2.44416457084, 1.36820548408, 1.71482834317, 1.00000057154, 5.04603903955, 1.13398632836, 3.57889975527, 1.26000051951, 1.00000083957, 5.21338103816, 3.98903824764, 1.07661721765, 3.35824127153, 1.00435675017, 1.03376792282, 1.06621411098, 1.08964803393, 0.933174112159, 7.93288757839, 1.00000087011, 1.00000090308, 121.266325249, 0.911837857362, 1.3950567922, 0.982352927865, 4.05207607381, 0.870000042268, 819.1193688, 22.4534375547
4.5083315188, 1.27997937004, 1.49757035368, 1.00000019155, 4.42069846224, 1.10525156565, 5.72928118835, 1.26000015088, 1.0000000179, 6.09412945215, 4.29097431333, 1.08980316442, 2.20618794033, 1.02208505953, 1.08517225151, 1.02551413474, 1.10316211335, 0.983453792428, 3.03071398266, 1.00000051411, 1.00000042664, 107.085141108, 0.927673120231, 3.63733739806, 1.01779409573, 4.24166662531, 0.870000899928, 438.485817324, 32.7730221386
5.06417369287, 1.13731516583, 1.44121848364, 1.00000037416, 4.45356850721, 1.16726706103, 4.08026853197, 1.26000019494, 1.00000040401, 6.11797202084, 6.27472277926, 1.00024261251, 2.01858604482, 1.08110398519, 1.0679505504, 1.04029932199, 1.00745320352, 1.075685554, 8.5339022127, 1.00000016839, 1.00000062097, 104.689988148, 0.92447942019, 3.07293593668, 0.993547794966, 4.29551503659, 0.870000535745, 979.424918299, 22.186755455
3.29520839517, 1.29182071091, 1.34806694839, 1.00000062141, 4.98571628601, 1.15192639435, 4.47676080876, 1.26000009553, 1.00000015721, 5.46840542213, 4.1269107677, 1.09317781271, 1.86726242053, 1.03857301795, 1.01203718683, 1.46461701495, 1.06654386172, 0.968459823567, 8.95120121669, 1.00000088171, 1.00000072826, 76.0378572772, 0.993761975482, 4.70514383654, 1.0520174354, 4.26015712968, 0.870000254489, 974.881236069, 22.3261976618
4.5085335411, 1.16263529387, 1.72557005106, 1.00000095311, 5.63862128923, 1.04513532349, 3.51336377251, 1.26000008678, 1.00000064151, 5.30624908839, 5.13795973953, 1.0538947036, 2.0051704683, 1.08694288062, 1.00397841066, 1.4751678004, 1.00953620117, 0.982648813911, 4.13241789868, 1.00000025721, 1.00000090767, 114.290057653, 1.08550514087, 3.98578202409, 1.06278567149, 3.81613018119, 0.870000793275, 1163.46589718, 21.2251654157
2.95147309071, 1.35308728328, 1.63272055885, 1.00000028652, 5.84199674608, 1.05551558635, 4.49127591018, 1.26000020089, 1.00000025467, 6.1990718004, 4.95731782254, 1.01242491825, 2.29906456422, 1.02654306491, 1.04417081435, 1.1192351588, 1.15204474871, 1.01765154946, 7.9176179071, 1.00000068841, 1.00000014271, 81.5258953333, 0.926899143747, 3.50152900762, 0.967901113532, 4.16585860607, 0.870000751254, 786.519844839, 27.6150792969
5.40333946814, 1.25990517076, 1.39424082485, 1.00000098897, 5.930440711, 1.08450077736, 1.68428531014, 1.26000091015, 1.00000027472, 5.80950459551, 7.08387591493, 1.0446317664, 3.9728322064, 1.05635657954, 1.07123231594, 1.14697173858, 1.05878207871, 0.932331112016, 7.01663871301, 1.00000069388, 1.00000086561, 112.708186901, 1.08830427582, 4.86361127243, 1.06274265895, 3.84454452535, 0.870000146065, 825.110472362, 24.496002261
1.76820371519, 1.12378673566, 1.54294284501, 1.00000011584, 4.54273639542, 1.06598630378, 4.61599243692, 1.26000023221, 1.00000014793, 5.72927943566, 5.76332277612, 1.08478886503, 1.94328111099, 1.11970207384, 1.03121273078, 1.14568228407, 1.09982763027, 0.910319984784, 5.26372591803, 1.00000055967, 1.00000027684, 76.6135997302, 0.921689317261, 3.57495907613, 0.995954065106, 3.9831140465, 0.870000245015, 853.37827316, 23.3777517435
2.00561045577, 1.12606739905, 1.36492901859, 1.0000001952, 6.59757988061, 1.10412203244, 2.5342809558, 1.26000006673, 1.00000097984, 6.11827469702, 7.05743316402, 1.00503058983, 3.22596656833, 1.05076110108, 1.00824597282, 1.48878334783, 1.04375181832, 0.911938713772, 9.3701959901, 1.00000015844, 1.00000059188, 114.069282548, 0.981075425821, 4.452916998, 0.989706178345, 3.89421817475, 0.870000699492, 563.865000412, 35.1526225483
5.72571070509, 1.01660167589, 1.56589801404, 1.00000057935, 6.76065390041, 1.12978301315, 1.79229617934, 1.26000002367, 1.00000095199, 4.96836196282, 3.29595404045, 1.0875863813, 1.0290957778, 1.09791918701, 1.01944066904, 1.10000263353, 1.1045035672, 0.980789528893, 4.45551005169, 1.00000008006, 1.00000011719, 77.3290249154, 1.05025919055, 5.46230696215, 1.03325264235, 3.61412323963, 0.870000735096, 510.818048437, 36.2827505987
4.12309812721, 1.0362272825, 1.40256448275, 1.00000081986, 5.33859815681, 1.10474721855, 5.46597836687, 1.2600002103, 1.00000073196, 5.82369163972, 5.91423129155, 1.0689905229, 2.59929841709, 1.10286303915, 1.05626266101, 1.60472879233, 1.00276864043, 1.06424174328, 4.67566501434, 1.00000028523, 1.00000065532, 78.6256216582, 0.937996014836, 1.42724900646, 1.03038609433, 3.60846059108, 0.870000708768, 631.18810936, 33.1487396293
5.34407183968, 1.0606122873, 1.58506781528, 1.00000095609, 5.52460586965, 1.06665008485, 4.97443845646, 1.26000053801, 1.00000036076, 5.11985360082, 5.54936860969, 1.0679299817, 3.72680849772, 1.1164597445, 1.06005266375, 1.3043389642, 1.04631927195, 1.05162150354, 8.89452157652, 1.00000039482, 1.00000033049, 118.991008446, 1.06011027243, 1.08016055969, 1.0374389126, 4.24433708996, 0.870000288371, 1137.42979479, 22.4636767451
5.38478314501, 1.21525636224, 1.46609215893, 1.00000016404, 6.54043504199, 1.05309466018, 4.37810269549, 1.26000069458, 1.00000006226, 5.55744431279, 4.4211969586, 1.01259517145, 3.74906369798, 1.09355052325, 1.00068371761, 1.62867662798, 1.13199180331, 0.917871706002, 7.51181633659, 1.00000006126, 1.00000004351, 90.7198934496, 1.03410058771, 4.35024295124, 1.03252855525, 3.50219323608, 0.870000625683, 852.104883542, 29.8327290721
5.48569312412, 1.02238035019, 1.6523842658, 1.00000064429, 6.25127315891, 1.18973454085, 1.48208657701, 1.26000007772, 1.00000076162, 5.04936575991, 4.46769401641, 1.01183751649, 1.33173946085, 1.10669260575, 1.0358260307, 1.5603353393, 1.03708217544, 0.978867005597, 6.7929286792, 1.00000015598, 1.00000008928, 118.582009966, 1.07291110637, 1.8510225514, 0.960122891994, 3.66537642725, 0.87000028025, 899.825239124, 24.4752210635
2.05660568781, 1.33675578832, 1.54385375733, 1.00000045511, 6.89351159194, 1.11323951852, 1.145510637, 1.2600007691, 1.00000018306, 5.42048166607, 3.90113187397, 1.03660910138, 2.6918213716, 1.0583857725, 1.07550041613, 1.26042448253, 1.03576753499, 1.04998828068, 8.38484972142, 1.00000060723, 1.00000045206, 104.373905335, 1.02206261346, 4.34757773131, 1.06771185093, 3.40690293185, 0.870000918992, 876.845920769, 27.8221770146
3.43849462367, 1.35315617152, 1.50373869258, 1.00000067786, 5.63719021108, 1.16362928597, 1.53133031427, 1.26000074513, 1.00000019709, 5.59468925467, 5.19027588504, 1.05702881795, 2.43048924434, 1.03818240785, 1.01654609533, 1.29087354936, 1.06473796047, 0.949229298995, 5.26372591803, 1.00000095119, 1.00000070744, 117.671323457, 0.979560623411, 4.96712289464, 1.06025499185, 3.9831140465, 0.870000114745, 580.911213147, 35.3387054365
4.93075160826, 1.35752872675, 1.53355618052, 1.00000073642, 6.20124258907, 1.18624793129, 5.32998765154, 1.26000088889, 1.00000047307, 5.77562382419, 6.8744955751, 1.04853958108, 1.13010612727, 1.01815939829, 1.06627160955, 1.24897048001, 1.09557850349, 1.05426364696, 7.55578532321, 1.00000025054, 1.00000036434, 98.7966257241, 1.02370172955, 2.68944317599, 1.02414840351, 4.31932811537, 0.870000945916, 1225.62085919, 22.9176916344
5.23510503188, 1.07356382771, 1.67853092322, 1.00000005031, 4.30962844271, 1.07458085576, 5.31572966091, 1.26000081529, 1.00000081679, 5.34790035281, 6.13271620154, 1.09656661293, 3.69393245847, 1.09516049191, 1.02205844631, 1.37180640056, 1.13017307453, 0.942921194802, 6.43256308347, 1.00000083392, 1.00000038008, 114.087896241, 1.01220773108, 1.52065104206, 0.986989877486, 3.69929336499, 0.870000461751, 983.926341653, 25.0529960911
4.56208507794, 1.06498911974, 1.73729702892, 1.00000013666, 4.24902152692, 1.06724895293, 4.52946053677, 1.2600001635, 1.00000074184, 6.05197874494, 3.14270418068, 1.09571159692, 1.80332460331, 1.04111139573, 1.05517644893, 1.42095201774, 1.09536642481, 0.91845830064, 3.61558980028, 1.00000042965, 1.00000052982, 112.009560942, 0.976929907752, 4.2223728513, 0.962916375381, 3.39093003655, 0.870000785646, 1024.04651042, 24.8454461224
4.66706714522, 1.09510867658, 1.65199536614, 1.00000093662, 5.86347850622, 1.02663211076, 4.18717966773, 1.26000029763, 1.00000043431, 5.23411980846, 3.94530258247, 1.0498472665, 4.02346744845, 1.02965749148, 1.05602172425, 1.28472988434, 1.05217747575, 1.04796503314, 9.28869126537, 1.00000032664, 1.00000047152, 116.436602199, 0.97954944017, 1.97610555933, 0.989015344703, 4.14668642895, 0.870000418726, 1118.97152153, 24.7855146169
2.95147309071, 1.35308728328, 1.63272055885, 1.00000028652, 5.84199674608, 1.05551558635, 4.49127591018, 1.26000020089, 1.00000025467, 6.1990718004, 4.95731782254, 1.01242491825, 2.29906456422, 1.02654306491, 1.04417081435, 1.1192351588, 1.15204474871, 1.01765154946, 7.9176179071, 1.00000068841, 1.00000014271, 78.9283137869, 0.926899143747, 1.65238009103, 0.967901113532, 4.16585860607, 0.870000751254, 925.315272128, 28.1576505975
5.757846932, 1.26106524692, 1.42771379511, 1.00000047997, 4.47502300698, 1.17056714527, 2.55395009492, 1.26000085651, 1.00000009189, 5.11903247246, 3.50236409344, 1.09949082389, 1.36113751712, 1.03508371686, 1.02498902319, 1.29040972876, 1.02549498942, 1.04193131178, 3.14501170794, 1.0000007665, 1.00000027835, 106.670572423, 1.02534214913, 1.63289161881, 1.01819604115, 4.2857775769, 0.870000015165, 606.349194297, 36.1478253302
5.92190122573, 1.26250669413, 1.49946799201, 1.00000000892, 6.79930191457, 1.1573677533, 1.79707152438, 1.26000017107, 1.00000050175, 5.76178072429, 6.82608133554, 1.09571159692, 2.97729048307, 1.02935819313, 1.04817776607, 1.42095201774, 1.08854516364, 1.10714715523, 3.67303441477, 1.00000096122, 1.00000084822, 110.953063172, 1.03894099233, 3.6102301981, 1.02916116067, 3.9603044485, 0.870000833732, 1239.27706049, 23.6354116698
3.9093429308, 1.3456184215, 1.51913863126, 1.00000025409, 6.04887296871, 1.03120599288, 3.39668901563, 1.26000096006, 1.000000588, 5.4717851483, 6.13549564274, 1.06052847929, 2.0070103238, 1.10169645963, 1.01119699965, 1.12296620046, 1.01810805503, 0.923330706843, 8.55449906581, 1.00000095173, 1.00000096162, 122.555527853, 1.07065335943, 5.76184602869, 0.985776280622, 4.32225950803, 0.870000148414, 1311.29224586, 23.6169638802
5.38478314501, 1.21525636224, 1.46609215893, 1.00000016404, 6.54043504199, 1.05309466018, 4.37810269549, 1.26000069458, 1.00000006226, 5.55744431279, 4.4211969586, 1.01259517145, 3.74906369798, 1.09355052325, 1.00068371761, 1.62867662798, 1.13199180331, 0.917871706002, 7.51181633659, 1.00000003974, 1.00000004351, 90.7198934496, 1.03410058771, 4.35024295124, 1.039861131, 3.50219323608, 0.870000625683, 1451.30837386, 22.9364746585
2.74824798917, 1.35315617152, 1.50373869258, 1.00000067786, 5.63719021108, 1.16362928597, 1.53133031427, 1.26000074513, 1.00000019709, 5.59468925467, 5.43017469152, 1.05702881795, 2.43048924434, 1.03818240785, 1.01654609533, 1.29087354936, 1.06473796047, 0.949229298995, 8.33019400209, 1.00000099752, 1.00000063289, 117.671323457, 1.00596706521, 4.96712289464, 1.06025499185, 4.12072504764, 0.870000114745, 1047.16495973, 25.6731325964
3.97979512369, 1.14969910747, 1.51820421355, 1.00000087008, 5.14705201933, 1.14581796991, 3.36095136019, 1.26000091705, 1.00000023604, 5.05469719058, 4.46043039275, 1.01584897443, 2.82016392166, 1.10012966721, 1.03810911461, 1.2019691983, 1.15040286413, 1.05776917752, 4.21050726032, 1.00000006399, 1.00000023509, 124.633008136, 1.08384774141, 5.43804861762, 1.03884375105, 3.52497674853, 0.870000539837, 1040.94727002, 25.8282864153
5.40333946814, 1.17394058796, 1.39424082485, 1.00000098897, 5.930440711, 1.08450077736, 1.36804271911, 1.26000091015, 1.00000027472, 5.80950459551, 7.08387591493, 1.0446317664, 3.9728322064, 1.05635657954, 1.07123231594, 1.14697173858, 1.05878207871, 0.932331112016, 7.01663871301, 1.00000069388, 1.00000086561, 112.708186901, 1.08830427582, 4.86361127243, 1.06274265895, 3.84454452535, 0.870000146065, 1122.29119353, 25.405072129
2.90158577071, 1.0172686767, 1.38702551745, 1.00000087824, 4.61681131187, 1.18789736321, 3.94685833813, 1.26000084771, 1.00000068949, 6.05943236789, 7.70979919972, 1.04481385364, 2.4578528032, 1.06833854131, 1.07166936143, 1.50806176157, 1.07147059496, 1.03009889799, 4.63540487896, 1.00000078676, 1.0000006384, 115.850007383, 1.04968623538, 2.18554351105, 0.965195539641, 3.63853489227, 0.870000973341, 948.001763858, 29.4161262637
5.34407183968, 1.03287045941, 1.73093546187, 1.00000095609, 5.52460586965, 1.06665008485, 4.97443845646, 1.26000053801, 1.00000036076, 5.11985360082, 5.54936860969, 1.0679299817, 2.50695842199, 1.1164597445, 1.06005266375, 1.3043389642, 1.0204901032, 1.05162150354, 8.89452157652, 1.00000039482, 1.00000033049, 118.991008446, 1.06011027243, 1.89477626176, 1.0374389126, 4.23039918882, 0.870000125514, 619.234332652, 37.145430068
5.77462581229, 1.06142155876, 1.70310545848, 1.00000053505, 6.53347790429, 1.06549286357, 2.72707899767, 1.26000057566, 1.00000073305, 5.45234744221, 4.09834272282, 1.09714181068, 3.77958512403, 1.04249856682, 1.02407182161, 1.57390806357, 1.13594841117, 1.04509489428, 5.33039400184, 1.0000002394, 1.00000014136, 108.163160407, 0.922148924452, 2.2683369041, 1.06329798482, 4.10511198351, 0.870000885362, 1321.68934461, 24.0896231485
2.89689322369, 1.29697828543, 1.41906814862, 1.00000075042, 4.6243027394, 1.07492309823, 1.13053949903, 1.26000037894, 1.00000039446, 5.05582197399, 5.84523396979, 1.02477148319, 3.84342981763, 1.01546690288, 1.08827362338, 1.07012970408, 1.03662324938, 1.06844292253, 9.54390017613, 1.00000078233, 1.0000008563, 89.2199341239, 1.02796453844, 1.32492683479, 1.02747112411, 3.7693725882, 0.870000569783, 998.914600614, 30.9126120804
2.73398029546, 1.42328284326, 1.63608410635, 1.00000003238, 6.12774068756, 1.1396997001, 2.31565848643, 1.26000080389, 1.0000005629, 5.42672339908, 7.0975075225, 1.02132309325, 2.32074877012, 1.02660030336, 1.05330884959, 1.23372108132, 1.01558131563, 1.04554370763, 6.52419437577, 1.00000070719, 1.00000092346, 84.1085794762, 0.978646624227, 4.77267794488, 0.995502370052, 4.36216714616, 0.870000190074, 1117.61762047, 25.6766928489
5.74891919575, 1.39361477154, 1.41432867276, 1.00000023861, 4.29881108521, 1.1834780523, 1.99837170774, 1.26000058459, 1.00000082587, 5.55836712652, 5.92423656054, 1.08723205574, 1.04506123756, 1.0028078077, 1.07461553514, 1.32553212566, 1.12653463922, 0.933494985714, 6.50607912968, 1.00000027084, 1.00000029281, 118.063244083, 0.984225685824, 2.15865775766, 0.979893027872, 3.97930002573, 0.870000524083, 1057.03965553, 30.0903465777
