1.55441414411, 1.01031723147, 1.17189534875, 0.875500038686, 7.06615915315, 1.14926457713, 3.90636672804, 0.823457137597, 1.0841173419, 5.21214458777, 7.22157012585, 1.15041220353, 4.32525956583, 1.20242255207, 0.792552703981, 1.37153797866, 1.0536332239, 0.871304447019, 7.88518913246, 1.10220817298, 0.760090794754, 19.4575050333, 1.15421643252, 5.40917146626, 1.1285772555, 2.11371175488, 0.935226683405, 10.4310371202, 234.035323597
3.18117477996, 1.03461344617, 0.772527677282, 1.11841493231, 4.94583392646, 0.717257022261, 4.30233685074, 1.02733576779, 1.12206150294, 2.59834167939, 1.71446954141, 1.05557866865, 2.39222884348, 1.11997539532, 0.862596995615, 1.41129800896, 1.10428756376, 0.872423107827, 9.33862939763, 1.00551323598, 0.809839043935, 282.712065922, 1.10131618938, 4.90942388544, 1.17196991554, 3.42469289618, 1.1536818112, 10.2816101391, 455.108517888
2.60030170962, 1.05667415587, 0.82730312218, 1.12534995565, 2.40684719827, 0.88149146592, 5.83111441955, 1.13018466369, 0.951730705169, 5.58673232366, 5.34511588748, 1.11831319788, 3.71912547065, 1.1570455119, 0.92511882811, 1.4867404894, 1.13179255362, 0.996783129172, 3.94638117173, 1.17101718953, 0.760822271743, 121.51756322, 1.19923888084, 2.68373328129, 1.0108734361, 1.21151305545, 1.1576491773, 15.2417458306, 57.9607235378
1.46403653069, 1.15996637921, 1.2934453552, 0.979574464125, 3.07848296478, 0.946811846913, 3.25237896453, 0.978051677275, 1.09744013283, 1.33500739684, 5.41586748949, 0.894012559436, 4.88902411818, 1.22324532374, 0.836340702405, 1.12040895384, 1.08580177333, 0.829054984414, 9.69907263303, 0.930019147594, 0.825193910157, 123.42050217, 1.07314685007, 3.00957718729, 1.11681071651, 1.5623251165, 1.28076660293, 9.84774733853, 843.770164733
5.8650113075, 1.23349040431, 1.55585481942, 1.14971876241, 1.66241553285, 0.798760096041, 5.29379389511, 1.14041002189, 0.997995751661, 2.33085896616, 6.61144498574, 0.862328202874, 2.77969070594, 1.12934172854, 0.845578786741, 1.2981071674, 1.09631598021, 1.154218032, 4.30469439107, 1.04361746377, 0.79691353153, 409.864353791, 0.848344746888, 4.07031087292, 1.05745488093, 5.46262098855, 1.10756112984, 14.2033166163, 112.785217383
1.38593893126, 1.23141044555, 1.66049871184, 1.05049032399, 2.15855838171, 0.896023248191, 4.57682768689, 1.24486665521, 1.09156929597, 3.9748867212, 6.84239393115, 1.06242289031, 3.74113194505, 1.26096488298, 1.08631422528, 1.40774689475, 1.16105293879, 1.0082969693, 7.24709415012, 0.979548837529, 0.997157077137, 406.741950715, 1.05010667102, 1.37736797498, 1.15121736408, 2.22677120027, 1.22816226437, 11.5869583658, 299.345534707
3.42979230023, 1.39113249163, 1.58118858665, 0.905244796369, 2.8578000838, 0.946811846913, 2.46854719055, 1.04733270956, 1.05840146006, 2.2417053608, 6.96311858644, 1.03853130735, 3.56528295175, 1.17863068912, 0.943444066573, 1.57789151569, 1.1052965156, 1.17432008246, 4.07770477802, 1.1043733172, 0.775492665576, 10.6485290298, 1.12232607199, 3.00957718729, 1.03946852991, 4.29721205418, 0.930029689677, 12.8468439187, 264.241994347
5.917055729, 1.20421913122, 0.759446972562, 0.981963229121, 5.07316527392, 0.769724661074, 3.46715128797, 0.899694072502, 0.989502654855, 5.62014158806, 6.8446802695, 1.17204996191, 3.14737977722, 1.00443968397, 1.06999223505, 1.01343579797, 1.14815328417, 1.1089525662, 9.50627756064, 1.15269692229, 0.903477219624, 203.984749658, 1.14574535158, 4.010627584, 0.957463926352, 5.11368985744, 1.0611141615, 17.1761902437, 255.787571156
2.60030170962, 1.05667415587, 0.82730312218, 1.15485961547, 2.40684719827, 0.88149146592, 5.83111441955, 1.13018466369, 0.951730705169, 5.58673232366, 5.34511588748, 1.11831319788, 3.71912547065, 1.1570455119, 0.92511882811, 1.4867404894, 1.08580177333, 0.996783129172, 3.94638117173, 1.17101718953, 0.760822271743, 121.51756322, 1.19987489821, 2.68373328129, 1.0108734361, 1.21151305545, 1.1576491773, 12.3288907786, 735.872503751
4.91597866388, 1.03156239436, 1.46946600742, 1.14853023472, 1.91150102326, 0.720264280033, 5.92013985554, 0.872790410696, 1.003981296, 4.0728315531, 3.66135189369, 1.21100446721, 1.24710658147, 0.829844445081, 1.07334705853, 1.10676123852, 1.04565737956, 0.83201564968, 5.40281532335, 1.17165436451, 0.97701517534, 59.4376459908, 1.16733735031, 5.89456386189, 1.16238287522, 2.80218636899, 1.2367991644, 11.8055950786, 1910.06815294
5.71109081672, 1.20331334777, 1.15110452007, 0.915371587864, 1.84385238364, 0.885730876412, 4.3487691289, 0.887193485013, 1.01582312013, 4.633784081, 3.49022431715, 0.894691415814, 2.81431704633, 1.11997539532, 0.978065683916, 1.36385264905, 1.12923781545, 1.03859904845, 8.73035869518, 1.07322289412, 0.926391684056, 282.712065922, 1.18835777141, 1.03047861236, 0.996431834276, 5.09040366202, 0.911432474736, 14.6531706181, 364.219485754
2.58830413998, 1.00122159372, 0.979347795439, 1.21031914115, 4.31189350254, 0.975219363597, 2.92461728232, 0.939632353084, 0.912190453139, 4.88174095924, 1.84006746273, 1.14513254417, 4.88476500316, 0.906402771343, 0.876331932188, 1.19946339636, 1.00804235102, 0.950119236386, 4.02552840545, 1.05167523036, 0.947226492788, 162.354112642, 0.904439544219, 1.17624598411, 1.08963870537, 2.92027447944, 1.14680557904, 20.1853471245, 263.02414699
1.46403653069, 1.15996637921, 1.2934453552, 0.979574464125, 3.07848296478, 0.792577387509, 3.25237896453, 0.978051677275, 1.09744013283, 1.33500739684, 5.41586748949, 0.894012559436, 4.88902411818, 1.22324532374, 0.836340702405, 1.12040895384, 1.08580177333, 0.829054984414, 9.69907263303, 0.925757514203, 0.825193910157, 123.42050217, 1.07314685007, 2.7650998741, 1.11681071651, 1.5623251165, 1.02077190647, 12.6560134759, 1176.58609437
5.98313223217, 1.20421913122, 1.59356806161, 0.981963229121, 5.07316527392, 0.724022109887, 3.46715128797, 0.899694072502, 0.989502654855, 3.18451335127, 6.8446802695, 1.17204996191, 3.14737977722, 1.00443968397, 1.06999223505, 1.01343579797, 1.14815328417, 1.1089525662, 9.50627756064, 1.15269692229, 0.903477219624, 203.984749658, 1.14574535158, 4.010627584, 0.957463926352, 5.11368985744, 1.0611141615, 17.6897593164, 460.535772825
1.90001739576, 1.03691609053, 1.59356806161, 1.11043611704, 4.42288936503, 0.724022109887, 5.89386883761, 1.20703903961, 0.908525746345, 3.18451335127, 3.2936711862, 0.980647266908, 4.19317962935, 0.820515510807, 0.818083972736, 1.33148649622, 1.03086163026, 0.99656538689, 8.90213819965, 0.96546416921, 0.882239876963, 104.304973128, 0.998138429488, 3.93794225361, 1.17208053829, 1.60622466766, 1.06860171174, 15.4732855706, 521.954932438
4.72870854283, 1.1741032541, 0.838869609719, 1.06941167825, 3.33777659585, 0.828080846039, 2.89033922148, 0.974413342552, 0.92916202288, 4.94887048874, 5.90324919903, 0.919630872448, 1.85754501295, 1.24667208558, 0.78855819098, 1.14438200426, 1.14130996379, 1.06442490177, 6.56859535437, 0.973677708212, 0.952801943954, 282.178388598, 0.844407646606, 5.74693576531, 1.15433817799, 2.70438291833, 1.27725315966, 15.162097294, 3318.84236687
4.87573872225, 1.05815651544, 1.17658751959, 0.872162306118, 3.21467811037, 0.78024234204, 1.74984481514, 1.20416273986, 1.1269384604, 1.45165753156, 3.43638865947, 0.934138807299, 1.452372698, 1.04061258477, 0.891402875094, 1.41452050297, 1.09674775842, 1.06505394601, 4.48731894472, 0.928637417141, 0.83210967178, 404.554500188, 1.1516483146, 1.11746665532, 1.09185482541, 4.43097800447, 0.930641127322, 30.4907986169, 529.728674429
1.39964944191, 1.35454191908, 1.37512333345, 0.987508584852, 6.53192586097, 1.07778536759, 2.15593789061, 1.24591916129, 1.08808579473, 5.89152372719, 5.32351062054, 0.908186000919, 3.3024106146, 0.85132450612, 1.05012842667, 1.618880374, 1.13313017739, 1.16057808715, 5.56346912661, 1.15215692056, 0.854374781055, 202.207587991, 1.12835548607, 5.12777258523, 1.17192665761, 4.98649560353, 1.2287732084, 17.910259628, 825.448655564
1.38593893126, 1.23141044555, 1.66049871184, 1.05049032399, 2.15855838171, 0.896023248191, 4.57682768689, 1.24486665521, 1.09156929597, 3.9748867212, 6.84239393115, 1.06242289031, 2.4631780839, 1.26096488298, 1.08631422528, 1.40774689475, 1.16105293879, 1.0082969693, 7.24709415012, 0.979548837529, 0.997157077137, 406.741950715, 1.05010667102, 1.37736797498, 1.15121736408, 5.44734985968, 1.22816226437, 18.2117702812, 669.404033606
3.63615283986, 1.0470728225, 0.817268050351, 1.02288808824, 6.6373610778, 0.843604218416, 4.11171311202, 0.82333634236, 0.953183059614, 5.91381537963, 4.67641208359, 1.04853171981, 2.50676376841, 0.930545890848, 0.921763322599, 1.33553121975, 1.08053199154, 1.088324205, 3.92121009138, 0.946228002955, 0.990826431012, 145.474491722, 0.896068431922, 4.92026816466, 1.10501604073, 3.51213618792, 1.23445554248, 15.886136794, 909.325442122
3.42979230023, 1.41570015301, 1.58118858665, 0.905244796369, 2.8578000838, 1.06443817049, 2.46854719055, 1.04733270956, 1.05840146006, 2.2417053608, 7.70432556856, 1.19342220762, 3.56528295175, 1.17863068912, 0.943444066573, 1.57789151569, 1.1052965156, 1.19599980888, 4.07770477802, 1.05274826766, 0.976018827361, 76.0352960034, 1.12232607199, 5.00569109097, 1.02071920116, 4.29721205418, 0.940672530574, 25.0103102038, 551.836690303
5.2694154982, 1.24639002115, 0.968814736707, 1.13508960886, 6.75168943648, 0.841114846162, 5.29031186586, 1.25009262622, 0.991486086572, 2.41925163154, 2.06887862695, 0.920463295944, 4.46536910955, 0.987231936821, 0.996432250586, 1.3760296371, 1.14157629139, 0.821484312342, 4.91681858331, 1.03164762125, 0.81241063534, 198.185358997, 0.965801588357, 5.29472223742, 1.02146840898, 1.74156447888, 0.957538270787, 21.6655812409, 847.730915959
3.55032033926, 1.2988911314, 0.887493178179, 0.976178185066, 3.51485495421, 0.747871605721, 1.08584483082, 1.13628004229, 0.905412690855, 2.64059574665, 7.70354314667, 1.04444890651, 2.19030390364, 0.899098511477, 0.980175589599, 1.60674384222, 1.05704519275, 1.03958202287, 8.7092067166, 0.917882685366, 0.837682892014, 125.593673273, 1.14770670656, 3.44207140908, 1.0222923118, 4.05608680464, 1.27856316901, 16.3237508156, 1113.07949537
5.49960376683, 1.29475813383, 1.66115876294, 0.818558745245, 3.91402237688, 1.11955667646, 2.29210593198, 0.889854080488, 1.08613490835, 2.09406445475, 6.80362739662, 1.10805757342, 1.4969988917, 1.15784052256, 0.951110512925, 1.38312633606, 1.16015240107, 0.931216107081, 9.80751537032, 0.967011914553, 0.867540932361, 311.898055992, 1.12750660308, 1.15524758312, 0.999425877191, 4.88477275023, 1.02316320663, 28.5826150752, 599.054834348
4.62387157269, 1.42053521975, 1.38189552978, 0.891251320815, 2.39438151269, 1.09382278811, 3.5980421193, 0.847896349077, 0.987392299623, 3.51327706097, 5.98747098691, 0.920270289937, 3.82666965121, 1.01252380988, 0.790847880229, 1.06318273059, 1.08279851643, 1.0532047446, 6.41085026795, 1.16970587181, 0.989760356447, 275.055918096, 1.02632437364, 2.75587281566, 1.18640474697, 4.25993048901, 0.922277789254, 28.0517594401, 657.847897288
3.80823728683, 1.31107055552, 1.67858336891, 0.829022261171, 2.15449152839, 0.852889171566, 5.03630243318, 1.04277176933, 0.992251033544, 3.37794201107, 5.99161892098, 0.953879423622, 1.74053465589, 1.25546977651, 1.01462960415, 1.13365167296, 1.13136246169, 0.820227356331, 6.92490704137, 1.14829058941, 0.906475346491, 117.186189667, 0.845554260306, 5.24467146712, 1.14746319203, 2.93623175352, 1.20316642236, 29.9064897031, 555.168521695
5.39542170095, 1.28069177484, 0.814541757864, 0.914397899857, 6.20591377328, 0.719042750111, 2.48324516163, 1.21173558068, 0.925635410098, 6.02731571248, 4.36634465794, 1.19759925398, 1.49601449159, 1.26096488298, 0.816615176297, 1.31595380533, 1.076463101, 1.17551780931, 8.50694910009, 0.934493899103, 0.908458934984, 358.488267802, 1.16434567832, 2.62018212526, 1.04391919918, 4.31772004143, 1.26431411584, 17.4313379838, 2049.31617483
3.55032033926, 1.34230640452, 0.967904776423, 1.13871604439, 3.51485495421, 0.747871605721, 1.45014890732, 1.25705431166, 0.905412690855, 2.51502465514, 6.71926566139, 1.04444890651, 2.19030390364, 1.07913544363, 0.980175589599, 1.60674384222, 1.07023912505, 1.14164887906, 8.7092067166, 1.03548361849, 0.837682892014, 125.593673273, 1.14770670656, 5.26795152644, 1.0222923118, 4.05608680464, 1.27856316901, 18.4212692925, 1172.70384701
5.1804684655, 1.30435508454, 1.00203202909, 1.19914503132, 1.9259234567, 0.787213549004, 4.74431006209, 1.00034684871, 1.02113364149, 5.90250933531, 2.90987550814, 0.895303166312, 3.91916546164, 1.02691915531, 0.808187437444, 1.4429135304, 1.09631598021, 1.22209299639, 7.19463521727, 1.1531389802, 0.863749202759, 204.979742926, 1.11048010546, 4.29838922054, 1.01527977814, 1.02356445337, 0.950588308821, 19.8168630145, 1129.29953126
3.0131561605, 1.35659599042, 1.33754151433, 1.19030206859, 4.20372217606, 0.771781054625, 1.86349019713, 0.824807127308, 0.979489026767, 2.38643994197, 3.6182575383, 0.813623688097, 4.79942958124, 0.940101637348, 0.883787817567, 1.36979033145, 1.0099681751, 0.939245210817, 6.29890080377, 1.07390434984, 0.946148643473, 243.6488065, 1.09347956983, 4.34623433077, 1.23765785732, 4.67129564585, 1.06942781129, 30.9028447622, 831.377345716
1.59885159132, 1.34648776794, 0.969384162561, 1.01473080337, 6.20547344921, 1.00936880859, 3.89899618905, 0.873456672182, 0.966932233049, 4.17225488139, 5.18268466218, 1.04325197841, 1.34666616694, 0.920868520379, 0.983545564251, 1.05242234859, 1.15555902677, 1.14316741942, 4.54491823713, 1.16568598731, 0.853832057038, 212.628600391, 1.18037197518, 4.4497525572, 1.15145447734, 4.27672814429, 0.946127211363, 18.1556317316, 2740.62779683
5.56210481065, 1.42598537784, 0.730943978995, 1.21949131675, 3.78015344731, 0.999717737397, 5.59526560133, 1.00008268873, 1.10445900821, 5.79445315058, 6.75798000118, 1.15586203152, 3.60908019741, 0.946199187039, 0.951666740133, 1.28294371067, 1.14247936751, 0.855352922104, 7.17944274757, 1.0369130718, 0.857359503606, 171.04637294, 1.05381863258, 2.59382232128, 1.16628052261, 3.34188967658, 1.26447239743, 17.780548453, 3651.97488094
5.49960376683, 1.29475813383, 1.66115876294, 0.896332550524, 3.91402237688, 1.11955667646, 2.29210593198, 0.889854080488, 1.105405916, 2.09406445475, 6.80362739662, 1.04753446572, 1.4969988917, 1.15784052256, 0.951110512925, 1.38312633606, 1.16015240107, 0.931216107081, 9.80751537032, 0.967011914553, 0.867540932361, 311.898055992, 1.12750660308, 1.15524758312, 0.999425877191, 4.72236795735, 1.02316320663, 17.4591791951, 8439.61278097
2.54752392451, 1.15973908042, 1.55180304384, 1.02299696342, 3.49208581229, 0.866503613242, 5.11073824279, 1.11283182243, 1.09886233234, 2.31521031873, 3.88941308154, 1.12176101828, 4.85107168273, 1.19970260028, 0.956839385733, 1.42085376898, 1.07156095749, 0.825735601638, 4.42204870109, 0.933597978465, 0.850012480008, 85.6370366575, 0.950220552694, 2.56409224666, 1.02388892933, 2.69628247846, 0.947561993315, 18.6376935869, 1388.74158702
2.79254254512, 1.33171685711, 0.85530188232, 0.919484545773, 4.09690196777, 1.0447673173, 2.66449409397, 0.846073611822, 1.09359881696, 4.46642645656, 1.81018293462, 0.976180037179, 1.07780998061, 1.20423020762, 0.898493330326, 1.61426435957, 1.14740973309, 1.1590250093, 8.75805514131, 0.990139072804, 0.909000481588, 374.282024452, 1.1268441503, 5.04519863638, 0.991730842013, 1.70560944515, 0.938867971879, 19.0405094595, 1320.66906818
2.60806863005, 1.24302919715, 0.997026674143, 1.1292826578, 5.75557958782, 0.904834555236, 1.96369866825, 1.10581521737, 1.11650162937, 5.98880265715, 6.44642293697, 1.1581193621, 2.75921681892, 1.26184824892, 0.860853781604, 1.56694432686, 1.06572086544, 1.03179657789, 9.00612274067, 1.09209757575, 0.897810709388, 386.245966687, 1.10158384411, 4.16175111593, 1.20765267773, 3.801589328, 1.01814940777, 19.5855120009, 1197.17346562
4.90426011957, 1.42755350879, 1.22989433971, 1.20464764147, 2.73857645273, 0.819114501629, 4.59035898419, 1.22733943282, 0.959542769329, 1.72121736424, 5.39289504646, 0.915018300036, 3.27487750795, 1.14677574384, 0.926458496787, 1.33207130405, 1.16594216802, 1.13695467941, 7.3385468307, 1.06296207387, 0.790417035379, 363.005432667, 0.914786215729, 3.53199820215, 1.10605403287, 3.23707915907, 1.28328907955, 23.1199285661, 1143.97499763
4.80049979479, 1.31107055552, 1.67858336891, 0.829022261171, 2.15449152839, 0.852889171566, 5.03630243318, 1.04277176933, 0.992251033544, 3.37794201107, 5.99161892098, 0.953879423622, 1.74053465589, 1.25546977651, 1.01462960415, 1.13365167296, 1.13136246169, 0.820227356331, 6.92490704137, 1.14829058941, 0.906475346491, 117.186189667, 0.845554260306, 5.24467146712, 1.14746319203, 2.93623175352, 1.20316642236, 31.9485807515, 923.283028181
1.39964944191, 1.35454191908, 1.61797447665, 0.93545567348, 6.53192586097, 1.07778536759, 2.98413063958, 1.24591916129, 1.04739421453, 5.89152372719, 5.32351062054, 0.908186000919, 3.3024106146, 0.85132450612, 1.05012842667, 1.618880374, 1.13313017739, 1.16057808715, 5.56346912661, 1.15215692056, 0.854374781055, 202.207587991, 1.12835548607, 5.12777258523, 1.17192665761, 4.98649560353, 1.2287732084, 18.2205352991, 3854.78374388
4.78145182501, 1.18939905677, 1.59706441929, 0.829714324231, 2.92943621166, 1.13062788335, 3.1303233627, 1.02642613717, 1.08569209871, 2.20469674779, 2.22259597328, 1.05313500111, 2.51109626736, 0.963531068117, 0.835495862113, 1.0353789575, 1.04663478123, 1.203517004, 7.74526962096, 1.15683150499, 0.772018797689, 390.001422301, 1.18037197518, 2.47921336984, 1.16096567489, 3.15765100985, 0.984572422175, 19.2058925006, 1779.59537446
2.01681362569, 1.03074301938, 1.34890534673, 1.06236390055, 6.23916963956, 0.761403478902, 5.02218388066, 0.862774581524, 1.12946969545, 2.85522111373, 2.82554894153, 0.960933410726, 3.82599795053, 0.890592390152, 0.801498664905, 1.45993169082, 1.1268308999, 0.993829085332, 7.57433034039, 1.04722740647, 0.913415853079, 256.103608757, 0.963061049339, 5.93709237253, 1.11681071651, 3.99394712052, 0.998378064555, 19.0505044974, 2276.51053056
3.93014004673, 1.30435338596, 1.63001575098, 1.01351029821, 2.54523982648, 0.744686161519, 4.43268691157, 0.867782900017, 0.982705830712, 2.81785402834, 3.9578571761, 0.96806688675, 3.38882123884, 0.907137382895, 0.804695200763, 1.20013835127, 1.16555773606, 1.05408623838, 3.75025685068, 1.18124804505, 0.957577555169, 86.2732545001, 0.87935882465, 1.97399064983, 1.01129597464, 3.13162104409, 1.1502958168, 24.5975834696, 1200.17611498
4.62387157269, 1.42053521975, 1.38189552978, 1.06237499, 2.39438151269, 1.09382278811, 3.5980421193, 0.847896349077, 0.987392299623, 3.51327706097, 4.98788961511, 0.920270289937, 3.82666965121, 0.884317951428, 0.92837282676, 1.06318273059, 1.08279851643, 1.0532047446, 6.41085026795, 1.18205957859, 0.989760356447, 275.055918096, 1.02632437364, 2.75587281566, 1.18640474697, 4.25993048901, 0.922277789254, 23.3322728877, 1393.44976246
4.72870854283, 1.15260024946, 0.838869609719, 1.06941167825, 2.95409648836, 0.828080846039, 2.02951712534, 0.974413342552, 1.09166709626, 4.94887048874, 5.90324919903, 0.919630872448, 1.85754501295, 1.27068093597, 1.03520466039, 1.14438200426, 1.14130996379, 1.06442490177, 6.56859535437, 0.969805037043, 0.952801943954, 306.596561973, 0.844407646606, 5.74693576531, 1.15433817799, 2.70438291833, 0.984446754297, 37.2677952483, 1158.49311508
1.23248739062, 1.32960787812, 1.15523948959, 1.09752245847, 2.55822772889, 0.920490050848, 2.52492854319, 1.01837296223, 1.0113568825, 5.43172289026, 3.35044653211, 0.944468371307, 4.5531794527, 1.24989552692, 1.03520466039, 1.59449227009, 1.08019551192, 1.12551412768, 7.30991500061, 1.17831588718, 0.766328000695, 226.043767166, 1.19194757398, 1.12284457443, 1.22026473454, 3.56857974412, 1.06678638545, 18.2224667965, 4511.26439401
1.70512616963, 1.02750768811, 0.739564496094, 1.17081141177, 5.42608504583, 1.11894186208, 4.16669256261, 1.06627966326, 0.944988166992, 5.60856196797, 3.83098498074, 1.02000992721, 1.86744225671, 0.811121091801, 0.930832319764, 1.42085376898, 1.16600652432, 1.20090033834, 8.31070053297, 0.98871736051, 0.938535191467, 204.979742926, 1.15237680397, 3.60195458291, 1.01845078959, 2.97825662315, 0.881315279703, 20.7347711478, 1857.38039398
3.42979230023, 1.39113249163, 1.58118858665, 0.905244796369, 2.8578000838, 0.946811846913, 2.46854719055, 1.04733270956, 1.05840146006, 2.2417053608, 6.96311858644, 1.03853130735, 5.06078277588, 1.17863068912, 0.943444066573, 1.57789151569, 1.1052965156, 1.17432008246, 4.07770477802, 1.10601172322, 0.775492665576, 76.0352960034, 1.12232607199, 2.43746121666, 1.02071920116, 4.29721205418, 0.930029689677, 19.6183697502, 2792.25838028
5.93038157171, 1.17831802158, 1.71573360794, 1.02767856259, 6.92973263515, 1.17891857743, 3.56669133095, 1.12544100869, 1.003981296, 2.80779738442, 4.84249630406, 1.08937726856, 1.6467051733, 1.13777231428, 1.03967247301, 1.19289410182, 1.12267506142, 1.07759108226, 4.17918336216, 0.978950886546, 0.881295170366, 39.0728903475, 1.00529547149, 5.24405335689, 0.974206840425, 4.41628781958, 1.22322783057, 19.8700077839, 2594.30614142
4.91597866388, 1.03156239436, 1.46946600742, 0.997580191068, 1.91150102326, 0.720264280033, 5.92013985554, 0.872790410696, 1.06314313135, 4.0728315531, 3.66135189369, 1.21100446721, 1.24710658147, 0.829844445081, 1.07334705853, 1.10676123852, 1.04565737956, 0.83201564968, 9.53964575199, 1.17165436451, 0.97701517534, 59.4376459908, 1.16733735031, 4.66182052375, 1.16238287522, 2.80218636899, 1.21660912933, 19.2217683079, 4483.27148441
4.49364621745, 1.00596360525, 0.812440664048, 0.812596487219, 7.06179543901, 0.989261497832, 1.70609887139, 0.846817327379, 0.969152648789, 3.59330238693, 4.51258655062, 1.02814216444, 3.93740630734, 1.06860676547, 0.954369233119, 1.17522986438, 1.08610494613, 1.088324205, 6.72822407826, 1.07361624486, 0.857014778456, 165.550532788, 0.953491500429, 5.19685132619, 1.1348214094, 5.09680736964, 1.29173924861, 26.5516475199, 1261.94958745
2.54752392451, 1.15973908042, 1.55180304384, 1.02299696342, 3.49208581229, 0.866503613242, 5.11073824279, 1.11283182243, 1.09205872596, 2.31521031873, 3.88941308154, 1.12176101828, 4.85107168273, 1.19970260028, 0.956839385733, 1.42085376898, 1.07156095749, 0.825735601638, 4.42204870109, 0.933597978465, 0.850012480008, 85.6370366575, 0.950220552694, 2.56409224666, 1.02388892933, 3.758357085, 0.947561993315, 25.7799272255, 1497.69338357
4.68638963866, 1.08207144333, 1.42992034293, 1.09518943044, 2.76139778275, 1.13318020377, 1.53973266259, 1.2026301717, 1.13557951702, 2.4549134628, 6.96514731447, 0.82270652443, 4.35519503832, 1.07850093325, 0.980636576936, 1.50118370919, 1.04937249965, 1.05262040696, 9.99397031097, 1.12790095967, 0.776046779012, 245.666198568, 1.17135222677, 1.29993305735, 0.996245384187, 4.73444556887, 1.22346956875, 24.798954964, 1572.24396591
5.3206482711, 1.30255993939, 1.07320031129, 0.837320409266, 3.97527284818, 0.795636009209, 2.32447841893, 1.14755882208, 0.902715943345, 5.98825962377, 2.03197638784, 0.903821591484, 2.35349203121, 0.852011641166, 0.922305093388, 1.19075338831, 1.03133192454, 1.03179657789, 4.68140211664, 1.00008609503, 0.9764868129, 406.015330225, 0.864936172418, 5.562733163, 1.07343054959, 3.22830575222, 0.883768936952, 21.8959323411, 2201.95606918
1.17757845421, 1.04513366282, 1.07226623067, 0.812134146729, 6.32818288208, 1.16827819354, 3.88400233964, 0.929565631413, 0.964992774277, 3.89271332165, 2.38142521518, 1.06870425207, 2.48448790042, 1.08222912425, 1.0171577501, 1.1211940194, 1.108561973, 0.813744486573, 6.6343108118, 1.04808533604, 0.826916849708, 192.638771265, 1.04379890662, 4.18030220186, 1.04255151692, 3.61834498045, 0.946232790937, 23.7275004836, 1934.26097925
4.45926895145, 1.32960787812, 1.15523948959, 1.09752245847, 2.89351131328, 0.920490050848, 2.52492854319, 1.01837296223, 1.02201426243, 5.43172289026, 6.46920596109, 0.944468371307, 4.5531794527, 1.24989552692, 1.03520466039, 1.59449227009, 1.02572480044, 1.12551412768, 7.30991500061, 1.17831588718, 0.766328000695, 226.043767166, 1.19194757398, 2.70530061147, 1.17757374521, 3.56857974412, 1.16514985663, 21.4768487605, 2281.14712318
4.45926895145, 1.32960787812, 1.15523948959, 1.09752245847, 2.89351131328, 0.920490050848, 2.52492854319, 1.01837296223, 1.02201426243, 5.43172289026, 6.46920596109, 0.944468371307, 4.5531794527, 1.24989552692, 0.78855819098, 1.59449227009, 1.02572480044, 1.12551412768, 7.30991500061, 1.08269845055, 0.766328000695, 226.043767166, 1.19194757398, 2.70530061147, 1.17757374521, 3.56857974412, 1.16514985663, 20.0436495396, 3059.67907904
5.44109639356, 1.08749573092, 1.10901800888, 0.966738802848, 6.02554939308, 0.934802005726, 4.8519454344, 0.820156842786, 0.925567422081, 5.25228104802, 4.29358238998, 0.898767723802, 4.74956794793, 1.25030116839, 1.03083279885, 1.37043987561, 1.16672674856, 0.903416037837, 8.10233504926, 0.973865292689, 0.940986898481, 102.014837088, 1.13576139629, 4.4497525572, 0.985574881234, 1.75903761093, 1.03895584779, 20.8518607512, 2670.3585975
3.63615283986, 1.15643586899, 0.817268050351, 0.812596487219, 6.6373610778, 0.843604218416, 3.86625129689, 0.82333634236, 0.953183059614, 5.91381537963, 4.67641208359, 1.21607394536, 2.50676376841, 0.930545890848, 0.921763322599, 1.33553121975, 1.08053199154, 1.088324205, 5.00643657003, 0.914544573716, 0.92545781974, 145.474491722, 0.896068431922, 4.92026816466, 1.10346155066, 3.45501378057, 1.23445554248, 19.2445994149, 5405.72345177
1.39964944191, 1.35454191908, 1.1775497652, 0.987508584852, 6.8874921215, 1.07778536759, 2.15593789061, 1.24591916129, 1.08808579473, 5.89152372719, 5.90324919903, 0.908186000919, 4.80709055667, 1.24667208558, 0.811906450151, 1.618880374, 1.13313017739, 1.16057808715, 5.56346912661, 1.15215692056, 0.773011793893, 202.207587991, 1.12835548607, 5.12777258523, 1.17192665761, 4.98649560353, 1.2287732084, 27.1378133488, 1300.11113006
5.31609137659, 1.17103146402, 0.760968250769, 1.01550777239, 6.09911399025, 0.998529658756, 5.14460381607, 0.959972328636, 0.949919914855, 2.21860458051, 7.71459313565, 1.121430384, 1.28690680036, 1.03444688919, 0.938182970961, 1.47646384041, 1.08019551192, 1.09698123029, 4.56017641345, 0.967991076935, 0.857359503606, 161.403843622, 1.13156299552, 5.97313969321, 1.00858362132, 4.39407492655, 1.11741324585, 26.2831212539, 1585.14590081
1.06419929448, 1.28641014875, 1.58063966243, 0.86106633722, 6.9577199613, 1.01803406342, 1.85405578323, 1.15574275038, 0.939991748254, 6.16765811606, 7.31631936358, 1.08060706702, 2.72204298531, 1.11734205183, 1.04569602136, 1.28391510999, 1.00335419211, 1.16585772731, 3.35476746667, 1.14873139622, 0.938788949099, 150.798813994, 1.17131916048, 4.52457510607, 1.0034557157, 3.52861745762, 1.08561982533, 25.1591309091, 1878.19027965
4.72870854283, 1.15260024946, 0.838869609719, 1.06941167825, 2.95409648836, 0.828080846039, 4.6065139427, 0.974413342552, 1.04312218623, 4.94887048874, 5.90324919903, 0.919630872448, 1.85754501295, 1.27068093597, 0.78855819098, 1.14438200426, 1.14130996379, 1.06442490177, 6.56859535437, 0.973677708212, 0.952801943954, 282.178388598, 0.844407646606, 5.74693576531, 1.15433817799, 2.70438291833, 1.27725315966, 22.1440687984, 2231.0823814
4.49364621745, 1.00596360525, 0.812440664048, 1.08728710438, 7.06179543901, 0.989261497832, 1.70609887139, 0.846817327379, 0.980824982308, 3.59330238693, 4.51258655062, 1.02814216444, 3.93740630734, 1.06860676547, 0.954369233119, 1.17522986438, 1.08610494613, 0.829996490784, 6.72822407826, 1.07361624486, 0.857014778456, 165.550532788, 0.953491500429, 5.19685132619, 1.1348214094, 5.09680736964, 1.20962871411, 20.9758388575, 3216.13592752
5.84939155782, 1.31107055552, 1.67858336891, 0.829022261171, 2.15449152839, 0.852889171566, 1.96369866825, 1.04277176933, 0.992251033544, 3.37794201107, 5.99161892098, 0.953879423622, 1.74053465589, 1.25546977651, 1.01462960415, 1.13365167296, 1.13136246169, 1.03179657789, 6.92490704137, 1.14829058941, 0.906475346491, 117.186189667, 0.845554260306, 5.24467146712, 1.14746319203, 2.93623175352, 1.20316642236, 21.6329105392, 3020.38322745
4.8811744423, 1.0853935438, 1.49060096, 0.803721359764, 2.79427218119, 0.781321365161, 2.46421464072, 1.18926323251, 0.916541910247, 2.79826110081, 1.63669542224, 1.19174371171, 1.86847751741, 0.93445168298, 0.797834075524, 1.0791401893, 1.16477630286, 0.959993647836, 7.18849190336, 1.09697785811, 0.850161542536, 93.6913008055, 1.10717302375, 5.10596503588, 1.20297357902, 4.54634587332, 0.892300135814, 19.51858699, 8483.22275298
4.87573872225, 1.05815651544, 1.17658751959, 0.872162306118, 3.21467811037, 0.78024234204, 1.53720662927, 1.20416273986, 1.1269384604, 1.45165753156, 3.43638865947, 0.934138807299, 1.452372698, 1.04061258477, 0.794552563709, 1.60880120599, 1.09674775842, 1.06505394601, 4.48731894472, 0.928637417141, 0.83210967178, 404.554500188, 1.1516483146, 1.11746665532, 1.09185482541, 4.43097800447, 0.930641127322, 34.430280213, 1403.79323462
1.38593893126, 1.23141044555, 1.66049871184, 1.05049032399, 2.15855838171, 0.896023248191, 5.66567180593, 1.24486665521, 1.09156929597, 2.65734239603, 6.84239393115, 1.06242289031, 3.08635996949, 0.857432261464, 1.08631422528, 1.40774689475, 1.16105293879, 1.0082969693, 7.24709415012, 0.979548837529, 0.997157077137, 176.720338739, 1.05010667102, 1.37736797498, 1.15121736408, 5.44734985968, 1.22816226437, 22.5662244003, 2601.48825558
3.18117477996, 1.03461344617, 0.772527677282, 1.11841493231, 4.94583392646, 0.717257022261, 4.30233685074, 1.05313605165, 1.12206150294, 2.59834167939, 1.71446954141, 1.05557866865, 2.39222884348, 1.11997539532, 0.862596995615, 1.37153797866, 1.10428756376, 0.831793836519, 9.33862939763, 1.10220817298, 0.809839043935, 282.712065922, 1.10131618938, 4.90942388544, 1.17196991554, 3.42469289618, 1.1536818112, 23.2847531544, 2244.85343833
5.44109639356, 1.08749573092, 1.10901800888, 0.966738802848, 6.02554939308, 0.847509902075, 4.8519454344, 0.820156842786, 0.925567422081, 5.25228104802, 4.29358238998, 0.898767723802, 5.04533722172, 1.10905311223, 1.03083279885, 1.37043987561, 1.16672674856, 0.903416037837, 8.10233504926, 0.973865292689, 0.940986898481, 102.014837088, 1.13576139629, 3.07498670222, 0.985574881234, 1.75903761093, 1.11739089791, 22.0694547296, 6795.12424375
1.72320252889, 1.12652174385, 1.66858656951, 0.950845555724, 1.52476569015, 0.761499707561, 3.88458646412, 1.21701218191, 0.938799097739, 5.19105707452, 2.84474928644, 1.04095415156, 4.48960161057, 1.2593118343, 1.04506267285, 1.39952351755, 1.03428928426, 0.816417355999, 8.50952955572, 1.10746993432, 0.861872115471, 393.11790439, 1.14416295599, 5.77581178901, 1.07807715447, 2.11704241238, 1.06987756366, 22.1741036804, 3761.28357685
5.73103933091, 1.35509124725, 1.70628573951, 0.950491063871, 2.29870738822, 1.09239739019, 3.18540705818, 0.938786076805, 1.07219121406, 5.18784265495, 7.29110578235, 1.04853171981, 4.80709055667, 0.821266300694, 0.780626650052, 1.33723293546, 1.06802742883, 1.22436442836, 7.6227546523, 0.916004585089, 0.773011793893, 118.445707233, 1.01101626543, 1.82039419821, 0.992595864409, 5.35102724438, 0.958899819555, 19.6797248177, 10733.5636516
1.39964944191, 1.35454191908, 1.37512333345, 0.987508584852, 6.8874921215, 1.07778536759, 2.15593789061, 1.24591916129, 1.08808579473, 5.89152372719, 5.90324919903, 0.908186000919, 3.3024106146, 1.24667208558, 0.811906450151, 1.618880374, 1.13313017739, 1.16057808715, 5.56346912661, 1.15215692056, 0.854374781055, 202.207587991, 1.12835548607, 5.12777258523, 1.17192665761, 4.98649560353, 1.2287732084, 21.9544877844, 9714.0224537
2.79254254512, 1.30150163654, 0.85530188232, 0.919484545773, 2.28387135456, 1.0447673173, 2.66449409397, 0.846073611822, 1.09359881696, 4.46642645656, 1.81018293462, 0.976180037179, 1.07780998061, 1.20423020762, 0.898493330326, 1.61426435957, 1.14740973309, 1.1590250093, 8.5818440552, 0.990139072804, 0.909000481588, 374.282024452, 1.1268441503, 5.04519863638, 1.00148130007, 1.70560944515, 0.938867971879, 26.1554245579, 2300.9462007
5.2694154982, 1.24639002115, 0.968814736707, 1.13508960886, 6.42273022314, 0.841114846162, 5.29031186586, 1.15194918889, 0.991486086572, 2.41925163154, 2.06887862695, 0.920463295944, 3.76716560158, 0.987231936821, 0.996432250586, 1.3760296371, 1.13130813072, 0.892083960664, 4.91681858331, 1.03164762125, 0.864102744293, 198.185358997, 0.965801588357, 5.29472223742, 1.02146840898, 1.74156447888, 0.957538270787, 25.1536431128, 2622.38914313
5.16250672458, 1.07435551876, 1.38169026868, 0.863519503005, 2.62408063955, 0.770837983891, 4.44888037592, 1.19460468686, 1.08537656166, 3.07882179664, 7.78094133399, 0.892968328082, 3.17982710515, 0.901740400653, 1.06806875159, 1.34545606451, 1.00553606919, 0.918025532481, 8.20010663683, 0.967819898148, 0.76969993324, 11.9002772154, 1.1001183324, 5.37912892547, 1.0531499091, 5.4676183723, 0.904084131402, 26.0138665064, 2565.35845377
1.72320252889, 1.12652174385, 1.66858656951, 0.914397899857, 1.52476569015, 0.761499707561, 3.88458646412, 1.21701218191, 0.938799097739, 5.19105707452, 2.84474928644, 1.04095415156, 4.48960161057, 1.2593118343, 1.04506267285, 1.39952351755, 1.03209945664, 0.816417355999, 8.50952955572, 1.10746993432, 0.861872115471, 393.11790439, 1.14416295599, 5.77581178901, 1.07807715447, 2.11704241238, 1.20980797767, 24.9197309292, 2673.27970255
2.58135547313, 1.05004376339, 1.09331181014, 1.013416393, 5.811612847, 0.856564980471, 5.7883330576, 0.847619516441, 1.11980582192, 5.31145904797, 5.23680305057, 1.15234525945, 2.1870295417, 0.953314024995, 0.993997478841, 1.2430910212, 1.03898619168, 1.04643241795, 4.40236247472, 1.07931601483, 0.838222231903, 407.287881296, 1.17531726478, 1.03487179578, 1.10558756216, 3.29192125511, 0.93950443196, 23.7351478247, 3082.65356904
5.56210481065, 1.3745958723, 0.730943978995, 1.21949131675, 3.78015344731, 0.999717737397, 5.59526560133, 1.00008268873, 1.10445900821, 5.79445315058, 6.75798000118, 1.15586203152, 3.60908019741, 0.946199187039, 0.951666740133, 1.28294371067, 1.14247936751, 0.86972983966, 7.17944274757, 1.0369130718, 0.78732463489, 171.04637294, 1.09577355816, 2.59382232128, 1.16628052261, 4.6357469116, 1.26447239743, 25.9230376299, 2586.72021465
1.23927059324, 1.04513366282, 1.12624743633, 0.873520399386, 6.32818288208, 1.16827819354, 3.88400233964, 0.929565631413, 0.964992774277, 3.89271332165, 2.38142521518, 1.06870425207, 2.48448790042, 1.20423020762, 1.0171577501, 1.1211940194, 1.14740973309, 0.813744486573, 6.6343108118, 0.997794686766, 0.826916849708, 192.638771265, 1.04379890662, 5.04519863638, 1.04255151692, 3.06589886951, 0.946232790937, 22.1183860392, 7241.02150358
3.63615283986, 1.15643586899, 0.817268050351, 1.14746397779, 6.80607779827, 0.843604218416, 3.86625129689, 0.82333634236, 0.953183059614, 5.91381537963, 4.67641208359, 1.21607394536, 2.50676376841, 0.930545890848, 1.04380635257, 1.33553121975, 1.08053199154, 0.829996490784, 5.00643657003, 0.914544573716, 0.92545781974, 145.474491722, 0.896068431922, 4.92026816466, 1.10346155066, 3.45501378057, 1.10366350333, 22.1784762926, 5088.92952226
4.49364621745, 1.25304713685, 0.812440664048, 1.08728710438, 7.06179543901, 0.989261497832, 1.70609887139, 0.846817327379, 0.980824982308, 4.56149866769, 4.51258655062, 1.02814216444, 3.93740630734, 1.06860676547, 0.954369233119, 1.17522986438, 1.08610494613, 1.18758480156, 6.72822407826, 0.920739169483, 0.857014778456, 165.550532788, 1.05613869657, 5.19685132619, 1.1348214094, 5.09680736964, 1.20962871411, 22.5931141302, 4397.40195433
4.95038323963, 1.39256409428, 1.52780836501, 0.812763342604, 6.79313612247, 0.985918021425, 5.17437150946, 0.954855323798, 0.934183951276, 2.66290708757, 6.88266609942, 0.87255051467, 2.35349203121, 0.97772791409, 1.0270585887, 1.17237201176, 1.16135494122, 0.8149245151, 9.65036773558, 1.06239321639, 0.767095547701, 56.4548554568, 1.13103125992, 3.24363859845, 1.17349208999, 2.73628663506, 1.05308904824, 23.1295900743, 4050.66069528
3.55032033926, 1.34230640452, 0.967904776423, 0.976178185066, 3.51485495421, 0.747871605721, 1.08584483082, 1.25705431166, 0.905412690855, 2.64059574665, 7.70354314667, 1.04444890651, 2.19030390364, 1.07913544363, 0.980175589599, 1.60674384222, 1.05704519275, 1.03958202287, 8.7092067166, 0.917882685366, 0.837682892014, 125.593673273, 1.14770670656, 3.44207140908, 1.0222923118, 4.05608680464, 1.27856316901, 21.7867710779, 14376.9757452
4.28462948426, 1.05604853683, 1.18191660973, 0.806093507402, 2.80579186515, 0.85154112075, 3.48606094276, 1.13628004229, 1.02065730638, 4.96438116612, 4.59769165782, 0.85224993201, 2.54484346489, 0.899098511477, 0.987162735468, 1.57173285803, 1.09377645186, 1.06472161569, 5.36873991264, 1.03496241468, 0.790846701515, 162.832115097, 1.17837484211, 4.071500614, 1.03358225024, 3.56407262222, 1.28231434887, 21.8297490566, 14340.8059842
5.39542170095, 1.23570877179, 0.814541757864, 0.914397899857, 6.20591377328, 0.753547567252, 2.48324516163, 1.21045423249, 0.925635410098, 6.02731571248, 4.36634465794, 1.19759925398, 1.49601449159, 0.857432261464, 0.807116946949, 1.31595380533, 1.076463101, 1.17551780931, 8.50694910009, 0.934493899103, 0.908458934984, 358.488267802, 1.16434567832, 2.62018212526, 1.04391919918, 4.31772004143, 1.26431411584, 30.8810095143, 2359.61901207
2.60806863005, 1.24302919715, 0.997026674143, 1.1292826578, 3.00941001922, 0.778258952501, 1.96369866825, 1.10581521737, 1.11650162937, 5.98880265715, 6.44642293697, 1.1555130786, 2.75921681892, 1.24379921641, 0.860853781604, 1.56694432686, 1.16014870294, 0.892772655812, 9.00612274067, 1.09209757575, 0.897810709388, 386.245966687, 0.854547765425, 5.19088547, 1.20765267773, 3.80399296656, 1.01814940777, 25.5271409939, 2815.35075118
3.42979230023, 1.41570015301, 1.58118858665, 0.905244796369, 2.8578000838, 1.06443817049, 2.46854719055, 1.04733270956, 1.05840146006, 2.2417053608, 3.00105013351, 1.03853130735, 3.56528295175, 1.17863068912, 0.943444066573, 1.57789151569, 1.1052965156, 1.19599980888, 4.07770477802, 1.05274826766, 0.976018827361, 76.0352960034, 1.12232607199, 5.00569109097, 1.02071920116, 4.29721205418, 0.940672530574, 24.2134960013, 3236.84011035
4.89763635155, 1.05934732024, 1.41803926706, 1.13607110238, 7.00730538726, 0.887969024724, 4.73091866324, 1.24902764921, 1.00978199869, 2.08843469658, 7.70432556856, 1.19342220762, 4.62379982515, 0.954748113694, 0.935957570065, 1.46887245266, 1.0678720096, 0.837130906799, 3.02247781935, 1.1728936517, 0.832393410623, 136.050999345, 0.876816951695, 1.97150169269, 0.987374784265, 1.27976134992, 1.13709776593, 24.6101354131, 3225.20831043
3.25406712296, 1.42810547921, 1.25789581717, 1.19536633243, 6.47997165864, 0.821015012508, 2.01308181021, 0.900027927622, 1.09108322944, 5.49001942031, 6.48398270128, 0.946039896254, 4.81692642657, 0.967492097323, 1.03891319071, 1.55866516148, 1.14102877662, 1.00174937103, 3.4858750411, 1.08287951434, 0.975603074697, 368.102111808, 1.12199807359, 2.73294631751, 1.21882039626, 3.67474169725, 1.006179789, 24.0615728447, 3501.14567824
3.47256185935, 1.01723301715, 1.5000903259, 1.13130246393, 6.88036766758, 0.936366699806, 3.84254787841, 1.04229382958, 0.952091319721, 1.38761086992, 2.0963213901, 1.02826254865, 2.1035882792, 1.28552729037, 0.819759391386, 1.56805187105, 1.00424846105, 0.829996490784, 4.58116248189, 1.09482985685, 0.796745615974, 207.03498355, 0.882046585847, 2.15107754476, 1.10474564369, 4.27794160264, 1.29659092063, 24.0501274752, 3530.35119822
5.67872795133, 1.14792542055, 1.26630945801, 0.929174897091, 1.88914497067, 1.16546939087, 3.37386905034, 0.885925234823, 1.11393915289, 5.0736752551, 7.05142878617, 1.15364661745, 2.39594244296, 1.06107738423, 0.936805177868, 1.53000494429, 1.14300681545, 1.21020210388, 4.34734959683, 0.946656401401, 0.839039312928, 23.8718031595, 0.98877145432, 4.37176146042, 1.06467649059, 1.23309982101, 1.05270394116, 30.1609363957, 2746.93142152
4.89763635155, 1.05934732024, 1.41803926706, 1.13607110238, 6.13676141798, 0.887969024724, 4.32746011473, 1.20210639182, 1.00978199869, 2.08843469658, 7.70432556856, 1.19342220762, 4.62379982515, 0.954748113694, 0.935957570065, 1.46887245266, 1.0678720096, 0.837130906799, 3.02247781935, 1.1728936517, 0.832393410623, 136.050999345, 0.876816951695, 1.97150169269, 0.987374784265, 1.27976134992, 1.13709776593, 23.0400751821, 4435.01063881
5.39542170095, 1.23570877179, 0.814541757864, 0.914397899857, 6.20591377328, 0.719042750111, 2.48324516163, 1.21045423249, 0.925635410098, 6.02731571248, 4.36634465794, 1.19759925398, 1.49601449159, 1.26096488298, 0.816615176297, 1.31595380533, 1.076463101, 1.17551780931, 8.50694910009, 0.934493899103, 0.908458934984, 358.488267802, 1.16434567832, 2.62018212526, 1.04391919918, 4.31772004143, 1.26431411584, 22.6250993313, 9316.5952974
5.66119050768, 1.41255099104, 1.19245718522, 0.921963529315, 4.59212858888, 0.904834555236, 1.28638435119, 1.10887169724, 1.12775267169, 1.52645488773, 2.94740095789, 1.10681192337, 3.65713649101, 1.07991192738, 0.781126463119, 1.10283655945, 1.1167397607, 1.14399090756, 5.25402342721, 1.06668088027, 0.861248417668, 368.564931968, 1.15082167769, 4.16175111593, 0.954149847335, 1.90957215419, 1.02272420726, 22.1335446979, 14480.8512795
4.87573872225, 1.05815651544, 1.11233134632, 0.872162306118, 3.21467811037, 0.78024234204, 1.74984481514, 1.20416273986, 1.1269384604, 1.45165753156, 3.43638865947, 0.99360485912, 3.82666965121, 1.04061258477, 0.891402875094, 1.41452050297, 1.08279851643, 1.06505394601, 4.48731894472, 0.928637417141, 0.83210967178, 404.554500188, 1.1516483146, 1.11746665532, 1.09185482541, 4.76591369137, 0.930641127322, 31.6965226429, 2387.97788798
3.87924790673, 1.28835708871, 1.21195513267, 1.11124798516, 3.02088703197, 1.02314466528, 5.22221570637, 1.11174136039, 1.01059839633, 3.59327869048, 2.93866713343, 0.947733039515, 1.65550927588, 0.861870137905, 0.861675605374, 1.49850907175, 1.0163095746, 1.17227486923, 8.13345049497, 0.940351310416, 0.853652802743, 402.430257468, 0.965704360968, 1.50338611728, 1.13471206871, 1.86148419344, 1.01994908062, 22.1633131109, 15592.4626082
5.73103933091, 1.22940100723, 1.70628573951, 0.950491063871, 2.29870738822, 0.853445897792, 3.18540705818, 0.938786076805, 1.07219121406, 5.18784265495, 7.29110578235, 1.04853171981, 4.80709055667, 0.81200717669, 0.780626650052, 1.33723293546, 1.06802742883, 0.813744486573, 7.6227546523, 0.916004585089, 0.773011793893, 118.445707233, 1.01101626543, 1.82039419821, 0.992595864409, 5.35102724438, 0.958899819555, 23.2120881717, 6202.78180104
3.24097202106, 1.41106862286, 1.07320031129, 0.956608148874, 4.89463935875, 0.795636009209, 2.32447841893, 1.14755882208, 0.902715943345, 5.98825962377, 2.03197638784, 0.903821591484, 2.35349203121, 0.852011641166, 0.922305093388, 1.1673300472, 1.03133192454, 1.03179657789, 4.68140211664, 1.00008609503, 0.9764868129, 406.015330225, 0.864936172418, 5.562733163, 1.07343054959, 3.22830575222, 1.005910346, 26.6062163573, 2838.77306751
5.3206482711, 1.35045948665, 1.2863174337, 0.837320409266, 4.88710702761, 1.01924366451, 1.78071573722, 1.09600359594, 1.01139314997, 1.60022577157, 1.97122142972, 0.871274086243, 3.77206096613, 1.23802062595, 1.05501802028, 1.33095293353, 1.00660146097, 0.970024734866, 9.26443516141, 0.932910010336, 0.819322961923, 186.188058449, 0.983199053276, 5.48474236393, 1.09996855842, 5.30977168937, 1.04848410739, 24.9479652712, 3990.25527594
5.39542170095, 1.23570877179, 0.849712516028, 0.914397899857, 6.20591377328, 0.753547567252, 2.48324516163, 1.21045423249, 0.925635410098, 6.02731571248, 4.36634465794, 1.19759925398, 1.49601449159, 0.857432261464, 1.0270585887, 1.31595380533, 1.076463101, 1.17551780931, 4.52733441206, 0.934493899103, 0.908458934984, 358.488267802, 1.16434567832, 2.62018212526, 1.04391919918, 4.31772004143, 1.26431411584, 24.3979463526, 6075.94427954
