1.76820371519, 1.12378673566, 1.54294284501, 1.00000011584, 4.54273639542, 1.06598630378, 4.61599243692, 1.26000023221, 1.00000014793, 5.72927943566, 5.76332277612, 1.08478886503, 1.94328111099, 1.11970207384, 1.03121273078, 1.14568228407, 1.06127705236, 0.9127838126, 5.26372591803, 1.00000055967, 1.00000027684, 76.6135997302, 0.921689317261, 3.57495907613, 0.985056832555, 3.9831140465, 0.870000245015, 32.7270540627, 11.1401307474
1.53304216514, 1.38104649604, 1.35669132185, 1.00000032175, 6.54203173496, 1.17607923068, 5.96469563514, 1.26000062214, 1.00000019207, 5.20358714818, 5.11669376582, 1.00246372453, 3.92927189548, 1.09699909729, 1.05933310224, 1.48658305173, 1.0560797021, 1.05607594868, 4.08459221836, 1.00000089309, 1.00000011945, 80.0206478191, 0.997238745298, 3.80628915433, 1.00960290073, 4.1098723437, 0.870000632944, 72.7136098182, 11.5657917209
3.05323870061, 1.05783714028, 1.51015433449, 1.00000057935, 6.76065390041, 1.12978301315, 1.79229617934, 1.26000011348, 1.00000095199, 4.96836196282, 3.14018326341, 1.08028493564, 1.0290957778, 1.09791918701, 1.01944066904, 1.49255119393, 1.1045035672, 0.980789528893, 8.81483755069, 1.00000008006, 1.00000057965, 77.3290249154, 1.01420603414, 5.46230696215, 1.05704334294, 3.31146463012, 0.870000856585, 58.0440090908, 12.5247072201
1.55468709358, 1.07744900451, 1.67382986823, 1.00000088443, 4.60835243536, 1.08393924105, 3.46940202136, 1.26000076627, 1.00000047858, 5.81256430632, 3.45773415727, 1.03797087141, 3.47833299963, 1.07189846594, 1.01909867058, 1.37910204091, 1.07673879047, 0.927887900031, 3.81573784149, 1.00000056298, 1.00000060516, 111.490669909, 0.985378436291, 3.24031242085, 1.04941613504, 3.66530272797, 0.870000505658, 162.447488681, 14.8130233277
4.5085335411, 1.16263529387, 1.72557005106, 1.00000031273, 6.56211822608, 1.12009444687, 3.51336377251, 1.26000008678, 1.00000064151, 5.70066498772, 4.20310497742, 1.06095071768, 2.0051704683, 1.03233673287, 1.00397841066, 1.4751678004, 1.00953620117, 0.985238719646, 4.13241789868, 1.00000025721, 1.00000090767, 114.290057653, 1.08550514087, 3.98578202409, 1.06278567149, 3.81613018119, 0.870000598557, 257.10390147, 14.294529383
3.50718234842, 1.31772132761, 1.69785168642, 1.00000023861, 6.09335355214, 1.03499030013, 3.74319108739, 1.2600000482, 1.00000002456, 4.99449051527, 4.27215890046, 1.05633519239, 1.04506123756, 1.08988240632, 1.04000940444, 1.0438300408, 1.01007609024, 1.04603623594, 3.14530517644, 1.00000012936, 1.00000046933, 105.482066504, 0.934133200641, 5.63834892718, 0.966734463728, 3.446387354, 0.870000520292, 349.280929559, 14.3124913696
4.01813513471, 1.0672301149, 1.35899675122, 1.00000052408, 5.53611458522, 1.01431724743, 1.32292274853, 1.26000060431, 1.00000059368, 5.10926121939, 7.72299628519, 1.03906085719, 3.60296771556, 1.05449433952, 1.04790527654, 1.51216880404, 1.04159833478, 0.938547573171, 9.95982307745, 1.00000044952, 1.00000071583, 94.4371594913, 0.95400953112, 3.60539135169, 0.972651574364, 3.9982669052, 0.87000048506, 169.859621102, 17.5809445572
4.05464027638, 1.29559610789, 1.70729987465, 1.00000090852, 4.3725385262, 1.06451298055, 1.13751533104, 1.26000012468, 1.00000042291, 5.91948605847, 5.99073202422, 1.04314633831, 3.93283335355, 1.08601603211, 1.0560803481, 1.54909954669, 1.03143626545, 0.97672618144, 8.77639813841, 1.0000000233, 1.00000033893, 86.1457171984, 0.944898624083, 3.85634455291, 0.954880674484, 4.13596132694, 0.870000918992, 193.243913158, 15.1648872148
4.34498125234, 1.30431299726, 1.65336721577, 1.00000029802, 5.60210600756, 1.15992473629, 1.58487955314, 1.26000009072, 1.00000038733, 6.04100636994, 5.0687085961, 1.00613003921, 2.57798333789, 1.01594713593, 1.01724289667, 1.19332635382, 1.0173818426, 0.93385741611, 5.49161618485, 1.00000029525, 1.00000004484, 88.6731128676, 1.04863109366, 4.13689417662, 1.06463642203, 3.3339052199, 0.870000448356, 181.281838591, 24.7878004401
5.23510503188, 1.07356382771, 1.65879994654, 1.00000005031, 4.30962844271, 1.07458085576, 5.31572966091, 1.26000081529, 1.00000081679, 5.39856795096, 6.13271620154, 1.09656661293, 3.69393245847, 1.09516049191, 1.02205844631, 1.37180640056, 1.13017307453, 0.942921194802, 6.43256308347, 1.00000083392, 1.00000038008, 114.087896241, 1.01220773108, 1.52065104206, 0.986989877486, 3.69929336499, 0.870000706401, 254.753389034, 16.7776550935
2.89689322369, 1.29697828543, 1.71898158711, 1.00000075042, 4.6243027394, 1.07492309823, 1.13053949903, 1.26000037894, 1.00000039446, 5.05582197399, 5.84523396979, 1.02477148319, 3.84342981763, 1.01546690288, 1.08986294668, 1.08051055529, 1.03662324938, 0.918195231055, 9.54390017613, 1.00000078233, 1.0000008563, 89.2199341239, 1.02796453844, 1.35608853347, 1.02747112411, 3.49365681652, 0.870000569783, 221.044717904, 19.2521386714
5.92190122573, 1.26250669413, 1.49946799201, 1.00000000892, 6.8713874418, 1.1573677533, 1.79707152438, 1.26000017107, 1.00000050175, 5.76178072429, 5.11669376582, 1.09571159692, 2.97729048307, 1.02935819313, 1.04817776607, 1.42095201774, 1.08854516364, 1.10714715523, 3.67303441477, 1.00000096122, 1.00000084822, 80.0206478191, 1.03894099233, 3.6102301981, 1.02916116067, 3.9603044485, 0.870000833732, 354.884958052, 15.5221529061
2.91487534872, 1.4172836181, 1.49185198376, 1.00000091091, 4.77933598423, 1.17565144183, 1.77634209542, 1.26000023915, 1.00000019872, 6.01412620751, 4.76144014246, 1.03729061819, 3.82372607303, 1.11698760066, 1.06627079433, 1.54917495458, 1.05682504072, 0.941994745263, 5.51957864965, 1.00000094855, 1.00000033461, 107.257977641, 1.06090937906, 1.95880875482, 1.02349846688, 4.23481583454, 0.870000940214, 226.826650201, 19.6099926984
4.05464027638, 1.29559610789, 1.63404150274, 1.00000090852, 4.3725385262, 1.06451298055, 1.13751533104, 1.26000012468, 1.00000042291, 5.91948605847, 5.99073202422, 1.04314633831, 3.93283335355, 1.08601603211, 1.0560803481, 1.54909954669, 1.03143626545, 0.97672618144, 8.77639813841, 1.0000000233, 1.00000033893, 86.1457171984, 0.944898624083, 3.85634455291, 0.954880674484, 4.13596132694, 0.870000355162, 338.044523464, 17.4575354448
2.92289458077, 1.02732333773, 1.37706463389, 1.00000068671, 4.64970681768, 1.10911819276, 5.82611389932, 1.26000062827, 1.00000014229, 5.57385004422, 7.50214965234, 1.09697564816, 3.53895986896, 1.03274225732, 1.02420109307, 1.5614646194, 1.06285569632, 1.05789017856, 8.25536114884, 1.0000000973, 1.00000040802, 107.167171704, 1.07174824437, 3.11095704529, 0.960180554339, 3.62162476511, 0.870000385296, 467.749519867, 16.760720945
5.14163563021, 1.04276877691, 1.39479787571, 1.00000016928, 4.81162135897, 1.18376064433, 1.91744796316, 1.26000060858, 1.0000000666, 5.10175926474, 7.50870190958, 1.0538947036, 3.86601500513, 1.08694288062, 1.06631799237, 1.10689332541, 1.01932737548, 1.00839868119, 3.51847401876, 1.00000070298, 1.00000031498, 114.425096082, 1.07470332593, 4.70902063095, 1.05953978505, 3.68344066133, 0.870000352336, 229.822483693, 20.1321508559
2.05660568781, 1.33675578832, 1.54385375733, 1.00000045511, 6.89351159194, 1.11323951852, 1.24301677573, 1.260000778, 1.00000018306, 5.42048166607, 3.90113187397, 1.03519626437, 2.18320716711, 1.0583857725, 1.07550041613, 1.26042448253, 1.09184624531, 1.04998828068, 7.00429569274, 1.00000060723, 1.00000045206, 113.429198158, 0.929506514915, 1.16865841159, 1.06701504185, 3.5187761026, 0.870000918992, 234.051665825, 19.7294134233
5.71766383267, 1.11486406283, 1.5515596848, 1.00000082743, 4.4495770629, 1.0818143411, 2.82579474682, 1.26000007143, 1.00000059512, 5.84850184509, 3.72203451876, 1.09401630618, 2.46368720811, 1.06407165858, 1.00963484068, 1.5982017793, 1.07896065459, 1.00240975687, 4.65179874283, 1.0000007462, 1.00000021551, 108.962823618, 0.970695790009, 1.80164400617, 1.00000637016, 3.56027504473, 0.870000374899, 306.916705776, 17.7576618503
2.0592631097, 1.16669405921, 1.47125243572, 1.00000096617, 5.92336575011, 1.10622333113, 4.13865559894, 1.26000014841, 1.00000011566, 5.621951492, 4.82667140603, 1.0648326193, 2.66457254642, 1.05345534937, 1.0042648551, 1.03567450407, 1.16762300163, 1.07194181216, 6.42646231298, 1.00000072688, 1.00000063653, 75.9608529468, 0.932448962471, 1.73210780434, 0.970830195193, 3.31828175827, 0.870000325697, 303.96908242, 17.9476984097
1.53304216514, 1.38104649604, 1.35669132185, 1.00000054184, 6.54203173496, 1.17607923068, 5.96469563514, 1.26000062214, 1.00000019207, 4.99909480809, 5.11669376582, 1.00246372453, 4.02606199694, 1.09699909729, 1.05933310224, 1.48658305173, 1.0560797021, 1.05607594868, 4.08459221836, 1.00000089309, 1.00000011945, 80.0206478191, 0.997238745298, 3.80628915433, 1.00960290073, 4.1098723437, 0.870000632944, 251.859603024, 19.7664678522
2.44416457084, 1.36820548408, 1.68224679688, 1.0000004073, 5.04603903955, 1.13398632836, 3.57889975527, 1.26000051951, 1.00000083957, 5.21338103816, 3.98903824764, 1.07661721765, 3.35824127153, 1.00129014848, 1.03376792282, 1.06621411098, 1.05218742826, 0.933174112159, 7.93288757839, 1.00000087011, 1.00000099519, 121.266325249, 0.911837857362, 1.3950567922, 0.982352927865, 4.05207607381, 0.870000097821, 233.790745319, 27.3541335567
5.92190122573, 1.26250669413, 1.49946799201, 1.00000000892, 6.79930191457, 1.1573677533, 1.79707152438, 1.26000017107, 1.00000050175, 5.76178072429, 6.82608133554, 1.09571159692, 2.97729048307, 1.02935819313, 1.04817776607, 1.42095201774, 1.08854516364, 1.10714715523, 3.67303441477, 1.00000096122, 1.00000084822, 110.953063172, 1.03894099233, 3.6102301981, 1.02916116067, 3.9603044485, 0.870000833732, 479.314351653, 16.9835374779
2.01885101927, 1.39741507182, 1.61228079579, 1.00000008817, 5.94781514618, 1.1691381719, 2.68383976625, 1.26000022728, 1.00000068868, 5.47312218369, 3.54070947617, 1.06440281909, 2.18320716711, 1.02407498626, 1.08351503031, 1.30386110498, 1.03576753499, 1.0837125266, 7.41723400667, 1.00000035045, 1.00000058456, 102.534494152, 1.02206261346, 4.34757773131, 1.03494858871, 3.65655760381, 0.870000991991, 313.26185259, 18.3345234206
2.95147309071, 1.35308728328, 1.66832817839, 1.00000028652, 5.84199674608, 1.05551558635, 4.49127591018, 1.26000020089, 1.00000025467, 6.1990718004, 4.95731782254, 1.01242491825, 2.29906456422, 1.08640679878, 1.04417081435, 1.62867662798, 1.15204474871, 1.01765154946, 7.9176179071, 1.00000068841, 1.00000010484, 81.5258953333, 0.963952056383, 5.93847672761, 0.960573391618, 4.16585860607, 0.870000751254, 621.774650658, 17.8375297681
2.31268979987, 1.02238035019, 1.70321706449, 1.00000064429, 6.25127315891, 1.18973454085, 1.5228985285, 1.26000007772, 1.00000076162, 5.18228875101, 4.46769401641, 1.01183751649, 1.33173946085, 1.09083325369, 1.0358260307, 1.5603353393, 1.11197948058, 1.08697894085, 6.7929286792, 1.00000015598, 1.00000008928, 114.608603824, 0.975067055991, 1.8510225514, 0.960122891994, 3.55537457754, 0.87000028025, 433.786386444, 19.1573484621
4.95530024692, 1.04429359693, 1.36305478176, 1.00000051213, 5.00124943145, 1.0069814705, 5.97117210547, 1.2600000847, 1.00000072229, 5.94832688355, 6.67821512927, 1.06438810713, 3.33772213518, 1.10185081714, 1.00759892475, 1.25104134346, 1.15855082168, 1.10987403435, 7.59958047692, 1.00000067943, 1.00000078983, 89.617560892, 0.997807118486, 2.45900249486, 1.03925545024, 3.70137742134, 0.870000197239, 259.932480074, 27.958860601
2.44416457084, 1.36820548408, 1.71482834317, 1.00000057154, 4.65276475567, 1.13398632836, 3.57889975527, 1.26000051951, 1.00000083957, 5.21338103816, 5.88054320181, 1.07661721765, 3.35824127153, 1.00435675017, 1.03376792282, 1.30386110498, 1.08964803393, 0.933174112159, 7.93288757839, 1.00000087011, 1.00000090308, 121.266325249, 1.07118692788, 1.0409400291, 0.982352927865, 4.05207607381, 0.870000097821, 271.213458943, 27.9914297102
3.97979512369, 1.15210420328, 1.34509620306, 1.0000007135, 6.3616839322, 1.00449897927, 4.39992221362, 1.26000088948, 1.00000061397, 6.00227622828, 4.82374308837, 1.00424824989, 2.71457051262, 1.07557028654, 1.05177243245, 1.10817586397, 1.02407373327, 0.979284296013, 9.20766981441, 1.00000003508, 1.00000022411, 124.709981337, 1.01102718167, 2.9934703356, 1.02497372937, 3.51449811538, 0.87000081592, 315.336934765, 21.8212260217
1.68595841099, 1.25952521633, 1.34907049125, 1.00000035189, 6.84533820797, 1.10895760074, 4.32191467075, 1.26000002224, 1.00000020355, 5.48710953993, 7.49250124162, 1.05204922386, 1.89471065412, 1.01550796319, 1.01147378589, 1.29114277853, 1.13001623524, 0.926445983161, 8.33192202203, 1.00000068024, 1.00000088361, 95.6102574529, 1.01826070735, 2.66172296228, 1.02502050908, 4.04942188146, 0.870000313014, 626.567264239, 18.6093697357
1.55468709358, 1.07744900451, 1.67382986823, 1.00000088443, 4.60835243536, 1.18224837384, 3.46940202136, 1.26000076627, 1.00000047858, 5.81256430632, 3.45773415727, 1.03797087141, 3.47833299963, 1.07189846594, 1.01909867058, 1.37910204091, 1.07673879047, 0.927887900031, 3.03699018113, 1.00000056298, 1.0000001599, 111.490669909, 0.985378436291, 3.24031242085, 1.04941613504, 3.66530272797, 0.870000505658, 450.128415952, 19.6117930147
4.56208507794, 1.06498911974, 1.62293817378, 1.00000013666, 4.54901538535, 1.06724895293, 4.52946053677, 1.2600001635, 1.00000074184, 6.05197874494, 3.14270418068, 1.05132661067, 1.80332460331, 1.04111139573, 1.05517644893, 1.37702908849, 1.09536642481, 0.91845830064, 3.61558980028, 1.00000042965, 1.00000052982, 112.009560942, 0.976929907752, 4.2223728513, 0.962916375381, 3.39093003655, 0.870000785646, 348.227079919, 22.7921708857
4.25249429769, 1.42890195178, 1.46387349072, 1.00000059558, 6.86400497623, 1.0803973143, 3.37129982314, 1.26000058239, 1.00000000854, 5.85475526444, 4.31372064936, 1.08857355152, 3.30849300569, 1.1168404567, 1.08438130013, 1.36919192068, 1.10320139091, 1.1058449863, 8.24254090321, 1.00000026787, 1.00000086771, 92.5447962073, 0.974157742314, 1.94704351491, 0.958222275467, 3.79716540162, 0.870000130925, 423.610478327, 22.4100767169
2.95147309071, 1.35308728328, 1.63272055885, 1.00000028652, 5.84199674608, 1.05551558635, 4.49127591018, 1.26000020089, 1.00000025467, 6.1990718004, 4.95731782254, 1.01242491825, 2.29906456422, 1.02654306491, 1.04417081435, 1.1192351588, 1.15204474871, 1.01765154946, 7.9176179071, 1.00000068841, 1.00000014271, 81.5258953333, 0.926899143747, 3.50152900762, 0.967901113532, 4.16585860607, 0.870000751254, 404.40721199, 22.9078170091
1.55468709358, 1.07744900451, 1.67382986823, 1.00000088443, 4.60835243536, 1.08393924105, 3.46940202136, 1.26000008678, 1.00000047858, 5.81256430632, 3.45773415727, 1.03797087141, 3.47833299963, 1.07189846594, 1.01909867058, 1.37910204091, 1.07673879047, 0.927289282518, 3.81573784149, 1.00000056298, 1.00000060516, 111.490669909, 0.985378436291, 3.14097021114, 1.04941613504, 3.66530272797, 0.870000505658, 736.155153328, 19.6913723875
2.57153907501, 1.02597409644, 1.38252001543, 1.0000001917, 5.22590972289, 1.1420530122, 1.41606342961, 1.26000067279, 1.00000096507, 5.88786779541, 5.99220274743, 1.04003941457, 3.60858335466, 1.06502462202, 1.02531885173, 1.59802519783, 1.03872243824, 0.972309985885, 3.68106315963, 1.00000085454, 1.00000029653, 117.319028503, 0.999572155932, 4.55383551042, 1.02903954336, 3.40690293185, 0.870000079127, 351.902829875, 30.1763722263
5.48569312412, 1.38133045721, 1.42966322996, 1.00000006588, 4.99400849426, 1.10283565228, 5.86696165911, 1.26000051786, 1.00000090219, 5.00008594299, 7.62206243029, 1.07509973888, 2.01270331323, 1.08600244258, 1.02962749083, 1.38141996886, 1.08321716825, 1.06546593071, 4.47343523374, 1.00000055093, 1.00000071304, 116.39846307, 0.955177793474, 4.8904249277, 0.981114306759, 3.63963148129, 0.870000317603, 495.959261897, 20.3013023065
2.80492172883, 1.27438699081, 1.45131389132, 1.00000083383, 4.77430317314, 1.0953828255, 2.23603199615, 1.26000044042, 1.00000050112, 5.16318621202, 6.33198168645, 1.02596797725, 3.10667763248, 1.01915393654, 1.04655252431, 1.53974791005, 1.08235897801, 0.912060188428, 6.08427031989, 1.00000077371, 1.00000024719, 106.585706917, 1.01036294088, 2.86039584496, 1.05324059081, 3.4728588656, 0.870000928587, 440.700948808, 24.2894161973
4.93075160826, 1.35752872675, 1.48915782675, 1.00000000151, 6.20124258907, 1.18624793129, 5.32998765154, 1.26000088889, 1.00000002191, 5.77562382419, 6.8744955751, 1.04853958108, 1.13010612727, 1.08315913353, 1.08674122665, 1.24897048001, 1.09557850349, 1.05426364696, 7.55578532321, 1.00000025054, 1.00000064397, 94.1008853305, 1.02370172955, 2.68944317599, 1.02414840351, 4.31932811537, 0.870000689588, 538.718763405, 20.7567412959
3.56049860556, 1.15185769716, 1.54276133695, 1.00000034876, 6.70994730961, 1.08450077736, 1.85444583559, 1.26000056522, 1.00000073929, 5.83154094623, 3.71674192161, 1.07801820202, 1.51029292551, 1.02613809802, 1.05992133781, 1.28515504769, 1.01640051976, 1.10807801238, 5.96289366212, 1.00000071272, 1.00000086398, 100.077905717, 1.05084735317, 2.78576674931, 1.01092752375, 4.12325382692, 0.87000087179, 398.698924524, 31.3915537323
2.01885101927, 1.39741507182, 1.61228079579, 1.00000008817, 6.24428642611, 1.1691381719, 2.68383976625, 1.26000022728, 1.00000082866, 5.47312218369, 3.54070947617, 1.06440281909, 2.15510974316, 1.0027748497, 1.08351503031, 1.30386110498, 1.03576753499, 1.0837125266, 7.41723400667, 1.00000035045, 1.00000058456, 102.534494152, 1.02206261346, 2.41352383442, 1.03494858871, 3.65655760381, 0.870000991991, 441.379664335, 24.3736177237
2.57153907501, 1.02597409644, 1.38252001543, 1.0000001917, 5.22590972289, 1.1420530122, 1.41606342961, 1.26000067279, 1.00000096507, 5.88786779541, 5.99220274743, 1.04003941457, 3.60858335466, 1.06502462202, 1.02531885173, 1.59802519783, 1.1042371354, 0.972309985885, 3.68106315963, 1.00000085454, 1.00000029653, 117.319028503, 0.999572155932, 4.13893102653, 1.02903954336, 3.40690293185, 0.870000079127, 947.306207486, 19.9763056061
1.68595841099, 1.25952521633, 1.39638756781, 1.00000035189, 6.84533820797, 1.10895760074, 4.32191467075, 1.26000002224, 1.00000020355, 5.48710953993, 7.55323225499, 1.05204922386, 1.89471065412, 1.01550796319, 1.01147378589, 1.02551413474, 1.13001623524, 0.926445983161, 8.33192202203, 1.00000068024, 1.00000010031, 84.1085794762, 1.01826070735, 2.66172296228, 1.02502050908, 3.82554416088, 0.870000493875, 619.889188601, 21.1490895223
5.71659383517, 1.27039661611, 1.71811082047, 1.00000050861, 4.91172907826, 1.00190904163, 1.675199586, 1.26000019245, 1.00000011078, 5.24184406342, 6.7840078071, 1.06542413664, 2.2491995473, 1.05091668592, 1.00221857094, 1.60815448426, 1.03234268927, 0.930061671189, 6.43684623599, 1.00000060662, 1.00000090086, 101.795045096, 1.0573535734, 2.69429255214, 0.968052573891, 3.73709313383, 0.870000833522, 408.69975562, 30.5769325841
2.44416457084, 1.36820548408, 1.71482834317, 1.00000057154, 5.04603903955, 1.13398632836, 3.57889975527, 1.26000051951, 1.00000083957, 5.21338103816, 3.98903824764, 1.07661721765, 3.35824127153, 1.00435675017, 1.03376792282, 1.06621411098, 1.08964803393, 0.933174112159, 7.93288757839, 1.00000087011, 1.00000090308, 121.266325249, 0.911837857362, 1.3950567922, 0.982352927865, 4.05207607381, 0.870000097821, 430.738023669, 31.3035591566
3.36684404219, 1.10310235532, 1.38085445561, 1.00000040573, 4.42191159683, 1.04765618619, 4.7925598675, 1.26000046314, 1.00000006857, 6.00034821473, 6.79984514743, 1.07056784764, 2.95654442767, 1.08454609345, 1.06448264036, 1.22203501981, 1.16696015685, 0.927917302851, 9.03397843568, 1.00000079494, 1.00000091083, 90.3986277139, 0.994032390349, 5.11779109594, 0.960967602975, 4.06081861343, 0.870000566259, 949.525329358, 20.5777225097
4.61788135887, 1.27583850714, 1.50186022438, 1.00000079954, 5.86216889279, 1.02826523817, 3.20429903285, 1.26000000028, 1.00000079498, 5.08879121993, 7.25025920954, 1.06107927098, 2.04156557494, 1.06376715782, 1.00369119479, 1.34258630041, 1.1379366217, 1.02051396884, 9.74112203856, 1.00000021522, 1.00000051999, 100.230825861, 0.934545895159, 5.95917864959, 0.971498678928, 4.34361405156, 0.870000199837, 646.846986098, 21.7617013019
4.06078545678, 1.04276877691, 1.39479787571, 1.00000016928, 4.81162135897, 1.18376064433, 1.91744796316, 1.26000060858, 1.0000000666, 5.33859844666, 7.50870190958, 1.0538947036, 3.86601500513, 1.08694288062, 1.06631799237, 1.10689332541, 1.01932737548, 1.09613334281, 3.51847401876, 1.00000070298, 1.00000082387, 114.425096082, 1.07470332593, 4.70902063095, 1.05953978505, 3.68344066133, 0.870000352336, 662.864560569, 21.7802318741
3.98933423929, 1.29182071091, 1.34806694839, 1.00000062141, 4.98571628601, 1.18914826252, 4.47676080876, 1.26000009553, 1.00000015721, 5.46840542213, 4.1269107677, 1.09317781271, 1.86726242053, 1.10536473975, 1.01203718683, 1.46461701495, 1.06654386172, 0.968459823567, 9.28579344393, 1.00000088171, 1.00000072826, 76.0378572772, 0.996186450929, 4.70514383654, 1.0520174354, 4.26015712968, 0.870000516293, 1215.49714718, 21.6420532135
5.69370573004, 1.16365516954, 1.71765853324, 1.00000067898, 4.81984695392, 1.06094785152, 5.52855625059, 1.26000079986, 1.00000004473, 5.56754893658, 6.89621862901, 1.00065845549, 1.02714321479, 1.10623186479, 1.02209954867, 1.13149529125, 1.12563144063, 0.962227685095, 8.35580698183, 1.00000018291, 1.00000010769, 78.4185208918, 0.928494912354, 5.05642629806, 1.03465175607, 4.26291434931, 0.870000523399, 696.80724598, 21.833879945
5.09519078684, 1.23817975487, 1.72505654587, 1.00000089318, 6.88881157643, 1.11444487591, 1.02217137797, 1.26000040614, 1.0000003777, 5.59298712395, 4.2050222869, 1.00820064857, 1.69148056138, 1.06501639635, 1.03726355836, 1.59122913095, 1.13913661794, 1.07073362489, 3.14933769958, 1.00000006799, 1.00000049173, 108.569048822, 1.05904126424, 1.29517125282, 0.95945248668, 4.07810765605, 0.870000344234, 655.534339818, 22.6065028975
4.55122128861, 1.08497648082, 1.36804126952, 1.00000043419, 5.594368403, 1.17144844807, 5.92900694664, 1.26000000964, 1.0000006856, 5.28451589055, 7.0669294759, 1.04661516008, 3.10222350009, 1.02831024933, 1.06855180337, 1.37135171467, 1.10747196483, 1.01181203678, 9.42153132589, 1.00000035336, 1.00000053709, 122.935680649, 0.940682937259, 4.00241204942, 1.00695594747, 3.29084951206, 0.870000008731, 836.325586516, 21.9778105393
2.00561045577, 1.12606739905, 1.36492901859, 1.0000001952, 6.59757988061, 1.10412203244, 2.5342809558, 1.26000006673, 1.00000097984, 6.11827469702, 7.05743316402, 1.00503058983, 3.22596656833, 1.05076110108, 1.00824597282, 1.48878334783, 1.04375181832, 0.911938713772, 9.3701959901, 1.00000015844, 1.00000059188, 114.069282548, 0.981075425821, 4.452916998, 0.989706178345, 3.89421817475, 0.870000699492, 471.221897701, 33.1033177727
5.757846932, 1.26106524692, 1.42771379511, 1.00000047997, 4.47502300698, 1.17056714527, 2.55395009492, 1.26000085651, 1.00000009189, 5.11903247246, 3.50236409344, 1.09949082389, 1.36113751712, 1.03508371686, 1.02498902319, 1.29040972876, 1.02549498942, 1.04193131178, 3.14501170794, 1.0000007665, 1.00000027835, 106.670572423, 1.02534214913, 1.63289161881, 1.01819604115, 4.2857775769, 0.870000015165, 486.978190677, 32.7044189903
5.31847043564, 1.21744511406, 1.45198179726, 1.00000086965, 4.61181158542, 1.16794726479, 5.31071170053, 1.2600002542, 1.00000060697, 5.85087980775, 5.51638692927, 1.04697961423, 3.27262510609, 1.06233508112, 1.00417075638, 1.38845921765, 1.10042342855, 0.940526521372, 4.86080942323, 1.0000002497, 1.00000082402, 105.28856247, 0.939086675594, 3.82556643847, 1.00329616273, 3.70270682576, 0.870000285626, 1045.19226129, 21.8682000284
5.24729282336, 1.038910978, 1.55038694882, 1.00000076861, 5.31164331403, 1.08155866762, 1.95146607546, 1.26000043003, 1.0000008921, 5.01840403392, 7.48402138072, 1.03714096427, 2.63539099608, 1.0499320796, 1.07796946561, 1.60904795534, 1.09584990611, 1.09579023341, 8.81471486615, 1.0000005434, 1.00000088552, 96.1122715606, 0.939386536068, 5.42755024091, 1.03406886621, 4.11200977037, 0.87000060149, 631.110863527, 26.5321171629
2.89689322369, 1.29697828543, 1.41906814862, 1.00000075042, 4.6243027394, 1.07492309823, 1.13053949903, 1.26000043003, 1.00000039446, 5.05582197399, 5.84523396979, 1.02477148319, 3.84342981763, 1.01546690288, 1.08881030297, 1.08051055529, 1.03662324938, 1.03960089255, 9.54390017613, 1.00000078233, 1.0000008563, 120.687356464, 0.979962800877, 1.35608853347, 1.02747112411, 3.7693725882, 0.870000569783, 638.184756954, 25.8746405918
2.17859339903, 1.21103531425, 1.57189070809, 1.00000040163, 4.50347322375, 1.05869366916, 3.84318114876, 1.2600004825, 1.00000025347, 5.80950459551, 3.68038514096, 1.03885795034, 3.85642308948, 1.0067738125, 1.06808952441, 1.22450345033, 1.10401795294, 0.969359557973, 7.64809181738, 1.00000094833, 1.00000021144, 89.0054901133, 0.967061501588, 5.39347865495, 1.0270706663, 3.50439362945, 0.87000090102, 975.597816842, 22.1375909371
5.77462581229, 1.23721191229, 1.70310545848, 1.00000053505, 6.50818285265, 1.12132332235, 2.72707899767, 1.26000037894, 1.00000056521, 5.45234744221, 4.09834272282, 1.09714181068, 3.77958512403, 1.05270370367, 1.02407182161, 1.57390806357, 1.13594841117, 1.07551711427, 6.59491762534, 1.0000002394, 1.00000007039, 89.2199341239, 0.922148924452, 2.2683369041, 1.06329798482, 4.10511198351, 0.870000885362, 1018.01422341, 22.0082002336
5.50033830736, 1.24384623538, 1.72146477409, 1.000000158, 4.36469636788, 1.15671863744, 1.06105630843, 1.26000036479, 1.00000027249, 5.89387566584, 5.82094697763, 1.07396960581, 3.70191783677, 1.01714729585, 1.00132060594, 1.13642981068, 1.03558551391, 0.978421650666, 9.04108197113, 1.00000063564, 1.00000047432, 107.828530039, 1.0045439836, 3.87716570468, 0.983792334545, 3.90674544248, 0.870000218611, 520.363736272, 35.2136323777
2.38944017334, 1.23307468667, 1.59726145452, 1.00000017336, 5.45039407864, 1.00971702885, 3.28789562828, 1.26000027242, 1.00000089482, 5.14238867099, 5.97115516973, 1.05557150953, 1.37667095792, 1.07739499394, 1.03078110419, 1.00822894047, 1.11901219834, 1.05951565235, 9.43096665488, 1.00000052433, 1.00000070237, 106.824633359, 1.04474205285, 1.72432956606, 0.983331866697, 4.0178749393, 0.870000420044, 761.237869719, 22.9831502712
2.89689322369, 1.29697828543, 1.41906814862, 1.00000075042, 4.6243027394, 1.07492309823, 1.13053949903, 1.26000057566, 1.00000039446, 5.05582197399, 5.84523396979, 1.02477148319, 3.84342981763, 1.01546690288, 1.08849800561, 1.08051055529, 1.03662324938, 1.08290990607, 9.54390017613, 1.00000078233, 1.0000008563, 120.687356464, 0.979962800877, 1.35608853347, 1.02747112411, 3.7693725882, 0.870000569783, 1218.5232002, 22.1371603128
3.9093429308, 1.3456184215, 1.56766615607, 1.00000025409, 6.04887296871, 1.03120599288, 3.39668901563, 1.26000096006, 1.000000588, 5.4717851483, 6.13549564274, 1.06052847929, 2.0070103238, 1.10169645963, 1.05521979742, 1.35583464839, 1.01810805503, 0.923330706843, 8.55449906581, 1.00000050275, 1.00000096162, 122.555527853, 1.07065335943, 4.11718367265, 0.985776280622, 4.32225950803, 0.870000148414, 1115.00438544, 22.3985727795
5.48569312412, 1.38133045721, 1.6771637934, 1.00000006588, 4.99400849426, 1.10283565228, 4.00661564042, 1.26000051786, 1.00000090219, 5.04044673618, 7.62206243029, 1.07509973888, 2.01270331323, 1.08600244258, 1.02962749083, 1.38141996886, 1.08321716825, 1.06546593071, 4.47343523374, 1.00000055093, 1.00000071304, 116.39846307, 0.955177793474, 4.8904249277, 0.981114306759, 3.63963148129, 0.870000317603, 874.969587274, 23.5710901275
2.62305210828, 1.21479505678, 1.5224982008, 1.00000016689, 6.32322268187, 1.02945097306, 1.65142550405, 1.26000062895, 1.00000089822, 5.64008167909, 3.47349779988, 1.05455871228, 2.98802984553, 1.10721759812, 1.03535665628, 1.38618518226, 1.11437997808, 0.944605998901, 3.00029780466, 1.00000033113, 1.00000015122, 86.4178239503, 0.919137761905, 1.16714616723, 1.06205264835, 3.98606048073, 0.870000944354, 683.418255295, 26.9025511121
4.66706714522, 1.04761841868, 1.65199536614, 1.00000093662, 5.86347850622, 1.02663211076, 4.70422067179, 1.26000029763, 1.00000022984, 5.23411980846, 3.94530258247, 1.0498472665, 4.02346744845, 1.02965749148, 1.05602172425, 1.33238043191, 1.05217747575, 1.04796503314, 9.28869126537, 1.00000032664, 1.00000047152, 116.436602199, 0.97954944017, 1.97610555933, 0.989015344703, 4.14668642895, 0.870000418726, 1199.71779934, 22.6430969528
5.78983153074, 1.23721191229, 1.70310545848, 1.00000053505, 6.50818285265, 1.12132332235, 2.42496613157, 1.26000037894, 1.00000056521, 5.45234744221, 3.40834006713, 1.09714181068, 3.17613312243, 1.05270370367, 1.00021438453, 1.57390806357, 1.13594841117, 1.07551711427, 6.59491762534, 1.0000002394, 1.00000007039, 89.2199341239, 0.922148924452, 2.2683369041, 1.05907270141, 4.10511198351, 0.870000885362, 636.246744466, 36.9776820094
3.46472569396, 1.33968930293, 1.60449609181, 1.00000046349, 4.39577347688, 1.15188430249, 4.93140107896, 1.26000026034, 1.00000009651, 5.85796631162, 7.50564829564, 1.06780140666, 2.36302524531, 1.08710825921, 1.02449773086, 1.01510995047, 1.02088457357, 0.958290762347, 8.29616285627, 1.00000073791, 1.00000000883, 86.7062715641, 0.940225240975, 5.30621122248, 1.02991999805, 4.23883270156, 0.870000103328, 739.451065265, 27.8913338437
5.06417369287, 1.13731516583, 1.44121848364, 1.00000037416, 4.35569777191, 1.17078432709, 2.03426013623, 1.26000019494, 1.00000040401, 6.11797202084, 6.27472277926, 1.00024261251, 2.01858604482, 1.08110398519, 1.0679505504, 1.04029932199, 1.00745320352, 1.00839868119, 8.5339022127, 1.00000016839, 1.00000062097, 104.689988148, 0.92447942019, 3.07293593668, 0.993547794966, 4.29551503659, 0.870000535745, 658.033323439, 36.421828649
2.63664894409, 1.02696319934, 1.52794401186, 1.00000083789, 5.7095254298, 1.02268627925, 2.55672680487, 1.26000060354, 1.00000043812, 5.94204361265, 3.63278785457, 1.00597956284, 1.75836490837, 1.05319928861, 1.0675797352, 1.59428172229, 1.01105344611, 0.97598699089, 4.81948732715, 1.00000065793, 1.00000067227, 97.5743121247, 1.06853866968, 2.81781589571, 0.98585731001, 3.98098490973, 0.870000718577, 864.15005621, 27.928296397
2.86605292575, 1.09955543567, 1.48808961788, 1.00000052186, 6.9673647309, 1.00936327182, 5.06616221579, 1.260000827, 1.00000060697, 5.98589213383, 6.32723604611, 1.04910096941, 1.2462514866, 1.04938991049, 1.05555727639, 1.09141364199, 1.12006108955, 1.07307474841, 5.18254957286, 1.00000004029, 1.00000027855, 90.081005401, 0.978974758825, 3.89082424228, 1.06628023506, 3.48452434118, 0.870000501132, 1021.17081039, 25.1767323675
5.09519078684, 1.23817975487, 1.72505654587, 1.00000089318, 6.88881157643, 1.11444487591, 1.02217137797, 1.26000040614, 1.0000003777, 5.59298712395, 4.2050222869, 1.00820064857, 1.69148056138, 1.06501639635, 1.03726355836, 1.59122913095, 1.13913661794, 1.07073362489, 3.14933769958, 1.00000006799, 1.00000049173, 108.569048822, 1.05904126424, 1.29517125282, 0.95945248668, 4.07810765605, 0.870000344234, 768.103600445, 28.4402682057
1.85917704818, 1.2527597574, 1.48253548194, 1.00000064002, 5.67860281785, 1.03098458498, 2.90160240259, 1.26000008482, 1.00000081957, 5.93009125495, 3.40070903666, 1.03974277885, 3.43738052697, 1.07231215518, 1.01766926256, 1.40484868941, 1.02547476379, 0.977248007856, 6.83893031613, 1.00000079015, 1.00000050194, 81.1940598481, 0.961328171535, 4.48081357106, 0.961981811504, 3.73765697047, 0.870000988603, 1382.02123084, 23.9341621818
1.79272898982, 1.0392292643, 1.36446086692, 1.00000026345, 4.51239474264, 1.06307950323, 4.51273151523, 1.26000076516, 1.00000068265, 5.8743726856, 3.33250295504, 1.02319160516, 3.19517009512, 1.00636248095, 1.08232674979, 1.408538166, 1.16906810205, 1.0393694228, 7.07464614402, 1.00000018729, 1.00000046256, 106.836428079, 1.05093034647, 5.26093058802, 0.961421633122, 4.36970310919, 0.870000674566, 1382.75736846, 23.6481274588
2.92289458077, 1.02732333773, 1.37706463389, 1.00000068671, 4.51807531053, 1.10911819276, 5.82611389932, 1.26000062827, 1.00000014229, 5.57385004422, 7.50214965234, 1.09697564816, 3.53895986896, 1.03274225732, 1.02420109307, 1.5614646194, 1.06285569632, 1.05789017856, 8.25536114884, 1.0000000973, 1.00000040802, 107.167171704, 1.07174824437, 3.11095704529, 0.960180554339, 3.62162476511, 0.870000385296, 687.41582666, 37.2263088571
2.44416457084, 1.36820548408, 1.68224679688, 1.00000057154, 5.04603903955, 1.13398632836, 3.57889975527, 1.26000051951, 1.00000083957, 5.21338103816, 3.98903824764, 1.07661721765, 3.35824127153, 1.00129014848, 1.03376792282, 1.06621411098, 1.05218742826, 0.933174112159, 7.93288757839, 1.00000087011, 1.00000099519, 121.266325249, 0.911837857362, 1.3950567922, 0.982352927865, 4.05207607381, 0.870000097821, 1717.68155773, 23.7369466501
5.06417369287, 1.13731516583, 1.44121848364, 1.00000037416, 4.35569777191, 1.17078432709, 2.03426013623, 1.26000019494, 1.00000040401, 6.11797202084, 6.27472277926, 1.00004895935, 2.01858604482, 1.08110398519, 1.0679505504, 1.04029932199, 1.00745320352, 1.00839868119, 8.5339022127, 1.00000016839, 1.00000062097, 86.1269439, 0.92447942019, 3.07293593668, 0.993547794966, 4.29551503659, 0.870000535745, 1038.65891908, 25.9443059183
5.31847043564, 1.42879507501, 1.45198179726, 1.00000086965, 4.61181158542, 1.16794726479, 5.31071170053, 1.2600002542, 1.00000060697, 5.85087980775, 5.51638692927, 1.04697961423, 3.27262510609, 1.06233508112, 1.00560072292, 1.38845921765, 1.10042342855, 0.940526521372, 4.86080942323, 1.0000002497, 1.00000082402, 105.28856247, 0.930349817026, 3.82556643847, 1.00329616273, 3.70270682576, 0.870000285626, 859.029824446, 28.8891550157
2.49661795569, 1.09937955777, 1.67881798987, 1.00000068885, 5.2617759342, 1.08896358556, 1.59346406608, 1.26000055709, 1.00000098343, 5.00124015866, 4.85898028564, 1.02059131712, 3.11297442194, 1.01677687924, 1.01215586845, 1.62028222018, 1.09543212335, 1.05342276276, 5.27537495576, 1.00000089725, 1.00000037118, 86.8375651078, 0.921125363087, 2.56717701325, 1.00178863043, 3.63648471698, 0.870000640852, 1145.90090937, 25.8118367624
1.34483749813, 1.41247539379, 1.53192827881, 1.00000037899, 4.71810520286, 1.02265993826, 4.78610627011, 1.26000024363, 1.00000063378, 5.23962702936, 5.92265351975, 1.05308649213, 3.88712714595, 1.10341281322, 1.00791970969, 1.23061482969, 1.00276088922, 1.06996839264, 6.4563027079, 1.00000019782, 1.00000032038, 97.9113197546, 1.05551128189, 3.14289059794, 0.972276823525, 3.93689053491, 0.870000878187, 727.896911703, 37.6754608548
5.06417369287, 1.13731516583, 1.44121848364, 1.00000037416, 4.45356850721, 1.16726706103, 4.08026853197, 1.26000019494, 1.00000040401, 6.11797202084, 6.27472277926, 1.00024261251, 2.01858604482, 1.08110398519, 1.0679505504, 1.04029932199, 1.00745320352, 1.075685554, 8.5339022127, 1.00000016839, 1.00000062097, 104.689988148, 0.92447942019, 3.07293593668, 0.993547794966, 4.29551503659, 0.870000535745, 709.205205462, 37.8702264599
5.71766383267, 1.11486406283, 1.5515596848, 1.00000082743, 4.4495770629, 1.0818143411, 2.82579474682, 1.26000007143, 1.00000011566, 5.84850184509, 3.72203451876, 1.09401630618, 2.46368720811, 1.06809691429, 1.00963484068, 1.5982017793, 1.07896065459, 1.00240975687, 4.65179874283, 1.0000007462, 1.00000021551, 108.962823618, 0.970695790009, 1.80164400617, 1.00000637016, 3.56027504473, 0.870000374899, 1859.38759621, 24.2936261183
2.99600073133, 1.26016434195, 1.39298357821, 1.00000064657, 5.26052712473, 1.14565166812, 2.82823935851, 1.26000034131, 1.00000035192, 4.9751875098, 5.63569703546, 1.09481109889, 2.68148477381, 1.09082611008, 1.04265907757, 1.48068132059, 1.11664032415, 1.02609833814, 4.67637070145, 1.00000009417, 1.00000069717, 79.9164269242, 1.00091151815, 1.53310282188, 1.04942195384, 4.23339113732, 0.870000937797, 929.795430634, 29.008811128
1.09147015903, 1.13917471715, 1.37625851184, 1.00000092039, 6.76331557802, 1.12442058767, 5.00234534926, 1.26000079005, 1.00000050564, 5.6820293823, 5.6798559005, 1.09595855494, 1.21023310447, 1.03290919466, 1.08329722653, 1.28699483525, 1.10470526606, 0.977396543846, 6.44717247215, 1.00000046926, 1.00000006745, 87.4709937318, 1.05968864207, 1.28216051575, 0.964776938629, 3.4717603151, 0.870000079834, 916.561502977, 29.0510892334
5.50033830736, 1.24384623538, 1.73620658332, 1.000000158, 4.36469636788, 1.15671863744, 1.06105630843, 1.26000036479, 1.00000027249, 5.89387566584, 5.82094697763, 1.07396960581, 3.70191783677, 1.01714729585, 1.00132060594, 1.13642981068, 1.03558551391, 0.978421650666, 9.04108197113, 1.00000063564, 1.00000047432, 122.555527853, 1.0045439836, 3.87716570468, 0.983792334545, 3.90674544248, 0.870000218611, 1263.49557797, 25.6472648588
5.24729282336, 1.038910978, 1.55038694882, 1.00000076861, 5.55748196359, 1.08155866762, 1.95146607546, 1.26000057566, 1.0000009466, 5.01840403392, 7.48402138072, 1.03714096427, 2.63539099608, 1.0499320796, 1.07926796516, 1.61084463949, 1.09584990611, 1.09579023341, 8.81471486615, 1.0000005434, 1.00000088552, 96.1122715606, 0.939386536068, 5.42755024091, 1.03406886621, 4.11200977037, 0.87000060149, 1641.5877513, 24.828110302
1.80034089683, 1.24262308479, 1.36810824943, 1.00000004043, 4.65127998173, 1.02128436185, 4.26159887036, 1.26000003714, 1.00000075885, 5.06356436303, 6.436720944, 1.05349488846, 1.47332557687, 1.04185343627, 1.06571311769, 1.04636627496, 1.04805623542, 1.06145653465, 3.26395674764, 1.00000038086, 1.00000004453, 90.8373828162, 1.00973025494, 3.96519862792, 0.978467695277, 4.344761025, 0.870000591315, 1203.81864113, 25.9667784324
4.54856465484, 1.19491126301, 1.4679597911, 1.0000001955, 6.67021310156, 1.16847139296, 5.03677421487, 1.26000059114, 1.00000060759, 5.35594153133, 4.99279167204, 1.08632149376, 3.64429099095, 1.08717524576, 1.03737501681, 1.13017662151, 1.08563613741, 1.05340338345, 8.27345671425, 1.0000004345, 1.00000057965, 113.68126554, 0.910551024457, 3.65813167355, 0.960739919532, 3.91207880395, 0.870000144697, 1195.43613544, 26.6968175554
4.61788135887, 1.27583850714, 1.50186022438, 1.00000079954, 5.86216889279, 1.02826523817, 3.20429903285, 1.26000000028, 1.00000079498, 5.08879121993, 7.25025920954, 1.06107927098, 2.04156557494, 1.06376715782, 1.00369119479, 1.34258630041, 1.05406972643, 0.914315502302, 9.74112203856, 1.00000021522, 1.00000051999, 100.230825861, 0.934545895159, 5.95917864959, 0.971498678928, 4.34361405156, 0.870000199837, 1485.46565989, 25.3982695799
3.05323870061, 1.00557257117, 1.56589801404, 1.00000057935, 6.76065390041, 1.12978301315, 1.79229617934, 1.26000011348, 1.00000095199, 4.96836196282, 3.14018326341, 1.0875863813, 1.0290957778, 1.09791918701, 1.01944066904, 1.49255119393, 1.1045035672, 0.980789528893, 8.81483755069, 1.00000008006, 1.00000011719, 77.3290249154, 1.05025919055, 5.46230696215, 1.05704334294, 3.31146463012, 0.870000856585, 2026.10335529, 25.1308985722
3.40029749425, 1.4052107042, 1.64454011627, 1.00000010248, 6.95193882529, 1.15150965909, 1.50981232225, 1.26000099159, 1.00000064986, 5.39347531864, 7.41394245317, 1.00457428452, 2.88492712651, 1.01900801532, 1.00699945888, 1.07856770708, 1.01906695578, 1.07266081166, 4.57002698981, 1.000000591, 1.00000051926, 82.5022565831, 0.956407788641, 3.37346959179, 1.00558131163, 4.04992476272, 0.870000112938, 1626.15170143, 25.7240048945
3.36885828228, 1.0392292643, 1.36446086692, 1.00000026345, 4.51239474264, 1.06307950323, 4.51273151523, 1.26000076516, 1.00000068265, 5.30580480708, 4.62850088674, 1.02319160516, 3.19517009512, 1.00636248095, 1.08232674979, 1.408538166, 1.16906810205, 1.0393694228, 7.07464614402, 1.00000018729, 1.00000046256, 106.836428079, 1.05093034647, 4.93137667761, 0.961421633122, 4.36970310919, 0.870000674566, 847.574399106, 39.3707835524
4.95530024692, 1.04429359693, 1.43129931686, 1.00000056827, 6.45448225005, 1.09261283937, 1.8033191665, 1.26000003268, 1.00000098241, 5.47322663379, 5.27152273245, 1.00805549391, 1.10553878994, 1.06533840011, 1.0552700121, 1.2977499957, 1.03677101608, 1.07382769094, 3.12386175893, 1.00000021982, 1.00000078983, 92.8070704068, 0.933411598012, 5.57962691316, 1.01769755708, 3.53745536075, 0.870000014649, 1745.94691862, 25.5876047436
5.38478314501, 1.21525636224, 1.46609215893, 1.00000016404, 6.54043504199, 1.05309466018, 4.37810269549, 1.26000069458, 1.00000006226, 5.55744431279, 4.4211969586, 1.01259517145, 3.74906369798, 1.09355052325, 1.00068371761, 1.62867662798, 1.13199180331, 0.917871706002, 7.51181633659, 1.00000006126, 1.00000004351, 90.7198934496, 1.03410058771, 4.35024295124, 1.03252855525, 3.50219323608, 0.870000625683, 1202.05616528, 27.5902036055
3.98933423929, 1.29182071091, 1.34806694839, 1.00000062141, 4.98571628601, 1.18914826252, 4.47676080876, 1.26000009553, 1.00000015721, 5.46840542213, 4.1269107677, 1.09317781271, 1.86726242053, 1.10536473975, 1.01203718683, 1.46461701495, 1.06654386172, 0.968459823567, 9.28579344393, 1.00000088171, 1.00000072826, 76.0378572772, 0.993761975482, 4.70514383654, 1.0520174354, 4.26015712968, 0.870000516293, 1696.69509592, 25.8155912683
4.56208507794, 1.06498911974, 1.62293817378, 1.00000013666, 4.54901538535, 1.06724895293, 4.52946053677, 1.2600001635, 1.00000074184, 6.05197874494, 3.14270418068, 1.05132661067, 1.80332460331, 1.04111139573, 1.05517644893, 1.37702908849, 1.09536642481, 0.91845830064, 3.61558980028, 1.00000042965, 1.00000052982, 117.514460066, 0.976929907752, 4.2223728513, 0.962916375381, 3.39093003655, 0.870000615456, 1035.15850684, 29.4805977459
5.45465176323, 1.41093450437, 1.46691576409, 1.00000022642, 6.52563769502, 1.08035760174, 5.15309559758, 1.26000064131, 1.00000078614, 5.4920538467, 3.90144208596, 1.02434930627, 1.19451894864, 1.00510463264, 1.03424137347, 1.55037196362, 1.08974920792, 0.919199477294, 8.3793108743, 1.00000042081, 1.00000080501, 95.3930168004, 0.916597492767, 4.58345645083, 0.954732645544, 3.9681218641, 0.870000491294, 1246.30042852, 27.024270128
3.46472569396, 1.33968930293, 1.60449609181, 1.00000046349, 4.39577347688, 1.15188430249, 4.93140107896, 1.26000026034, 1.00000037027, 5.87973701967, 7.50564829564, 1.06780140666, 2.36302524531, 1.08710825921, 1.02449773086, 1.01510995047, 1.02088457357, 0.958290762347, 8.29616285627, 1.00000073791, 1.00000000883, 86.7062715641, 0.940225240975, 5.30621122248, 1.02991999805, 3.98908677665, 0.870000103328, 1622.73219499, 25.9834060876
3.56049860556, 1.15185769716, 1.54276133695, 1.00000034876, 6.70994730961, 1.18154009837, 1.85444583559, 1.26000056522, 1.00000073929, 5.04681026158, 3.71674192161, 1.07801820202, 1.51029292551, 1.02613809802, 1.05992133781, 1.28515504769, 1.01640051976, 1.10807801238, 5.96289366212, 1.00000071272, 1.00000086398, 97.4132219363, 1.05084735317, 2.78576674931, 1.01092752375, 4.12325382692, 0.87000087179, 940.282613953, 39.1637071643
4.93075160826, 1.35752872675, 1.48915782675, 1.00000000151, 6.20124258907, 1.18624793129, 5.32998765154, 1.26000088889, 1.00000002191, 5.77562382419, 5.22852902131, 1.04853958108, 1.13010612727, 1.08315913353, 1.08674122665, 1.24897048001, 1.09557850349, 1.05426364696, 7.55578532321, 1.00000025054, 1.00000064397, 94.1008853305, 1.02370172955, 2.68944317599, 1.02152969316, 4.33505322904, 0.870000968125, 1273.02032999, 27.3444050874
2.92289458077, 1.02732333773, 1.37706463389, 1.00000068671, 4.64970681768, 1.10911819276, 5.82611389932, 1.26000062827, 1.00000014229, 5.57385004422, 7.50214965234, 1.09697564816, 3.73616710602, 1.03274225732, 1.02420109307, 1.5614646194, 1.06285569632, 1.05789017856, 8.25536114884, 1.0000000973, 1.00000038008, 107.167171704, 1.07174824437, 3.11095704529, 0.960180554339, 3.62162476511, 0.870000385296, 1873.61750501, 25.8856645558
