5.57564404912, 1.09133168504, 1.45480657891, 0.908510003935, 2.83000025905, 1.16471672813, 5.22000499438, 1.2600005228, 1.14000006498, 2.11921063282, 2.94502074218, 0.964216135755, 3.04000079331, 1.06730905217, 0.941095856665, 1.00000013831, 1.00000001985, 1.08388737239, 5.97836298007, 0.96780117655, 1.00000019492, 103.340400432, 0.994433581047, 3.78634225787, 1.06336811265, 3.29000018763, 1.0000008729, 79.2445735054, 0.0
5.13125872278, 1.1354075371, 1.49308848945, 0.89145420315, 2.8300000383, 1.05599372573, 5.16798090235, 1.26000064296, 1.14000020699, 2.24009070394, 2.13175709937, 1.0995654596, 3.04000065232, 1.08772547751, 0.896003759064, 1.00000093689, 1.00000050721, 1.01305463594, 7.98938914733, 0.994938430697, 1.0000002135, 88.4661592427, 0.867500439592, 1.02921687812, 1.05121442203, 3.29000007159, 1.00000041978, 605.282903929, 0.0
5.08843184854, 1.04374056944, 1.51905971204, 0.862288350824, 2.83000060991, 1.12141611245, 5.81301698907, 1.26000039398, 1.14000029102, 2.52558744578, 2.20209450752, 1.09147116529, 3.04000029864, 1.11294862019, 0.991782305344, 1.00000000385, 1.00000059188, 1.03392019658, 7.41594993785, 0.974232938509, 1.00000026707, 120.00581043, 0.912207271268, 3.07949678176, 1.04253142331, 3.29000017475, 1.0000000379, 253.435250135, 0.268096514745
4.99469228163, 1.10395219799, 1.46502566787, 0.9689017793, 2.83000023226, 0.882753745157, 4.90021649339, 1.26000096389, 1.14000093222, 2.27426716216, 2.02787154413, 0.991909748997, 3.04000008465, 1.03573908157, 0.864768916836, 1.00000056302, 1.00000037257, 1.05633759226, 6.37084284849, 0.992158540975, 1.00000079298, 80.4090404776, 0.937449253351, 4.52197470064, 0.955015062006, 3.29000034792, 1.00000075247, 103.79610537, 0.536193029491
5.28312927622, 1.06344526959, 1.44899057029, 0.899553578887, 2.83000055716, 1.01133412309, 1.11080714514, 1.260000037, 1.14000088221, 2.07399352153, 2.42414641255, 1.08273825976, 3.04000025163, 1.05881857748, 0.868531132253, 1.00000092821, 1.00000019472, 1.09864669261, 7.31557237722, 0.966793021081, 1.00000086916, 102.448719879, 0.974363377237, 4.81942573012, 0.979585432965, 3.29000093955, 1.00000092593, 1153.07474632, 0.0
4.41865579198, 1.06231418431, 1.63443912982, 0.850613318133, 2.83000082135, 1.04033734138, 1.14473657663, 1.26000098306, 1.14000004363, 3.43845008062, 2.36044984277, 0.993127869306, 3.04000019449, 1.07890618877, 0.934962131488, 1.00000018811, 1.00000074071, 1.02229466895, 4.76094528659, 0.915859500807, 1.00000022302, 100.62994003, 0.886546471757, 2.51968602862, 0.968046804437, 3.29000081408, 1.00000019937, 455.119870594, 0.268096514745
5.72705317182, 1.093093275, 1.41445292458, 0.973800787256, 2.83000092523, 0.933905077038, 5.58554524503, 1.26000022934, 1.14000085136, 2.54806300706, 2.20597491681, 0.931047192792, 3.04000069364, 1.04364131428, 0.949025644772, 1.00000048841, 1.00000072419, 1.04402428471, 7.56084325057, 0.998817812627, 1.00000090278, 86.6515069811, 0.993414423495, 1.69895999616, 0.97411215274, 3.2900001787, 1.00000017624, 312.185090061, 0.536193029491
5.28312927622, 1.02803292057, 1.44899057029, 0.899553578887, 2.83000055716, 0.878622102352, 1.09178162015, 1.26000002579, 1.14000088221, 2.07399352153, 2.42414641255, 1.08273825976, 3.04000025163, 1.05881857748, 0.868531132253, 1.00000092821, 1.00000019024, 1.09864669261, 7.31557237722, 0.966793021081, 1.00000086916, 102.448719879, 0.974363377237, 4.81942573012, 0.979585432965, 3.29000053345, 1.00000092593, 307.563277102, 0.804289544236
5.72981699531, 1.1091380638, 1.36379782719, 0.813807538542, 2.83000003468, 1.07530817014, 1.17377958343, 1.26000088288, 1.14000088182, 2.02004379344, 1.97259614682, 0.999214175168, 3.04000024307, 1.0600505678, 0.853223441697, 1.00000022436, 1.00000096645, 1.02307610234, 4.78202423889, 0.971559282768, 1.00000047282, 87.1838111977, 0.936010289721, 1.31490471501, 1.06209852453, 3.29000026716, 1.00000008187, 136.262096502, 2.68096514745
5.91957560271, 1.09011615665, 1.35543015239, 0.92529989672, 2.83000041999, 1.16198638941, 5.56957662778, 1.26000022934, 1.14000027471, 3.0639796124, 1.80956089034, 0.961195923802, 3.04000063571, 1.09139241156, 0.861216978587, 1.00000032976, 1.0000007629, 1.03368953053, 3.24920548485, 0.929260907209, 1.00000042453, 80.9581438151, 0.93244350449, 1.69895999616, 1.04081103336, 3.29000041025, 1.00000079897, 6213.5968987, 0.0
5.10282743237, 1.11017184985, 1.4685484245, 0.933385877604, 2.83000087649, 1.17905773246, 3.58489947168, 1.26000014538, 1.14000022285, 2.82162400765, 1.57146612686, 0.895073683366, 3.04000086764, 1.0216503289, 0.869520787588, 1.00000095546, 1.00000018846, 1.05091632737, 7.52361075495, 0.946345593512, 1.00000094484, 107.356377825, 0.98148727629, 1.76943481353, 0.993310644657, 3.29000039015, 1.00000082119, 531.572263848, 0.268096514745
5.64637820106, 1.06231418431, 1.63443912982, 0.850613318133, 2.83000082135, 1.04033734138, 1.14473657663, 1.26000098306, 1.14000004363, 3.43845008062, 2.36044984277, 0.993127869306, 3.04000019449, 1.07890618877, 0.934962131488, 1.00000018811, 1.00000074071, 1.02229466895, 4.76094528659, 0.979828571898, 1.00000022302, 100.62994003, 0.886546471757, 2.51968602862, 0.968046804437, 3.29000081408, 1.00000019937, 340.711538525, 1.87667560322
5.91957560271, 1.09011615665, 1.35543015239, 0.92529989672, 2.83000041999, 1.16198638941, 5.56957662778, 1.26000046862, 1.14000031538, 3.0639796124, 2.23614551661, 0.961195923802, 3.04000063571, 1.07117053438, 0.861216978587, 1.00000032976, 1.0000007629, 1.03368953053, 3.24920548485, 0.929260907209, 1.00000042453, 80.9581438151, 0.93244350449, 4.56044069323, 1.04081103336, 3.29000041025, 1.00000079897, 262.127273951, 4.02144772118
2.44289879395, 1.00980716598, 1.35566983392, 0.826359271306, 2.83000094067, 0.962229028525, 3.49327421747, 1.26000011488, 1.14000061363, 1.37122123989, 1.83610437456, 1.02906592115, 3.04000002292, 1.04946318908, 0.940504163436, 1.00000045167, 1.00000000259, 1.02198821685, 4.86390705382, 0.919385342408, 1.00000090549, 109.245103475, 0.92485672512, 1.0379261973, 1.00792203825, 3.29000002267, 1.00000090553, 6288.18825379, 0.0
3.21920317511, 1.03428523067, 1.63213270226, 0.847692660573, 2.83000080925, 1.18276500878, 3.98721823455, 1.26000045601, 1.14000099395, 2.93089442261, 2.4810828262, 1.08119908692, 3.0400004347, 1.01935056832, 0.831675778543, 1.00000013454, 1.00000064216, 1.05516498659, 6.19761113789, 0.915859500807, 1.00000061787, 85.6368103077, 1.04486335817, 3.5196445271, 1.04768847101, 3.29000083111, 1.00000036029, 789.393916075, 1.07238605898
1.66673667274, 1.02674538143, 1.57472183663, 0.923264644656, 2.83000009174, 0.887758870328, 5.66775908456, 1.26000066849, 1.1400008685, 3.02097347572, 2.87041856319, 0.931031604222, 3.04000006776, 1.10253733493, 0.888512353558, 1.00000010842, 1.00000028057, 1.07990990405, 3.58638193139, 0.92321797676, 1.00000046213, 103.014834043, 1.03141372168, 3.30674373429, 0.982243609819, 3.29000057799, 1.00000020373, 1100.07198015, 0.804289544236
5.54448094734, 1.00980716598, 1.35566983392, 0.826359271306, 2.83000065664, 1.18284812582, 4.70078637781, 1.26000011193, 1.14000061363, 1.37122123989, 1.83610437456, 1.02906592115, 3.04000064101, 1.04946318908, 0.940504163436, 1.00000045167, 1.00000000259, 1.02198821685, 4.88573421319, 0.919385342408, 1.00000090549, 109.245103475, 0.917366688176, 1.00180209914, 1.00792203825, 3.29000002267, 1.00000090553, 2208.61519815, 0.536193029491
5.92314295573, 1.04057247685, 1.53017162595, 0.837664645248, 2.83000065449, 1.00755497822, 3.86207924584, 1.26000080888, 1.14000030627, 1.82694868038, 2.31832149922, 0.959539909686, 3.04000059626, 1.10089929215, 1.0299762488, 1.00000067711, 1.00000064364, 1.06275078172, 7.09942880204, 0.987260656941, 1.0000002681, 116.900621358, 0.877607881613, 3.55317201504, 1.06800874871, 3.29000060241, 1.00000082083, 599.482418242, 2.14477211796
2.96022670007, 1.09633648769, 1.48490725401, 0.990408510697, 2.83000057615, 1.18845319114, 4.07912624985, 1.26000053005, 1.14000076159, 3.17593025978, 2.8251372608, 0.967165831351, 3.04000012763, 1.03535138216, 1.05432648179, 1.00000035296, 1.00000045639, 1.08415969419, 9.77292225578, 0.974752723895, 1.00000018306, 99.1154534198, 0.990471119035, 5.89544979368, 1.04714445393, 3.29000097067, 1.00000079451, 7218.15888775, 0.0
1.66673667274, 1.02572434473, 1.63327799264, 0.923264644656, 2.83000009174, 0.887758870328, 5.66775908456, 1.26000090116, 1.1400008685, 3.02097347572, 2.87041856319, 0.931031604222, 3.04000028116, 1.10253733493, 0.888512353558, 1.00000010842, 1.0000004065, 1.07990990405, 3.58638193139, 0.92321797676, 1.00000046213, 103.014834043, 1.03141372168, 3.30674373429, 0.982243609819, 3.29000057799, 1.00000051045, 943.788352015, 1.87667560322
5.74914672324, 1.11301749334, 1.56075347148, 0.937788954241, 2.83000022137, 1.07374492098, 2.86746209578, 1.2600004015, 1.14000088219, 2.3932324537, 1.57763324742, 1.03017849338, 3.04000067955, 1.0860896504, 0.995955347781, 1.00000000139, 1.00000050746, 1.02005474626, 5.49664901634, 0.998817812627, 1.00000066424, 95.4944494753, 1.07507159331, 2.925435224, 1.01855521205, 3.29000019843, 1.00000076766, 1440.1603301, 1.07238605898
2.74348075266, 1.04143261886, 1.55039140616, 0.878598904278, 2.83000034649, 1.14529234108, 4.88613948923, 1.26000029562, 1.14000093248, 3.57018003125, 2.35027839274, 0.948477939171, 3.04000095537, 1.00981669235, 0.890693706486, 1.00000060233, 1.0000009215, 1.00711557195, 3.58404135357, 0.957851525968, 1.0000005245, 86.0898387321, 0.994569257258, 2.42136620496, 0.952903236684, 3.29000009178, 1.00000054226, 1643.18366003, 0.804289544236
2.74348075266, 1.04143261886, 1.55039140616, 0.878598904278, 2.83000034649, 1.14529234108, 1.74276871983, 1.26000029562, 1.14000093248, 3.57018003125, 2.35027839274, 0.948477939171, 3.04000095537, 1.01129037157, 0.890693706486, 1.00000060233, 1.0000009215, 1.00711557195, 3.58404135357, 0.957851525968, 1.0000005245, 86.0898387321, 0.994569257258, 2.42136620496, 0.952903236684, 3.29000009178, 1.00000054226, 2239.51460485, 0.536193029491
5.28312927622, 1.06344526959, 1.44899057029, 0.899553578887, 2.83000055716, 1.01133412309, 1.11080714514, 1.260000037, 1.14000088221, 2.07399352153, 2.42414641255, 1.08273825976, 3.04000025163, 1.05881857748, 0.868531132253, 1.00000092821, 1.00000019472, 1.09864669261, 7.31557237722, 0.966793021081, 1.00000086916, 102.448719879, 0.974363377237, 4.81942573012, 0.979585432965, 3.29000053345, 1.00000092593, 898.638971916, 4.02144772118
1.14453679793, 1.0076084122, 1.38467348278, 0.903471410218, 2.83000056805, 0.961238351501, 5.78700556069, 1.26000058893, 1.14000048012, 3.04363430984, 2.84374408427, 1.01749234318, 3.04000009897, 1.01518237264, 0.955458987615, 1.00000031418, 1.00000039212, 1.03207939366, 8.00398780201, 0.922888575296, 1.00000011347, 77.8281875792, 1.00013403969, 4.72931664638, 0.979290752896, 3.29000052976, 1.0000009875, 7644.36420289, 0.0
3.60991090432, 1.04057247685, 1.53017162595, 0.837664645248, 2.8300008372, 1.00755497822, 3.86207924584, 1.26000080888, 1.14000030627, 1.82694868038, 2.31832149922, 0.959539909686, 3.04000059626, 1.10089929215, 1.0299762488, 1.00000067711, 1.00000064364, 1.06275078172, 7.09942880204, 0.987260656941, 1.0000002681, 116.900621358, 0.877607881613, 3.55317201504, 1.05387671753, 3.29000060241, 1.00000082083, 1039.86229227, 3.75335120643
2.08025727615, 1.09327392094, 1.52119125194, 0.890982256794, 2.83000028235, 0.920839304862, 3.90690691143, 1.26000001367, 1.14000050315, 2.5987547914, 1.87818714914, 1.07582561422, 3.04000023651, 1.0164571845, 1.03340689932, 1.00000067209, 1.00000069996, 1.06596479076, 4.2801172862, 0.938758791654, 1.0000009074, 99.6802358204, 0.994868075703, 2.70358799714, 0.988140432055, 3.29000013552, 1.00000017697, 1090.86158422, 1.87667560322
4.56992455762, 1.13336402652, 1.50937123575, 0.904364601385, 2.83000040021, 1.02967057629, 2.44673012614, 1.26000006389, 1.14000010603, 3.18263060605, 2.46366228217, 0.944077978755, 3.04000034656, 1.10815803816, 1.00100659033, 1.00000022916, 1.00000060629, 1.00296462531, 7.81190709906, 0.984267309967, 1.00000083935, 90.1372820043, 0.970286005044, 1.56202800558, 1.00794211205, 3.29000024465, 1.00000022669, 1495.34271418, 1.34048257373
2.90844711965, 1.10134351973, 1.38754362438, 0.869551680592, 2.83000078758, 1.04101235088, 3.50248403506, 1.26000015021, 1.14000097663, 2.58418002715, 1.79484533911, 0.924413538099, 3.0400004054, 1.11572454841, 1.01258560418, 1.00000022244, 1.00000063862, 1.08000164745, 6.8714819495, 0.967061116743, 1.0000005705, 101.467802872, 0.897292912916, 4.06623299347, 1.05113714803, 3.29000028345, 1.00000059671, 1794.28281457, 1.07238605898
2.44842469422, 1.09038270523, 1.71791673715, 0.907832188173, 2.83000068519, 1.10643058409, 1.24245114833, 1.26000034839, 1.14000086906, 1.37711780761, 2.85775301906, 0.956107182643, 3.04000006864, 1.03094191609, 1.02068940855, 1.00000085816, 1.00000072014, 1.00169483, 6.39193754495, 0.950450903549, 1.00000092338, 90.2369891398, 0.861929274403, 2.59917187992, 0.994117490978, 3.2900004248, 1.00000011708, 2932.83028238, 0.536193029491
1.04510598584, 1.09862658588, 1.70700037298, 0.915166772697, 2.83000011773, 0.987579374988, 2.76619579101, 1.26000042201, 1.14000039141, 3.1553568027, 2.19687474385, 0.881933904553, 3.04000072458, 1.03487507182, 0.788979289797, 1.00000083993, 1.0000007118, 1.08008894007, 8.80344433906, 0.963645329963, 1.00000078599, 100.629004946, 0.96106383161, 3.87813404871, 1.02643273898, 3.29000015145, 1.00000052871, 13679.7340703, 0.0
5.64378307786, 1.07939008155, 1.68043713827, 0.852253239101, 2.83000096775, 1.02936845011, 4.53760837041, 1.26000068167, 1.14000049027, 3.57659135994, 2.15224020101, 1.0125007551, 3.04000097778, 1.00513461835, 0.805477888316, 1.00000029733, 1.00000013515, 1.02863796826, 5.92206529356, 0.972491788766, 1.00000089237, 105.763510882, 1.08813276165, 2.17906127408, 1.05342541831, 3.29000010247, 1.00000005615, 13593.6720172, 0.268096514745
4.42634776492, 1.09318923459, 1.68055935159, 0.953473224713, 2.83000026126, 0.925380831169, 1.68214327429, 1.26000062492, 1.14000017758, 1.61441232014, 1.94196238632, 1.00170437595, 3.04000077504, 1.07845420135, 1.06755716572, 1.0000001703, 1.00000002627, 1.01449086067, 6.36257206717, 0.920819992279, 1.0000002347, 77.5937749856, 0.901298465616, 2.91834236598, 0.953700798369, 3.29000041023, 1.00000010736, 1639.43846016, 3.75335120643
5.28150022013, 1.09352370016, 1.46035786498, 0.900826920356, 2.83000075661, 0.938626224939, 5.45348085336, 1.26000087324, 1.14000075633, 3.18681898946, 1.63626005154, 1.02627539525, 3.04000062161, 1.10482800314, 0.786387231008, 1.00000008057, 1.00000053995, 1.02789834758, 3.8439955797, 0.973267612795, 1.0000008908, 76.6571523664, 1.00835966224, 4.27888100472, 1.01543678607, 3.29000001265, 1.00000081878, 1502.71684254, 8.04289544236
2.87968481949, 1.02662924914, 1.42414263029, 0.829306908929, 2.83000002558, 1.18784693009, 2.15464282857, 1.26000054669, 1.14000005931, 3.55668475832, 1.71453240112, 1.02820594223, 3.04000045515, 1.00268812559, 1.02892584936, 1.00000024911, 1.0000006233, 1.020364037, 7.65275133567, 0.957293155524, 1.00000033867, 106.989342837, 0.889678895873, 3.99879019634, 1.02139108996, 3.29000014501, 1.00000009321, 2499.61580778, 1.07238605898
2.2122301272, 1.13553684901, 1.40585629438, 0.804256735042, 2.83000099698, 0.96361542134, 1.20203399973, 1.26000084665, 1.14000043347, 1.62127222834, 2.95718616265, 0.960571327294, 3.04000081018, 1.1166184319, 0.847897382201, 1.00000093598, 1.0000008741, 1.0642323459, 7.78099685386, 0.949614138843, 1.00000047073, 108.71606839, 0.974477245823, 3.88036883025, 1.00363166342, 3.29000072564, 1.0000002492, 1893.90181465, 1.34048257373
1.81003720549, 1.13383172919, 1.35084347625, 0.820658102824, 2.83000093557, 0.979434419477, 5.21449649754, 1.26000086145, 1.14000071903, 2.40034040746, 2.00775958431, 0.898959521622, 3.04000046482, 1.10334752034, 0.98034556181, 1.00000071002, 1.00000089747, 1.0878669916, 8.55786840701, 0.910614567935, 1.00000072299, 77.1968157363, 0.935069399227, 5.70221685128, 0.983730820228, 3.29000042386, 1.00000015518, 3165.22588725, 0.804289544236
2.56530872554, 1.05586773129, 1.63607643757, 0.883566817266, 2.83000091204, 1.14359268993, 1.41636108001, 1.26000071743, 1.14000029522, 3.48413545228, 2.01791553062, 1.07093854004, 3.04000065865, 1.07690851974, 1.07045928668, 1.00000024602, 1.00000056997, 1.03675839561, 5.40556008706, 0.982407243195, 1.00000063074, 124.770721786, 0.907029122024, 3.98682176575, 1.04328924675, 3.29000008096, 1.00000090699, 3786.3006734, 0.536193029491
5.28150022013, 1.09352370016, 1.50221996225, 0.900826920356, 2.83000075661, 0.938626224939, 5.45348085336, 1.26000087324, 1.14000075633, 3.18681898946, 1.63626005154, 0.932820518932, 3.04000062161, 1.10482800314, 0.786387231008, 1.00000008057, 1.00000053995, 1.02789834758, 3.8439955797, 0.960012253696, 1.0000008908, 76.6571523664, 1.00835966224, 4.32203155706, 1.01543678607, 3.29000001265, 1.00000081878, 13826.3485009, 0.0
2.52637938302, 1.12153379973, 1.50221996225, 0.897916104826, 2.83000044042, 1.10175337671, 5.81387890215, 1.26000099619, 1.14000064238, 1.93425552162, 1.97148769092, 0.932820518932, 3.04000033149, 1.01585389988, 0.990808568789, 1.00000020501, 1.00000073986, 1.06297317585, 3.28455327147, 0.927544375733, 1.00000088475, 98.9759019732, 1.0177626536, 5.86714828769, 1.02262520536, 3.29000097323, 1.00000054462, 2288.42678883, 1.87667560322
3.8881751877, 1.07789383169, 1.51559624071, 0.95238959314, 2.83000079364, 0.960114622383, 4.7044078324, 1.2600004054, 1.14000012944, 1.46949978802, 2.38910501573, 0.946812924812, 3.0400001058, 1.04187800028, 0.883766565727, 1.00000026942, 1.00000010076, 1.08054986674, 6.19784628486, 0.949842127081, 1.00000068073, 81.4131567097, 1.02587757039, 5.30082275896, 1.03373316539, 3.29000093006, 1.00000049172, 2492.83835124, 1.34048257373
4.83112004305, 1.09482455468, 1.46035389801, 0.960476687395, 2.83000069249, 1.1867202248, 2.15112737159, 1.26000028836, 1.14000063199, 3.25771233372, 2.53998185306, 0.949865838195, 3.04000075723, 1.06765696447, 1.01674159048, 1.00000054611, 1.00000062928, 1.1017076817, 5.88314299007, 0.99908351173, 1.0000004362, 90.9870865571, 0.842650569024, 2.05097874351, 0.95232864355, 3.29000089515, 1.00000013263, 1929.10708195, 2.41286863271
1.20829901044, 1.12792729352, 1.67456479278, 0.859582515314, 2.83000028186, 0.887309801625, 5.81544001042, 1.26000044403, 1.14000071636, 1.73952356505, 2.38910501573, 1.05653362862, 3.04000016955, 1.04017941601, 0.946082086336, 1.00000003636, 1.00000044698, 1.08054986674, 8.77002791602, 0.94963463735, 1.00000003101, 78.9457422742, 1.07592694386, 2.87779850444, 0.972644650145, 3.29000094639, 1.00000069329, 3527.40284728, 1.07238605898
5.88325322541, 1.12287796956, 1.57472183663, 0.918854685143, 2.8300003574, 1.01218644956, 5.204534318, 1.26000006841, 1.14000065041, 2.38661590358, 3.01379526905, 0.934481523849, 3.04000015813, 1.10272637032, 1.03748602499, 1.00000061665, 1.00000092375, 1.01801640463, 8.98092702147, 0.945508204236, 1.00000042311, 119.798915453, 0.953439932827, 2.59972374408, 0.991725989804, 3.29000056889, 1.00000032897, 4108.28589887, 0.804289544236
5.64326934447, 1.00378551555, 1.6402233907, 0.960105548062, 2.83000079748, 1.01938569822, 2.35521277776, 1.26000086861, 1.14000055791, 3.63663852109, 2.07564569117, 0.940025515141, 3.04000078501, 1.01020936781, 1.04567098668, 1.00000001307, 1.00000030825, 1.07697343099, 9.74496132777, 0.948321997692, 1.00000053213, 105.583816268, 0.930962568268, 2.71489350406, 0.971740567648, 3.29000008508, 1.00000001698, 4536.28268842, 0.536193029491
2.84412009901, 1.08217572064, 1.36598027214, 0.830722747692, 2.83000099097, 1.16285734762, 3.81813199316, 1.26000040652, 1.14000057784, 1.56103460824, 2.1021121529, 1.091184792, 3.04000042842, 1.08738027788, 0.90681596388, 1.00000028301, 1.0000006233, 1.06727112622, 4.20538671706, 0.957293155524, 1.00000092129, 89.0961115091, 1.01000052508, 2.45152702909, 0.974730815864, 3.2900002794, 1.00000060952, 14667.1242274, 0.0
2.08025727615, 1.09327392094, 1.52119125194, 0.890982256794, 2.83000028235, 0.920839304862, 3.90690691143, 1.26000061681, 1.14000050315, 2.5987547914, 1.87818714914, 1.07582561422, 3.04000023651, 1.10089929215, 1.03340689932, 1.00000067209, 1.00000069996, 1.06596479076, 4.2801172862, 0.938758791654, 1.0000009074, 99.6802358204, 0.994868075703, 2.70358799714, 0.988140432055, 3.29000013552, 1.00000017697, 2496.50567218, 2.14477211796
4.49176264798, 1.13012376886, 1.47126932173, 0.878191140247, 2.83000060218, 0.945188300062, 2.17240354579, 1.26000060759, 1.14000046117, 3.23223544935, 3.08453475329, 0.983232148865, 3.040000007, 1.11152202433, 1.00007830533, 1.00000034914, 1.00000050311, 1.09118524976, 9.71106690708, 0.969456289345, 1.00000091786, 89.8361827107, 0.873949779843, 5.36107206244, 1.01484992112, 3.29000006973, 1.00000030266, 2551.18694709, 1.60857908847
4.39424137425, 1.03428523067, 1.60481880618, 0.847692660573, 2.83000080925, 1.18766334641, 3.98721823455, 1.26000045601, 1.14000099395, 1.74197427847, 2.4810828262, 1.08119908692, 3.0400004347, 1.01935056832, 0.831675778543, 1.00000013454, 1.00000064216, 1.05516498659, 6.19761113789, 0.915859500807, 1.00000061787, 85.6368103077, 1.04486335817, 3.5196445271, 1.04768847101, 3.29000095299, 1.00000036029, 1944.85989974, 5.36193029491
4.39424137425, 1.03428523067, 1.60481880618, 0.847692660573, 2.83000080925, 1.18766334641, 3.98721823455, 1.26000023268, 1.14000099395, 1.74197427847, 2.4810828262, 1.08119908692, 3.04000072019, 1.01935056832, 0.831675778543, 1.00000013454, 1.00000064216, 1.05516498659, 6.19761113789, 0.915859500807, 1.00000061787, 85.6368103077, 1.04486335817, 3.5196445271, 1.04768847101, 3.29000095299, 1.00000036029, 4069.74787693, 1.07238605898
2.52637938302, 1.12684534021, 1.50221996225, 0.897916104826, 2.83000044042, 1.10175337671, 5.81387890215, 1.26000099619, 1.14000064238, 1.70011638223, 1.97148769092, 0.932820518932, 3.0400002996, 1.01585389988, 0.990808568789, 1.00000020501, 1.00000073986, 1.07119087024, 7.62659481587, 0.927544375733, 1.00000051481, 98.9759019732, 1.06598172765, 5.86714828769, 1.04573135602, 3.29000097323, 1.00000054462, 4895.20797606, 0.804289544236
5.88325322541, 1.12287796956, 1.57472183663, 0.918854685143, 2.83000028186, 1.01218644956, 5.204534318, 1.26000000613, 1.14000065041, 2.38661590358, 3.01379526905, 0.934481523849, 3.04000015813, 1.10272637032, 1.03748602499, 1.00000061665, 1.00000092375, 1.01801640463, 8.98092702147, 0.945508204236, 1.00000042311, 119.798915453, 0.953439932827, 2.59972374408, 0.991725989804, 3.29000056889, 1.00000032897, 6094.88159365, 0.536193029491
1.24695384241, 1.05124287503, 1.35155040681, 0.992257034472, 2.83000001034, 0.940516676847, 1.97912943253, 1.26000075114, 1.14000008522, 2.98852341036, 3.01855522971, 0.930251284823, 3.04000008652, 1.09769904959, 0.910957688728, 1.00000096897, 1.00000012301, 1.01353661326, 8.00290841169, 0.958798251256, 1.00000076061, 116.291046687, 0.886486836524, 1.44489555297, 1.0269415754, 3.29000060231, 1.0000006065, 38300.0981673, 0.0
2.87968481949, 1.03515061767, 1.42414263029, 0.90231254564, 2.83000012537, 1.18784693009, 2.15464282857, 1.26000054669, 1.14000005931, 3.55668475832, 1.71453240112, 1.02820594223, 3.04000045515, 1.00268812559, 0.998662130855, 1.00000024911, 1.00000076541, 1.020364037, 7.65275133567, 0.92628740821, 1.00000033867, 84.0784131263, 0.889678895873, 3.99879019634, 1.02139108996, 3.29000014501, 1.00000009321, 15212.3353577, 0.268096514745
3.27690579515, 1.01676831703, 1.6609554151, 0.857061705332, 2.83000094296, 1.08975538037, 3.49373398924, 1.2600001645, 1.14000076628, 3.29590649817, 2.27117667304, 0.947411642804, 3.04000007331, 1.00226166216, 0.855714535129, 1.00000034358, 1.00000002092, 1.02036476232, 4.77861792821, 0.998821541126, 1.00000087223, 101.822219454, 0.893681389602, 4.48615422507, 0.991836826128, 3.29000096639, 1.00000076153, 3927.59126563, 1.87667560322
2.96022670007, 1.09633648769, 1.48490725401, 0.990408510697, 2.83000057615, 1.18845319114, 4.07912624985, 1.26000058629, 1.14000076159, 3.17593025978, 2.8251372608, 0.967165831351, 3.04000012763, 1.03535138216, 1.05432648179, 1.00000035296, 1.00000045639, 1.08415969419, 9.77292225578, 0.974752723895, 1.00000018306, 99.1154534198, 0.990471119035, 5.89544979368, 1.04714445393, 3.29000097067, 1.00000079451, 2683.34288923, 2.14477211796
5.72981699531, 1.1091380638, 1.36379782719, 0.813807538542, 2.83000003468, 1.07530817014, 1.17377958343, 1.26000085111, 1.14000088182, 2.02004379344, 1.97259614682, 0.999214175168, 3.04000024307, 1.0600505678, 0.853223441697, 1.0000001278, 1.00000096645, 1.02307610234, 4.78202423889, 0.966669466512, 1.00000047282, 87.1838111977, 0.936010289721, 1.31490471501, 1.06209852453, 3.29000026716, 1.00000008187, 4599.23651977, 1.07238605898
1.84264681617, 1.0661050905, 1.62848244767, 0.95904508731, 2.83000031303, 1.14668657681, 1.20867175561, 1.26000052792, 1.14000030225, 3.63553429836, 2.33111199113, 0.977956314497, 3.04000061589, 1.01409131428, 0.885064770256, 1.00000077876, 1.00000004407, 1.04597463102, 8.23310278916, 0.965314883782, 1.00000016515, 92.0156091605, 0.971090325628, 5.87993321189, 0.95705210356, 3.29000012072, 1.00000064309, 4250.25202975, 1.34048257373
5.72705317182, 1.093093275, 1.41445292458, 0.973800787256, 2.83000092523, 0.933905077038, 5.58554524503, 1.26000022934, 1.14000085136, 2.54806300706, 2.09495399718, 0.931047192792, 3.04000069364, 1.04364131428, 1.08253137628, 1.00000048841, 1.00000072419, 1.04402428471, 7.56084325057, 0.968874783957, 1.00000090278, 86.6515069811, 0.993414423495, 3.9942716039, 0.97411215274, 3.2900001787, 1.00000017624, 4965.75357877, 0.804289544236
5.70149099352, 1.04057247685, 1.53017162595, 0.837664645248, 2.83000065449, 1.00755497822, 3.86207924584, 1.2600006545, 1.14000030627, 3.02097347572, 2.31832149922, 0.959539909686, 3.04000059626, 1.10089929215, 1.0299762488, 1.00000067711, 1.00000064364, 1.06275078172, 3.58638193139, 0.987260656941, 1.0000002681, 103.014834043, 0.877607881613, 3.30674373429, 1.06800874871, 3.29000057799, 1.00000082083, 6487.73077142, 0.536193029491
4.76824413777, 1.10324180252, 1.507795408, 0.952136601625, 2.83000013029, 1.14478659434, 1.51471992592, 1.2600004075, 1.14000085301, 1.26415654163, 3.08675487584, 0.945600398829, 3.04000091632, 1.09826468476, 0.926609066081, 1.00000020706, 1.00000032603, 1.04731842598, 5.20956110685, 0.983138138165, 1.00000066936, 100.31143071, 1.08423399012, 2.33246953875, 1.05737004609, 3.29000013252, 1.00000070898, 43293.5793104, 0.0
5.53763562971, 1.05647420411, 1.36598027214, 0.830722747692, 2.83000099097, 1.16285734762, 3.81813199316, 1.26000042999, 1.14000057784, 1.56103460824, 1.91752550305, 1.091184792, 3.04000063067, 1.08738027788, 0.90681596388, 1.00000028301, 1.00000076541, 1.0826966789, 4.20538671706, 0.92628740821, 1.00000092129, 89.0961115091, 1.01000052508, 2.45152702909, 0.974730815864, 3.29000015389, 1.00000060952, 3194.98074466, 4.28954423592
5.31551728881, 1.07468023094, 1.69154367603, 0.933343866617, 2.83000009196, 0.985775670964, 4.1794839783, 1.26000061489, 1.14000080212, 3.0452723871, 1.9664854289, 1.02785910307, 3.04000020674, 1.00201349646, 1.07242797386, 1.00000070164, 1.00000049077, 1.03001289442, 7.89366566977, 0.963937483874, 1.0000007437, 75.4977809261, 0.91190441519, 4.8530240907, 1.03811286769, 3.29000011458, 1.00000035038, 4054.16779526, 2.41286863271
2.44842469422, 1.09038270523, 1.71791673715, 0.907832188173, 2.83000068519, 1.10643058409, 1.24245114833, 1.26000034839, 1.14000086906, 1.37711780761, 2.4265579531, 0.956107182643, 3.04000006864, 1.03094191609, 1.02068940855, 1.00000095151, 1.00000072014, 1.00169483, 6.39193754495, 0.950450903549, 1.00000092338, 90.2369891398, 0.861929274403, 2.59917187992, 0.994117490978, 3.2900004248, 1.00000011708, 3223.92234156, 2.9490616622
3.25785456308, 1.11436228857, 1.68707596555, 0.932538970742, 2.83000048831, 0.952578592834, 2.27610795805, 1.26000072275, 1.14000008649, 3.29754608745, 1.99139800986, 1.00124416271, 3.04000056833, 1.06481474142, 0.852703349452, 1.00000015883, 1.00000044262, 1.0314870073, 4.40035271208, 0.969009794497, 1.0000000181, 83.7127399199, 0.860246283501, 4.93201921713, 1.06644228242, 3.29000035898, 1.00000093738, 4997.85666219, 1.07238605898
2.08025727615, 1.09327392094, 1.52119125194, 0.890982256794, 2.83000028235, 0.920839304862, 3.90690691143, 1.26000001367, 1.14000050315, 2.5987547914, 1.87818714914, 1.07582561422, 3.04000023651, 1.0164571845, 1.03340689932, 1.00000067209, 1.00000069996, 1.06596479076, 4.2801172862, 0.915633085176, 1.0000009074, 99.6802358204, 0.994868075703, 2.70358799714, 0.988140432055, 3.29000013552, 1.00000017697, 5116.57680151, 0.804289544236
1.84264681617, 1.0661050905, 1.62848244767, 0.95904508731, 2.83000031303, 1.14668657681, 1.20867175561, 1.26000052792, 1.14000030225, 3.63553429836, 2.07992539234, 0.977956314497, 3.04000061503, 1.01409131428, 1.00007830533, 1.00000077876, 1.00000004407, 1.0121645352, 8.23310278916, 0.965314883782, 1.00000014277, 84.5022749109, 0.971090325628, 5.87993321189, 0.95705210356, 3.29000012072, 1.00000064309, 6528.67536283, 0.536193029491
1.53576229701, 1.0846681696, 1.49210118626, 0.841030458748, 2.83000077678, 1.04958868531, 4.5757804874, 1.26000067099, 1.14000027931, 2.33335131208, 1.69976502023, 0.941801531024, 3.04000025738, 1.04642580421, 0.902857310727, 1.00000067127, 1.00000007027, 1.00611047949, 6.62494187501, 0.966068740277, 1.00000046486, 100.923593832, 0.916340705855, 1.81099035883, 1.04275342178, 3.29000015856, 1.00000095124, 51709.6083993, 0.0
2.25587457269, 1.13222397857, 1.54108344827, 0.803122489308, 2.83000097515, 1.13408161765, 2.93908075267, 1.26000056481, 1.14000009364, 2.05734256617, 2.29518416806, 1.04722940075, 3.04000065746, 1.01626906392, 0.84213292954, 1.0000005203, 1.0000006279, 1.0541434244, 7.88803307367, 0.961862664106, 1.00000085862, 91.4440414558, 1.0244104508, 5.45643923357, 1.00042113066, 3.29000061838, 1.0000007851, 3416.23910974, 3.21715817694
3.74891053348, 1.09352370016, 1.46035786498, 0.900826920356, 2.83000084174, 0.867288681999, 5.46342324858, 1.26000087324, 1.14000065041, 3.18681898946, 1.63626005154, 1.0483229942, 3.04000062161, 1.10482800314, 0.786387231008, 1.00000008057, 1.00000053995, 1.08536502917, 3.8439955797, 0.982469751232, 1.00000091676, 76.6571523664, 1.00835966224, 4.27888100472, 1.01543678607, 3.29000001265, 1.00000081878, 4235.43434743, 2.9490616622
4.83112004305, 1.06586773991, 1.46035389801, 0.960476687395, 2.83000069249, 1.1867202248, 2.15112737159, 1.26000038066, 1.14000058184, 3.25771233372, 2.53998185306, 0.949865838195, 3.04000075723, 1.06765696447, 1.01674159048, 1.00000054611, 1.00000062928, 1.1017076817, 5.5107666653, 0.99908351173, 1.0000004362, 93.4628593847, 0.842650569024, 2.05097874351, 0.966501722686, 3.29000089515, 1.00000013263, 5022.63569062, 1.07238605898
5.00111521656, 1.02788846033, 1.4071825314, 0.803156996475, 2.83000020522, 0.883718835333, 4.2860715046, 1.26000099292, 1.14000099397, 2.53428692742, 2.05248035259, 1.00327913942, 3.0400002645, 1.03371884523, 1.06790334814, 1.00000089099, 1.00000032395, 1.06874098834, 4.75148407956, 0.995666415214, 1.00000002073, 116.213262794, 0.945492208096, 2.84283986691, 1.03481080334, 3.29000029803, 1.00000004407, 7196.29476053, 0.804289544236
2.44289879395, 1.00980716598, 1.35566983392, 0.826359271306, 2.83000065664, 1.18284812582, 3.49327421747, 1.26000011488, 1.14000061363, 1.37122123989, 1.83610437456, 1.02906592115, 3.04000064101, 1.04946318908, 0.940504163436, 1.00000045167, 1.00000000259, 1.02198821685, 4.88573421319, 0.919385342408, 1.00000090549, 109.245103475, 0.917366688176, 1.00180209914, 1.00792203825, 3.29000002267, 1.00000090553, 7988.09288313, 0.536193029491
5.64378307786, 1.07939008155, 1.68043713827, 0.852253239101, 2.83000098109, 1.02936845011, 4.53760837041, 1.26000068167, 1.14000049027, 3.57659135994, 2.15224020101, 1.0125007551, 3.04000097778, 1.00513461835, 0.805477888316, 1.00000029733, 1.00000013515, 1.0690194102, 3.42865009289, 0.972491788766, 1.00000089237, 105.763510882, 1.08813276165, 2.17906127408, 1.05342541831, 3.29000010247, 1.00000005615, 3458.1300713, 6.97050938338
4.73957000559, 1.02112291926, 1.41937457191, 0.841258137888, 2.83000060479, 0.864827754385, 4.15900397015, 1.26000034468, 1.14000026429, 3.60835643862, 1.56345698565, 0.950089556569, 3.04000063141, 1.06289215611, 0.888121027491, 1.00000056685, 1.00000008558, 1.06954634386, 9.20074571199, 0.916762743561, 1.00000057478, 77.0891837667, 1.07408987247, 3.20465858318, 1.01535322592, 3.29000002873, 1.00000056011, 3616.18667893, 3.21715817694
3.10903239448, 1.09769650742, 1.53240249889, 0.972836908407, 2.83000030407, 1.15178955118, 3.59736452586, 1.26000009972, 1.14000031202, 1.47890246465, 1.66986010786, 1.01377692691, 3.04000019357, 1.00982983617, 1.04185394578, 1.00000046694, 1.00000077995, 1.08118182903, 6.70876537693, 0.954363624052, 1.00000056948, 88.9453068963, 0.912091050493, 2.10087965411, 0.960682727837, 3.29000021594, 1.00000076573, 5161.20913662, 1.07238605898
4.44150760301, 1.13336402652, 1.62848244767, 0.904364601385, 2.83000040021, 1.02967057629, 1.898901059, 1.26000008347, 1.14000010603, 3.18263060605, 2.46366228217, 0.944077978755, 3.04000034656, 1.01409131428, 1.00100659033, 1.00000022916, 1.00000060629, 1.02796503886, 7.81190709906, 0.984267309967, 1.00000083935, 90.1372820043, 0.971090325628, 1.56202800558, 1.00794211205, 3.29000024465, 1.00000022669, 8213.72062827, 0.536193029491
1.59023510375, 1.09025622054, 1.66740725338, 0.970483908842, 2.83000039692, 0.90337890454, 5.93737854135, 1.26000055998, 1.14000019909, 1.77373574043, 2.75871965396, 1.03221230558, 3.04000064325, 1.07996050442, 0.959686998284, 1.00000009301, 1.00000074676, 1.05087429367, 6.82248267592, 0.952340313061, 1.00000059235, 82.5375494256, 0.853642009986, 2.96297016469, 1.00778531892, 3.29000066021, 1.00000032937, 4316.78076807, 3.48525469169
3.29606276812, 1.05865525847, 1.42574453484, 0.877874823928, 2.83000070936, 1.14966259564, 1.62889003491, 1.26000059971, 1.140000919, 2.6122365006, 2.01791553062, 0.924556161028, 3.0400002231, 1.05122420509, 1.07214861005, 1.00000064198, 1.00000030567, 1.08828358532, 4.5976551615, 0.955162520524, 1.00000013327, 106.16733963, 0.900823169654, 3.77589425936, 0.975571466048, 3.29000037329, 1.00000085035, 3787.53106151, 5.8981233244
3.0432687246, 1.00448890616, 1.73157781299, 0.958457316258, 2.83000091935, 1.0018630611, 4.22413788802, 1.2600007288, 1.14000048608, 1.97503165804, 2.48016840736, 1.06843483918, 3.04000080161, 1.03309851036, 0.901484423203, 1.00000029557, 1.00000053313, 1.03372708999, 8.06827772861, 0.939226527534, 1.00000081153, 93.6585521094, 1.03988394508, 5.09138319307, 1.03076391071, 3.29000075145, 1.00000047671, 5288.38022039, 1.07238605898
1.27262670965, 1.0012780935, 1.59863283686, 0.996935669423, 2.83000052168, 0.934950721331, 1.71188565096, 1.26000073004, 1.14000024936, 2.07933996187, 2.33580387482, 1.01165878579, 3.04000048617, 1.11996290947, 0.841561978227, 1.00000047012, 1.00000043796, 1.02785982121, 6.08663211826, 0.933981432893, 1.00000044532, 96.044105593, 0.852900215746, 1.08021492294, 0.998054824128, 3.29000077302, 1.00000019205, 9255.8141523, 0.536193029491
3.27690579515, 1.0371985695, 1.6609554151, 0.857061705332, 2.83000094296, 1.08975538037, 3.49373398924, 1.2600001645, 1.14000076628, 3.29590649817, 2.06604692481, 0.947411642804, 3.04000004946, 1.00226166216, 0.855714535129, 1.00000034358, 1.00000002092, 1.02036476232, 4.77861792821, 0.964130511894, 1.00000091198, 101.822219454, 0.91190441519, 2.48464523816, 0.991836826128, 3.29000096639, 1.00000076153, 4391.24854859, 4.55764075067
5.31551728881, 1.07468023094, 1.69154367603, 0.933343866617, 2.83000009196, 0.985775670964, 4.86897645312, 1.26000061489, 1.14000080212, 3.0452723871, 1.9664854289, 1.02785910307, 3.04000019899, 1.00201349646, 1.07242797386, 1.00000070164, 1.00000037956, 1.03001289442, 7.89366566977, 0.993562044774, 1.0000007437, 75.4977809261, 0.942727380445, 4.8530240907, 1.03811286769, 3.29000011458, 1.00000035038, 5243.63691241, 3.48525469169
2.56530872554, 1.05586773129, 1.63607643757, 0.982895114483, 2.83000091204, 1.1743816433, 1.41636108001, 1.26000071743, 1.14000041532, 3.48413545228, 1.70040163825, 1.08482535618, 3.04000065865, 1.07690851974, 1.04715596201, 1.00000024602, 1.00000056997, 1.03675839561, 5.40556008706, 0.950456026335, 1.00000063074, 124.770721786, 0.900812023041, 4.47573709007, 1.04292221721, 3.29000008096, 1.0000009254, 4394.38098579, 4.28954423592
5.90573649944, 1.12287796956, 1.63327799264, 0.918854685143, 2.83000019024, 1.01218644956, 5.204534318, 1.26000006841, 1.14000065041, 2.38661590358, 3.01379526905, 0.934481523849, 3.04000015813, 1.10272637032, 1.03748602499, 1.00000061665, 1.00000092375, 1.01801640463, 8.98092702147, 0.945508204236, 1.0000003218, 119.798915453, 0.953439932827, 2.59972374408, 0.991725989804, 3.29000056889, 1.00000032897, 3990.00363799, 6.16621983914
3.10903239448, 1.09769650742, 1.53274616371, 0.972836908407, 2.83000030407, 1.15178955118, 3.59736452586, 1.26000009972, 1.14000031202, 1.47890246465, 1.66986010786, 1.01377692691, 3.04000019357, 1.00982983617, 1.04185394578, 1.00000046694, 1.00000077995, 1.08118182903, 6.70876537693, 0.954363624052, 1.00000032748, 88.9453068963, 0.912091050493, 2.10087965411, 0.960682727837, 3.29000021594, 1.00000076573, 7067.66552663, 1.07238605898
4.42380701386, 1.12837055229, 1.41016285988, 0.869039362018, 2.83000092285, 0.880754018092, 1.59672760324, 1.26000054383, 1.14000027877, 2.57820622606, 2.9962179976, 0.992342340397, 3.04000018342, 1.05777367405, 1.08905318393, 1.00000054511, 1.00000017675, 1.05251806377, 4.20892856404, 0.936661845256, 1.00000081189, 95.0452840635, 1.04392429821, 5.51916525209, 0.975959819267, 3.29000058138, 1.00000030517, 5460.87385899, 2.68096514745
5.83705228492, 1.1324555384, 1.58110397508, 0.915136853723, 2.83000092993, 0.940850826377, 4.18722059623, 1.26000063326, 1.14000023515, 1.64487816402, 2.6657517643, 1.00362201759, 3.04000054954, 1.04369121738, 0.852872683765, 1.00000038467, 1.00000036386, 1.07882403113, 7.1201688336, 0.959770205011, 1.00000056164, 102.383675794, 0.969885259839, 1.47998935285, 1.00189572698, 3.2900000727, 1.00000036086, 6500.68785274, 1.34048257373
1.32011860194, 1.04723022153, 1.64394747058, 0.885744130554, 2.83000080808, 0.855578291393, 2.64605749551, 1.26000016554, 1.14000036156, 2.21722244174, 1.64622799512, 0.985495649519, 3.04000029937, 1.05711097062, 0.793866953547, 1.00000006892, 1.00000026582, 1.03476732524, 9.92780371069, 0.928015907899, 1.0000009801, 100.289266119, 1.00641732263, 3.70638293845, 0.957113647513, 3.29000075936, 1.00000012382, 5867.82250927, 1.60857908847
5.04703201881, 1.01885210651, 1.46083931806, 0.836727722588, 2.83000051518, 0.912504890505, 5.51073979043, 1.26000052174, 1.14000024597, 3.40317319171, 2.66950930369, 0.925021940175, 3.04000062608, 1.09528602164, 0.813525210264, 1.00000088552, 1.00000091886, 1.0851454225, 3.47573674506, 0.94754752575, 1.00000028746, 102.739696037, 0.945748284941, 1.73816869821, 1.03059330083, 3.2900005466, 1.00000013506, 10122.4891362, 0.536193029491
4.76824413777, 1.10324180252, 1.507795408, 0.952136601625, 2.83000013029, 1.14478659434, 1.51471992592, 1.26000018804, 1.14000085301, 1.26415654163, 3.08675487584, 0.945600398829, 3.04000091632, 1.09826468476, 0.926609066081, 1.00000020706, 1.00000032603, 1.04731842598, 5.20956110685, 0.983138138165, 1.00000066936, 100.31143071, 1.08423399012, 2.33246953875, 1.05737004609, 3.29000029384, 1.00000065958, 4918.47171751, 8.3109919571
3.8881751877, 1.07789383169, 1.51559624071, 0.95238959314, 2.83000079364, 0.960114622383, 4.7044078324, 1.2600004054, 1.14000012944, 1.46949978802, 2.32123612851, 0.946812924812, 3.0400001058, 1.04187800028, 0.883766565727, 1.00000026942, 1.00000010076, 1.0970995707, 6.19784628486, 0.949842127081, 1.00000029663, 81.4131567097, 1.02587757039, 5.30082275896, 1.03373316539, 3.29000093006, 1.00000049172, 5096.53610378, 6.16621983914
5.57564404912, 1.09133168504, 1.45480657891, 0.908510003935, 2.83000025905, 1.16471672813, 5.22000499438, 1.2600005228, 1.14000006498, 2.11921063282, 2.94502074218, 0.964216135755, 3.04000079331, 1.06730905217, 0.941095856665, 1.00000013831, 1.00000038189, 1.08388737239, 5.97836298007, 0.96780117655, 1.00000019492, 103.340400432, 1.0484114536, 3.78634225787, 1.06336811265, 3.29000018763, 1.0000008729, 7420.82936836, 1.07238605898
2.2122301272, 1.13553684901, 1.40585629438, 0.804256735042, 2.83000077678, 0.96361542134, 1.20203399973, 1.26000084665, 1.14000093875, 1.62127222834, 2.95718616265, 0.960571327294, 3.04000025738, 1.1166184319, 0.847897382201, 1.00000093598, 1.0000008741, 1.0642323459, 7.78099685386, 0.949614138843, 1.00000047073, 104.070500824, 0.974477245823, 3.91102645209, 1.00363166342, 3.29000072564, 1.00000015969, 5475.20793602, 4.28954423592
2.96624670703, 1.13480076404, 1.40153389693, 0.923658432227, 2.83000012664, 0.874891806698, 3.05028758821, 1.26000097824, 1.14000095372, 3.17907702302, 2.52060501586, 0.884079906588, 3.04000054656, 1.06946627079, 1.01557151776, 1.00000088371, 1.00000035355, 1.0606654751, 7.99697811719, 0.951032233399, 1.00000085968, 95.7477633828, 0.995815943737, 4.16808216464, 1.02398354084, 3.29000067234, 1.0000001198, 6689.22861161, 1.34048257373
1.14453679793, 1.00069580852, 1.35162138404, 0.903471410218, 2.83000056805, 0.961238351501, 5.78700556069, 1.26000058893, 1.14000048012, 3.04363430984, 2.84374408427, 1.01749234318, 3.04000009897, 1.01518237264, 0.955458987615, 1.00000031418, 1.00000039212, 1.03207939366, 3.73414506142, 0.922888575296, 1.00000029792, 77.8281875792, 1.00013403969, 4.72931664638, 0.979290752896, 3.29000052976, 1.0000009875, 6148.41278613, 1.87667560322
4.99469228163, 1.10395219799, 1.46502566787, 0.9689017793, 2.83000023226, 0.882753745157, 4.90021649339, 1.26000096389, 1.14000093222, 2.27426716216, 2.02787154413, 0.991909748997, 3.04000008465, 1.03573908157, 0.835680687206, 1.00000056302, 1.00000037257, 1.05633759226, 6.37084284849, 0.992158540975, 1.00000026707, 80.4090404776, 0.937449253351, 4.32587153066, 0.955015062006, 3.29000034792, 1.00000075247, 6022.22381626, 2.9490616622
2.44289879395, 1.00980716598, 1.35566983392, 0.826359271306, 2.83000094067, 0.962229028525, 3.49327421747, 1.26000011488, 1.14000061363, 1.37122123989, 1.83610437456, 1.02906592115, 3.04000002292, 1.04946318908, 0.940504163436, 1.00000045167, 1.00000000259, 1.02198821685, 4.86390705382, 0.919385342408, 1.00000090549, 109.245103475, 0.92485672512, 1.00180209914, 1.00792203825, 3.29000002267, 1.00000090553, 10884.9705504, 0.536193029491
2.96022670007, 1.09633648769, 1.48490725401, 0.990408510697, 2.83000057615, 1.18845319114, 3.32752985545, 1.26000058629, 1.14000076159, 3.17593025978, 2.8251372608, 0.967165831351, 3.04000012763, 1.03535138216, 1.05432648179, 1.00000035296, 1.00000045639, 1.08415969419, 9.77292225578, 0.974752723895, 1.00000018306, 99.1154534198, 0.990471119035, 5.89544979368, 1.06632416851, 3.29000097067, 1.00000079451, 10313.5348066, 0.804289544236
3.8881751877, 1.03426479503, 1.51559624071, 0.95238959314, 2.83000079364, 0.9435136905, 5.49023116105, 1.26000034267, 1.14000012944, 2.36621818959, 2.46986925155, 1.00170437595, 3.04000008444, 1.04187800028, 0.846632323393, 1.00000026942, 1.00000010076, 1.0970995707, 8.00398994444, 0.949842127081, 1.00000029663, 81.4131567097, 0.901298465616, 5.30082275896, 1.03373316539, 3.29000097663, 1.00000010736, 5568.71818484, 12.3324396783
