3.69216544796, 1.06373609794, 1.67900440283, 0.822133930443, 2.39044624524, 1.08010972776, 5.40996112224, 1.10123566666, 1.04726701486, 1.62226815625, 2.55375448623, 1.19098716173, 3.44374894942, 0.999940939889, 1.04686300148, 1.441039331, 1.06997722922, 1.10100989489, 9.39283858057, 0.995181263519, 0.858552998976, 145.729328382, 0.938158312173, 3.06115806157, 1.17010847661, 4.33825558459, 1.28314566418, 127.614941731, 0.0
2.45087779954, 1.34642780363, 1.18327504354, 1.03199831986, 5.35031130259, 0.794086765883, 3.35472261781, 0.825371131001, 0.948084779541, 1.8209638677, 7.6491272631, 1.17848230816, 4.63978683649, 1.23209391166, 1.05718994746, 1.46274390663, 1.0514184836, 1.12545435534, 9.50636694877, 1.01453404618, 0.819014561604, 150.166072141, 1.13803778168, 5.14992769471, 0.960014244016, 2.6702862615, 0.908638959359, 242.540897663, 0.0
5.9639349475, 1.2716250624, 1.46171711087, 1.12389011215, 3.58549022612, 1.14496953002, 5.87881855487, 0.849398535073, 1.11965201577, 2.05010958286, 5.33161012988, 1.17610151955, 3.72139229278, 1.25248497592, 0.939617213224, 1.20700692202, 1.10198342637, 0.883860570058, 8.83677719822, 1.03217995674, 0.873650997323, 336.323273433, 0.866843328997, 5.02810572153, 1.13629838183, 5.27480576596, 1.10161733559, 360.452465047, 0.0
1.93820734186, 1.11395514079, 1.27560654884, 1.01788310473, 1.81477668922, 0.921257183792, 5.09391558675, 1.14733117302, 1.07670975964, 4.93592468639, 5.88814604612, 0.846011754542, 3.77752282749, 0.886308571054, 1.08173617499, 1.45798605863, 1.11567056568, 1.10768191524, 6.83978238937, 1.13998752192, 0.83727477105, 16.6994492295, 1.14590817993, 2.16573271335, 1.07727294726, 2.01359033321, 1.23945604604, 1047.94243779, 0.536193029491
4.82471948236, 1.248234134, 1.41102247673, 1.17928185745, 4.7189310767, 1.00070838954, 3.00176147928, 1.25688797098, 1.08613689525, 5.31033061, 3.97134619475, 0.946048886204, 3.8201932994, 1.13250005342, 0.994193202707, 1.18941368772, 1.08612681702, 1.20553617023, 3.39952081659, 1.18373268896, 0.84570397972, 365.369616176, 0.924994921343, 3.28369530769, 1.18997005726, 3.3885024063, 0.893197703303, 1560.91339493, 0.0
4.39048156922, 1.04175535622, 1.57876264562, 0.825237389304, 5.55560920721, 1.1613277083, 1.88558048661, 0.982588626139, 1.07433454573, 5.71312364476, 6.89742438637, 1.06571331286, 2.49884641308, 1.16759031165, 0.966889091359, 1.35138736928, 1.05095456556, 0.919081435256, 9.4280513235, 1.17911178845, 0.925876349465, 316.38907508, 0.910657803486, 2.29006649259, 1.18139282269, 4.73748195538, 0.978517453276, 388.741011548, 0.804289544236
1.96675513999, 1.29797978333, 1.09054518578, 1.05940164412, 2.4548571424, 0.825508735409, 3.65240577963, 1.0358914823, 1.05869415779, 5.35835102605, 2.72040093502, 0.859103125193, 2.2639773334, 0.839018515253, 0.809892563738, 1.50593908399, 1.0490163808, 0.856440021914, 9.60726053338, 1.15227628454, 0.881299370608, 125.612704696, 0.895675909563, 4.95734613497, 1.08660251972, 1.97911038202, 1.15399285671, 760.028530901, 1.07238605898
1.18247539985, 1.32793466221, 0.828405104032, 1.12722044228, 1.68783269989, 0.941331442486, 2.06190699891, 0.923695343154, 0.951481861792, 4.79807467695, 2.44018795362, 0.904979341026, 1.0523870733, 0.834224808289, 1.04088999982, 1.27205559967, 1.06543760796, 0.884985111774, 8.51219470799, 1.02143434474, 0.92911095932, 273.238318322, 1.00265388562, 3.98907585354, 0.998704904482, 2.81454837609, 0.997259749779, 722.894662962, 1.60857908847
3.24037409384, 1.13318793825, 1.37665764589, 1.06309819171, 6.93403640864, 0.854025503873, 2.48500589961, 1.19572278512, 1.00514232741, 4.45181286126, 7.22660571652, 1.15349467069, 2.27577302581, 1.10533312297, 0.837076271431, 1.3534518091, 1.09933039833, 0.937249334154, 9.61516067309, 1.04925103042, 0.998305039376, 142.065771747, 1.06615921864, 2.50181424502, 1.21804866163, 2.44420820597, 1.12541833707, 549.780188527, 2.41286863271
4.58015567359, 1.21971898883, 0.89139669852, 1.02145109259, 4.20635808163, 0.842578021325, 1.05919625379, 0.968193866324, 0.984549727755, 6.020991413, 3.66820298351, 1.18751903067, 4.1393700432, 1.1390797483, 1.03134969839, 1.4512785423, 1.06099751192, 1.0807900227, 8.18759921625, 1.12645126173, 0.799137619247, 18.9367783612, 1.16645206083, 5.30441760591, 1.15331863107, 4.38231435148, 0.973229011134, 2351.6417963, 0.0
5.92646845605, 1.23373128892, 1.4970410113, 1.04188187402, 3.83295050817, 0.889306623518, 3.83823353491, 0.943143503962, 1.00340581379, 1.40494745513, 1.63053765493, 1.07289798359, 1.46529131069, 1.27707584106, 0.904222524289, 1.51352033516, 1.05700439253, 1.20188462322, 5.90774307163, 1.15046535594, 0.768883138937, 157.770331726, 1.16150413219, 5.56219315588, 1.0230982802, 2.19559561654, 1.04427732234, 717.316724557, 5.36193029491
1.94974688747, 1.39990652999, 0.996584003719, 1.01486915173, 4.2538588087, 1.12455697973, 3.00871502964, 1.24152524021, 1.02795441658, 2.09032648536, 5.4548488837, 0.908724783209, 4.12221067972, 1.03559377357, 1.01381577498, 1.29742869956, 1.02125766219, 0.865690104697, 3.32289905649, 1.17984230349, 0.796960768309, 376.364310878, 0.963419779486, 3.43365143215, 1.08521263801, 2.36961964804, 1.26903951811, 2423.71677535, 0.0
5.47526819236, 1.04946557159, 1.4427099647, 0.857601779557, 5.58740784167, 1.1509904057, 1.43373436271, 0.857811226658, 0.984927439872, 3.24828301224, 6.06807512224, 1.13167661545, 4.73465712091, 0.935903167671, 0.963331408991, 1.05974908868, 1.00741856123, 0.998441274117, 8.31995979517, 1.08785964654, 0.807139113935, 248.82849795, 1.09337103503, 3.18896280935, 1.21552539513, 4.98529814768, 1.29787686675, 733.513328039, 8.04289544236
1.41879100494, 1.1135553006, 0.98604879866, 1.07899320787, 2.13006338643, 0.870986749547, 5.92786859232, 1.01614481317, 1.08977796089, 2.6838632395, 1.77673156315, 1.21066219257, 2.46294197675, 1.1840538856, 1.08910750458, 1.61724115428, 1.1108770499, 1.20115277275, 4.63679990131, 1.17331518669, 0.955901444181, 234.893900901, 0.924210116286, 1.4934356996, 0.962379666858, 2.88607930518, 0.944615338214, 815.360569377, 1.60857908847
1.87427805879, 1.07794042997, 1.1250019099, 0.990524034558, 6.36755924394, 0.911758489802, 1.13621211922, 1.10395386385, 0.987404736355, 5.71885811416, 7.14264903469, 0.982383406145, 4.00629733331, 1.09999033023, 0.94081740423, 1.41217839437, 1.13344262225, 0.932090765867, 3.29631781994, 1.07149893727, 0.923150909244, 262.864521759, 1.01639995157, 5.61604755991, 1.18255425221, 4.75134997029, 1.18298904126, 1077.84772208, 1.07238605898
4.31063532423, 1.20757713433, 1.27261434175, 0.876502431015, 4.54527586615, 0.85266891687, 1.1104226726, 1.19989885275, 1.06226330167, 2.20321923651, 2.55633354864, 0.917272318313, 2.70998473707, 1.25828112982, 1.00758512061, 1.0365752037, 1.13393235539, 0.934092002827, 5.4541809764, 0.933434560822, 0.878596262756, 271.11312496, 1.08034095698, 2.85328715334, 1.06044116573, 1.33826147114, 1.21487467203, 1748.40305812, 0.804289544236
3.69216544796, 1.06373609794, 1.12727824564, 0.822133930443, 1.71102318196, 1.08010972776, 5.40996112224, 1.10123566666, 0.967822379793, 1.62226815625, 2.55375448623, 1.19098716173, 3.44374894942, 0.999940939889, 1.04372663935, 1.441039331, 1.00772179751, 1.10100989489, 9.51652433387, 0.995181263519, 0.858552998976, 145.729328382, 0.938158312173, 3.06115806157, 1.17010847661, 4.33825558459, 1.00455427791, 4122.23617316, 0.268096514745
3.94788745964, 1.16243194363, 1.66595879937, 1.01657478579, 5.61874982, 0.902400128208, 1.84736365535, 1.21128300128, 1.08913107168, 2.42026104628, 4.86437108277, 1.09671253909, 3.49989012836, 1.17818025603, 1.05014790801, 1.38083374236, 1.01176771308, 0.875336492531, 4.083448297, 0.962133959139, 0.902262376642, 282.267017676, 1.04476522817, 3.60645114809, 0.974554413449, 2.08721126152, 0.94894750856, 8565.04606255, 0.0
5.0800900068, 1.3755503099, 1.20211846358, 1.0547537434, 2.82558951265, 0.922971476187, 2.79760511138, 1.20110685801, 1.07341919064, 5.23222219131, 7.54904698395, 1.06331049882, 1.29955091967, 1.02570277376, 0.897575830312, 1.54366994634, 1.13862880812, 1.07331998645, 4.37521842483, 0.996854310034, 0.908798552595, 328.66739994, 1.15548401982, 3.40192477257, 1.22843201425, 2.36101701592, 1.08316689593, 830.303008469, 1.60857908847
2.93178811148, 1.12256634485, 1.25214775337, 1.08165591972, 4.04609422747, 1.17442991573, 1.56584842413, 1.1090803365, 0.953094965707, 3.64436197355, 7.36105726835, 0.94200511942, 1.27338457205, 1.01467693617, 0.945995956937, 1.28888600662, 1.16716826882, 0.82554982364, 4.5531425972, 1.18474499304, 0.777504935956, 387.30585613, 0.932346853009, 3.23239740976, 1.07027114169, 2.75652680688, 1.2727662376, 9052.62489519, 0.0
1.03335826552, 1.41232651408, 1.09309913634, 0.858993211539, 2.04955770459, 0.768958901043, 4.32262966525, 1.24581542489, 0.937921120598, 1.69570472835, 4.40273595806, 1.01467771464, 3.81442331517, 0.982506926302, 0.935560217564, 1.14287955626, 1.08635132851, 0.831954071058, 9.1140005411, 0.928325354237, 0.845523271401, 150.729153179, 0.84602567082, 2.13144098427, 1.17709890986, 2.25920156694, 1.27670936386, 1111.54982926, 1.07238605898
1.46543513774, 1.18894302445, 0.796886266435, 0.886215464337, 4.81371145366, 0.973310099787, 3.03035975852, 1.05595987153, 0.933435262196, 4.84824749083, 2.96893883464, 1.06266547792, 2.43179711469, 1.00259846618, 0.989030202993, 1.46905676604, 1.07573528777, 1.10862526278, 9.78927553674, 0.971811176426, 0.976612294001, 174.827042221, 1.0299300394, 1.08913404388, 1.14012676715, 4.62289043824, 1.02569719881, 4307.65762135, 0.268096514745
5.70905992458, 1.30537443579, 0.88885188073, 1.00480312535, 3.53156497239, 0.944002493412, 5.84264202155, 1.05956677846, 1.04487975459, 6.07781176912, 3.8732064115, 0.920520531811, 4.08526924925, 0.996454873157, 1.05737590254, 1.60928461437, 1.09243111318, 0.943717280081, 9.01052741181, 1.0853279754, 0.822314947875, 234.75775552, 1.00312931271, 4.74839024829, 1.01650132232, 4.91658114272, 0.889369844181, 1794.08135314, 0.804289544236
1.93820734186, 1.11395514079, 1.27560654884, 1.01788310473, 1.81477668922, 0.921257183792, 5.09391558675, 1.14733117302, 0.995965006879, 5.54267134495, 5.88814604612, 0.846011754542, 3.77752282749, 0.886308571054, 1.08173617499, 1.45798605863, 1.11567056568, 1.10768191524, 6.83978238937, 1.13998752192, 0.83727477105, 112.949499776, 1.14590817993, 2.16573271335, 1.07727294726, 2.01359033321, 1.23945604604, 2937.20247968, 0.536193029491
5.68647077037, 1.34633431945, 0.933041041492, 1.14938716066, 4.36298442103, 1.09149711955, 4.46083380374, 0.887402858517, 0.954016762984, 4.73525201979, 7.64901447381, 1.03543604663, 5.00874012471, 1.11823357887, 0.809174153679, 1.49037289342, 1.1571341447, 0.947366835169, 9.97627905432, 0.953912231249, 0.894122579482, 263.501718701, 0.917362961558, 3.25687262918, 1.11038061597, 1.42242429135, 0.953569886261, 925.658392662, 1.60857908847
5.58557307189, 1.19857005218, 1.07698079912, 0.962694341459, 5.39032849314, 0.830173927495, 5.89875609559, 1.05946507202, 1.07193389768, 5.89821279252, 4.65117028706, 0.993696094285, 1.92360220655, 1.06743301772, 1.02446442619, 1.45877952669, 1.11030735984, 0.930092412184, 8.58174552471, 1.01582665673, 0.805041681986, 301.157512344, 0.947349853875, 1.47158689022, 1.10075401127, 5.45023002801, 0.980812145905, 9576.73577841, 0.0
3.74345560356, 1.05250959017, 1.0312207001, 1.02090871551, 4.68398292926, 0.973730504767, 3.03872105116, 1.01512446197, 0.967337251515, 1.7847197695, 5.19876424753, 1.10970918023, 2.12944767637, 1.23361956624, 1.01535849687, 1.28569214159, 1.12515541272, 1.14955383452, 7.94264990933, 1.18596593418, 0.85495643785, 372.788416121, 0.962805642269, 5.4463034797, 0.978268093817, 3.8810576859, 0.934554413048, 1864.47980201, 0.804289544236
2.98107317719, 1.03355015188, 1.4834329831, 0.899975652846, 3.40818152237, 0.799346763993, 1.11563080863, 0.96690943507, 1.11664372395, 3.03727620869, 2.71688946697, 1.16783195621, 4.67203041652, 1.16227809047, 1.03342789472, 1.57623082852, 1.07085167653, 1.10515861599, 8.58237508778, 1.13992686986, 0.771030941182, 19.2288536101, 1.01427102453, 3.24407702128, 1.17320991791, 2.81838166056, 0.931441158442, 3496.43983287, 0.536193029491
2.04846614708, 1.3687160472, 1.38989707481, 1.10391247933, 5.01246239201, 0.846189684252, 2.29883575076, 1.25996662401, 0.907412254843, 1.27081818329, 3.47345050645, 0.97264467178, 2.10289786044, 1.17922694967, 0.97299973116, 1.04762098786, 1.08980265369, 0.978354123577, 4.12858293755, 0.999363788561, 0.881460930642, 244.286247214, 1.0432726355, 2.16980483555, 1.0861480981, 3.26512951827, 1.25913312287, 12014.9571557, 0.0
4.48125821532, 1.33307133509, 1.4733249402, 1.08085575826, 6.14150332646, 1.05489293556, 4.66896601684, 0.846161497878, 0.991682932994, 5.01579033699, 5.29635095221, 1.095673142, 3.86224673239, 0.820549768461, 0.979373194431, 1.49650481264, 1.09209324723, 0.84416684821, 7.92392455545, 0.943952643426, 0.949216799294, 347.517777929, 1.09502095458, 4.06160729553, 1.11151841796, 1.33345311101, 1.20113128585, 873.626493841, 5.36193029491
1.06589847879, 1.15642108572, 1.01754585034, 0.943472921872, 3.87709531876, 1.09941207991, 5.48263416357, 1.16636500649, 1.08295786981, 2.43720684491, 6.55042191384, 0.988254546787, 4.59188997054, 0.898935970386, 0.978284276287, 1.62398610431, 1.07579051922, 1.01766726371, 3.85782686762, 1.0609713999, 0.868549770847, 331.754923547, 0.844737739443, 2.08157910829, 1.10579320526, 2.58195876162, 1.10241729415, 21957.0757082, 0.0
1.02606582198, 1.02663961958, 0.768118448836, 1.1043710216, 1.4487375696, 1.12673358161, 4.46063359437, 1.18280658727, 1.07383966398, 1.41002669304, 6.4049411, 1.21692626141, 4.54061590435, 1.03098841831, 1.02307369078, 1.39585191309, 1.04924631074, 1.22937228091, 6.23877726526, 1.18543057867, 0.852888172757, 119.539220045, 0.976864097256, 3.07429899422, 1.10822317259, 4.97823274928, 1.24780377812, 1049.00491675, 1.87667560322
3.95921160088, 1.34470135879, 1.70298545456, 0.851574637039, 6.90733082625, 1.06339085404, 2.31851532258, 1.0909275203, 0.928697727489, 3.93730194734, 5.9640603793, 0.978816074788, 4.34485672966, 1.06165884591, 1.06786823703, 1.21317625782, 1.07004334437, 1.15481902997, 6.40109831921, 1.12813841724, 0.767858064526, 393.701466198, 1.01724212806, 3.71734457493, 1.20201874854, 2.68585933245, 0.97648383058, 30424.6538171, 0.0
2.93178811148, 1.12256634485, 1.25214775337, 1.08165591972, 4.04609422747, 1.17442991573, 1.56584842413, 1.1090803365, 0.953094965707, 3.64436197355, 7.36105726835, 0.94200511942, 1.27338457205, 1.28479067455, 0.945995956937, 1.28888600662, 1.16716826882, 0.82554982364, 4.5531425972, 1.18474499304, 0.777504935956, 387.30585613, 0.932346853009, 1.81255466784, 1.07027114169, 2.16067864741, 1.2727662376, 32846.167816, 0.0
5.37556646482, 1.21446587469, 0.795512564875, 1.0924197264, 3.86822503291, 1.01840951486, 1.8778599377, 0.864550180717, 1.10837056682, 1.26345386886, 6.07162093537, 1.06134761442, 1.25118712387, 1.00668729142, 0.965485704762, 1.38192711213, 1.11988337139, 0.987229071784, 8.80878457845, 1.04311558441, 0.920933833594, 386.692967284, 0.971179986026, 1.83365459276, 1.08270998663, 1.73106839275, 1.25497198683, 128025.083191, 0.0
5.70905992458, 1.30537443579, 0.88885188073, 1.00480312535, 3.53156497239, 0.944002493412, 5.84264202155, 1.05956677846, 1.11180849989, 5.97074338861, 3.8732064115, 0.920520531811, 4.08526924925, 0.996454873157, 1.01733275807, 1.60928461437, 1.09243111318, 0.943717280081, 7.46320951566, 1.0853279754, 0.822314947875, 234.75775552, 1.00312931271, 4.74839024829, 1.01650132232, 4.91658114272, 0.889369844181, 5441.05714131, 0.536193029491
1.93450830563, 1.27319294832, 1.43387823628, 1.08049910798, 6.71707446847, 0.973644916202, 2.07360617347, 1.13533459128, 0.98215067007, 4.78148628024, 2.16081247921, 0.820884305212, 4.10465279665, 1.04358695549, 0.897875033804, 1.27091714473, 1.12083473529, 1.00931742922, 5.96934314164, 0.933776952165, 0.951810626069, 399.205914388, 0.862436638775, 5.59651019772, 0.988117201969, 3.43575913528, 1.00842138848, 24428.7998713, 0.268096514745
1.32194078135, 1.35860171979, 0.858183625839, 1.02547171425, 5.83840735492, 0.849852114883, 3.98632653768, 1.10943704242, 1.09005663092, 4.70959267105, 7.35560468447, 1.13317748691, 4.65317842804, 1.20473761386, 0.795903764194, 1.17652611505, 1.13815049439, 1.13471465849, 4.39034678272, 0.965376835166, 0.919605605705, 283.598976032, 0.870881948983, 5.73874152381, 1.19791079505, 2.05430459634, 1.00826995237, 1359.94057992, 1.60857908847
3.74345560356, 1.05250959017, 1.0312207001, 1.02090871551, 4.68398292926, 0.973730504767, 3.03872105116, 1.01512446197, 0.924613713908, 1.7847197695, 5.19876424753, 1.10970918023, 2.12944767637, 1.23361956624, 1.01535849687, 1.28569214159, 1.12515541272, 1.14955383452, 7.94264990933, 1.18596593418, 0.85495643785, 372.788416121, 0.962805642269, 5.4463034797, 0.978268093817, 3.8810576859, 0.934554413048, 5818.10771476, 0.536193029491
1.83752863131, 1.10704024716, 0.980374941832, 1.16465509557, 2.04817147787, 1.18151528197, 3.68970024316, 1.04297483169, 1.11614743302, 4.76549730163, 4.46192161869, 0.84765805245, 4.00089257341, 1.27211712941, 1.08553263442, 1.36321144522, 1.07127903229, 1.12010767875, 9.16758413661, 1.17393714301, 0.947360086965, 285.959909164, 1.14377111016, 3.68137939721, 1.00133999498, 2.30313248304, 1.15569926379, 1267.18813289, 2.68096514745
1.41879100494, 1.1135553006, 0.946381778936, 1.07899320787, 2.13006338643, 0.870986749547, 5.43000688818, 1.01614481317, 1.08977796089, 2.6838632395, 1.77673156315, 1.21066219257, 2.46294197675, 1.17922694967, 1.08910750458, 1.61724115428, 1.1108770499, 1.1104699591, 4.63679990131, 1.03653150927, 0.955901444181, 234.893900901, 1.0432726355, 1.4934356996, 0.962379666858, 2.88607930518, 0.944615338214, 6795.84001161, 0.536193029491
2.50092526067, 1.2934213793, 1.69439037867, 0.917492366803, 5.19909376045, 0.753437472667, 5.49245791981, 1.20400944663, 1.07933781807, 5.53575011772, 6.92707164945, 0.836930436617, 1.6796135586, 1.04850357692, 0.816086035468, 1.34149283008, 1.04936466295, 1.22148360111, 7.71532924065, 0.9865446362, 0.923892383451, 346.087299918, 1.17368702485, 3.63552588995, 1.22676095558, 4.06857405974, 0.910421062288, 1668.93002351, 1.60857908847
4.09016575788, 1.11264743225, 0.790802586904, 0.948326751848, 3.50599608391, 0.722137875116, 2.54586964372, 1.15021487532, 1.13360963196, 2.69765880552, 3.41302753861, 1.02480916291, 3.49107908334, 1.15819816499, 1.07012272299, 1.45112137225, 1.07954380189, 0.929247270584, 7.93409039187, 1.17311806191, 0.807407708891, 412.274963855, 1.09954765702, 2.33675105242, 0.984771063984, 1.2632081437, 0.997259749779, 6836.57610474, 0.536193029491
1.83752863131, 1.10704024716, 0.980374941832, 1.16465509557, 3.56214693788, 1.18151528197, 4.44047935965, 1.04297483169, 1.11614743302, 4.76549730163, 4.46192161869, 0.826907021507, 4.00089257341, 1.27211712941, 1.08553263442, 1.36321144522, 1.07127903229, 1.12010767875, 9.16758413661, 1.17393714301, 0.947360086965, 285.959909164, 1.14377111016, 4.28926571964, 1.00133999498, 2.30313248304, 1.15569926379, 7858.04911429, 0.536193029491
2.83518604473, 1.15105345244, 1.72853972201, 1.03071650502, 6.21888757187, 1.08486686191, 4.80046603054, 0.957208392514, 0.91687159468, 3.19713442406, 6.23597328965, 0.834540275347, 1.61829178987, 1.24511305305, 0.919052332008, 1.10827033453, 1.10741199188, 1.15475085665, 4.74584534354, 1.08619660339, 0.892685965846, 326.478229929, 0.917368270733, 5.50760150069, 1.05255769488, 2.52816024269, 1.1583709689, 8273.34777446, 0.536193029491
5.09533802772, 1.38985632387, 1.04603042531, 1.13127244547, 5.10218672603, 1.00566954053, 1.7879532285, 1.10441361463, 1.11689260688, 1.53162634789, 5.56597883656, 0.990325223929, 1.9139130897, 1.1477051459, 0.871900952145, 1.00708160692, 1.02884838226, 0.947661301255, 6.1519806921, 1.09548908145, 0.994942652674, 79.6589969868, 0.854782198278, 2.68907307572, 1.11546780313, 2.80130170937, 0.968502922689, 3147.31817623, 1.07238605898
5.2516910363, 1.02993026714, 1.29299911079, 1.17156841755, 1.56147253003, 0.79730113043, 2.36071644353, 1.20540932237, 1.12514141202, 3.41802583367, 7.61279008813, 1.17914183652, 3.22997319987, 1.19701436315, 0.920405295806, 1.25202762873, 1.05673301812, 1.07543894109, 7.39907911445, 1.04048974499, 0.943610548188, 80.3045946742, 0.862107430138, 3.58476385782, 1.19931607727, 4.33238060639, 1.19303626888, 1665.25453191, 6.70241286863
5.68231552202, 1.16671872964, 1.08276664018, 0.904287207873, 6.90369690495, 0.892448673147, 1.051352486, 1.10334725227, 1.09468585671, 2.69716174667, 7.77332485695, 1.12351536797, 4.80205402463, 1.26495208435, 1.06739577088, 1.19979343756, 1.03445847469, 1.19297930515, 3.59302284752, 1.12914603277, 0.804014517268, 119.409491175, 1.03369603757, 2.42713200092, 1.11855504092, 3.74122506071, 1.17018636939, 4054.54701013, 1.07238605898
2.92994170546, 1.24540898933, 0.835768585002, 1.17967574776, 3.98300548133, 0.816407144035, 3.48857814506, 0.982066190445, 0.919876630221, 3.46641112177, 1.7856823654, 1.19581901111, 2.03740180315, 0.99447116217, 0.908075701487, 1.04019863474, 1.05932385533, 1.02238033993, 6.90031346366, 1.06717911928, 0.989624241171, 329.379867729, 0.864680002276, 2.11543320941, 0.977134587558, 4.74192393034, 1.04794063935, 1766.77529494, 5.8981233244
3.61219250306, 1.4116539295, 1.16224580444, 0.841455509468, 1.74830578183, 0.728187020051, 5.6257447561, 0.97838240909, 1.09939454592, 2.13990965573, 3.25067169377, 1.00464935715, 1.08960032394, 0.870063897482, 1.04883989807, 1.5621028903, 1.12979344533, 1.17610776498, 3.59201036038, 0.981260873901, 0.938180498189, 119.58662584, 0.865198160332, 1.27910843872, 1.02383960543, 1.90293273477, 1.10585705574, 7429.00687635, 0.804289544236
2.05435708154, 1.24208394806, 1.08857116795, 1.0988936854, 5.36001763145, 0.834470584461, 4.31723617107, 0.847583681392, 1.10012186254, 4.71860317197, 4.60319147888, 1.18735779986, 2.59217293245, 1.13565855743, 0.870506708566, 1.39800865054, 1.16638703886, 1.21133975951, 4.66658528917, 1.12683178287, 0.851888664687, 343.549301896, 0.945675085312, 5.92504619953, 1.19949867101, 3.5218045874, 1.27062819719, 13389.3408541, 0.536193029491
5.47526819236, 1.04946557159, 1.4427099647, 0.969220481748, 5.58740784167, 1.1509904057, 2.81444244598, 0.857811226658, 0.984927439872, 3.24828301224, 6.06807512224, 1.13167661545, 4.73465712091, 0.935903167671, 0.79992891962, 1.14370376807, 1.00741856123, 0.998441274117, 8.31995979517, 1.08785964654, 0.807139113935, 248.82849795, 1.09337103503, 3.18896280935, 1.21552539513, 4.98529814768, 1.29787686675, 14418.5573974, 0.536193029491
5.78523365324, 1.28022913111, 1.18900203634, 1.16879240033, 5.46785167432, 1.03466030183, 2.51791560182, 1.20269051134, 1.10592532147, 1.86774862804, 3.47857874146, 0.83649412253, 4.87222544676, 1.28575467301, 0.829035590162, 1.31979290467, 1.14515907217, 1.15415526196, 5.2099275109, 1.11567437883, 0.941683419157, 316.952696684, 0.862379128497, 2.04081180915, 1.18727127387, 1.94654958771, 1.03960918326, 2516.68917413, 1.87667560322
1.06958879861, 1.14476552062, 0.773471860405, 1.17433248626, 4.70350711358, 1.15379176952, 4.364295423, 1.19125768215, 0.982020956698, 5.60822479761, 3.45650791659, 1.0876911225, 2.77850500363, 0.95805061452, 1.06156064531, 1.45505541059, 1.1611941975, 1.13719300153, 4.17817094568, 1.05818109304, 0.942721928252, 313.901352853, 1.11728850759, 4.05593328421, 1.12042503674, 1.41995726798, 1.28055394371, 5745.21116468, 1.34048257373
2.04846614708, 1.3687160472, 1.38989707481, 1.10391247933, 5.01246239201, 0.846189684252, 2.29883575076, 1.25996662401, 0.907412254843, 1.27081818329, 3.47345050645, 0.97264467178, 2.10289786044, 1.1840538856, 0.97299973116, 1.04762098786, 1.08980265369, 0.978354123577, 4.12858293755, 0.999363788561, 0.881460930642, 244.286247214, 0.924210116286, 2.94827840181, 1.0861480981, 3.26512951827, 1.25913312287, 2455.98712664, 2.41286863271
4.39283564005, 1.17673466021, 0.875965530688, 0.981682735655, 7.0290446983, 0.715593062471, 5.53583872029, 1.21287647112, 1.07487731721, 3.94734479035, 7.61749984775, 0.922303059901, 2.9564065151, 1.15634022139, 0.912950849799, 1.04573145797, 1.12927763935, 0.991603030292, 3.98648540851, 1.15124631073, 0.822627301691, 142.021829641, 0.996605026863, 1.37831032441, 1.1001459485, 4.69425039589, 0.870805215794, 2644.97018462, 1.87667560322
5.3163539997, 1.26432889811, 1.10261286318, 1.14547845601, 2.49304611993, 0.751903304968, 4.30112312434, 1.18488095814, 1.02154186526, 2.59048138796, 6.52150596118, 1.13979644132, 2.16160860121, 0.867481148546, 0.941590487132, 1.56125998485, 1.06245044014, 0.839506598898, 7.99040921131, 1.06338645727, 0.989289432262, 135.929780944, 0.923845721986, 5.20672984202, 1.03706788269, 4.18745014962, 0.900542830538, 45136.1186533, 0.536193029491
1.93450830563, 1.27319294832, 1.43387823628, 1.08049910798, 6.71707446847, 0.973644916202, 2.07360617347, 1.13533459128, 0.98215067007, 4.78148628024, 2.16081247921, 0.820884305212, 4.10465279665, 1.04358695549, 0.897875033804, 1.27091714473, 1.12083473529, 1.00931742922, 5.96934314164, 0.933776952165, 0.951810626069, 399.205914388, 0.862436638775, 5.59651019772, 0.988117201969, 3.43575913528, 1.00842138848, 2443.07550863, 2.68096514745
4.40645153257, 1.05695379447, 0.987985913626, 0.927094582602, 6.37317524243, 0.82452910505, 5.27076914214, 1.02866737617, 1.12492152161, 6.0881543783, 7.38608044167, 1.11992152631, 4.64207678726, 1.19275236168, 0.911264583503, 1.23096626937, 1.07510439839, 1.1065558378, 4.75277138169, 1.01776881244, 0.891819968797, 319.698366529, 0.971745358985, 3.78890276695, 1.12250552346, 1.21528900977, 0.887727504301, 6657.43841827, 1.34048257373
2.23372482809, 1.41473291522, 1.1348776204, 0.898532016701, 2.8815024465, 1.17044162153, 5.29347214061, 0.849253251047, 1.10538934741, 5.80827653602, 5.85575150343, 1.00337257722, 2.41030916805, 0.916400715577, 0.805930239603, 1.06058926391, 1.0932137792, 0.818634799407, 7.43638106292, 0.939536277174, 0.78313817635, 86.8644555531, 1.18967086353, 3.75896466367, 1.06393039801, 2.83508872556, 1.03046735534, 2671.26773909, 2.68096514745
3.95236707678, 1.25235103317, 1.0509076498, 1.16239334149, 3.07371187589, 0.732028992782, 2.59984988728, 0.832461119462, 0.981663120272, 5.57565625173, 4.06580274207, 1.01204431529, 2.69820068685, 1.27598182379, 1.01924324769, 1.2023746775, 1.15657840575, 1.01984827785, 5.45291306189, 0.961598476504, 0.915044540247, 78.4993988116, 1.12951463042, 5.81871053669, 1.08084079265, 4.18691046522, 1.20335351327, 13849.0929929, 0.804289544236
1.32194078135, 1.35860171979, 0.858183625839, 1.02547171425, 5.83840735492, 0.849852114883, 3.98632653768, 1.10943704242, 1.09005663092, 1.80815594066, 7.35560468447, 1.13317748691, 4.65317842804, 1.20473761386, 0.795903764194, 1.03312307095, 1.13815049439, 1.13471465849, 4.05647282667, 0.965376835166, 0.919605605705, 283.598976032, 0.870881948983, 5.73874152381, 1.19791079505, 2.05430459634, 1.00826995237, 3602.63009507, 1.87667560322
5.65054641334, 1.11160429486, 1.58111258882, 1.11743660251, 3.78725522588, 1.17513227193, 1.71282016063, 1.20170675662, 1.05351681741, 3.62321316341, 1.61187891003, 0.898323360106, 1.35439626278, 1.18706095546, 0.907143666543, 1.51202037279, 1.07060458317, 0.893415014178, 4.26641595617, 0.945754895798, 0.953135831112, 379.295086854, 0.94085865343, 1.11337479255, 1.03550857579, 3.14829832787, 0.897454679398, 8271.71732751, 1.07238605898
1.06021860766, 1.38093706534, 1.49268571319, 1.09783903173, 4.48108858974, 0.809881963852, 2.51666937934, 1.0270233029, 0.903245818182, 1.25962952695, 5.94939855351, 0.878447286405, 3.50297211647, 0.836123640517, 1.02239310068, 1.57852766325, 1.03414500276, 0.994223125721, 5.15329787955, 1.01196537036, 0.832943860963, 124.232497066, 1.11881120609, 4.03340719232, 0.964471133228, 4.98883367694, 1.14005504242, 4369.59256161, 1.60857908847
5.32679720356, 1.24077265129, 1.1678568901, 1.1566241776, 2.82842455432, 1.01710849799, 4.95397441431, 1.23772411367, 1.03872769318, 3.55773696291, 1.8327687036, 0.924571063449, 4.56438340925, 0.912047087239, 0.878765133622, 1.2707204541, 1.00414181971, 1.09710835231, 3.7096461302, 1.15919292314, 0.952436495494, 371.969768145, 0.88189246707, 3.57158389788, 1.10206159304, 3.69567453639, 1.16107556253, 23280.5305375, 0.804289544236
5.20610935632, 1.11160429486, 1.58111258882, 1.11743660251, 3.78725522588, 1.17513227193, 1.71282016063, 1.20170675662, 0.987088350608, 3.62321316341, 1.61187891003, 0.898323360106, 1.35439626278, 1.18706095546, 0.917585201917, 1.51202037279, 1.07060458317, 0.893415014178, 4.26641595617, 0.945754895798, 0.953135831112, 379.295086854, 0.94085865343, 1.11337479255, 1.03550857579, 5.3599245309, 0.897454679398, 5155.0596421, 1.60857908847
4.07181786316, 1.2491259607, 0.864108444865, 0.90253854998, 1.46269616121, 0.740169952408, 3.9753295949, 0.95176669207, 1.07408845977, 4.94967602427, 7.10795875087, 1.02334566374, 2.57495342364, 1.10408867635, 0.949168477673, 1.12712706172, 1.10604159861, 0.94215300208, 6.50401011216, 0.945227681545, 0.93566625466, 217.210917822, 1.1750232303, 2.9944748413, 1.0839593416, 4.24739578088, 0.984684545165, 8516.73531505, 1.07238605898
4.09016575788, 1.11264743225, 1.54314636907, 0.948326751848, 3.50599608391, 0.722137875116, 2.54586964372, 1.15021487532, 1.13360963196, 2.69765880552, 3.41302753861, 1.02480916291, 3.49107908334, 1.22401550319, 1.07012272299, 1.51218085826, 1.07954380189, 0.929247270584, 7.93409039187, 1.17311806191, 0.807407708891, 412.274963855, 1.09954765702, 2.33675105242, 1.19356074008, 1.2632081437, 0.998541778778, 3383.07225858, 3.75335120643
5.37556646482, 1.21446587469, 0.871815838337, 1.0924197264, 3.86822503291, 1.01840951486, 1.8778599377, 0.864550180717, 1.10837056682, 1.26345386886, 4.52189615421, 1.06134761442, 1.25118712387, 1.00668729142, 0.965485704762, 1.38192711213, 1.11988337139, 0.987229071784, 8.80878457845, 0.964426698508, 0.871965230462, 386.692967284, 0.971179986026, 1.83365459276, 1.08270998663, 1.73106839275, 1.25497198683, 3275.17645183, 5.63002680965
3.99053394068, 1.04269836872, 1.46797721942, 1.11906499383, 4.94303099423, 0.898542517659, 4.13708311483, 1.06407122426, 0.979144928588, 5.18049674098, 3.36872205467, 0.814763968429, 1.7504956542, 0.975460986754, 0.937983117302, 1.18689795761, 1.0950635618, 0.905918466334, 6.26372365338, 1.17158320619, 0.876264446774, 141.595300487, 0.875798212194, 5.59927778268, 1.11672863365, 4.74121673598, 1.29592360864, 45105.2525861, 0.804289544236
1.18247539985, 1.32793466221, 0.828405104032, 1.12722044228, 1.68783269989, 0.941331442486, 2.06190699891, 0.923695343154, 0.951481861792, 4.79807467695, 2.44018795362, 0.904979341026, 1.0523870733, 0.834224808289, 1.04088999982, 1.53857079623, 1.06543760796, 0.884985111774, 8.51219470799, 1.02143434474, 0.92911095932, 273.238318322, 1.00265388562, 3.98907585354, 0.998704904482, 2.81454837609, 0.998541778778, 9570.07446411, 1.07238605898
4.3710309827, 1.30512384868, 1.49770468548, 0.869093317478, 2.93668935682, 1.06487588745, 3.02177317226, 1.09626127071, 1.01331973932, 2.6502700618, 5.42681754665, 1.09831871408, 4.21734528968, 1.17022196492, 0.893505725409, 1.29743639902, 1.01791441179, 1.15969910955, 8.79018398001, 0.997815042145, 0.96377104301, 57.9769281695, 0.943596748684, 1.38561921758, 1.19288944864, 1.48242236236, 1.14097117684, 4868.28225141, 2.14477211796
3.95921160088, 1.34470135879, 1.70298545456, 1.08085575826, 6.90733082625, 1.18592108235, 2.31851532258, 1.0909275203, 0.928697727489, 3.93730194734, 5.9640603793, 0.978816074788, 4.34485672966, 1.06165884591, 1.06786823703, 1.21317625782, 1.07004334437, 1.15481902997, 6.40109831921, 1.12813841724, 0.767858064526, 393.701466198, 1.01724212806, 3.71734457493, 1.20201874854, 2.68585933245, 0.97648383058, 3818.79534662, 5.36193029491
3.62265536673, 1.16927597812, 1.63109743976, 0.874437702841, 2.7163322182, 0.716220904826, 4.56381392968, 1.03519276289, 0.945971341641, 2.93048638868, 4.65977046401, 0.849223550421, 4.84514233373, 1.11191895591, 0.979432084572, 1.2796882022, 1.03147328865, 0.953654345061, 5.77059304664, 1.09780984565, 0.797573383771, 400.487355874, 1.05155347446, 3.32037843478, 1.22341912406, 1.61919214401, 1.15443680175, 6298.8344598, 1.60857908847
3.56424919674, 1.20025370849, 1.20632673473, 1.15041437347, 6.45417485471, 1.01783736764, 2.00804100041, 0.922555986359, 1.11043775857, 5.59953788628, 1.65542156582, 0.836800552209, 3.94004684921, 1.17177506516, 0.90582774357, 1.37515828097, 1.10109211085, 0.965722549827, 6.40113866159, 1.0913765448, 0.878964299322, 176.966354691, 1.11235590454, 1.84250841295, 1.19272570979, 3.90395955087, 1.18256378591, 11592.3452155, 1.07238605898
5.34240010876, 1.28401827204, 1.57978415217, 0.812250622761, 5.37746047523, 1.16642565719, 4.91808837727, 1.01760851551, 1.02485600067, 4.90413046263, 6.6539940766, 1.21347894135, 4.6952728498, 1.04732138364, 0.806129298117, 1.1979167782, 1.0932137792, 1.13458733641, 5.6065013247, 0.957151688013, 0.983246724071, 86.8644555531, 1.06794288358, 3.07317859266, 1.13225176478, 4.07671374529, 1.27306023188, 13131.3561628, 1.07238605898
5.4808743416, 1.32879850578, 1.17868127682, 1.17861153865, 1.98766960234, 0.869668466444, 2.90799148049, 0.836878365665, 1.10978476031, 1.84306911609, 6.31844494344, 1.03100288514, 4.15236349508, 1.16031067405, 0.881922738509, 1.50281293289, 1.0346213888, 1.00063315926, 3.49750762624, 1.11551324387, 0.897823554192, 378.739465092, 0.933896203255, 1.61851672835, 1.18975930552, 2.75797786926, 1.06478523658, 11056.7203468, 1.34048257373
2.42575561726, 1.07803161355, 1.20683468344, 1.06686148032, 1.6696308797, 1.18946123295, 2.60497787612, 1.08163774036, 1.03236433356, 3.41102428031, 6.81620690868, 0.830749833131, 4.35068527825, 1.16545729582, 1.0351396133, 1.45750824336, 1.0210753776, 0.840122479674, 6.0191939748, 1.08621509569, 0.942720411239, 356.454292711, 0.911021827461, 2.29383674502, 1.10090932565, 2.57556877659, 0.938552888676, 5269.54528981, 2.41286863271
3.57917922609, 1.13401182485, 1.30923951507, 0.924967630942, 4.16543761781, 1.14440289196, 1.43373436271, 1.13110903198, 1.12915030821, 3.09770935021, 7.75392535228, 0.925305631376, 4.4259533863, 1.19471967223, 0.81695699238, 1.57280652527, 1.03347595808, 1.04103522999, 9.21035950161, 0.964861361736, 0.782092033586, 132.08313687, 1.09507169723, 4.84473161144, 1.15563321851, 2.78180685139, 1.22767508292, 4566.4357816, 2.68096514745
5.34240010876, 1.28401827204, 1.57978415217, 0.812250622761, 5.37746047523, 1.16642565719, 4.91808837727, 1.01760851551, 1.02485600067, 4.90413046263, 6.6539940766, 1.18816946, 4.6952728498, 1.04732138364, 0.806129298117, 1.1979167782, 1.11763440937, 1.13458733641, 5.6065013247, 0.957151688013, 0.983246724071, 184.402742125, 1.06794288358, 4.09352779991, 1.01591085891, 4.07671374529, 1.27306023188, 6001.43023807, 2.14477211796
5.75512995949, 1.23611658364, 1.28430843829, 1.02417746233, 2.39261053529, 0.985894956584, 3.79708784224, 0.888475913803, 0.957156693761, 5.69963949353, 3.80165505004, 1.0055938942, 3.64250500613, 1.03373185205, 0.846435909498, 1.05521774893, 1.16293332712, 1.03579886144, 6.81446563616, 0.923263939997, 0.874415111663, 264.493284231, 0.851089540628, 3.54871045694, 1.16244436169, 2.61670072205, 0.991000043507, 4545.94420291, 8.57908847185
1.43081709942, 1.10128738024, 1.07521492106, 1.04086549696, 6.07273834015, 1.05963143463, 1.84670465501, 0.971936505635, 1.00924711653, 3.49731900017, 2.18570687299, 0.836346039825, 4.74305849124, 0.96537973894, 0.811348307834, 1.42495069439, 1.15582762753, 0.955384719408, 6.14712518144, 1.03821635049, 0.796502770369, 48.9766848471, 0.972426522597, 3.1326165142, 1.00044096406, 3.74024766542, 0.953332597192, 17921.4517255, 1.07238605898
4.39283564005, 1.20025370849, 0.875965530688, 0.981682735655, 7.0290446983, 0.715593062471, 5.94106187793, 1.21287647112, 1.07487731721, 3.94734479035, 7.61749984775, 0.922303059901, 2.9564065151, 1.15634022139, 0.912950849799, 1.04573145797, 1.12927763935, 0.991603030292, 3.98648540851, 1.17698324729, 0.822627301691, 277.956045221, 0.996605026863, 1.37831032441, 1.1001459485, 4.69425039589, 0.870805215794, 5060.14179965, 4.55764075067
4.58015567359, 1.21971898883, 0.897690919984, 1.02145109259, 4.20635808163, 0.842578021325, 1.92652524695, 0.968193866324, 0.984549727755, 6.020991413, 3.66820298351, 1.08669896984, 4.1393700432, 1.1390797483, 1.03134969839, 1.4512785423, 1.06099751192, 0.988524937375, 8.18759921625, 1.12645126173, 0.799137619247, 18.9367783612, 1.13078181763, 5.30441760591, 1.15331863107, 4.38231435148, 0.973229011134, 5079.38540746, 4.55764075067
5.48860392601, 1.32411091195, 1.4634151399, 0.83300157037, 4.77449678133, 1.10086768517, 2.59707515896, 1.04812010509, 1.09097303566, 2.31810932943, 2.16822261132, 1.20495437956, 4.07955782277, 1.00634617341, 0.902188173088, 1.60089583273, 1.14335460837, 1.22579427379, 6.04656409598, 1.12426817189, 0.939188355679, 116.532466019, 1.02470009798, 2.14867911587, 1.1255288021, 3.57580716043, 1.05331238248, 19552.3903523, 1.07238605898
3.06075939564, 1.40788036835, 1.58965225144, 1.10728713108, 4.34028514659, 0.939406072445, 2.26812249599, 1.10729424769, 0.966597655444, 5.64211061869, 6.27536048187, 0.873298040796, 2.51697062336, 1.23349058812, 0.944582513889, 1.0830227201, 1.03721680594, 1.22182026904, 5.2361418964, 1.11590500169, 0.988722812479, 223.023309398, 1.04729272295, 2.04081180915, 1.23717261357, 3.8225305623, 1.17764122964, 6609.98940073, 2.14477211796
4.40645153257, 1.05695379447, 1.4074014452, 0.927094582602, 6.37317524243, 0.82452910505, 5.27076914214, 1.02866737617, 1.12492152161, 6.0881543783, 7.38608044167, 1.11992152631, 4.64207678726, 1.19275236168, 0.911264583503, 1.38839724121, 1.07510439839, 1.1065558378, 8.64303560596, 1.12744497335, 0.891819968797, 303.443375811, 0.971745358985, 3.63552588995, 1.22676095558, 1.21528900977, 0.887727504301, 14159.0525558, 1.34048257373
5.68647077037, 1.34633431945, 0.933041041492, 1.14938716066, 4.36298442103, 1.09149711955, 4.46083380374, 0.887402858517, 0.954016762984, 4.73525201979, 7.64901447381, 1.03543604663, 3.81442331517, 1.11823357887, 0.809174153679, 1.49037289342, 1.1571341447, 0.947366835169, 9.97627905432, 0.953912231249, 0.894122579482, 263.501718701, 0.917362961558, 3.25687262918, 1.11038061597, 1.42242429135, 0.953569886261, 5463.68432279, 3.21715817694
4.3710309827, 1.30512384868, 1.49770468548, 0.869093317478, 2.93668935682, 1.08892350643, 3.02177317226, 1.09626127071, 1.01331973932, 2.6502700618, 3.85612124807, 1.09831871408, 4.21734528968, 1.17022196492, 0.893505725409, 1.29743639902, 1.01791441179, 1.15969910955, 8.79018398001, 0.997815042145, 0.96377104301, 317.90242837, 0.943596748684, 1.38561921758, 1.19288944864, 1.48242236236, 1.14097117684, 24460.8899825, 1.07238605898
1.72371634216, 1.17737436766, 0.999228665671, 1.11729525108, 3.11217603038, 0.828071236973, 3.22605834984, 0.900313279376, 0.943501537119, 1.95248197935, 3.84683287629, 1.15757358463, 1.05093115288, 0.915259725304, 0.97202563823, 1.2043844283, 1.13849700967, 0.945816208924, 3.07190246388, 1.11661131137, 0.888867955769, 413.47610158, 0.993746991504, 2.86991704475, 1.22743619355, 1.99303087556, 1.08271911267, 5521.36615004, 3.75335120643
4.1370616379, 1.25686789173, 0.734840421623, 1.11855379947, 3.52684494684, 0.800594509158, 4.65831225278, 1.1168582803, 1.11794380119, 5.47226326601, 3.29147679758, 1.07317639167, 4.10692181261, 1.28479067455, 0.872479928285, 1.17451312395, 1.11980289807, 0.87983744425, 6.12388906132, 1.16625201012, 0.864710398082, 289.99743057, 1.01230552949, 5.23336271448, 1.08723376934, 2.7951150884, 1.05977532532, 5751.35047079, 2.9490616622
4.65496321869, 1.35498036756, 1.71732546525, 1.02092269232, 1.85771388819, 0.943003131774, 5.44063670053, 1.00570461955, 1.01310774318, 5.25848344307, 4.33549068484, 0.876783115575, 2.79138825475, 0.967848710125, 0.876754294566, 1.19634575149, 1.01984204785, 0.953619747993, 3.98160779555, 1.0632835198, 0.958057527749, 197.980723278, 1.1330494519, 2.71569261676, 1.13635057998, 5.31304148769, 1.06369891566, 38918.0318318, 1.07238605898
5.32679720356, 1.24077265129, 1.1678568901, 1.1566241776, 2.82842455432, 0.845920429434, 4.95397441431, 1.23772411367, 1.03872769318, 3.55773696291, 1.8327687036, 0.924571063449, 4.56438340925, 0.912047087239, 0.878765133622, 1.5621028903, 1.00414181971, 1.09710835231, 3.7096461302, 1.15919292314, 0.995571360404, 371.969768145, 0.88189246707, 3.57158389788, 1.10206159304, 3.69567453639, 1.0731427161, 8734.48586453, 1.60857908847
5.92646845605, 1.23373128892, 1.4970410113, 1.04188187402, 3.83295050817, 1.04756337014, 3.83823353491, 0.843283394692, 1.00340581379, 1.63636846519, 1.63053765493, 1.07289798359, 1.46529131069, 1.27707584106, 0.904222524289, 1.51352033516, 1.05700439253, 1.20188462322, 5.90774307163, 0.927127825038, 0.768883138937, 157.770331726, 1.16150413219, 5.56219315588, 1.0230982802, 2.19559561654, 1.04427732234, 5578.73416541, 5.09383378016
3.57917922609, 1.3054548965, 1.37888547008, 0.924967630942, 4.16543761781, 1.14440289196, 2.81444244598, 1.13110903198, 1.12915030821, 3.09770935021, 7.75392535228, 1.0656886331, 4.4259533863, 1.19471967223, 0.81695699238, 1.57280652527, 1.03347595808, 1.04103522999, 9.21035950161, 0.964861361736, 0.782092033586, 132.08313687, 1.09507169723, 5.53377297574, 1.15563321851, 2.78180685139, 1.22767508292, 9423.10122158, 1.60857908847
5.00018261981, 1.03607075443, 1.68943704026, 1.00106918241, 3.32672542732, 1.01932649404, 1.73888285268, 1.01105928343, 1.07054474779, 2.79704425741, 6.39927035454, 0.905077258168, 4.77290156919, 0.887006176632, 0.950888881907, 1.27586347091, 1.07625997265, 1.03728336529, 8.34505621057, 0.929073578622, 0.822028061972, 402.007896141, 1.15867301196, 1.30369962733, 1.16428305127, 1.41798537395, 1.12720423922, 6393.16681774, 2.68096514745
1.14620992603, 1.29093794977, 1.47334044462, 1.05840667666, 3.94952657242, 1.18744170954, 1.47168957696, 1.00348779487, 0.945429270738, 4.72361933665, 3.40995104089, 0.890977139855, 2.40601217794, 1.2186809327, 0.7997533035, 1.59999920173, 1.01248153911, 1.1526734486, 8.12086187294, 1.13247334794, 0.98622908396, 236.426683488, 0.941602902819, 2.20229307366, 0.995433310121, 3.92855591826, 1.01575770783, 24584.7543001, 1.34048257373
5.78523365324, 1.28022913111, 1.18900203634, 1.16879240033, 5.46785167432, 1.03466030183, 2.51791560182, 1.20269051134, 1.10592532147, 1.86774862804, 3.47857874146, 0.881489682329, 4.87222544676, 1.28575467301, 0.829035590162, 1.31979290467, 1.14515907217, 1.15415526196, 6.98987063376, 1.11567437883, 0.941683419157, 355.147758945, 0.862379128497, 5.8788606558, 1.18727127387, 1.94654958771, 1.03960918326, 27805.3075429, 1.34048257373
2.92994170546, 1.24540898933, 0.835768585002, 1.17967574776, 3.98300548133, 0.816407144035, 1.7879532285, 1.16299497636, 0.919876630221, 3.46641112177, 2.30039343237, 1.19581901111, 2.03740180315, 0.99447116217, 0.908075701487, 1.04019863474, 1.05932385533, 1.02238033993, 6.90031346366, 1.06717911928, 0.989624241171, 329.379867729, 0.864680002276, 2.11543320941, 0.977134587558, 4.74192393034, 1.02557928814, 5897.70906792, 7.23860589812
5.78125551428, 1.32411091195, 1.02963080293, 1.09493587732, 1.55706667246, 1.01444001909, 5.51205002953, 1.00296360014, 1.11710706779, 5.39353906208, 4.43414610115, 1.15688951624, 1.51165489002, 1.12408926989, 0.874283578046, 1.17030657894, 1.15552442146, 0.959429203525, 5.568084224, 1.06432893374, 0.83002228612, 348.312476628, 1.05460915937, 5.06767929698, 1.12154067998, 2.49143230672, 1.25277073228, 49929.5124021, 1.34048257373
