2.36639341835, 1.00432424906, 1.64258044244, 0.986222624816, 2.83000073125, 1.11060277305, 2.36390794924, 1.26000009505, 1.14000098471, 1.96865072876, 2.04367338302, 1.08072511187, 3.04000070662, 1.09597371991, 0.784957319349, 1.00000064111, 1.00000006682, 1.0118235899, 6.79780285101, 0.947875590933, 1.00000053413, 102.028147513, 0.973173386969, 4.60870527086, 0.972484307612, 3.29000090748, 1.00000050402, 9.17364128568, 76.832440337
4.21505677691, 1.12895972939, 1.66867502416, 0.945933790079, 2.83000019637, 0.957400838468, 4.88745735999, 1.26000008559, 1.14000020435, 2.37635407872, 2.10289654954, 0.970182938287, 3.0400009817, 1.09540702903, 0.808954613211, 1.00000017488, 1.00000065021, 1.0344507481, 9.43761820289, 0.997892719276, 1.00000072207, 112.129185811, 1.04928076156, 4.42427545302, 1.0617207823, 3.29000027236, 1.00000042317, 9.07661876686, 269.419085943
2.5083645677, 1.09389636275, 1.67378707701, 0.862461846263, 2.83000096999, 1.07164880685, 3.85467483313, 1.26000062963, 1.14000058529, 2.04333800061, 2.55707482095, 0.999847939296, 3.04000058649, 1.01552550123, 1.08503347004, 1.00000074841, 1.00000027551, 1.00352909015, 4.00722717578, 0.957373603927, 1.00000086873, 94.5549652662, 0.882023331292, 5.28280226375, 1.04748279396, 3.29000083473, 1.00000069417, 12.7941722416, 110.811545885
5.04515304868, 1.12602902121, 1.44760599517, 0.952492332257, 2.83000049454, 1.08605682605, 3.64507088136, 1.26000029809, 1.14000063971, 2.69928196927, 1.85623302199, 0.886581152145, 3.04000094796, 1.05031240444, 0.977786917712, 1.00000052392, 1.00000055313, 1.0517367241, 9.01664699323, 0.99925875202, 1.00000059366, 81.5768337287, 0.878728182397, 2.88587791187, 1.01529432487, 3.29000049577, 1.00000082221, 9.99840361245, 338.271369081
1.05245304818, 1.10931159323, 1.57659575499, 0.914053871457, 2.83000048142, 1.02478758686, 1.95231405499, 1.26000031032, 1.14000068478, 3.48486304524, 2.82014655169, 1.05510775653, 3.04000078581, 1.09778359894, 1.06736537864, 1.00000077778, 1.00000048723, 1.08484748943, 3.33460461211, 0.963604069484, 1.00000070713, 90.840166734, 0.859967473042, 4.73620649949, 0.961531860197, 3.29000018104, 1.00000083796, 14.7960448178, 245.370003688
4.85855835546, 1.04846262961, 1.53823328878, 0.937369116655, 2.83000071471, 0.921542693039, 2.12433136554, 1.2600004742, 1.14000047947, 3.11875912408, 3.0863896806, 1.00648145903, 3.04000020335, 1.00365294263, 0.861700668686, 1.00000071871, 1.00000029355, 1.02611754314, 9.01573972446, 0.918452990166, 1.00000045982, 95.1855643081, 1.01277400885, 5.1559637013, 0.954356381939, 3.29000094458, 1.00000058666, 14.4134299914, 1049.211738
4.92580123551, 1.09326896197, 1.34667168233, 0.966879129777, 2.83000053448, 1.14530352747, 3.63200336818, 1.26000082503, 1.14000050948, 2.68456490997, 3.08785608467, 1.0763123352, 3.04000032772, 1.01506786544, 0.969560983211, 1.00000003392, 1.00000024505, 1.00671921269, 3.57982662704, 0.983539210509, 1.00000056189, 123.76922398, 1.03136839902, 4.9483569267, 1.00072279456, 3.29000046797, 1.00000082984, 17.0220188742, 496.663800121
4.01229085562, 1.11582008107, 1.39659092133, 0.843601892789, 2.8300000738, 0.975636731098, 1.18582743577, 1.26000022148, 1.14000008411, 1.80787315736, 1.96346625128, 1.09108418972, 3.04000037315, 1.05225228872, 0.980848825324, 1.00000020113, 1.00000085232, 1.08233700568, 7.46782435228, 0.910729320825, 1.00000074089, 114.642612511, 0.9123503702, 1.80174072496, 1.03838368783, 3.29000002133, 1.00000011025, 17.5228939618, 338.017916656
3.99237199637, 1.07071544134, 1.47415393577, 0.823978929457, 2.83000060823, 1.11737379692, 5.5046838299, 1.26000008621, 1.1400000022, 3.65373158523, 2.93382436868, 1.02176732588, 3.04000003925, 1.04407214008, 1.06759923162, 1.00000032274, 1.00000094421, 1.10905548752, 7.21359033107, 0.964452268928, 1.00000007711, 86.4597136698, 0.941087880194, 2.4253203481, 1.02212588681, 3.29000037879, 1.00000056568, 15.7828666986, 508.995673273
2.49962392172, 1.08682415812, 1.55763723412, 0.948024345196, 2.83000099137, 0.947049964481, 1.07089043917, 1.26000089235, 1.14000048348, 2.98423970195, 2.49006441888, 1.02064074489, 3.04000092783, 1.0033293041, 0.955184767774, 1.0000003108, 1.00000021436, 1.09229401155, 4.39085448513, 0.96395273325, 1.00000069402, 116.687613684, 1.00833152843, 5.85481883139, 1.01075587729, 3.29000046999, 1.00000093631, 21.2888779636, 432.031762325
4.46467650182, 1.01021608296, 1.60342765633, 0.902549123294, 2.83000096587, 1.10945244371, 2.05698783397, 1.26000027948, 1.14000071849, 2.52491677805, 1.75326219113, 1.08731743463, 3.04000049239, 1.09822080263, 0.963409619999, 1.0000002498, 1.00000051003, 1.05273028246, 3.64688199804, 0.930067450257, 1.00000016507, 99.1947189645, 1.08692505732, 5.8936666483, 0.999936910483, 3.29000059836, 1.00000086735, 18.4512810299, 784.241853268
1.25658841687, 1.12828336425, 1.67425617617, 0.970896603253, 2.83000008341, 0.883243706398, 5.55068104443, 1.26000075021, 1.14000088592, 2.79212248829, 2.35666910624, 0.967507556842, 3.04000016811, 1.0360845405, 0.912301504056, 1.00000078564, 1.0000000552, 1.0839702447, 8.52978426539, 0.960531891555, 1.00000087062, 123.381572713, 0.937867336465, 3.62506322108, 1.01024949744, 3.29000080249, 1.00000048476, 15.8793621418, 1424.03154814
2.72790138294, 1.02612014283, 1.39451629644, 0.951525798619, 2.83000043239, 1.01100260834, 4.33423542523, 1.26000071989, 1.14000091063, 2.62574823286, 2.5329727855, 1.08915896361, 3.04000061753, 1.08053557882, 0.884066024846, 1.00000079681, 1.00000088897, 1.01663664601, 7.96631750109, 0.992064071574, 1.0000007626, 118.797401923, 0.909481685052, 1.73427200536, 1.04857998907, 3.29000018, 1.00000052999, 16.8377374218, 1246.3330469
3.9194269182, 1.11702108501, 1.60056733806, 0.919950661544, 2.83000097712, 1.10913995005, 2.19752998678, 1.26000095356, 1.14000013038, 1.24910613854, 2.13110222974, 0.890228894018, 3.04000055719, 1.03046677784, 1.01223002847, 1.00000029018, 1.00000076971, 1.0353891655, 8.64799627162, 0.988295727731, 1.00000053891, 93.8957217972, 0.863813155211, 1.15613817219, 1.00099540558, 3.29000057686, 1.00000059808, 22.4816597831, 828.674125436
1.1934311114, 1.11098694377, 1.39086417952, 0.833933573718, 2.83000005184, 0.985601729288, 4.08774180697, 1.26000075412, 1.1400001189, 1.42954462171, 2.36509117608, 0.951032112415, 3.04000021523, 1.11103112046, 0.780148070394, 1.0000007138, 1.00000024295, 1.07397048515, 3.12329477311, 0.993306359506, 1.0000006082, 93.5419581657, 1.00107293158, 3.24171118983, 1.03237997536, 3.2900001565, 1.00000056046, 21.3548970499, 1172.57770301
5.5674018891, 1.08387651659, 1.52607582804, 0.99674065879, 2.83000015227, 1.0137454916, 5.80952577959, 1.26000009848, 1.14000081044, 2.10671290567, 2.3113516255, 1.06565814826, 3.04000063983, 1.02639404625, 1.07575316247, 1.0000003975, 1.00000043347, 1.07462102638, 8.64872922077, 0.929236928119, 1.00000086937, 118.838603803, 0.85735778292, 5.53931211251, 0.96000109366, 3.2900001925, 1.00000046925, 32.8778384491, 791.127710991
2.72790138294, 1.02612014283, 1.39451629644, 0.951525798619, 2.83000043239, 1.01100260834, 4.33423542523, 1.26000071989, 1.14000091063, 2.62574823286, 2.5329727855, 1.08915896361, 3.04000061753, 1.08053557882, 0.884066024846, 1.00000079681, 1.00000088897, 1.01663664601, 7.96631750109, 0.992064071574, 1.0000007626, 118.797401923, 1.02479551496, 1.73427200536, 1.04857998907, 3.29000018, 1.00000052999, 18.7782616435, 1492.46007945
1.1313788533, 1.12851830307, 1.6654331227, 0.838402576077, 2.83000036285, 1.04062170812, 4.89532473032, 1.26000020212, 1.14000038273, 2.63530699128, 2.18436587336, 1.02406080578, 3.04000051375, 1.01851437479, 0.865684614591, 1.00000043116, 1.00000019496, 1.0001647615, 5.66518566745, 0.934930824679, 1.000000952, 83.8705415343, 0.898693828214, 1.98556822319, 0.973271987923, 3.29000004893, 1.00000083717, 17.0770834712, 4791.90637054
5.86950112977, 1.09683883607, 1.55322791351, 0.801302102523, 2.83000061213, 1.00773927057, 3.84655283298, 1.26000013394, 1.14000095245, 2.37456918655, 1.80091903828, 1.01693048607, 3.04000019087, 1.08099372314, 0.87805537382, 1.0000006782, 1.00000013674, 1.05151155749, 6.49540863961, 0.94037696723, 1.00000067939, 79.552115507, 0.964572978177, 4.82492723945, 0.989357590638, 3.29000011447, 1.00000074244, 17.0203564393, 5900.51326776
2.34361807843, 1.04693580544, 1.45880285054, 0.964594101196, 2.83000095818, 1.08253433908, 1.91670241631, 1.26000080292, 1.14000085922, 2.00377109315, 1.92506353661, 1.00771298304, 3.04000078533, 1.00183322403, 0.906872598297, 1.00000084232, 1.0000002975, 1.10748853654, 7.89585843531, 0.910760505083, 1.00000030184, 96.9773562823, 0.883443502361, 5.30396767402, 1.0658594119, 3.29000000576, 1.00000059603, 17.1231574869, 1624.63905119
4.84391013657, 1.02940734924, 1.36249289362, 0.907031142173, 2.83000029707, 0.943659226607, 5.94062667783, 1.26000029636, 1.14000038995, 2.33446481067, 1.66094158903, 0.963186162879, 3.04000031417, 1.11155025784, 0.974392324022, 1.00000015551, 1.00000009263, 1.03373132051, 5.32582979204, 0.934107721059, 1.00000037155, 99.3059185539, 0.870502968008, 5.26880832251, 0.963504674308, 3.29000012584, 1.00000070915, 21.2203946091, 1467.97316452
2.34361807843, 1.04693580544, 1.45880285054, 0.964594101196, 2.83000095818, 1.08253433908, 1.91670241631, 1.26000080292, 1.14000085922, 2.00377109315, 1.92506353661, 0.897345398341, 3.04000078533, 1.00077784842, 0.906872598297, 1.00000084232, 1.0000002975, 1.10748853654, 7.89585843531, 0.910760505083, 1.00000028233, 96.9773562823, 0.883443502361, 5.30396767402, 1.0658594119, 3.29000000576, 1.00000059603, 21.3020242679, 1384.34391418
2.4627134219, 1.03922606303, 1.35106488185, 0.862076268936, 2.83000022364, 0.968233094326, 5.05772422844, 1.26000093581, 1.14000033163, 3.17811867088, 3.04067518165, 0.980653788481, 3.0400000069, 1.06630628118, 1.06364928161, 1.00000075268, 1.00000085906, 1.06724156848, 4.61235546657, 0.956384222913, 1.00000067789, 106.610743815, 0.874021713074, 4.133698643, 1.03217097506, 3.2900002632, 1.00000049275, 23.8452273612, 936.818883574
2.5537511493, 1.06350631702, 1.51433917018, 0.82585427377, 2.83000035208, 1.12454242608, 1.138989234, 1.26000050593, 1.14000089153, 1.70605432057, 2.50230568549, 0.907541633066, 3.04000067612, 1.09601164995, 0.783741844257, 1.00000078042, 1.00000047347, 1.04846276003, 7.27679145342, 0.942568979931, 1.00000010641, 102.796088231, 0.922349529684, 3.34456476937, 0.960111733771, 3.29000063255, 1.00000036981, 23.3491544652, 1220.82361137
4.94593953541, 1.11751431693, 1.45266179125, 0.966737994041, 2.83000079037, 0.875588573743, 5.38623939668, 1.26000041495, 1.14000060873, 2.83657417988, 3.0182977695, 0.914367576778, 3.04000074072, 1.03996453438, 0.973857763407, 1.00000086436, 1.00000048884, 1.01955820866, 6.5294827756, 0.927805743978, 1.00000031847, 118.358834874, 0.853796060426, 3.62355807965, 0.954286740277, 3.29000016625, 1.00000061116, 17.5453679529, 16783.0668357
1.34919143793, 1.04807778867, 1.36824761656, 0.997516588076, 2.83000078372, 0.901807382434, 3.3312227461, 1.26000043498, 1.14000018389, 1.95831564113, 1.77752167443, 0.962360096311, 3.0400002633, 1.10832439047, 0.928154838461, 1.00000051475, 1.00000076603, 1.09523965387, 8.78577373614, 0.945526495532, 1.00000051051, 90.0199718789, 0.845249997101, 2.03440634381, 1.01892128737, 3.29000046494, 1.00000031219, 18.8472266274, 2560.55699866
5.5924272345, 1.10110784241, 1.58346506023, 0.815465665178, 2.83000019023, 1.09550432356, 1.06010119349, 1.26000005357, 1.14000040798, 1.6499341954, 1.64697348527, 1.0530196356, 3.04000072901, 1.11322633542, 0.888800449237, 1.00000020733, 1.00000064049, 1.09309027678, 5.60990301041, 0.967692852523, 1.0000007645, 105.737114177, 0.927122574081, 3.22194843048, 1.04353280184, 3.29000047247, 1.00000076515, 27.5330113433, 1107.4290114
5.59729409873, 1.05542840898, 1.43672543629, 0.84653961529, 2.83000066725, 0.850618059927, 1.82537911035, 1.26000089572, 1.14000089733, 2.82177347925, 2.94379544375, 0.990114893821, 3.04000075084, 1.11159076054, 0.840428270843, 1.00000030461, 1.0000009455, 1.09881082185, 3.32741937773, 0.955163264652, 1.0000000792, 116.93864324, 0.917783199145, 4.45918670589, 0.998188837731, 3.29000063506, 1.00000084192, 26.0078471072, 1920.59744074
1.84842389278, 1.0655749502, 1.35646009262, 0.802602763261, 2.83000058789, 0.907207824892, 2.62761003597, 1.26000070576, 1.14000020213, 2.85746401894, 2.71390906031, 0.998617462153, 3.04000097785, 1.07486342266, 0.881166878315, 1.00000090195, 1.00000051011, 1.04809990109, 8.50557299603, 0.943035677633, 1.00000077099, 110.887712783, 0.883306002462, 2.57422516073, 0.981269299202, 3.29000031748, 1.00000058764, 23.5991335087, 2072.33632845
1.1934311114, 1.11098694377, 1.39086417952, 0.833933573718, 2.83000005184, 0.985601729288, 4.08774180697, 1.26000075412, 1.1400001189, 1.42954462171, 2.36509117608, 0.951032112415, 3.04000021523, 1.11103112046, 0.780148070394, 1.0000007138, 1.00000089303, 1.07397048515, 3.12329477311, 0.993306359506, 1.0000006082, 93.5419581657, 1.00107293158, 3.24171118983, 1.03237997536, 3.2900001565, 1.00000056046, 19.785259567, 3509.0299355
2.35924453236, 1.11634662576, 1.47322071474, 0.929288716311, 2.83000019993, 1.05487107907, 4.15848571305, 1.26000010384, 1.14000073062, 1.58339580835, 2.79630688808, 0.893621493932, 3.04000016033, 1.0661168809, 0.868504864835, 1.00000049864, 1.00000008986, 1.01911333169, 8.84434874466, 0.910496328412, 1.00000090063, 94.9726390611, 0.951218915066, 5.63362371929, 1.05581341802, 3.29000084467, 1.00000013694, 30.9793988633, 1232.01850582
4.74397600497, 1.0576979007, 1.38619626484, 0.819412286344, 2.83000013687, 1.00858985303, 4.33187734474, 1.26000066656, 1.14000072628, 3.36935972769, 2.01371860653, 0.913368196803, 3.0400001169, 1.10765321786, 0.780392969865, 1.00000004443, 1.00000088607, 1.10629522879, 8.40494846721, 0.959292351312, 1.00000056248, 118.243509252, 0.88613278041, 1.75607434943, 0.959247581588, 3.29000018763, 1.00000014123, 28.8813301128, 1400.19227522
2.87924757596, 1.03211361982, 1.71018698231, 0.990258324702, 2.83000088594, 1.16704091165, 4.49786909639, 1.26000043454, 1.14000090539, 1.53783994946, 2.48337834021, 0.940464936128, 3.04000077897, 1.04449958532, 0.978152997998, 1.00000036042, 1.00000040038, 1.06326641116, 3.8308784156, 0.911141976735, 1.00000069905, 80.4657974255, 0.886212079147, 3.49539495928, 0.972790147904, 3.29000010624, 1.00000088409, 27.9861059922, 1468.8762886
2.24594908713, 1.12106369588, 1.57616409736, 0.890151916838, 2.83000084869, 1.0645390162, 1.33197236432, 1.26000070335, 1.14000040553, 1.46828528247, 2.93824381454, 0.964322221924, 3.04000038788, 1.0968306439, 0.832274212468, 1.00000061298, 1.00000024578, 1.00199215394, 4.96777779057, 0.951299603033, 1.00000051779, 116.970695772, 0.855055442299, 2.96693589822, 1.05649197091, 3.29000043099, 1.00000007204, 27.9477735716, 2664.03739493
2.09693524899, 1.11280431124, 1.72281506156, 0.89792049182, 2.83000025328, 1.07228135624, 4.0276174537, 1.2600007145, 1.14000010835, 2.66941062975, 1.9070857582, 0.885397192648, 3.04000075773, 1.01211805462, 0.878311784708, 1.00000096391, 1.00000065822, 1.06011690806, 8.85165970604, 0.997620231006, 1.00000064524, 120.999419845, 1.00802200369, 4.43008677679, 0.977693248078, 3.29000052864, 1.00000027991, 24.9211718608, 2719.87880347
1.31538710464, 1.13708955278, 1.63605914618, 0.810386624142, 2.83000044507, 1.1821147226, 4.83734682377, 1.26000008583, 1.14000077407, 1.39826586338, 2.84731219389, 0.882816195133, 3.04000041369, 1.00027506665, 0.914674030322, 1.00000011941, 1.00000028838, 1.04932686124, 9.11942857195, 0.937692964188, 1.00000045516, 104.799618263, 0.89929287772, 4.52606085524, 0.999550101723, 3.29000028056, 1.00000014953, 24.1284930898, 2859.53878883
2.09181400314, 1.0564920462, 1.58874180074, 0.896482945237, 2.83000096639, 0.897535396765, 5.72356375787, 1.26000002837, 1.14000043879, 2.90625130459, 2.06345692308, 1.0635467451, 3.04000044803, 1.00657760543, 1.07134920011, 1.00000070487, 1.0000002945, 1.03912712979, 8.25315362128, 0.955509134266, 1.00000098606, 111.811210391, 0.946473742942, 3.28305044091, 1.04838681032, 3.29000060493, 1.00000016382, 20.5336353266, 3793.50451265
1.49665537365, 1.11266934669, 1.66245888781, 0.946110862027, 2.83000077365, 0.86569018773, 2.01899083081, 1.26000003147, 1.1400002873, 3.1576318559, 1.64069575145, 0.924605570369, 3.04000049297, 1.0053786172, 0.958710731061, 1.00000082871, 1.00000005507, 1.06299913716, 3.89591509854, 0.999778377959, 1.00000033715, 120.793091986, 1.07607251077, 4.48275315327, 1.04396237937, 3.29000072792, 1.00000083953, 20.1850141609, 18298.5029013
5.48766875714, 1.07426006471, 1.70372919854, 0.840108356505, 2.83000090802, 1.1396646822, 5.13495262178, 1.26000089468, 1.14000059523, 3.1447578083, 3.08822482069, 0.966127614847, 3.04000099389, 1.00501106122, 0.995927963141, 1.00000033091, 1.00000052024, 1.03815657863, 8.05687899204, 0.918652652494, 1.00000082817, 81.9194381701, 1.03567081576, 1.94342674444, 1.04412671246, 3.29000005869, 1.00000045455, 20.2897423282, 18125.143622
3.38268022092, 1.11171544465, 1.34222642688, 0.826145286321, 2.83000050608, 0.995207313, 2.46902378694, 1.26000028733, 1.14000075238, 3.52826676952, 1.68392929117, 0.983856762983, 3.04000024037, 1.03320669127, 1.06176880727, 1.00000002986, 1.00000026655, 1.00397694783, 4.98436903029, 0.918583866691, 1.00000054861, 91.113749469, 0.903384567437, 4.86258941875, 0.992568029854, 3.29000038552, 1.00000090299, 37.9630936847, 1733.07891971
1.56842245758, 1.05353619915, 1.71891567462, 0.850159573211, 2.83000059716, 0.87183002604, 2.9663573262, 1.26000071772, 1.1400007705, 1.98012398556, 2.45398973707, 0.932801598457, 3.0400005122, 1.08003238447, 0.909227745623, 1.00000087418, 1.00000034878, 1.00346026145, 8.23305578433, 0.966956644787, 1.00000092276, 110.172241706, 0.938985932672, 1.6170574137, 1.03747000704, 3.29000067379, 1.00000018698, 29.8537882079, 2660.13289958
3.88758750638, 1.05833267691, 1.61839087293, 0.945821726164, 2.83000027475, 1.1111831283, 1.0926683579, 1.26000056976, 1.14000008574, 1.42619666107, 3.00577212594, 0.907231553263, 3.04000017705, 1.11788187417, 0.901868395634, 1.00000000652, 1.00000005043, 1.08940555255, 5.02930265902, 0.98185806699, 1.00000002277, 105.775898874, 0.956591117565, 5.6061715856, 1.0199680735, 3.29000074133, 1.00000093428, 33.9871103692, 1977.72673948
1.24488729076, 1.03753163169, 1.45161507093, 0.869882086684, 2.83000033368, 0.903396441036, 3.621509352, 1.26000037653, 1.14000088884, 3.34545157565, 2.72986939245, 1.07303526831, 3.04000058632, 1.02269725623, 1.08835018281, 1.00000002463, 1.00000024956, 1.06104616761, 5.20454715256, 0.984988920294, 1.00000072805, 81.8715265455, 0.979125130968, 4.95388803105, 1.00850815455, 3.29000022115, 1.00000034476, 33.6645004123, 2058.30690044
4.60187491751, 1.03752453682, 1.40003496581, 0.824962734056, 2.83000043459, 0.853872350608, 2.9510787226, 1.26000062425, 1.14000099161, 1.66573732708, 3.03863273075, 0.90724434946, 3.04000026136, 1.09774441223, 0.982885280924, 1.00000011332, 1.0000009632, 1.03072622542, 7.46058137029, 0.971142503464, 1.00000021413, 107.350696352, 0.968461187145, 5.23237309689, 1.04791751372, 3.29000019459, 1.00000069691, 24.61938483, 3392.14973571
1.84842389278, 1.08775311935, 1.35646009262, 0.801941719814, 2.83000058789, 0.907207824892, 2.62761003597, 1.26000070576, 1.14000020213, 2.85746401894, 2.13110222974, 1.05573972506, 3.04000097785, 1.07486342266, 0.881166878315, 1.00000090195, 1.00000051011, 1.04809990109, 8.50557299603, 0.943035677633, 1.00000069776, 122.735998594, 0.883306002462, 1.60456066828, 0.981269299202, 3.29000031748, 1.00000058764, 24.2667891666, 5199.97369368
5.77539451789, 1.06971101329, 1.53304930304, 0.851040092217, 2.83000031496, 0.858600809615, 2.12608104495, 1.26000020044, 1.14000063382, 1.25294280545, 2.94641719117, 1.07642752143, 3.04000022483, 1.08958367833, 0.967147404227, 1.00000028362, 1.00000047499, 1.07313073185, 4.00656677563, 0.975192163078, 1.00000097576, 86.2394353931, 1.06200683136, 3.43685981506, 1.05923263293, 3.29000069845, 1.00000014926, 20.7101481412, 5319.65636102
2.24199808865, 1.06667988269, 1.40488034588, 0.888470344672, 2.83000057923, 1.11887301, 5.57391207821, 1.26000073607, 1.14000018902, 2.10499214481, 1.73187896348, 0.93226052416, 3.04000058268, 1.01039711336, 1.0740882984, 1.00000093741, 1.00000091742, 1.0906871475, 8.02533950963, 0.956433680968, 1.00000064649, 86.1178573012, 0.928464028373, 1.39135495492, 0.963904413812, 3.2900003176, 1.00000006579, 20.5414035048, 6604.46584813
3.29256177458, 1.05327183468, 1.37255739974, 0.835080995225, 2.83000047025, 1.16081511089, 1.1516399158, 1.26000062257, 1.14000029348, 3.32166655533, 2.0703992968, 0.932566046905, 3.04000099287, 1.06110926776, 1.0172608702, 1.00000026518, 1.00000038027, 1.07856433477, 9.60325130874, 0.958016833077, 1.00000085989, 101.883986258, 0.847820911545, 1.5221124408, 1.05871392574, 3.29000090586, 1.00000090212, 43.7219215083, 1795.7702798
4.03316009309, 1.02877617602, 1.55856468274, 0.962117954868, 2.83000078372, 0.932837191689, 3.63179308484, 1.26000087834, 1.14000095505, 3.49399949522, 2.40230642172, 0.916191608538, 3.04000032064, 1.00710932903, 0.925300324719, 1.00000010276, 1.00000028716, 1.01238550611, 4.83154328472, 0.946821868529, 1.0000003766, 77.9503657976, 1.05596582858, 4.36763217368, 1.06095321729, 3.29000084933, 1.00000006529, 30.4180331382, 2720.6492122
1.88087647556, 1.11567498529, 1.43094955599, 0.839949104542, 2.83000076797, 0.899150441858, 4.25399789877, 1.26000036844, 1.14000017791, 2.90753091641, 2.55042776268, 0.975962659696, 3.04000000503, 1.0978802361, 1.04452873359, 1.00000004413, 1.00000039129, 1.03162132862, 9.26110285659, 0.911975990484, 1.00000072136, 85.1302737702, 1.08297585296, 3.19642605687, 1.02910681166, 3.29000091189, 1.0000007009, 34.2537920105, 1986.33481354
3.77046554953, 1.13283361262, 1.43873760549, 0.840343545968, 2.83000039312, 1.18938797773, 3.11307367366, 1.26000069738, 1.14000091965, 3.11624178004, 3.11634668031, 1.03804963021, 3.0400000235, 1.06718936723, 1.03329636326, 1.00000094171, 1.00000091816, 1.06114047527, 8.90992512484, 0.957642576248, 1.00000032523, 77.533503257, 1.074745944, 2.3626562948, 1.0004216084, 3.29000009337, 1.00000065845, 29.745807314, 3832.03192569
2.90812944674, 1.00193490617, 1.34361267704, 0.916042892239, 2.83000057139, 1.02026362366, 2.65856593635, 1.26000077202, 1.14000000651, 3.69557044345, 1.66595776261, 0.966489432614, 3.0400004594, 1.09366189799, 0.972887716636, 1.00000019887, 1.00000082009, 1.00870438787, 8.21330033235, 0.939443289653, 1.00000034473, 103.626519339, 1.03251201775, 1.2298177753, 1.0115849607, 3.29000070189, 1.00000085061, 26.699764863, 4578.00563303
5.18137792478, 1.11358313887, 1.54873917006, 0.95421101076, 2.83000093242, 1.00730793996, 2.01103277874, 1.26000004322, 1.14000050798, 2.90582093106, 2.40427613268, 0.985126991674, 3.04000068053, 1.04728945503, 1.01144398691, 1.00000058518, 1.00000003607, 1.10780588583, 5.73478922723, 0.97845152153, 1.00000023159, 111.003929381, 0.909481685052, 2.45475199142, 0.965573512788, 3.29000020012, 1.0000000044, 25.0342074688, 5687.45993419
1.43668492221, 1.10345753128, 1.53895306172, 0.921017143095, 2.83000043168, 0.89737810598, 2.86883388106, 1.26000055489, 1.14000036617, 3.08608221947, 2.7541550662, 1.08349129384, 3.04000098878, 1.06414091733, 0.970925908775, 1.00000059265, 1.00000064169, 1.0137172951, 4.17310673279, 0.954392695728, 1.0000003634, 109.014460303, 0.902842771659, 2.77298383629, 1.02767473774, 3.29000098527, 1.00000097183, 20.8608791127, 6132.4014736
4.61838497035, 1.03736139343, 1.69447536575, 0.839120941519, 2.830000641, 0.956042658635, 3.80361329403, 1.26000056538, 1.14000063972, 3.20652799278, 1.67106072758, 0.969600921598, 3.04000014778, 1.00951257447, 0.809565827481, 1.00000002704, 1.00000004789, 1.01292686771, 9.78137982186, 0.93782660367, 1.00000052824, 84.2032881776, 0.933602483272, 1.59682549742, 0.954902047255, 3.29000068603, 1.00000002689, 20.8573425459, 23397.73577
2.83685025751, 1.01287697649, 1.66842533516, 0.862145267179, 2.83000068193, 1.00511187577, 2.55996136485, 1.26000085492, 1.14000036558, 3.37269378787, 2.16884031955, 1.06771199688, 3.04000084166, 1.07942697623, 0.95760261481, 1.00000038808, 1.0000009915, 1.00429331266, 6.90211243345, 0.910118782208, 1.00000099248, 103.057578148, 0.870897514682, 1.31532778078, 0.992926056104, 3.29000018638, 1.00000088194, 20.6310699179, 23490.9242451
4.07111442805, 1.06181178328, 1.4248860847, 0.922646225748, 2.83000034687, 0.880905681269, 4.02528369331, 1.26000073634, 1.14000002454, 1.34332555217, 2.39572779292, 1.0027208118, 3.04000039817, 1.03305090887, 0.926261941349, 1.00000031159, 1.00000058434, 1.06934286758, 8.99949807812, 0.914528429339, 1.00000045463, 113.937132763, 1.00050124581, 4.94867960275, 0.969970324132, 3.29000089392, 1.00000017989, 32.2561949018, 3009.86826377
1.24488729076, 1.03753163169, 1.45161507093, 0.869882086684, 2.83000033368, 0.903396441036, 3.621509352, 1.26000037653, 1.14000088884, 3.34545157565, 2.72986939245, 1.07303526831, 3.04000058632, 1.02269725623, 1.08835018281, 1.00000059265, 1.00000024956, 1.06104616761, 5.20454715256, 0.984988920294, 1.00000072805, 81.8715265455, 0.979125130968, 2.77298383629, 0.986486284178, 3.29000022115, 1.00000034476, 35.6499894006, 2789.1281547
2.99405760834, 1.08836339979, 1.59255096132, 0.996994167679, 2.83000079891, 1.08202801275, 2.32155491697, 1.26000044154, 1.14000053024, 1.98484681939, 1.96575174211, 1.02937605763, 3.04000090695, 1.09777157771, 0.923355534869, 1.00000046403, 1.00000006909, 1.04326600213, 3.89115352054, 0.974959734679, 1.00000095119, 94.6356687342, 0.859958352053, 5.98388799404, 0.977562374355, 3.29000090733, 1.00000074764, 31.0047949026, 3907.71227017
2.35924453236, 1.11634662576, 1.47322071474, 0.929288716311, 2.83000019993, 1.05487107907, 4.15848571305, 1.26000010384, 1.14000073062, 1.58339580835, 2.79630688808, 1.05349948012, 3.04000016033, 1.0661168809, 0.868504864835, 1.00000049864, 1.00000008986, 1.01911333169, 8.84434874466, 0.910496328412, 1.00000090063, 94.9726390611, 0.951218915066, 5.63362371929, 1.05581341802, 3.29000095678, 1.00000013694, 28.5743579297, 4937.91846909
1.55914150852, 1.04346445753, 1.50346044913, 0.941189655178, 2.83000005718, 1.1086538814, 4.09077239594, 1.26000090224, 1.14000001668, 1.38211945356, 2.20427842313, 0.96047350847, 3.04000006371, 1.02015865158, 0.971067560908, 1.00000062875, 1.0000009354, 1.04401395173, 4.10954483254, 0.949254862533, 1.00000024113, 117.261062708, 1.01387481572, 2.10438798083, 1.04111276161, 3.29000098647, 1.00000060882, 26.9008224436, 4946.33558853
1.53411233693, 1.10039580549, 1.62491110561, 0.841584098251, 2.83000032939, 1.16718609898, 3.62819379219, 1.2600006734, 1.14000072277, 3.28317636505, 1.56518735566, 0.985061289299, 3.04000006904, 1.07556606342, 0.958221964328, 1.00000032067, 1.00000056479, 1.09753911251, 4.57841581092, 0.985061470873, 1.00000012993, 103.905073837, 1.00593810646, 2.67704536512, 0.95705310585, 3.29000077013, 1.00000094498, 21.4272364336, 6187.39485402
2.25844453939, 1.08574868913, 1.36208412436, 0.836537044286, 2.83000087481, 1.1316834678, 1.27711835243, 1.26000049495, 1.14000071572, 2.68595849191, 1.89870514068, 0.880677128408, 3.04000083381, 1.10259579277, 1.05894091842, 1.00000059092, 1.00000032246, 1.00028795661, 9.9918086584, 0.938853430235, 1.00000039846, 87.0206434892, 0.970550376763, 1.04031586263, 1.01126448322, 3.29000011389, 1.00000012965, 32.3384536303, 3034.00975674
5.28042586872, 1.04676433727, 1.46931764557, 0.994677631687, 2.83000051313, 1.17535236285, 4.66159418394, 1.26000040112, 1.14000038042, 1.98444596219, 3.04465593142, 0.899538065952, 3.04000059921, 1.05932635612, 0.784500465335, 1.00000036652, 1.00000049746, 1.03989006202, 7.52484237622, 0.995892505853, 1.00000080717, 90.8805318437, 0.867460216849, 1.75296662814, 1.03054754594, 3.2900008918, 1.00000058979, 27.7425921752, 4964.04937323
1.02001934607, 1.05866559687, 1.45197469595, 0.840343545968, 2.83000080925, 1.01014618726, 2.48192770571, 1.26000069646, 1.14000023869, 1.33597410279, 2.05577377158, 0.978876962569, 3.04000000389, 1.01065447541, 1.02734178502, 1.00000004072, 1.00000086284, 1.07653052352, 7.50968238177, 0.945579665269, 1.00000068816, 80.1232274528, 1.03713524377, 1.95644315351, 1.05922541994, 3.2900004074, 1.00000012275, 27.2662788898, 6418.32893163
2.48183002977, 1.11563026964, 1.40756884149, 0.919850307029, 2.83000045885, 1.00695478065, 5.89210570713, 1.2600008459, 1.14000040798, 3.30218484286, 3.01542714945, 0.902714487468, 3.04000046001, 1.02330805766, 0.812464259771, 1.00000031735, 1.00000024609, 1.03530028294, 8.61744409612, 0.919358921269, 1.00000086352, 82.3406787239, 1.02253051099, 4.83215701461, 1.04935383289, 3.29000044344, 1.00000033924, 22.9998760252, 6898.81663865
3.88420217798, 1.13437923301, 1.50144833172, 0.886265000061, 2.83000017304, 1.15551399155, 5.31402110274, 1.26000045214, 1.14000095226, 3.61905928839, 2.11801384482, 1.06382934261, 3.04000048065, 1.04260233444, 1.01274100416, 1.00000085514, 1.00000077888, 1.08330800664, 8.68553952949, 0.917056673942, 1.000000028, 81.4614398566, 1.05165202146, 5.31679318174, 0.978944707248, 3.29000086256, 1.00000004422, 22.5165558215, 8858.90944852
2.51187031853, 1.00954294822, 1.43261864693, 0.867459393022, 2.83000087925, 1.07236754638, 4.49532562219, 1.26000032124, 1.14000039471, 2.70057725709, 1.90147451027, 1.06524036257, 3.04000004721, 1.09320874066, 1.06498186791, 1.00000066874, 1.00000009329, 1.05250282585, 6.60166739156, 0.990293290016, 1.00000010278, 83.6778342061, 1.01495076379, 3.62993081114, 1.0523637707, 3.29000081724, 1.0000004591, 37.3985850873, 4042.32163724
5.31671541673, 1.01903487442, 1.40381125479, 0.983307824466, 2.83000090749, 1.1013944972, 2.35713490956, 1.26000034757, 1.1400006314, 2.70397204906, 1.84790637837, 1.07640735046, 3.0400003436, 1.02399172148, 0.978598374912, 1.00000095173, 1.00000021266, 1.09339521636, 7.7880855791, 0.953595346157, 1.00000006997, 78.6544999846, 0.895147357907, 3.07438972635, 0.963248576703, 3.29000064341, 1.00000072101, 40.375438277, 3195.97807463
4.22563076112, 1.00954294822, 1.45926769826, 0.867459393022, 2.83000087925, 1.07236754638, 4.49532562219, 1.26000032124, 1.14000039471, 2.70057725709, 1.90147451027, 1.06524036257, 3.04000004721, 1.09320874066, 1.06498186791, 1.00000066874, 1.00000009329, 1.05250282585, 6.60166739156, 0.990293290016, 1.00000010278, 83.6778342061, 1.01495076379, 3.62993081114, 1.0523637707, 3.29000081724, 1.0000004591, 29.8674722554, 5686.17890844
2.2492674093, 1.00959136325, 1.67774223258, 0.831908672461, 2.83000044507, 1.06264070005, 2.76758590121, 1.26000084485, 1.14000059993, 1.67234577904, 2.9099224907, 0.914643380789, 3.04000091516, 1.09560345858, 0.805540437784, 1.00000091722, 1.00000004153, 1.04524318962, 8.7309011376, 0.954665799713, 1.00000001518, 99.5030683678, 0.951469100738, 4.74311105745, 0.96208441896, 3.29000060555, 1.00000055715, 28.9673710732, 6371.40615711
2.5083645677, 1.09389636275, 1.67378707701, 0.862461846263, 2.83000060129, 1.07164880685, 3.85467483313, 1.26000062963, 1.14000058529, 2.04333800061, 2.55707482095, 0.999847939296, 3.04000058649, 1.01552550123, 1.08503347004, 1.00000074841, 1.00000027551, 1.00352909015, 4.00722717578, 0.957373603927, 1.00000086873, 94.5549652662, 0.882023331292, 5.28280226375, 1.04748279396, 3.29000083473, 1.00000069417, 25.3435608961, 6970.24794224
4.74397600497, 1.0576979007, 1.38619626484, 0.819412286344, 2.83000013687, 1.00858985303, 4.33187734474, 1.26000071007, 1.14000072628, 3.29274750734, 2.01371860653, 0.913368196803, 3.0400001169, 1.10765321786, 0.780392969865, 1.00000004443, 1.00000088607, 1.10629381655, 8.40494846721, 0.959292351312, 1.00000056248, 118.243509252, 0.88613278041, 1.75607434943, 0.96009423323, 3.29000018763, 1.00000014123, 23.0130369775, 12452.7481377
4.90968656229, 1.07290209454, 1.66633094393, 0.966304263734, 2.83000090274, 1.14323399728, 2.03474724424, 1.26000068131, 1.14000096555, 2.65440233685, 2.35727178098, 1.08504115318, 3.04000076269, 1.1067946324, 0.925904334522, 1.0000003014, 1.00000053706, 1.06299913716, 6.59090764814, 0.978804740993, 1.00000081803, 98.7055831401, 0.920670266447, 4.48275315327, 0.986196867648, 3.29000092878, 1.00000065134, 25.1872568915, 9051.15231089
2.89394453355, 1.11926856572, 1.62298812687, 0.940086924694, 2.83000047709, 0.984434939569, 5.4008909092, 1.26000017328, 1.14000033387, 2.69707798382, 2.6568748018, 0.908397508323, 3.04000038924, 1.0417322593, 1.07746269143, 1.0000004623, 1.00000011493, 1.09782320835, 6.27385722465, 0.939792216108, 1.00000034801, 87.7103961022, 0.922838228325, 3.87160699881, 0.976343768392, 3.29000056083, 1.00000038755, 24.7718686959, 9200.65808699
3.35283920456, 1.12454504193, 1.60994377286, 0.963762646086, 2.83000064927, 1.01132197912, 4.82346031986, 1.26000095999, 1.14000041625, 2.78158911268, 2.30732040335, 0.935373512186, 3.04000050099, 1.04270515695, 0.97163284138, 1.00000023397, 1.00000070497, 1.00810934773, 7.46238723004, 0.916613758207, 1.00000023042, 84.6449400214, 0.934360393517, 2.90756504096, 1.01494092858, 3.29000033768, 1.00000074401, 23.6653605888, 9252.56692711
2.49962392172, 1.08682415812, 1.55763723412, 0.811561466788, 2.83000099892, 0.947049964481, 1.07089043917, 1.26000089235, 1.14000048348, 2.98423970195, 2.56925454282, 1.02064074489, 3.04000092783, 1.0033293041, 0.955184767774, 1.0000003108, 1.00000000873, 1.09229401155, 4.39085448513, 0.946205382665, 1.00000069402, 116.687613684, 1.00833152843, 5.85481883139, 1.01075587729, 3.29000046999, 1.00000093631, 37.4622087525, 5296.70218426
4.84391013657, 1.02940734924, 1.36249289362, 0.907031142173, 2.83000029707, 1.07497012999, 5.94062667783, 1.26000029636, 1.14000038995, 2.33446481067, 1.66094158903, 0.963186162879, 3.04000031417, 1.11155025784, 0.974392324022, 1.00000015551, 1.00000009263, 1.03373132051, 5.32582979204, 0.934107721059, 1.00000037155, 99.3059185539, 0.870502968008, 5.26880832251, 0.963504674308, 3.29000012584, 1.00000070915, 34.8548506653, 5992.07344649
5.5924272345, 1.10110784241, 1.58346506023, 0.815465665178, 2.83000019023, 1.09550432356, 1.06010119349, 1.26000005357, 1.140000302, 1.6499341954, 1.64697348527, 1.0530196356, 3.04000072901, 1.11322633542, 0.888800449237, 1.00000020733, 1.00000064049, 1.09309027678, 5.60990301041, 0.967692852523, 1.0000007645, 105.737114177, 0.927122574081, 3.22194843048, 1.04353280184, 3.29000047247, 1.00000076515, 25.3527574741, 8665.42804058
5.62879628882, 1.05908997694, 1.56124367074, 0.835030483072, 2.8300005926, 0.972495546245, 5.88975936269, 1.26000007379, 1.14000010196, 3.47879666766, 2.67358274159, 0.954312008583, 3.0400003309, 1.00482103363, 0.780791305757, 1.00000023892, 1.00000023429, 1.02771863206, 8.93426071944, 0.923952900133, 1.00000050322, 95.3432034655, 0.938266974918, 3.12864589119, 0.9559805922, 3.29000049193, 1.00000022565, 26.1640366009, 7061.75326531
3.99237199637, 1.07071544134, 1.47415393577, 0.823978929457, 2.83000060823, 1.11688196927, 5.5046838299, 1.26000008621, 1.1400000022, 3.65373158523, 2.93382436868, 1.02176732588, 3.04000008059, 1.04407214008, 1.06759923162, 1.00000032274, 1.00000094421, 1.10905548752, 7.21359033107, 0.964452268928, 1.00000007711, 86.4597136698, 0.941087880194, 2.4253203481, 1.02212588681, 3.29000037879, 1.00000056568, 24.0004901058, 21218.536092
4.90968656229, 1.07290209454, 1.66633094393, 0.966304263734, 2.83000090274, 1.14323399728, 2.03474724424, 1.26000068131, 1.14000096555, 3.67347985202, 2.86147301103, 1.08504115318, 3.04000076269, 1.1067946324, 0.925904334522, 1.0000003014, 1.00000053706, 1.03345301755, 6.59090764814, 0.978804740993, 1.00000081803, 98.7055831401, 0.920670266447, 1.79174972853, 0.986196867648, 3.29000092878, 1.00000065134, 50.7402779353, 5990.27081163
5.48766875714, 1.07426006471, 1.70372919854, 0.840108356505, 2.83000090802, 1.1396646822, 5.13495262178, 1.26000020212, 1.14000059523, 3.1447578083, 3.08822482069, 0.966127614847, 3.04000099389, 1.00501106122, 0.995927963141, 1.00000033091, 1.00000052024, 1.00356474141, 8.05687899204, 0.918652652494, 1.00000082817, 81.9194381701, 0.898693828214, 1.94342674444, 1.04412671246, 3.29000005869, 1.00000039574, 43.8528389824, 6233.23524587
2.62156826327, 1.02617984788, 1.36546811012, 0.965336584644, 2.83000012575, 0.94907482572, 4.88173123149, 1.26000055241, 1.14000052251, 2.65440497691, 2.36316812027, 0.940732857051, 3.0400009165, 1.08689748948, 1.04899523246, 1.00000043701, 1.00000050368, 1.08109831367, 6.51836681728, 0.935656459492, 1.00000069454, 102.448140126, 0.840199465389, 3.09034100644, 1.01868052475, 3.29000011903, 1.00000074047, 42.7981246685, 6640.38928869
1.60771537823, 1.0968836712, 1.39619017715, 0.941906198337, 2.83000092483, 1.18366718423, 2.83931236325, 1.26000048814, 1.14000007431, 1.53740709259, 2.13807978758, 1.08106616641, 3.0400002789, 1.07420773682, 0.784605087926, 1.00000047699, 1.00000080238, 1.06686662465, 6.13402909731, 0.982523128201, 1.00000069967, 83.6271307483, 0.867489294719, 3.81601668445, 1.06057786449, 3.29000076606, 1.00000049089, 25.939669155, 9086.02737088
4.22563076112, 1.13532425819, 1.57617776431, 0.814070777236, 2.83000009697, 1.05076404664, 5.68644967907, 1.26000082076, 1.14000080303, 1.6127128088, 1.58213555497, 1.01218452384, 3.04000096402, 1.05066432333, 0.851834808635, 1.00000049454, 1.00000076479, 1.04842428381, 9.20203738506, 0.956130554032, 1.00000092674, 100.44179142, 0.843290884984, 1.06612288267, 1.01351612166, 3.29000036931, 1.00000070506, 28.875759751, 7576.52550767
5.60540816034, 1.12142034493, 1.44132914782, 0.868006377548, 2.83000009616, 1.00620786893, 3.11755773986, 1.26000072489, 1.14000012501, 2.53027475329, 1.77038917354, 0.938058330531, 3.04000007648, 1.04714702468, 0.901415360379, 1.00000017508, 1.00000046531, 1.02247819623, 4.4493579392, 0.988642893311, 1.00000022138, 81.4130023594, 1.01610327311, 2.23401406438, 0.956996920563, 3.29000058504, 1.0000003377, 26.5575075598, 7655.99712781
5.59729409873, 1.05542840898, 1.43672543629, 0.84653961529, 2.8300002881, 0.850618059927, 1.82537911035, 1.26000091772, 1.14000085443, 2.82177347925, 3.04582203628, 0.990114893821, 3.04000075084, 1.11159076054, 0.840428270843, 1.00000030461, 1.00000099724, 1.09881082185, 6.49734341244, 0.949720506847, 1.0000000792, 116.93864324, 0.917783199145, 4.45918670589, 0.998188837731, 3.29000063506, 1.00000084192, 24.0729732488, 24988.9481378
5.5674018891, 1.08387651659, 1.52607582804, 0.99674065879, 2.83000015227, 1.0137454916, 5.80952577959, 1.26000009848, 1.14000081044, 2.10671290567, 2.3113516255, 1.06565814826, 3.04000063983, 1.02639404625, 1.07575316247, 1.0000003975, 1.00000043347, 1.07462102638, 8.64872922077, 0.929236928119, 1.00000086937, 118.838603803, 0.85735778292, 5.53931211251, 0.96000109366, 3.2900001925, 1.00000046925, 43.8817625692, 7061.74344514
2.95691690214, 1.04364244327, 1.47709263882, 0.811561466788, 2.83000006066, 0.93199777081, 4.01349089222, 1.26000003961, 1.14000074016, 2.60530513589, 2.38425921369, 0.979532098263, 3.04000063576, 1.11485084877, 1.08986354951, 1.00000042964, 1.00000054491, 1.07471928865, 4.2922841834, 0.978179775276, 1.00000037338, 83.6553641107, 1.02969376479, 2.64305010354, 0.988922518705, 3.29000023684, 1.00000012655, 28.3961769704, 8542.50430991
2.13277833311, 1.00139985921, 1.68193043733, 0.825032924358, 2.8300008747, 0.947061109464, 1.21631791049, 1.26000050168, 1.1400004195, 2.4439449582, 3.04211509594, 1.06571616749, 3.04000098989, 1.10868804013, 0.985605910564, 1.00000079302, 1.00000062105, 1.02351054757, 5.55688480933, 0.919299756027, 1.00000078616, 122.706864682, 0.848573150098, 2.84196730316, 0.97035145375, 3.29000026762, 1.00000089568, 26.845358188, 10070.9126414
4.03316009309, 1.02877617602, 1.4427592381, 0.962117954868, 2.83000057545, 0.932837191689, 3.63179308484, 1.26000087834, 1.14000095505, 3.49399949522, 3.03041806431, 0.916191608538, 3.04000032064, 1.00710932903, 0.925300324719, 1.00000010276, 1.00000028716, 1.01238550611, 4.83154328472, 0.954296606655, 1.0000003766, 84.1707926506, 0.99949913084, 4.36763217368, 1.06095321729, 3.29000084933, 1.00000006529, 28.9713396323, 7908.69672673
5.92537834024, 1.09014327, 1.42961194633, 0.981010374978, 2.83000034147, 0.98506416295, 2.60954216053, 1.2600008277, 1.14000024542, 1.53260149152, 1.85600731199, 0.939401033152, 3.04000038762, 1.039114403, 1.05449832442, 1.00000037579, 1.00000042166, 1.04631817158, 9.89902053131, 0.977746991492, 1.00000088742, 118.438641563, 0.98591248467, 5.00997168176, 1.0001408421, 3.29000049499, 1.0000009711, 28.9897401445, 7785.8068232
2.25844453939, 1.08574868913, 1.36208412436, 0.836537044286, 2.83000082296, 1.03269688013, 1.27711835243, 1.26000049495, 1.14000071572, 2.68595849191, 1.89870514068, 0.946215823741, 3.04000083381, 1.10259579277, 1.05894091842, 1.00000078049, 1.00000032246, 1.00059255499, 9.7015580991, 0.938853430235, 1.00000039846, 87.0206434892, 0.970550376763, 1.04031586263, 1.01126448322, 3.29000011389, 1.00000012965, 25.9728704665, 25189.7978114
1.62223416154, 1.11036184251, 1.70307888942, 0.933043640273, 2.83000078122, 0.930880720453, 1.88408344695, 1.26000011908, 1.14000053744, 1.3618616561, 2.96941997471, 1.09914863336, 3.04000050555, 1.04905136381, 0.976669122301, 1.00000059477, 1.00000053992, 1.01556207858, 7.64101161695, 0.992381462441, 1.00000051833, 82.4280627219, 1.02791109737, 3.33130087991, 0.966395035771, 3.29000091118, 1.0000007552, 24.3894422324, 38013.4209514
4.01229085562, 1.11582008107, 1.39659092133, 0.843601892789, 2.8300000738, 0.975636731098, 1.18582743577, 1.26000022148, 1.14000008411, 1.80787315736, 1.96346625128, 1.09108418972, 3.04000037315, 1.05225228872, 0.980848825324, 1.00000020113, 1.00000085232, 1.08233700568, 7.46782435228, 0.910729320825, 1.00000074089, 114.642612511, 0.9123503702, 1.80174072496, 1.03838368783, 3.29000002133, 1.00000011025, 26.8545438365, 19358.0520425
2.36639341835, 1.00110258091, 1.73026289843, 0.986222624816, 2.83000082755, 1.11060277305, 2.36390794924, 1.26000009505, 1.14000098471, 1.96865072876, 1.63240587845, 1.08072511187, 3.04000070662, 1.09597371991, 0.784957319349, 1.00000064111, 1.00000006682, 1.0118235899, 8.5315786021, 0.947875590933, 1.00000053413, 102.028147513, 0.973173386969, 4.60870527086, 0.972484307612, 3.29000090748, 1.00000050402, 56.0868298891, 7811.8317668
1.88087647556, 1.11567498529, 1.43094955599, 0.839949104542, 2.83000076797, 0.899150441858, 4.25399789877, 1.26000003886, 1.14000017791, 2.90753091641, 2.55042776268, 0.975962659696, 3.04000000503, 1.0978802361, 1.04452873359, 1.00000004413, 1.00000039129, 1.03162132862, 9.26110285659, 0.911975990484, 1.00000072136, 85.1302737702, 0.938266974918, 3.19642605687, 1.02910681166, 3.29000091189, 1.0000007009, 27.1293991506, 13623.2497902
5.2323600256, 1.11349069601, 1.49347304913, 0.928725287003, 2.83000004332, 1.02771488083, 5.63240003274, 1.26000084075, 1.14000077736, 1.9082485484, 2.79399380218, 0.934659507701, 3.04000057258, 1.02285095454, 1.07917117317, 1.00000085284, 1.00000005046, 1.01309656796, 4.91274396125, 0.988599015677, 1.00000012775, 116.796355774, 0.9926175558, 1.53335402753, 0.986441026948, 3.29000003794, 1.00000093257, 32.2104029518, 10809.0754225
3.88420217798, 1.13437923301, 1.50098209979, 0.886265000061, 2.83000017304, 1.15551399155, 5.31402110274, 1.26000045214, 1.14000094477, 3.61905928839, 2.11801384482, 1.06382934261, 3.04000048065, 1.04260233444, 1.01274100416, 1.00000085514, 1.00000077888, 1.08330800664, 8.68553952949, 0.917056673942, 1.000000028, 81.4614398566, 1.05165202146, 5.31679318174, 0.978944707248, 3.29000086256, 1.00000004422, 42.9411188326, 8093.26616042
