0.122911832779, 0.94454999531, 4.73800097885, 0.948251328047, 84.094796778, 9.30637967217, 0.299577626451, 2.0984128616, 11.1015893728, 0.0, 0.0
0.197079756355, 0.872071080049, 6.08302020007, 0.611248941667, 91.455050687, 1.54475475177, 0.0900945405407, 2.91259733887, 17.6377287557, 0.00207955030648, 0.0
0.100759503157, 0.840883081792, 2.13592410827, 0.722660502841, 91.9639096279, 1.38406944034, 0.213106429961, 1.49123887473, 19.9621323372, 0.00215627323632, 0.0
0.160386323241, 1.24288655248, 5.26773338515, 0.942370318159, 89.1533623118, 1.06941752765, 1.27026168907, 2.85603089019, 11.7372524151, 0.005595088543, 0.0
0.114443019212, 1.01264079746, 5.24580880978, 0.892401414128, 94.5838560332, 1.49753109009, 1.98239434004, 3.48053291921, 19.5425648752, 0.00646918933722, 0.0
0.101952114421, 0.840883081792, 2.13592410827, 0.722660502841, 84.1936729973, 1.38406944034, 0.213106429961, 1.49123887473, 19.9621323372, 0.00656790841976, 0.0
0.176275907318, 0.926963626288, 6.23716991831, 0.783784255844, 82.2597748055, 2.40839618826, 0.874140857321, 4.82850286164, 10.7858836241, 0.00664358746754, 0.0
0.136848360084, 0.994667645732, 2.10067053902, 0.922435281493, 97.830569743, 3.64407602614, 0.766310029573, 3.56882288307, 18.5191997341, 0.00734177345414, 0.0
0.124516203134, 1.24810764287, 4.71850922146, 0.720759769682, 88.5157341837, 2.06058025704, 0.697336546234, 4.52511007116, 14.5943683031, 0.0069466598812, 0.25
0.122504355295, 1.11796597181, 2.35141380769, 0.607252773541, 98.2081658915, 1.49753109009, 1.35575521125, 2.48804649859, 10.3203218621, 0.00737332962141, 0.0
0.151722985647, 1.13657340442, 7.47724759828, 0.85807321538, 99.7203450273, 1.54458175103, 1.64880763118, 3.28826684409, 13.3247321131, 0.00786592934159, 0.0
0.104640716009, 1.12526461467, 7.58384864542, 0.929745333141, 83.5403586809, 3.63439716668, 0.437451917096, 4.1999775042, 17.7559957103, 0.00790287122035, 0.0
0.155755646154, 1.14670870601, 2.53030818742, 0.624461179801, 88.2046070505, 1.61612996216, 1.428812887, 3.96047179399, 14.8272763802, 0.00823283866664, 0.0
0.101952114421, 0.840883081792, 2.13592410827, 0.722660502841, 90.5706885596, 1.38406944034, 0.213106429961, 1.49123887473, 15.2791680948, 0.00829143456916, 0.0
0.155755646154, 1.14670870601, 2.10067053902, 0.624461179801, 88.2046070505, 1.61612996216, 1.428812887, 3.96047179399, 14.8272763802, 0.00868696132103, 0.0
0.197079756355, 0.872071080049, 6.08302020007, 0.611248941667, 91.455050687, 1.54475475177, 0.0900945405407, 2.91259733887, 17.6377287557, 0.00871547684093, 0.0
0.124516203134, 1.24810764287, 4.71850922146, 0.720759769682, 88.5157341837, 3.1105532766, 0.697336546234, 4.52511007116, 14.5943683031, 0.00884359324757, 0.0
0.100331661951, 0.985698758251, 5.29413398676, 0.792068276545, 89.9805094781, 2.06058025704, 1.43917816162, 3.20384582355, 12.3374850608, 0.00947479324889, 0.0
0.11623224162, 1.05959905891, 4.27580349369, 0.896316141809, 81.7135890962, 3.09493907196, 0.595128829888, 1.21630346299, 12.8452671521, 0.00969014483301, 0.0
0.14017043067, 1.13657340442, 7.47724759828, 0.745330409944, 99.7203450273, 1.54458175103, 1.64880763118, 0.424701060911, 13.3247321131, 0.0104057634438, 0.0357142857143
0.196899295169, 1.18869228694, 4.6529647, 0.887864804964, 89.9805094781, 2.06058025704, 0.761897559634, 4.97515031856, 14.7379497491, 0.0117690591258, 0.0
0.101952114421, 0.840883081792, 2.35141380769, 0.722660502841, 92.1541335741, 1.38406944034, 0.213106429961, 1.49123887473, 19.9621323372, 0.0116465202038, 0.2
0.14017043067, 1.13657340442, 7.47724759828, 0.85807321538, 99.7203450273, 1.54458175103, 1.64880763118, 0.00338787740335, 13.3247321131, 0.0117225027178, 0.147058823529
0.101952114421, 0.840883081792, 2.13592410827, 0.722660502841, 90.5706885596, 1.38406944034, 0.213106429961, 1.49123887473, 19.9621323372, 0.0115138715472, 0.4
0.153619898294, 0.9523011045, 7.32841393596, 0.690230173373, 95.6606619137, 2.22068737436, 1.37527176399, 4.14575569412, 17.7559957103, 0.0121755574786, 0.0
0.152373238838, 0.995401982281, 6.09778764631, 0.654581359144, 94.3889484712, 1.48860353306, 0.965094958572, 0.71769464482, 15.2791680948, 0.0120680375373, 0.333333333333
0.114443019212, 1.24288655248, 5.26773338515, 0.892401414128, 89.1533623118, 1.06941752765, 1.27026168907, 3.48053291921, 19.5425648752, 0.0116072632387, 0.488372093023
0.100331661951, 0.985698758251, 5.29413398676, 0.792068276545, 89.9805094781, 2.06058025704, 1.43917816162, 3.20384582355, 12.3374850608, 0.0127668585924, 0.166666666667
0.107928622482, 0.912485741983, 5.76968439944, 0.735360920841, 82.2117889985, 2.6847223542, 1.24174275704, 3.28826684409, 18.3898941461, 0.0146434799807, 0.0
0.199696760003, 1.02560696962, 6.17079449416, 0.949472180223, 90.35008859, 1.13213632454, 0.438117976969, 1.43056257199, 14.8106180237, 0.0133308856701, 0.16
0.160386323241, 1.24288655248, 4.58506223312, 0.942370318159, 89.1533623118, 1.06941752765, 1.27026168907, 2.57149225152, 14.1825149602, 0.0125094580969, 0.333333333333
0.196899295169, 1.11142837477, 2.51662302974, 0.759766955242, 81.8103818217, 2.73958729327, 0.758091212266, 3.86862444694, 14.7379497491, 0.0152242372176, 0.0
0.101952114421, 0.840883081792, 2.13592410827, 0.722660502841, 90.5706885596, 1.38406944034, 0.213106429961, 1.49123887473, 15.2791680948, 0.0134219973165, 0.344827586207
0.14017043067, 1.13657340442, 7.47724759828, 0.85807321538, 99.7203450273, 1.54458175103, 0.0579224326486, 0.424701060911, 16.9425900323, 0.0153506585702, 0.0625
0.197079756355, 0.872071080049, 6.08302020007, 0.907834853422, 91.455050687, 1.54475475177, 0.0900945405407, 2.91259733887, 17.6377287557, 0.0154798021124, 0.0
0.100331661951, 1.02560696962, 3.92005480122, 0.716138349129, 90.35008859, 1.13213632454, 1.49616776732, 4.2211353934, 17.66121259, 0.0138688739159, 0.38202247191
0.127930135666, 0.917048416981, 2.80370965148, 0.625007683335, 88.1823695124, 1.68723808492, 1.22076434923, 2.28188427689, 19.423462933, 0.0155214580079, 0.142857142857
0.155755646154, 1.25652073232, 6.94852573409, 0.830014034046, 97.8118368009, 1.61612996216, 0.492191889568, 1.70057494604, 15.0223197626, 0.0158136943976, 0.0
0.114443019212, 1.01264079746, 5.24580880978, 0.892401414128, 86.2122607473, 1.49753109009, 1.98239434004, 3.48053291921, 19.5425648752, 0.015224224105, 0.430769230769
0.122504355295, 1.11796597181, 2.35141380769, 0.624461179801, 88.2046070505, 2.00337215137, 1.35575521125, 2.48804649859, 10.3203218621, 0.0162637065713, 0.0
0.152373238838, 0.995401982281, 3.8153972062, 0.654581359144, 94.3889484712, 1.48860353306, 0.965094958572, 1.13184071694, 15.2791680948, 0.0159065877413, 0.125
0.101952114421, 0.840883081792, 2.13592410827, 0.722660502841, 84.1936729973, 1.38406944034, 0.213106429961, 1.49123887473, 19.9621323372, 0.0158807395831, 0.571428571429
0.152373238838, 0.995401982281, 6.09778764631, 0.654378786828, 94.3889484712, 1.48860353306, 1.7963630062, 0.71769464482, 19.9621323372, 0.0167081603239, 0.0612244897959
0.122504355295, 1.11796597181, 2.35141380769, 0.624461179801, 88.2046070505, 2.00337215137, 1.35575521125, 2.48804649859, 10.3203218621, 0.0170624763791, 0.0
0.155755646154, 1.14670870601, 2.53030818742, 0.830014034046, 99.0732079373, 1.61612996216, 1.428812887, 1.70057494604, 15.0223197626, 0.0161804984721, 0.375
0.152373238838, 1.11142837477, 6.09778764631, 0.654581359144, 94.3889484712, 1.17230837857, 0.965094958572, 0.71769464482, 15.2791680948, 0.0168944944021, 0.166666666667
0.105780497258, 0.9523011045, 5.26773338515, 0.89041132296, 95.6606619137, 3.92882150383, 0.914104898038, 2.85603089019, 17.8307292561, 0.0171048680968, 0.0
0.196899295169, 1.11142837477, 5.24580880978, 0.759766955242, 81.8103818217, 1.49753109009, 0.758091212266, 3.48053291921, 14.7379497491, 0.0171124044469, 0.0
0.122504355295, 1.11796597181, 2.35141380769, 0.624461179801, 88.2046070505, 2.00337215137, 1.35575521125, 2.48804649859, 11.5705322934, 0.0173571454221, 0.239130434783
0.101952114421, 0.840883081792, 2.13592410827, 0.722660502841, 84.1936729973, 1.38406944034, 0.213106429961, 1.49123887473, 19.9621323372, 0.0171810311367, 0.5625
0.144663350601, 1.24477107156, 2.43353796112, 0.941075715114, 93.805197343, 1.73359839449, 0.0722901966953, 1.6072136176, 15.0532420808, 0.017209326149, 0.258064516129
0.138155242984, 1.14862462074, 6.02024350284, 0.799813315515, 83.0306002034, 4.71675432279, 0.82213563441, 1.78973270053, 18.3767493492, 0.0179975356917, 0.0
0.152373238838, 0.995401982281, 3.8153972062, 0.654581359144, 91.0907612597, 1.48860353306, 0.965094958572, 1.13184071694, 15.2791680948, 0.0179426486238, 0.45
0.160359195668, 1.03437541015, 5.26773338515, 0.942370318159, 89.1533623118, 1.69569960681, 1.93517993568, 2.85603089019, 18.4493534122, 0.0180014452732, 0.117647058824
0.169063792832, 1.03587631157, 7.52946850166, 0.665110933111, 93.2308943183, 1.98926854774, 1.54602250073, 4.1999775042, 19.4246687473, 0.0180504950328, 0.0
0.180807181557, 1.10287088954, 3.44956460295, 0.759766955242, 93.5041721411, 4.85465666081, 0.0767919247072, 0.898432542953, 12.1745086607, 0.0183132205449, 0.0
0.196899295169, 1.11142837477, 5.24580880978, 0.759766955242, 81.8103818217, 1.49753109009, 0.758091212266, 3.48053291921, 14.7379497491, 0.0182034816243, 0.125
0.144663350601, 1.24477107156, 2.43353796112, 0.941075715114, 93.805197343, 3.06741365818, 0.0722901966953, 0.0643174063247, 15.0532420808, 0.0185009181427, 0.0
0.127930135666, 0.917048416981, 6.08302020007, 0.625007683335, 88.1823695124, 1.54475475177, 1.22076434923, 2.28188427689, 19.423462933, 0.0188231447156, 0.173469387755
0.127930135666, 0.985698758251, 5.29413398676, 0.792068276545, 89.9805094781, 1.33577540991, 1.43917816162, 3.20384582355, 12.3374850608, 0.0186996923814, 0.333333333333
0.101453019875, 0.918963051497, 5.17400574237, 0.83609505318, 84.0898050324, 6.39229538563, 0.84245746785, 0.323999864798, 18.0362271988, 0.0201599718103, 0.0
0.152373238838, 0.995401982281, 3.8153972062, 0.654581359144, 94.3889484712, 1.48860353306, 0.965094958572, 1.13184071694, 15.4286068578, 0.0185919155467, 0.416666666667
0.169063792832, 1.03587631157, 7.52946850166, 0.665110933111, 98.430950392, 1.69569960681, 1.4939249111, 4.1999775042, 19.4246687473, 0.0195365469014, 0.2
0.14017043067, 1.13657340442, 7.47724759828, 0.85807321538, 99.7203450273, 1.54458175103, 1.91514184931, 0.424701060911, 16.9425900323, 0.0188775159406, 0.227272727273
0.113578975607, 1.01750080039, 2.92573542557, 0.698915124479, 88.8854104629, 5.59918089118, 1.01141923002, 3.49403865832, 18.024569139, 0.0207637858772, 0.0
0.169063792832, 1.22098290523, 7.52946850166, 0.665110933111, 93.2308943183, 1.98926854774, 1.4424040469, 1.54740204996, 19.4246687473, 0.0202468401904, 0.142857142857
0.199696760003, 0.957883398081, 5.69446573438, 0.837161067749, 89.4296122271, 1.13213632454, 1.49616776732, 1.43056257199, 14.8106180237, 0.0195010525468, 0.514705882353
0.150132222171, 0.920195535053, 6.26396291957, 0.912829576538, 85.6654191617, 9.1762539561, 0.0384703513578, 1.92247426159, 12.3011483282, 0.0210287901992, 0.0
0.127930135666, 0.917048416981, 2.35747711623, 0.625007683335, 88.1823695124, 1.68723808492, 1.22076434923, 4.29109834319, 19.423462933, 0.0204276962974, 0.184466019417
0.100331661951, 1.23396882321, 5.29413398676, 0.927737638391, 92.7743899728, 4.87739782168, 1.13964800291, 4.2211353934, 17.66121259, 0.0215152423048, 0.0
0.124865990146, 0.912485741983, 5.76968439944, 0.735360920841, 82.2117889985, 3.04823920117, 1.24174275704, 3.28826684409, 18.3898941461, 0.0211119401874, 0.136363636364
0.111049231299, 1.18840393423, 7.73989162141, 0.626355876017, 84.1008224858, 3.1105532766, 1.64880763118, 0.650997521661, 17.9876158797, 0.0206859687944, 0.189189189189
0.130718360432, 1.19250411872, 3.97360958068, 0.79194081644, 98.6050603216, 2.51620431744, 1.72921174178, 0.573664036593, 12.7795071964, 0.0219691512767, 0.0857142857143
0.180807181557, 1.10287088954, 3.44956460295, 0.726766381316, 93.5041721411, 1.59663057829, 0.0767919247072, 0.898432542953, 11.5829730503, 0.0220481158298, 0.0
0.199696760003, 1.02560696962, 6.17079449416, 0.716138349129, 90.35008859, 1.13213632454, 1.49616776732, 1.43056257199, 14.8106180237, 0.0209218941931, 0.357142857143
0.128113540667, 1.20594367728, 6.18490708771, 0.79194081644, 98.6050603216, 2.51620431744, 1.72921174178, 0.573664036593, 17.7559957103, 0.0223132482904, 0.0
0.136848360084, 0.994667645732, 6.2538315564, 0.922435281493, 97.830569743, 3.64407602614, 0.766310029573, 3.56882288307, 18.5191997341, 0.0220770965484, 0.142857142857
0.114443019212, 1.02040917751, 5.24580880978, 0.892401414128, 84.5381503109, 1.49753109009, 1.98239434004, 3.48053291921, 19.5425648752, 0.021056564895, 0.410256410256
0.140901837118, 0.865199173233, 6.94852573409, 0.916817836645, 80.9611290631, 6.31669690451, 0.492191889568, 0.822709716433, 15.8730773848, 0.0229220332847, 0.0
0.127930135666, 0.917048416981, 2.99133897428, 0.924890256737, 88.1823695124, 1.54475475177, 1.22076434923, 2.99020464611, 19.423462933, 0.0227818041427, 0.178571428571
0.155755646154, 1.14670870601, 2.53030818742, 0.830014034046, 99.0732079373, 1.61612996216, 1.428812887, 1.70057494604, 15.0223197626, 0.0223668858775, 0.462686567164
0.100331661951, 0.985698758251, 5.29413398676, 0.792068276545, 89.9805094781, 2.06058025704, 1.43917816162, 3.20384582355, 12.3374850608, 0.0225629487492, 0.444444444444
0.127930135666, 0.917048416981, 2.80370965148, 0.625007683335, 88.1823695124, 1.68723808492, 1.22076434923, 4.29109834319, 19.423462933, 0.0216030425987, 0.472727272727
0.136848360084, 0.894287232432, 2.53030818742, 0.944905362027, 97.830569743, 3.64407602614, 0.766310029573, 3.56882288307, 18.5191997341, 0.0232891914574, 0.0
0.160386323241, 1.24288655248, 5.26773338515, 0.942370318159, 89.1533623118, 1.06941752765, 1.27026168907, 2.85603089019, 11.7372524151, 0.0228178186171, 0.363636363636
0.155755646154, 1.14670870601, 2.53030818742, 0.830014034046, 99.0732079373, 1.61612996216, 1.428812887, 1.70057494604, 15.0223197626, 0.0220761940378, 0.605263157895
0.160359195668, 1.03437541015, 6.45008965297, 0.76288801554, 89.1533623118, 1.69569960681, 1.93517993568, 2.11407728419, 11.7372524151, 0.0234984787806, 0.0888888888889
0.197079756355, 0.872071080049, 2.00939582298, 0.617874524613, 89.0212906721, 1.68723808492, 0.0900945405407, 2.91259733887, 11.0770680427, 0.0233943565418, 0.214285714286
0.12945630146, 0.967472162833, 4.48465718074, 0.839622029328, 94.3963360813, 4.81442906538, 1.72203135624, 1.93954315601, 12.8062828073, 0.0248466550479, 0.0
0.105780497258, 0.9523011045, 4.58506223312, 0.89041132296, 95.6606619137, 3.92882150383, 0.914104898038, 2.57149225152, 17.8307292561, 0.0234565753104, 0.125
0.128113540667, 1.20594367728, 6.18490708771, 0.79194081644, 98.6050603216, 2.51620431744, 1.72921174178, 0.573664036593, 17.7559957103, 0.0236674562004, 0.113636363636
0.111983572943, 1.10073670171, 6.63258848099, 0.716138349129, 87.6945886592, 3.57837133753, 1.49616776732, 4.24535461108, 12.921937313, 0.0255154361966, 0.030303030303
0.198282956963, 0.857129804704, 7.29721182156, 0.737471839103, 86.0248844229, 5.17604274137, 0.268095005133, 0.711114068418, 11.9724565421, 0.0282466942783, 0.0
0.114443019212, 1.01264079746, 5.24580880978, 0.892401414128, 86.2122607473, 2.00337215137, 1.98239434004, 3.48053291921, 19.5425648752, 0.0234739602755, 0.402777777778
0.14017043067, 1.13657340442, 7.47724759828, 0.85807321538, 99.7203450273, 1.54458175103, 1.64880763118, 0.424701060911, 13.3247321131, 0.0236659431742, 0.34328358209
0.111049231299, 1.18840393423, 7.73989162141, 0.626355876017, 91.0052571767, 3.1105532766, 0.0579224326486, 0.650997521661, 17.9876158797, 0.0237209673515, 0.333333333333
0.160842739683, 0.92591967467, 2.99133897428, 0.916817836645, 90.5706885596, 2.26265533495, 1.12554657278, 4.52511007116, 17.94418131, 0.0266042486448, 0.0384615384615
0.197213927484, 0.985698758251, 4.87359469871, 0.792068276545, 89.9805094781, 3.52982928507, 1.82698609343, 3.20384582355, 12.3374850608, 0.0282475048497, 0.0
0.141635449612, 1.02064365187, 2.99133897428, 0.910182270876, 84.1936729973, 2.26265533495, 1.66767557139, 1.21630346299, 11.0770680427, 0.0236723339525, 0.571428571429
0.11623224162, 0.904759723663, 4.27580349369, 0.775787549874, 81.7135890962, 3.09493907196, 0.595128829888, 0.740934951796, 12.8452671521, 0.0240440754027, 0.5
