0.411689996071, 1.09271806374, 92.621950298, 0.525751464997, 5.29888914825, 1.34854772164, 0.987081811751, 0.139043229585, 9.0325160818, 0.00492552010654, 0.0
0.127559867714, 1.25385668496, 93.005845748, 0.485871047958, 36.2829907057, 2.36088821989, 1.51043058428, 0.782048422418, 9.26228583774, 0.0126597580663, 0.0
0.359554757378, 0.970995397152, 86.701515598, 0.51829438686, 57.3528049667, 4.55476801092, 1.72057437931, 4.97335362253, 13.9236408728, 0.0630709335961, 0.0
0.125587805673, 1.25385668496, 93.005845748, 0.485871047958, 36.2829907057, 2.36088821989, 1.76477406988, 0.782048422418, 9.26228583774, 0.015878505747, 0.037037037037
0.172005911764, 1.00184892436, 80.0360748525, 0.651258454984, 11.1837480484, 9.09177050389, 0.666220046612, 1.20417858097, 5.42271732315, 0.0848729858865, 0.0
0.484423561453, 0.92294888093, 82.3332639927, 0.642749659751, 59.194598446, 1.2115106091, 1.85648619612, 4.13795230386, 16.6923528276, 0.0623569993844, 0.378787878788
0.367604980129, 1.1152749661, 86.9047422734, 0.487704527439, 64.9082905444, 2.04225273398, 0.326718608904, 0.29682098259, 6.3348736417, 0.0532951637605, 0.631578947368
0.31538383132, 1.25551249215, 88.6278819669, 0.61316335247, 85.4325875168, 4.55476801092, 1.24100703584, 1.58712090646, 7.80815638654, 0.0692700197971, 0.224489795918
0.19805650389, 0.84511616105, 92.2952577607, 0.563231075152, 81.5770713616, 14.9504984208, 1.63864377356, 4.98640844128, 19.5017472239, 0.107397292299, 0.0
0.11143807878, 1.00892003668, 90.8423741691, 0.411732718941, 90.5641345511, 14.7606211203, 1.36645210597, 2.98653852742, 16.8837506797, 0.0974308871848, 0.212121212121
0.428707466518, 0.92294888093, 82.3332639927, 0.642749659751, 42.9198619468, 1.2115106091, 1.85648619612, 4.13795230386, 17.6270075585, 0.0657573846819, 0.41592920354
0.377864731927, 0.824035282709, 85.4671314206, 0.409808702677, 95.5591356663, 3.08727109352, 1.76460755093, 3.6177269419, 14.4431256596, 0.0943786553201, 0.350649350649
0.45496098683, 1.00178944503, 84.0828557123, 0.577871703896, 34.279284802, 30.3212584272, 0.252609529554, 2.01056272756, 7.91806908647, 0.111152688433, 0.0
0.411689996071, 1.09271806374, 92.621950298, 0.525751464997, 5.29888914825, 1.34854772164, 0.987081811751, 0.139043229585, 9.0325160818, 0.071814974492, 0.6
0.377864731927, 0.824035282709, 85.4671314206, 0.409808702677, 95.5591356663, 3.08727109352, 1.76460755093, 3.6177269419, 14.4431256596, 0.0809544524827, 0.447368421053
0.130665090506, 1.09939202328, 83.2882281694, 0.490471493442, 74.4865606551, 26.8221343839, 0.919930129275, 4.87731058836, 1.54281747201, 0.11221942244, 0.0
0.668517805811, 0.856408247357, 91.4941637108, 0.464606595929, 84.8105577318, 5.49673538613, 1.26035187269, 4.52673005624, 4.36391774441, 0.118942452548, 0.0714285714286
0.130665090506, 1.09939202328, 83.2882281694, 0.490471493442, 74.4865606551, 26.8221343839, 0.919930129275, 4.87731058836, 1.54281747201, 0.140789409237, 0.0
0.321142335456, 1.08585679026, 81.1056888907, 0.684718003758, 28.0869078029, 4.28599755389, 1.89769269767, 1.13168270054, 13.4739241085, 0.115154546405, 0.486486486486
0.321142335456, 1.08585679026, 81.1056888907, 0.684718003758, 94.1062288528, 4.28599755389, 1.89769269767, 0.464150638582, 13.4739241085, 0.12159204687, 0.396825396825
0.358621669326, 1.06336516753, 85.8944860058, 0.65450630946, 9.89727626403, 12.8923444785, 1.6096883861, 1.84238566869, 3.50802765489, 0.152162076978, 0.142857142857
0.644854825142, 0.84455479243, 86.5029718647, 0.65045825504, 39.9258700451, 5.7230108858, 1.41897989784, 4.76232224885, 15.5559665421, 0.154968192407, 0.0
0.447307222493, 1.10304333603, 93.0044288704, 0.690824613166, 72.0863391973, 7.26681351597, 0.846766350702, 0.311908339779, 7.37367551794, 0.131475619011, 0.5
0.204287472353, 0.838622040922, 91.0521325009, 0.573294173823, 38.0438781749, 41.9576612636, 0.0946606750947, 2.40609327548, 14.2698713511, 0.15953170722, 0.0
0.644854825142, 0.84455479243, 86.5029718647, 0.65045825504, 39.9258700451, 5.7230108858, 1.41897989784, 4.76232224885, 15.5559665421, 0.155121270868, 0.138888888889
0.571737064938, 0.956783852547, 82.0256449142, 0.691923142227, 82.4128721163, 40.7911883228, 0.476506846953, 4.66305417706, 17.4308683626, 0.186107994362, 0.0
0.152717943734, 1.21945426551, 93.9770347694, 0.529652206595, 27.2187227127, 13.2361048172, 0.712481673884, 0.96658722667, 10.2915345578, 0.163772253677, 0.117647058824
0.250431138779, 1.02691950394, 88.3052636583, 0.614305752617, 13.0924405228, 11.7761297983, 1.23054020285, 3.6594243222, 17.0973455366, 0.159802207263, 0.142857142857
0.105012981627, 1.06073723023, 80.7261566115, 0.403850509373, 51.5428901879, 39.415620282, 1.62235673256, 3.44211799178, 19.9153568457, 0.192599025299, 0.0
0.194841802351, 0.99111679906, 81.3079931702, 0.58750284119, 16.1629110326, 43.2049530412, 0.442427573417, 3.70030829314, 1.44289612599, 0.176237540458, 0.285714285714
0.309467548559, 1.02431074982, 90.0667221714, 0.630427732852, 23.1258957398, 11.2054109141, 1.92118480327, 4.44400873529, 2.44604179937, 0.17165681836, 0.5
0.110158742234, 0.958173827625, 94.0635848622, 0.548204854641, 37.514449277, 47.6494898814, 1.16223201485, 3.14973682287, 4.03852628271, 0.191856660197, 0.147058823529
0.218620679028, 1.03493496992, 90.202801858, 0.514058779922, 4.75701318619, 11.898665751, 1.08736522892, 0.719513225267, 18.1432301351, 0.192623613213, 0.0967741935484
0.656274597271, 1.0019500899, 81.0914337373, 0.676576349838, 93.8251948895, 10.0073706575, 0.139846072865, 0.738434920944, 5.24066001983, 0.193538105593, 0.0
0.172005911764, 1.00184892436, 80.0360748525, 0.651258454984, 11.1837480484, 9.09177050389, 0.666220046612, 1.20417858097, 2.34841817526, 0.171992178831, 0.619047619048
0.152717943734, 1.0737950194, 89.1970497836, 0.529652206595, 2.9825572411, 12.6284783818, 1.64294170151, 0.96658722667, 13.5740930031, 0.201339681289, 0.445945945946
0.438427699934, 0.94446650871, 84.3043140199, 0.590268061206, 83.2820232264, 14.2517312207, 0.8820572947, 1.02128478533, 17.6270075585, 0.218357475217, 0.0
0.101211432557, 0.844725450565, 82.1310062745, 0.627889284979, 12.9650498144, 28.9050194534, 1.52750383712, 0.0209473664588, 15.6759016055, 0.207825045542, 0.340425531915
0.211194807884, 0.844725450565, 82.1310062745, 0.627889284979, 12.9650498144, 28.9050194534, 0.846766350702, 0.0209473664588, 15.6759016055, 0.213921465104, 0.25
0.250431138779, 1.02691950394, 88.3052636583, 0.689456693398, 13.0924405228, 11.7761297983, 1.23054020285, 3.6594243222, 17.0973455366, 0.204145145508, 0.558823529412
0.172217994053, 0.879329683235, 93.9066029523, 0.547339310972, 51.8416411143, 26.8759217104, 1.57430685265, 1.87018954599, 8.88353755299, 0.226061880638, 0.217391304348
0.105012981627, 1.06073723023, 80.7261566115, 0.403850509373, 95.6772958915, 39.415620282, 1.62235673256, 3.44211799178, 19.9153568457, 0.229386356028, 0.0
0.775516708045, 0.856408247357, 91.4941637108, 0.464606595929, 84.8105577318, 5.49673538613, 1.26035187269, 4.52673005624, 12.1121205791, 0.212906626523, 0.442307692308
0.7999772412, 1.07238136387, 91.5587392514, 0.581408460359, 36.1616782189, 7.77298431783, 0.402779839686, 2.80157552438, 19.2274303815, 0.239543143341, 0.0
0.205352254111, 1.11670351656, 87.4708497293, 0.608879385857, 44.2311906338, 11.9260379957, 0.169990015362, 3.8056631013, 4.9671416287, 0.240054919361, 0.7
0.179836319741, 1.23658210864, 89.7947882215, 0.675591897663, 84.2984843263, 44.3002714672, 1.76940933431, 0.719089338303, 5.29359202069, 0.241471285184, 0.0
0.183986950505, 1.14333335895, 83.5613330006, 0.564195766753, 40.5763020439, 33.0802244894, 0.961306031597, 2.03912183632, 5.61125170007, 0.252355562099, 0.0
0.218620679028, 1.03493496992, 90.202801858, 0.514058779922, 4.75701318619, 12.1208157293, 1.08736522892, 0.719513225267, 18.1432301351, 0.246749583902, 0.392857142857
0.45496098683, 1.00178944503, 84.0828557123, 0.577871703896, 79.7657724984, 30.3212584272, 0.252609529554, 2.01056272756, 7.91806908647, 0.270800491586, 0.0
0.205051343891, 1.07081093984, 86.3996236195, 0.509259642547, 32.6302065467, 26.980788726, 0.732402732217, 1.59388947174, 16.9993175033, 0.247231090791, 0.452830188679
0.64563971551, 0.948282283435, 87.1729681117, 0.67469559521, 2.75401759296, 27.2551634878, 0.760545396821, 1.32493490782, 2.04282651025, 0.249863599584, 0.4
0.27401682011, 1.19936307879, 94.8860462795, 0.594262435195, 90.3742009459, 27.5009820483, 1.39399579232, 0.783186157577, 5.51661903928, 0.275872104189, 0.0
0.179700345986, 0.851788555219, 93.435618751, 0.545826144877, 17.3370019457, 35.0963447656, 0.939212345788, 1.19788746984, 3.14820625727, 0.272101562038, 0.133333333333
0.19805650389, 0.84511616105, 92.2952577607, 0.563231075152, 81.5770713616, 14.9504984208, 1.63864377356, 4.98640844128, 19.5017472239, 0.272085346527, 0.480519480519
0.447307222493, 1.10304333603, 93.0044288704, 0.690824613166, 72.0863391973, 7.26681351597, 1.52750383712, 0.311908339779, 7.37367551794, 0.252175268973, 0.5
0.198620235527, 1.02962954597, 81.6982791528, 0.646725590047, 61.7496364065, 33.6238045262, 1.88244670734, 4.59059220754, 12.6629869531, 0.276955863637, 0.0
0.525375418462, 0.88013898302, 91.1256989318, 0.672445123908, 0.408820200678, 11.0543158418, 1.39453424503, 3.57685501039, 4.66852070134, 0.272367954539, 0.333333333333
0.181970409467, 1.00892003668, 90.8423741691, 0.411732718941, 90.5641345511, 14.7606211203, 1.36645210597, 2.98653852742, 16.8837506797, 0.255952133216, 0.545454545455
0.700258558348, 0.827379364384, 94.9974290244, 0.554151878737, 56.4184167241, 26.5706221521, 0.464111932544, 2.35561650653, 9.68810669822, 0.278894930956, 0.0
0.616815134793, 1.02431074982, 92.9569033157, 0.630427732852, 23.1258957398, 6.40674112465, 1.92118480327, 4.44400873529, 2.44604179937, 0.274100519866, 0.492957746479
0.265915490797, 1.25558211821, 89.7381599346, 0.646725590047, 54.5703146725, 44.5576099487, 1.40529130405, 4.59059220754, 8.42383028224, 0.289185007628, 0.0909090909091
0.158537958023, 1.11134934515, 84.0390629601, 0.622422905004, 30.1290344561, 38.2833448758, 1.89021567448, 0.795050111143, 1.70026956294, 0.298537554171, 0.0
0.524015792818, 1.18020293244, 92.509067701, 0.559591927029, 9.0312265397, 21.566281967, 0.50311981091, 3.45088372433, 5.81570499729, 0.285755739327, 0.5
0.194841802351, 0.99111679906, 81.3079931702, 0.58750284119, 16.1629110326, 43.2049530412, 1.2947777464, 1.59388947174, 1.44289612599, 0.274795532717, 0.596153846154
0.212923415093, 1.05962588739, 94.5807840442, 0.651076232177, 23.1965362279, 25.7996732783, 1.23230545423, 2.23615970754, 17.1511804963, 0.295613931423, 0.15625
0.358621669326, 1.21129333186, 85.8944860058, 0.410842876918, 9.89727626403, 12.8923444785, 1.6096883861, 1.84238566869, 3.50802765489, 0.292576086082, 0.422680412371
0.139672554783, 1.08041704461, 82.4848323581, 0.624505235398, 90.116393019, 44.9956374012, 0.78621833118, 0.0633411348313, 6.67908568208, 0.294023764914, 0.3125
0.212923415093, 1.05962588739, 94.5807840442, 0.651076232177, 23.1965362279, 25.7996732783, 1.16557770661, 2.23615970754, 17.1511804963, 0.301854338813, 0.0
0.152363195854, 1.25551249215, 88.6278819669, 0.61316335247, 85.4325875168, 39.3886516758, 1.24100703584, 1.58712090646, 12.3036694979, 0.300782268928, 0.037037037037
0.7999772412, 1.07238136387, 91.5587392514, 0.581408460359, 36.1616782189, 7.77298431783, 0.402779839686, 2.80157552438, 4.36391774441, 0.288299481649, 0.533333333333
0.179700345986, 0.851788555219, 93.5588354391, 0.64125987418, 17.3370019457, 35.0963447656, 0.939212345788, 1.19788746984, 3.14820625727, 0.297444082468, 0.2
0.333637541021, 0.956626868724, 87.6197775797, 0.695862156605, 51.2173977098, 19.0343794582, 0.00153912949282, 0.749036400491, 11.2410089135, 0.292690174789, 0.526315789474
0.264974987572, 1.15284125691, 89.5388495981, 0.565750220188, 5.65966586564, 17.377687307, 0.880520086129, 1.95533411378, 5.04120657365, 0.294279056712, 0.428571428571
0.362384322519, 1.20534762487, 90.0667221714, 0.542200355865, 60.8864302273, 35.5283473559, 0.276009624036, 1.07550717029, 8.7053350793, 0.304673346586, 0.0
0.205051343891, 1.07081093984, 86.3996236195, 0.509259642547, 32.6302065467, 26.980788726, 0.442427573417, 3.70030829314, 16.9993175033, 0.289425401007, 0.55
0.172217994053, 0.879329683235, 88.0723528491, 0.676799257359, 65.7288004605, 26.8759217104, 1.57430685265, 1.87018954599, 8.88353755299, 0.29471647724, 0.508196721311
0.205352254111, 1.11670351656, 87.4708497293, 0.698050054764, 65.0083188405, 11.9260379957, 0.293703400045, 3.8056631013, 4.9671416287, 0.306273512661, 0.0
0.853592374105, 0.88013898302, 86.942737223, 0.553734921125, 7.54536860534, 7.38572007536, 0.636131614272, 0.0103341873718, 4.66852070134, 0.300359437418, 0.636363636364
0.27401682011, 1.19936307879, 92.9891183915, 0.594262435195, 51.5200138068, 27.5009820483, 1.39399579232, 0.783186157577, 5.51661903928, 0.310200708133, 0.0
0.158537958023, 1.11134934515, 84.0390629601, 0.622422905004, 30.1290344561, 38.2833448758, 1.89021567448, 0.795050111143, 1.70026956294, 0.315700962966, 0.5
0.359554757378, 1.01442630168, 86.701515598, 0.657591236998, 57.3528049667, 39.3886516758, 1.72057437931, 4.97335362253, 13.9236408728, 0.335559104667, 0.0
0.525375418462, 1.22533928394, 91.1256989318, 0.672445123908, 0.408820200678, 11.0543158418, 1.39453424503, 3.57685501039, 13.6771753708, 0.316100474071, 0.264150943396
0.333637541021, 0.956626868724, 87.6197775797, 0.695862156605, 51.2173977098, 19.0343794582, 0.00153912949282, 0.749036400491, 11.2410089135, 0.319615501172, 0.225806451613
0.612265596307, 1.22184718141, 84.1447221072, 0.690981063619, 55.3694127391, 22.1914778395, 1.76194169243, 4.63374940856, 16.2408667717, 0.346186196685, 0.111111111111
0.25285618633, 1.20352362802, 90.2012004756, 0.410685121809, 23.8449509638, 30.985306468, 0.714850121728, 4.15409665362, 6.72063336009, 0.348565196161, 0.0
0.613832715853, 0.850772262235, 92.7792428839, 0.505817982469, 15.9873140229, 12.5626251899, 1.62452408648, 2.64453234335, 3.27629674817, 0.336951267869, 0.115384615385
0.656274597271, 1.0019500899, 84.6436062789, 0.676576349838, 93.8251948895, 10.0073706575, 0.139846072865, 0.738434920944, 3.90955186214, 0.32299202443, 0.25
0.110158742234, 0.958173827625, 94.0432288716, 0.548204854641, 37.514449277, 47.6494898814, 1.16223201485, 1.1395240659, 4.03852628271, 0.319728157845, 0.566666666667
0.264974987572, 1.15284125691, 89.5388495981, 0.565750220188, 5.65966586564, 17.377687307, 0.880520086129, 0.658201433806, 5.04120657365, 0.320221790039, 0.52380952381
0.743313284783, 0.957608929266, 81.5914229485, 0.452338123674, 34.0547178089, 23.018762709, 0.586693659679, 4.11044428546, 6.19236862267, 0.352188439753, 0.0
0.221427887851, 1.17656038029, 87.1653412715, 0.691678354243, 83.9666297639, 30.8792882282, 1.52807555371, 2.75058530162, 12.424742219, 0.344013357728, 0.116279069767
0.179836319741, 1.23689413141, 89.7947882215, 0.675591897663, 84.2984843263, 44.3002714672, 1.76940933431, 0.698813666155, 2.25429564733, 0.326773993523, 0.352941176471
0.829199433452, 1.2213486409, 94.6505643553, 0.68199373979, 92.5817855414, 9.78932338852, 0.45802193252, 0.608059936172, 4.85177718897, 0.332931995298, 0.3
0.229049470324, 0.88582405082, 90.9991681512, 0.585970338256, 11.130531614, 49.310870492, 0.51915315642, 0.445979398649, 7.75313591577, 0.358754222034, 0.0
0.671220362005, 1.07155717317, 81.2198502041, 0.685314212835, 14.5886803786, 14.8981867557, 1.6821815907, 3.88930249757, 17.4161521316, 0.348814703072, 0.209302325581
0.853592374105, 1.22533928394, 86.942737223, 0.553734921125, 7.54536860534, 7.38572007536, 0.636131614272, 0.0103341873718, 13.6771753708, 0.328449084332, 0.538461538462
0.265915490797, 1.25558211821, 89.7381599346, 0.654560308871, 54.5703146725, 44.5576099487, 1.40529130405, 0.980656806831, 8.42383028224, 0.339983596922, 0.358208955224
0.879694031482, 0.900201153808, 89.330071218, 0.689456693398, 57.0669859821, 24.1694805637, 1.93574572853, 1.46524442137, 15.5775830021, 0.360604380012, 0.0
0.707351382374, 1.23585836466, 92.8374912847, 0.584274276044, 99.7721333993, 20.3344644016, 0.0204086390174, 3.56020620462, 18.4274926238, 0.346531122084, 0.4
0.557303402079, 1.0737950194, 89.1970497836, 0.643669828317, 2.9825572411, 12.6284783818, 1.64294170151, 3.79540511494, 13.5740930031, 0.355990079548, 0.307692307692
