0.411689996071, 1.09271806374, 92.621950298, 0.525751464997, 5.29888914825, 1.34854772164, 0.987081811751, 0.139043229585, 9.0325160818, 0.00492552010654, 0.0
0.45496098683, 1.09271806374, 93.6525704853, 0.525751464997, 16.7211714, 1.34854772164, 0.987081811751, 0.139043229585, 9.0325160818, 0.0108103456404, 0.0
0.127559867714, 1.25385668496, 93.005845748, 0.485871047958, 36.2829907057, 2.36088821989, 1.51043058428, 0.782048422418, 9.26228583774, 0.0126597580663, 0.0
0.130665090506, 0.824035282709, 85.4671314206, 0.409808702677, 95.5591356663, 3.08727109352, 1.76460755093, 3.6177269419, 14.4431256596, 0.0284461629283, 0.0
0.125587805673, 1.25385668496, 93.005845748, 0.485871047958, 36.2829907057, 2.36088821989, 1.76477406988, 0.782048422418, 9.26228583774, 0.015878505747, 0.037037037037
0.229049470324, 0.857769559563, 90.9991681512, 0.585970338256, 92.5817855414, 2.51027761291, 0.51915315642, 0.445979398649, 7.75313591577, 0.0302645471709, 0.0
0.127559867714, 1.25385668496, 93.005845748, 0.485871047958, 36.2829907057, 2.36088821989, 1.51043058428, 0.782048422418, 9.26228583774, 0.0235123813994, 0.135135135135
0.193581394141, 1.07238136387, 91.5587392514, 0.581408460359, 36.1616782189, 7.77298431783, 0.402779839686, 2.80157552438, 19.2274303815, 0.0626084640467, 0.0
0.172217994053, 0.879329683235, 93.9066029523, 0.547339310972, 14.9723539459, 2.48361825998, 0.954644276949, 1.87018954599, 19.9153568457, 0.030425697746, 0.466666666667
0.367604980129, 1.1152749661, 86.9047422734, 0.487704527439, 64.9082905444, 2.04225273398, 0.326718608904, 0.29682098259, 6.3348736417, 0.0409288526969, 0.222222222222
0.359554757378, 0.970995397152, 86.701515598, 0.51829438686, 57.3528049667, 4.55476801092, 1.72057437931, 4.97335362253, 13.9236408728, 0.0630709335961, 0.0
0.484423561453, 0.92294888093, 82.3332639927, 0.642749659751, 59.194598446, 1.2115106091, 1.85648619612, 4.13795230386, 16.6923528276, 0.0623569993844, 0.378787878788
0.377864731927, 0.824035282709, 85.4671314206, 0.560831249911, 95.5591356663, 1.2115106091, 1.76460755093, 3.6177269419, 14.4431256596, 0.0494813917763, 0.446428571429
0.411689996071, 1.09318452375, 92.621950298, 0.525751464997, 5.29888914825, 1.34854772164, 0.987081811751, 0.139043229585, 9.0325160818, 0.0608496941079, 0.428571428571
0.484423561453, 0.888440746942, 82.3332639927, 0.642749659751, 59.194598446, 1.2115106091, 1.85648619612, 4.13795230386, 16.6923528276, 0.0632857123154, 0.329268292683
0.152717943734, 1.0737950194, 89.1970497836, 0.529652206595, 2.9825572411, 8.17214183748, 1.64294170151, 0.531725362757, 13.5740930031, 0.0686017945243, 0.0
0.367604980129, 1.1152749661, 86.9047422734, 0.487704527439, 64.9082905444, 2.04225273398, 0.326718608904, 0.29682098259, 6.3348736417, 0.0532951637605, 0.631578947368
0.428707466518, 0.92294888093, 82.3332639927, 0.642749659751, 42.9198619468, 1.2115106091, 1.85648619612, 4.13795230386, 17.6270075585, 0.0657573846819, 0.41592920354
0.31538383132, 1.25551249215, 88.6278819669, 0.61316335247, 85.4325875168, 4.55476801092, 1.24100703584, 1.58712090646, 7.80815638654, 0.0689731589601, 0.0
0.321142335456, 1.17256223781, 81.1056888907, 0.684718003758, 95.928949405, 4.28599755389, 1.89769269767, 0.464150638582, 13.4739241085, 0.0736511053417, 0.0
0.31538383132, 1.25551249215, 88.6278819669, 0.61316335247, 85.4325875168, 4.55476801092, 1.24100703584, 1.58712090646, 7.80815638654, 0.0692700197971, 0.224489795918
0.172005911764, 1.00184892436, 80.0360748525, 0.651258454984, 11.1837480484, 9.09177050389, 0.666220046612, 1.20417858097, 5.42271732315, 0.0848729858865, 0.0
0.411689996071, 1.09271806374, 92.621950298, 0.525751464997, 5.29888914825, 1.34854772164, 0.987081811751, 0.139043229585, 9.0325160818, 0.071814974492, 0.6
0.377864731927, 0.824035282709, 85.4671314206, 0.409808702677, 95.5591356663, 3.08727109352, 1.76460755093, 3.6177269419, 14.4431256596, 0.0809544524827, 0.447368421053
0.100743897899, 1.00892003668, 90.8423741691, 0.411732718941, 90.5641345511, 11.3132540581, 1.36645210597, 2.98653852742, 16.8837506797, 0.0819805550184, 0.363636363636
0.668517805811, 0.856408247357, 91.4941637108, 0.464606595929, 84.8105577318, 5.49673538613, 0.919930129275, 4.52673005624, 4.36391774441, 0.091648433384, 0.0
0.447307222493, 1.10304333603, 81.6982791528, 0.690824613166, 90.3763850464, 3.30959558505, 1.33165560128, 0.311908339779, 7.37367551794, 0.099559685821, 0.0634920634921
0.19805650389, 0.84511616105, 92.2952577607, 0.563231075152, 81.5770713616, 14.9504984208, 1.63864377356, 4.98640844128, 19.5017472239, 0.107397292299, 0.0
0.377864731927, 0.824035282709, 85.4671314206, 0.409808702677, 95.5591356663, 3.08727109352, 1.76460755093, 3.6177269419, 14.4431256596, 0.0943786553201, 0.350649350649
0.11143807878, 1.00892003668, 90.8423741691, 0.411732718941, 90.5641345511, 14.7606211203, 1.36645210597, 2.98653852742, 16.8837506797, 0.0974308871848, 0.212121212121
0.45496098683, 1.05283718589, 83.0971655423, 0.577871703896, 32.6302065467, 30.3212584272, 0.252609529554, 2.01056272756, 7.91806908647, 0.109959195663, 0.0
0.172005911764, 1.00184892436, 80.0360748525, 0.651258454984, 11.1837480484, 9.09177050389, 0.666220046612, 1.20417858097, 1.84584775115, 0.109350815241, 0.625
0.45496098683, 1.00178944503, 84.0828557123, 0.577871703896, 34.279284802, 30.3212584272, 0.252609529554, 2.01056272756, 7.91806908647, 0.111152688433, 0.0
0.130665090506, 1.09939202328, 83.2882281694, 0.490471493442, 74.4865606551, 26.8221343839, 0.919930129275, 4.87731058836, 1.54281747201, 0.11221942244, 0.0
0.668517805811, 0.856408247357, 91.4941637108, 0.464606595929, 84.8105577318, 5.49673538613, 1.26035187269, 4.52673005624, 4.36391774441, 0.118942452548, 0.0714285714286
0.130665090506, 1.09939202328, 83.2882281694, 0.490471493442, 74.4865606551, 26.8221343839, 0.919930129275, 4.87731058836, 1.54281747201, 0.140789409237, 0.0
0.321142335456, 1.08585679026, 81.1056888907, 0.684718003758, 28.0869078029, 4.28599755389, 1.89769269767, 1.13168270054, 13.4739241085, 0.115154546405, 0.486486486486
0.358621669326, 1.06336516753, 85.8944860058, 0.65045825504, 39.9258700451, 5.7230108858, 1.6096883861, 1.84238566869, 3.50802765489, 0.120867914592, 0.217391304348
0.359554757378, 0.970995397152, 86.701515598, 0.51829438686, 57.3528049667, 4.55476801092, 1.72057437931, 4.97335362253, 13.9236408728, 0.123964985769, 0.104166666667
0.616815134793, 0.827379364384, 83.6039621382, 0.675116734744, 56.4184167241, 6.40674112465, 1.92118480327, 4.44400873529, 15.3515724119, 0.145312380061, 0.0
0.321142335456, 1.08585679026, 81.1056888907, 0.684718003758, 94.1062288528, 4.28599755389, 1.89769269767, 0.464150638582, 13.4739241085, 0.12159204687, 0.396825396825
0.152717943734, 1.02691950394, 88.3052636583, 0.529652206595, 13.0924405228, 11.7761297983, 1.23054020285, 3.6594243222, 17.0973455366, 0.132344556412, 0.261904761905
0.358621669326, 1.21129333186, 85.8944860058, 0.410842876918, 23.1965362279, 12.8923444785, 1.23230545423, 2.23615970754, 3.50802765489, 0.151873835477, 0.0
0.428707466518, 0.92294888093, 82.3332639927, 0.642749659751, 42.9198619468, 3.08727109352, 1.85648619612, 4.13795230386, 12.0183353195, 0.128899657931, 0.464285714286
0.172005911764, 1.00184892436, 80.0360748525, 0.651258454984, 11.1837480484, 9.09177050389, 0.666220046612, 1.20417858097, 5.42271732315, 0.146992866166, 0.333333333333
0.358621669326, 1.06336516753, 85.8944860058, 0.65450630946, 9.89727626403, 12.8923444785, 1.6096883861, 1.84238566869, 3.50802765489, 0.152162076978, 0.142857142857
0.644854825142, 0.84455479243, 86.5029718647, 0.65045825504, 39.9258700451, 5.7230108858, 1.41897989784, 4.76232224885, 15.5559665421, 0.154968192407, 0.0
0.447307222493, 1.10304333603, 93.0044288704, 0.690824613166, 72.0863391973, 7.26681351597, 0.846766350702, 0.311908339779, 7.37367551794, 0.131475619011, 0.5
0.181970409467, 1.00892003668, 92.1272161094, 0.411732718941, 90.5641345511, 11.0543158418, 1.36645210597, 2.98653852742, 16.8837506797, 0.154267800868, 0.354166666667
0.204287472353, 0.838622040922, 91.0521325009, 0.573294173823, 38.0438781749, 41.9576612636, 0.0946606750947, 2.40609327548, 14.2698713511, 0.15953170722, 0.0
0.644854825142, 0.84455479243, 86.5029718647, 0.65045825504, 39.9258700451, 5.7230108858, 1.41897989784, 4.76232224885, 15.5559665421, 0.155121270868, 0.138888888889
0.152717943734, 1.21945426551, 93.9770347694, 0.529652206595, 27.2187227127, 13.2361048172, 0.712481673884, 0.96658722667, 10.2915345578, 0.163772253677, 0.117647058824
0.110158742234, 0.958173827625, 94.0432288716, 0.548204854641, 37.514449277, 47.6494898814, 1.16223201485, 1.1395240659, 4.03852628271, 0.165441337274, 0.03125
0.125587805673, 1.25385668496, 93.005845748, 0.422762746471, 36.2829907057, 28.30446362, 0.451970372788, 0.782048422418, 9.26228583774, 0.177378002343, 0.0
0.250431138779, 1.02691950394, 88.3052636583, 0.614305752617, 13.0924405228, 11.7761297983, 1.23054020285, 3.6594243222, 17.0973455366, 0.159802207263, 0.142857142857
0.172217994053, 0.879329683235, 88.0723528491, 0.676799257359, 65.7288004605, 26.8759217104, 1.57430685265, 1.87018954599, 8.88353755299, 0.182099720676, 0.0645161290323
0.571737064938, 0.956783852547, 82.0256449142, 0.691923142227, 82.4128721163, 40.7911883228, 0.476506846953, 4.66305417706, 17.4308683626, 0.186107994362, 0.0
0.309467548559, 1.02431074982, 90.0667221714, 0.630427732852, 23.1258957398, 11.2054109141, 1.92118480327, 4.44400873529, 2.44604179937, 0.17165681836, 0.5
0.218620679028, 1.03493496992, 90.202801858, 0.676576349838, 4.75701318619, 11.898665751, 1.08736522892, 0.719513225267, 18.1432301351, 0.174815953735, 0.203125
0.110158742234, 0.958173827625, 94.0635848622, 0.548204854641, 37.514449277, 47.6494898814, 1.16223201485, 3.14973682287, 4.03852628271, 0.191856660197, 0.147058823529
0.105012981627, 1.06073723023, 80.7261566115, 0.403850509373, 51.5428901879, 39.415620282, 1.62235673256, 3.44211799178, 19.9153568457, 0.192599025299, 0.0
0.172005911764, 1.00184892436, 80.0360748525, 0.651258454984, 11.1837480484, 9.09177050389, 0.666220046612, 1.20417858097, 2.34841817526, 0.171992178831, 0.619047619048
0.194841802351, 0.99111679906, 81.3079931702, 0.58750284119, 16.1629110326, 43.2049530412, 0.442427573417, 3.70030829314, 1.44289612599, 0.176237540458, 0.285714285714
0.218620679028, 1.03493496992, 90.202801858, 0.514058779922, 4.75701318619, 11.898665751, 1.08736522892, 0.719513225267, 18.1432301351, 0.192623613213, 0.0967741935484
0.656274597271, 1.0019500899, 81.0914337373, 0.676576349838, 93.8251948895, 10.0073706575, 0.139846072865, 0.738434920944, 5.24066001983, 0.193538105593, 0.0
0.424125025424, 0.856408247357, 91.4941637108, 0.660465417988, 84.8105577318, 5.49673538613, 1.26035187269, 4.52673005624, 12.1121205791, 0.191115376096, 0.387096774194
0.205352254111, 1.11670351656, 87.4708497293, 0.608879385857, 44.2311906338, 11.9260379957, 0.0335018374185, 3.8056631013, 4.9671416287, 0.195246770218, 0.304347826087
0.644854825142, 0.84455479243, 86.5029718647, 0.65450630946, 9.89727626403, 7.02286553649, 0.676977088386, 4.76232224885, 15.5559665421, 0.197630649829, 0.235294117647
0.449395387578, 1.11670351656, 87.4708497293, 0.698050054764, 7.54536860534, 11.9260379957, 0.293703400045, 0.0103341873718, 4.9671416287, 0.206789312544, 0.0
0.152717943734, 1.0737950194, 89.1970497836, 0.529652206595, 2.9825572411, 12.6284783818, 1.64294170151, 0.96658722667, 13.5740930031, 0.201339681289, 0.445945945946
0.438427699934, 0.94446650871, 84.3043140199, 0.590268061206, 83.2820232264, 14.2517312207, 0.8820572947, 1.02128478533, 17.6270075585, 0.218357475217, 0.0
0.101211432557, 0.844725450565, 82.1310062745, 0.627889284979, 12.9650498144, 28.9050194534, 1.52750383712, 0.0209473664588, 15.6759016055, 0.207825045542, 0.340425531915
0.211194807884, 0.844725450565, 82.1310062745, 0.627889284979, 12.9650498144, 28.9050194534, 0.846766350702, 0.0209473664588, 15.6759016055, 0.213921465104, 0.25
0.250431138779, 1.02691950394, 88.3052636583, 0.689456693398, 13.0924405228, 11.7761297983, 1.23054020285, 3.6594243222, 17.0973455366, 0.204145145508, 0.558823529412
0.172217994053, 0.879329683235, 93.9066029523, 0.547339310972, 51.8416411143, 26.8759217104, 1.57430685265, 1.87018954599, 8.88353755299, 0.226061880638, 0.217391304348
0.105012981627, 1.06073723023, 80.7261566115, 0.403850509373, 95.6772958915, 39.415620282, 1.62235673256, 3.44211799178, 19.9153568457, 0.229386356028, 0.0
0.218620679028, 1.03493496992, 90.202801858, 0.514058779922, 4.75701318619, 12.1208157293, 1.08736522892, 0.719513225267, 18.1432301351, 0.210378468601, 0.375
0.7999772412, 1.07238136387, 91.5587392514, 0.581408460359, 36.1616782189, 7.77298431783, 0.402779839686, 2.80157552438, 19.2274303815, 0.239543143341, 0.0
0.158537958023, 1.11134934515, 84.0390629601, 0.622422905004, 51.5200138068, 38.2833448758, 1.89021567448, 0.795050111143, 1.70026956294, 0.212100002484, 0.431034482759
0.179836319741, 1.23658210864, 89.7947882215, 0.675591897663, 84.2984843263, 44.3002714672, 1.76940933431, 0.719089338303, 5.29359202069, 0.241471285184, 0.0
0.775516708045, 0.856408247357, 91.4941637108, 0.464606595929, 84.8105577318, 5.49673538613, 1.26035187269, 4.52673005624, 12.1121205791, 0.212906626523, 0.442307692308
0.20437637807, 0.881292281745, 94.5807840442, 0.651076232177, 9.89727626403, 25.7996732783, 1.6096883861, 1.84238566869, 17.1511804963, 0.247252836157, 0.375
0.183986950505, 1.14333335895, 83.5613330006, 0.564195766753, 40.5763020439, 33.0802244894, 0.961306031597, 2.03912183632, 5.61125170007, 0.252355562099, 0.0
0.656274597271, 1.0019500899, 84.6436062789, 0.676576349838, 93.8251948895, 10.0073706575, 0.139846072865, 0.738434920944, 3.90955186214, 0.250090425395, 0.111111111111
0.218620679028, 1.03493496992, 90.202801858, 0.514058779922, 4.75701318619, 12.1208157293, 1.08736522892, 0.719513225267, 18.1432301351, 0.246749583902, 0.392857142857
0.221427887851, 1.17656038029, 87.1653412715, 0.691678354243, 83.9666297639, 30.8792882282, 1.52807555371, 2.75058530162, 3.53286997636, 0.249597084106, 0.270833333333
0.447307222493, 1.10304333603, 93.0044288704, 0.690824613166, 72.0863391973, 6.34106839222, 0.846766350702, 0.311908339779, 4.18979850651, 0.21646224524, 0.5
0.656274597271, 1.0019500899, 80.8540283911, 0.514058779922, 97.1648750564, 10.0073706575, 1.14376001415, 0.738434920944, 5.24066001983, 0.270615582624, 0.0
0.333637541021, 0.956626868724, 87.6197775797, 0.695862156605, 51.2173977098, 19.0343794582, 1.3849884736, 1.19788746984, 11.2410089135, 0.266200804314, 0.0851063829787
0.110158742234, 0.958173827625, 94.0635848622, 0.548204854641, 37.514449277, 47.6494898814, 1.16223201485, 3.92111926752, 4.03852628271, 0.253454235565, 0.25641025641
0.205051343891, 1.07081093984, 86.3996236195, 0.509259642547, 32.6302065467, 26.980788726, 0.732402732217, 1.59388947174, 16.9993175033, 0.247231090791, 0.452830188679
0.64563971551, 0.948282283435, 87.1729681117, 0.67469559521, 2.75401759296, 27.2551634878, 0.760545396821, 1.32493490782, 2.04282651025, 0.249863599584, 0.4
0.205352254111, 1.11670351656, 87.4708497293, 0.608879385857, 44.2311906338, 11.9260379957, 0.169990015362, 3.8056631013, 4.9671416287, 0.240054919361, 0.7
0.45496098683, 1.00178944503, 84.0828557123, 0.577871703896, 79.7657724984, 30.3212584272, 0.252609529554, 2.01056272756, 7.91806908647, 0.270800491586, 0.0
0.109456633337, 0.84511616105, 89.0670792864, 0.563231075152, 17.3370019457, 35.0963447656, 0.939212345788, 4.98640844128, 3.14820625727, 0.262068278661, 0.333333333333
0.19805650389, 0.84511616105, 92.2952577607, 0.563231075152, 81.5770713616, 14.9504984208, 1.91451159645, 4.98640844128, 19.6207416614, 0.255174959743, 0.370967741935
0.250431138779, 1.02691950394, 88.3052636583, 0.627889284979, 13.0924405228, 11.7761297983, 1.23054020285, 3.6594243222, 15.6759016055, 0.249994758485, 0.447058823529
0.27401682011, 1.19936307879, 94.8860462795, 0.594262435195, 90.3742009459, 27.5009820483, 1.39399579232, 0.783186157577, 5.51661903928, 0.275872104189, 0.0
0.447307222493, 1.10304333603, 93.0044288704, 0.690824613166, 72.0863391973, 7.26681351597, 1.52750383712, 0.311908339779, 7.37367551794, 0.252175268973, 0.5
0.19805650389, 0.84511616105, 92.2952577607, 0.563231075152, 81.5770713616, 14.9504984208, 1.63864377356, 4.98640844128, 19.5017472239, 0.272085346527, 0.480519480519
