0.136848360084, 0.994667645732, 2.10067053902, 0.922435281493, 97.830569743, 3.64407602614, 0.766310029573, 3.56882288307, 18.5191997341, 0.0, 0.0
0.114443019212, 1.01264079746, 5.24580880978, 0.892401414128, 86.2122607473, 1.49753109009, 1.98239434004, 3.48053291921, 19.5425648752, 0.0072475096362, 0.0
0.164992756576, 0.918501696808, 7.42625778805, 0.81627028596, 86.7456653756, 1.73359839449, 0.621915564259, 1.94110397326, 13.1053595814, 0.00760271652181, 0.0
0.160359195668, 1.03437541015, 5.26773338515, 0.942370318159, 89.1533623118, 1.69569960681, 1.93517993568, 2.85603089019, 11.7372524151, 0.00877808982564, 0.0
0.197223013945, 1.04653793283, 7.98483329287, 0.829168019209, 93.7657537653, 2.38684778459, 0.929741942938, 0.0578188466265, 11.8990822967, 0.0115999838671, 0.0
0.122504355295, 1.11796597181, 2.35141380769, 0.624461179801, 88.2046070505, 2.00337215137, 1.35575521125, 2.48804649859, 10.3203218621, 0.0124253839428, 0.0
0.162865281505, 0.977949376463, 6.09778764631, 0.712281617852, 98.6390840436, 3.36663138464, 0.283601660723, 3.28397033976, 10.7577719827, 0.0145296072576, 0.0
0.101952114421, 0.840883081792, 2.13592410827, 0.722660502841, 90.5706885596, 1.38406944034, 0.213106429961, 1.49123887473, 19.9621323372, 0.0125159026953, 0.5
0.137503962079, 1.01264079746, 4.74060130665, 0.916005997013, 86.2122607473, 1.49753109009, 1.98239434004, 1.30698490009, 19.5425648752, 0.0146231587258, 0.243243243243
0.164992756576, 1.24477107156, 2.43353796112, 0.941075715114, 93.805197343, 3.06741365818, 0.0722901966953, 0.0643174063247, 15.0532420808, 0.0149054791562, 0.0
0.124865990146, 0.912485741983, 5.76968439944, 0.735360920841, 82.2117889985, 3.41847995934, 1.24174275704, 2.57981093925, 14.2956390708, 0.0159844851155, 0.0
0.140614323573, 0.879847820103, 2.02243373952, 0.886840793019, 88.6050380836, 4.03176190634, 1.19886286426, 3.36614544908, 19.5509973992, 0.0164226916132, 0.0
0.127930135666, 0.917048416981, 6.08302020007, 0.625007683335, 88.1823695124, 1.54475475177, 1.22076434923, 2.28188427689, 19.423462933, 0.0160552177619, 0.0810810810811
0.141635449612, 1.12330721731, 2.99133897428, 0.924890256737, 84.1936729973, 2.26265533495, 1.66767557139, 4.76348900582, 11.0770680427, 0.0187600683353, 0.0
0.120227055068, 0.904759723663, 4.27580349369, 0.775787549874, 81.7135890962, 3.09493907196, 0.595128829888, 0.740934951796, 12.8452671521, 0.0177862288073, 0.1
0.197079756355, 0.872071080049, 2.80370965148, 0.617874524613, 87.8268957548, 1.68723808492, 0.0900945405407, 2.91259733887, 19.423462933, 0.0189954409492, 0.0
0.14017043067, 1.13657340442, 7.47724759828, 0.85807321538, 99.7203450273, 1.54458175103, 1.64880763118, 0.424701060911, 16.9425900323, 0.0171946086792, 0.304347826087
0.140614323573, 1.14862462074, 2.02243373952, 0.799813315515, 83.0306002034, 4.71675432279, 1.19886286426, 1.78973270053, 18.3767493492, 0.0212205118246, 0.0
0.160359195668, 1.03437541015, 5.47341230396, 0.784350382362, 89.1533623118, 1.69569960681, 1.82898921187, 2.85603089019, 11.7372524151, 0.020467554223, 0.0634920634921
0.111049231299, 1.18840393423, 7.73989162141, 0.626355876017, 91.0052571767, 3.52982928507, 0.0579224326486, 0.650997521661, 16.350400203, 0.021260682606, 0.0
0.10850797756, 0.946838278782, 5.61477558083, 0.83609505318, 84.0898050324, 8.36897793292, 0.826153412828, 0.323999864798, 10.918843163, 0.0215492485354, 0.0
0.155755646154, 1.14670870601, 2.53030818742, 0.830014034046, 99.0732079373, 1.61612996216, 1.428812887, 1.70057494604, 15.0223197626, 0.0198605922432, 0.27027027027
0.112757069824, 1.10073670171, 3.71987900891, 0.949472180223, 82.3420210391, 6.72063681402, 0.677118968778, 1.4887632466, 18.9741843958, 0.0219169192131, 0.0
0.199696760003, 1.02560696962, 6.17079449416, 0.716138349129, 90.35008859, 1.13213632454, 1.49616776732, 1.43056257199, 14.8106180237, 0.020258156852, 0.482352941176
0.198142290931, 0.85029908166, 5.43934034929, 0.662787380803, 80.2670556271, 3.12342500896, 1.8736800774, 3.93198933207, 19.6901445311, 0.024954557198, 0.0
0.155755646154, 1.14670870601, 2.20890180947, 0.830014034046, 99.0732079373, 1.61612996216, 1.428812887, 1.70057494604, 15.0223197626, 0.021025525115, 0.368852459016
0.199696760003, 1.02560696962, 6.54368186713, 0.716138349129, 90.35008859, 1.01540662867, 1.49616776732, 1.43056257199, 14.8106180237, 0.0211242348668, 0.444444444444
0.113578975607, 1.01750080039, 2.92573542557, 0.921950240177, 87.6287072212, 5.59918089118, 1.91762865908, 3.49403865832, 17.8006773597, 0.024969266171, 0.0
0.14017043067, 1.13657340442, 4.66550422493, 0.85807321538, 99.7203450273, 1.54458175103, 1.64880763118, 0.424701060911, 16.9425900323, 0.0216105657722, 0.157894736842
0.114417451388, 1.09731424523, 7.88275231316, 0.689694954284, 86.1500702121, 6.11546404619, 0.516778074882, 4.03140923223, 15.2446095766, 0.0251522885625, 0.0
0.100331661951, 0.985698758251, 5.29413398676, 0.792068276545, 89.9805094781, 2.06058025704, 1.43917816162, 3.20384582355, 12.3374850608, 0.0215468170449, 0.351351351351
0.153619898294, 0.995492874393, 7.32841393596, 0.690230173373, 91.7193312005, 2.22068737436, 1.37527176399, 4.14575569412, 17.7559957103, 0.0238053589316, 0.129032258065
0.163156561134, 0.917493304266, 5.51555647269, 0.855919233366, 83.8064909206, 5.69122509989, 1.82633250636, 3.47871192833, 18.6531165359, 0.0253041580968, 0.0
0.131283829115, 1.01750080039, 2.92573542557, 0.921950240177, 87.6287072212, 5.59918089118, 1.91762865908, 3.49403865832, 17.8006773597, 0.0256545081058, 0.0
0.100398596306, 0.893091785302, 7.53127311699, 0.704742938399, 93.4034709646, 3.46159813328, 1.7515854819, 2.0863746747, 16.4625801674, 0.0243696168276, 0.181818181818
0.113008463795, 0.850703736206, 7.29721182156, 0.793783210932, 88.6133431789, 5.17604274137, 0.868369832989, 2.6811771397, 11.0208406806, 0.0270645599113, 0.0
0.114931362922, 1.11111822276, 6.82192608838, 0.830532677835, 98.6162102607, 8.3042798583, 1.71970050229, 3.19865906133, 18.5210799229, 0.0298721252927, 0.0
0.104603730785, 1.09957393255, 3.68964006434, 0.85192954857, 91.9495066664, 8.3042798583, 0.264279406827, 2.09380183018, 11.1402200204, 0.0298895149238, 0.0
0.180770427368, 1.18206493013, 5.89212868879, 0.83060336609, 88.677154024, 6.92346003959, 0.35745292753, 2.48804649859, 12.2529358142, 0.0325982269176, 0.0
0.133766231746, 1.09813789533, 4.71082798321, 0.857026798064, 87.4669496629, 6.39218536625, 0.93906565859, 1.62660343184, 10.1709805184, 0.0349057011955, 0.0
0.163563662287, 1.19250411872, 6.18490708771, 0.79194081644, 98.6050603216, 2.51620431744, 1.72921174178, 0.573664036593, 12.7795071964, 0.0313764682635, 0.0909090909091
0.121004882219, 1.03679825225, 3.84071586251, 0.734489174662, 81.7434018691, 6.36038200165, 0.839488087958, 2.44074698866, 13.8060695764, 0.0401218985787, 0.0
0.124516203134, 1.24810764287, 4.71850922146, 0.720759769682, 88.5157341837, 3.1105532766, 0.697336546234, 4.52511007116, 14.5943683031, 0.0263183651633, 0.181818181818
0.151422401726, 1.13238122049, 2.49872692111, 0.781288786739, 99.0997577645, 5.35496554783, 1.69997867078, 4.57294665388, 15.7136429446, 0.0416711346316, 0.0217391304348
0.155789517931, 1.0753044393, 3.45870893083, 0.807005212324, 93.2051299004, 9.25480764438, 0.872957378756, 0.863264106822, 19.2742638656, 0.0475128111286, 0.0
0.128859504502, 0.999387364854, 6.82192608838, 0.830532677835, 98.6162102607, 8.71051858, 1.71970050229, 3.19865906133, 18.5210799229, 0.0479606369462, 0.0
0.176275907318, 0.926963626288, 3.23939292599, 0.783784255844, 82.1616656766, 2.40839618826, 0.874140857321, 4.66235977826, 10.7858836241, 0.0308984744896, 0.133333333333
0.186456038526, 1.0932116661, 2.20647457966, 0.734124601484, 80.0561200511, 5.97841298098, 1.18911348818, 1.64653068752, 19.0496721564, 0.0474104442821, 0.0434782608696
0.143150297505, 0.91734778607, 5.1496377798, 0.675468018792, 92.8250664098, 6.97053004672, 0.277398304001, 2.01292029547, 18.5712789664, 0.0486035263939, 0.0
0.144663974979, 1.0231721982, 6.2538315564, 0.907245101485, 80.4632451615, 9.88823386698, 1.1605862717, 2.5152395605, 15.3141212347, 0.0490759927113, 0.0
0.100331661951, 0.985698758251, 5.29413398676, 0.792068276545, 95.6514735486, 2.06058025704, 1.43917816162, 3.20384582355, 12.3374850608, 0.0265703080839, 0.372549019608
0.122911832779, 0.94454999531, 6.35536944542, 0.948251328047, 87.6678677016, 8.24864356138, 0.299577626451, 2.0984128616, 11.1015893728, 0.0512321554327, 0.0
0.165884617101, 1.08599045009, 2.58548458843, 0.715369558182, 83.6398545286, 7.76276919251, 1.41400834619, 4.96567464627, 13.6771130831, 0.0531349624615, 0.0
0.133766231746, 1.09813789533, 4.71082798321, 0.857026798064, 87.4669496629, 6.39218536625, 0.93906565859, 1.62660343184, 14.8077425335, 0.0305909116153, 0.25
0.144663350601, 0.918501696808, 7.42625778805, 0.752330635837, 86.7456653756, 1.73359839449, 0.762575848567, 1.94110397326, 12.2374905783, 0.0269595874395, 0.588235294118
0.121004882219, 1.03679825225, 3.84071586251, 0.609342687465, 81.7434018691, 6.36038200165, 0.839488087958, 2.44074698866, 13.8060695764, 0.0552917877769, 0.0
0.152373238838, 0.995401982281, 3.8153972062, 0.654581359144, 94.3889484712, 1.48860353306, 0.965094958572, 1.13184071694, 15.2791680948, 0.0280359223616, 0.428571428571
0.105780497258, 0.826841730757, 4.58506223312, 0.89041132296, 95.6606619137, 5.03572980293, 0.914104898038, 2.57149225152, 17.8307292561, 0.0439380975334, 0.1
0.171231469208, 0.86921897435, 7.52877182535, 0.722785782077, 95.4038457186, 5.54279314917, 1.90660529542, 3.23265618359, 10.1709805184, 0.0564437077145, 0.0
0.109130083863, 1.18100585987, 6.04077064687, 0.72529274184, 93.6428883857, 6.40647000797, 1.17752080304, 1.09453618966, 15.9019462302, 0.0445456584293, 0.116666666667
0.124516203134, 1.24810764287, 4.71850922146, 0.720759769682, 88.5157341837, 3.1105532766, 0.697336546234, 4.52511007116, 14.5943683031, 0.0282939441092, 0.5
0.108345347765, 0.982101059323, 3.92725748313, 0.693411297019, 93.5020055856, 9.17138256253, 1.35285003296, 1.7580873361, 15.5077943199, 0.0655310805578, 0.0
0.120227055068, 0.904759723663, 4.27580349369, 0.775787549874, 94.3963360813, 3.09493907196, 0.595128829888, 0.740934951796, 12.8452671521, 0.0340517720396, 0.24
0.138155242984, 0.879847820103, 6.02024350284, 0.886840793019, 88.6050380836, 4.03176190634, 0.82213563441, 3.73766875047, 19.5509973992, 0.0463897080759, 0.125
0.185308527369, 1.08094624821, 3.28901332887, 0.865077828062, 84.1357768253, 8.50806261836, 0.421526835102, 1.81282799719, 10.7226120681, 0.0680375386317, 0.0
0.109231727651, 1.12389196229, 3.75010061983, 0.800198870331, 87.8817026356, 6.46342854666, 0.343542139948, 2.78459681728, 12.7569952823, 0.0488709126933, 0.0909090909091
0.120978791782, 1.07362657124, 3.6493401122, 0.752324708101, 98.2901406913, 8.87022441, 1.57986128168, 1.28914186898, 13.1847579176, 0.0574372431173, 0.0322580645161
0.117936953696, 0.967472162833, 4.48465718074, 0.839622029328, 94.3963360813, 4.81442906538, 1.72203135624, 1.93954315601, 10.4131480167, 0.0377313628939, 0.186046511628
0.141155414382, 1.03227173486, 6.77070686498, 0.624782636665, 86.3004447931, 5.64761469493, 1.99196508533, 1.16581341352, 11.6581597316, 0.0366596871774, 0.21875
0.122911832779, 0.94454999531, 6.35536944542, 0.948251328047, 87.6678677016, 9.30637967217, 0.299577626451, 2.0984128616, 11.1015893728, 0.0716809407194, 0.0
0.163563662287, 1.19250411872, 6.18490708771, 0.79194081644, 98.020793286, 2.51620431744, 1.72921174178, 0.573664036593, 12.7795071964, 0.043632849592, 0.178571428571
0.180770427368, 1.18206493013, 5.89212868879, 0.83060336609, 88.677154024, 6.92346003959, 0.35745292753, 1.844238544, 12.2529358142, 0.0793447313621, 0.0
0.114347992277, 1.23396882321, 4.87359469871, 0.927737638391, 89.9805094781, 3.88655430169, 1.13964800291, 4.2211353934, 17.66121259, 0.0375268219891, 0.239130434783
0.199582183004, 1.13943366572, 5.69446573438, 0.837161067749, 86.5815809664, 4.45623716665, 0.445694639074, 0.905484561394, 18.3898941461, 0.0849453977205, 0.0
0.134329883334, 0.935186808999, 5.56126035097, 0.673490599372, 98.9973470944, 8.48466238157, 0.570863042081, 3.32086382546, 12.8062828073, 0.0337469612569, 0.285714285714
0.179075021507, 0.889203730737, 7.66929198416, 0.728912699151, 84.9985838429, 9.69414905903, 0.589111972553, 3.41236893726, 17.7717455719, 0.0871103810917, 0.0
0.123201136403, 1.14530864727, 4.61544745824, 0.914238237146, 87.3084032127, 5.71784862682, 1.57986128168, 0.206274685074, 16.3115435004, 0.0485015556918, 0.117647058824
0.183312642969, 1.22098290523, 4.76104035622, 0.665110933111, 98.4560221863, 8.37926540783, 1.4424040469, 1.36428638395, 13.9836818564, 0.0698637079535, 0.0344827586207
0.179075021507, 0.889203730737, 7.66929198416, 0.728912699151, 84.9985838429, 9.69414905903, 0.475222371007, 3.41236893726, 17.7717455719, 0.15899409986, 0.0
0.175692012027, 1.01921956258, 5.47323540799, 0.912100785548, 86.951236151, 9.07663416661, 1.17752080304, 0.927436541771, 19.5473779229, 0.0881570401038, 0.013698630137
0.195416314294, 0.968847680772, 2.84527549418, 0.804754536003, 93.7815484778, 9.61461794227, 0.179695690438, 4.55294667587, 14.3897509109, 0.165254834532, 0.0294117647059
0.153619898294, 0.995492874393, 7.32841393596, 0.690230173373, 91.7193312005, 2.22068737436, 1.37527176399, 1.48872935989, 15.9772311705, 0.0314818441517, 0.484375
0.130718360432, 1.05959905891, 3.97360958068, 0.744327080063, 88.6080706732, 3.70856292984, 1.18029476999, 2.36509268686, 14.1938685802, 0.0419773947329, 0.220588235294
0.127930135666, 0.917048416981, 6.08302020007, 0.625007683335, 88.1823695124, 1.54475475177, 1.22076434923, 2.28188427689, 17.94418131, 0.0317687373032, 0.5
0.156539866101, 0.842803504865, 4.66550422493, 0.756987525006, 98.9082726665, 4.92867809957, 0.298562448943, 0.6354112208, 13.3247321131, 0.0424274363574, 0.222222222222
0.18466913329, 0.871095563593, 2.13612715619, 0.814502303433, 94.5838560332, 7.49099586111, 0.914443241181, 1.30698490009, 19.0099863852, 0.0443861538006, 0.2
0.184627672729, 0.8402121497, 5.43242414353, 0.825600857894, 96.2793261123, 6.51488832388, 1.97208090019, 0.7371473573, 17.218695029, 0.0757996949542, 0.0652173913043
0.120642784426, 0.824995855723, 7.69560900536, 0.744100468667, 89.7448559619, 8.27481001234, 0.168978504429, 3.12401769592, 16.5895731533, 0.0777897420014, 0.0666666666667
0.151970309857, 1.03587631157, 7.52946850166, 0.827222132335, 93.2308943183, 1.98926854774, 1.56133283217, 4.1999775042, 19.4246687473, 0.0355659418266, 0.366197183099
0.143150297505, 0.91734778607, 5.1496377798, 0.675468018792, 92.8250664098, 6.97053004672, 0.277398304001, 2.01292029547, 18.5788462375, 0.0399973171545, 0.272727272727
0.138790470401, 1.16422152293, 5.9600812422, 0.666307500727, 93.3502118605, 8.58089171464, 1.49078362406, 0.395736237876, 10.4469272993, 0.101606801349, 0.0727272727273
0.197223013945, 1.04653793283, 7.98483329287, 0.829168019209, 93.7657537653, 2.38684778459, 0.929741942938, 0.0578188466265, 11.8990822967, 0.0393363976242, 0.354838709677
0.196899295169, 1.11142837477, 2.51662302974, 0.759766955242, 81.8103818217, 2.73958729327, 0.758091212266, 3.86862444694, 14.7379497491, 0.0371468724519, 0.4375
0.128113540667, 1.1665951412, 7.55733021329, 0.929745333141, 83.5403586809, 3.63439716668, 0.177204723495, 1.54740204996, 15.050494768, 0.03507652575, 0.535714285714
0.156539866101, 0.842803504865, 7.47724759828, 0.756987525006, 98.9082726665, 4.92867809957, 0.298562448943, 0.6354112208, 13.3247321131, 0.0687854706251, 0.1
0.104603730785, 1.09957393255, 3.68964006434, 0.85192954857, 91.9495066664, 8.71051858, 0.264279406827, 2.09380183018, 11.1402200204, 0.0646585448654, 0.12
0.161277360378, 1.08190367672, 5.47323540799, 0.912100785548, 86.951236151, 9.07663416661, 1.17977600113, 0.927436541771, 19.5473779229, 0.0701765380389, 0.102564102564
0.170648629093, 0.840883081792, 2.13592410827, 0.722660502841, 90.5706885596, 1.38406944034, 0.213106429961, 1.49123887473, 19.9621323372, 0.039770377034, 0.4
0.101453019875, 0.918963051497, 5.17400574237, 0.601676473965, 83.1034719427, 3.42450900475, 1.34456586791, 1.58070992642, 16.6006353356, 0.0368493886379, 0.551724137931
0.176275907318, 0.926963626288, 6.23716991831, 0.783784255844, 82.1616656766, 2.40839618826, 0.874140857321, 4.66235977826, 15.0195526951, 0.0430277043696, 0.272727272727
