0.136848360084, 0.994667645732, 2.10067053902, 0.922435281493, 97.830569743, 3.64407602614, 0.766310029573, 3.56882288307, 18.5191997341, 0.0, 0.0
0.104603730785, 1.09957393255, 2.20890180947, 0.85192954857, 91.9495066664, 8.3042798583, 0.264279406827, 2.09380183018, 11.1402200204, 0.0, 0.0
0.111067419404, 1.14373710214, 2.10067053902, 0.844626846111, 90.5706885596, 1.49753109009, 0.839488087958, 3.56882288307, 19.2843841893, 0.00152353696441, 0.0
0.101952114421, 0.924574588952, 7.65430255638, 0.844626846111, 87.6287072212, 1.01540662867, 0.692548877317, 2.14620486354, 13.079081207, 0.00195054546364, 0.0
0.101952114421, 0.924574588952, 7.65430255638, 0.932071175875, 87.6287072212, 1.01540662867, 0.692548877317, 2.14620486354, 13.079081207, 0.0022015984291, 0.0
0.105780497258, 0.986378186178, 4.58506223312, 0.816959478147, 95.6606619137, 1.48860353306, 0.914104898038, 2.57149225152, 17.8307292561, 0.00226157621533, 0.0
0.111067419404, 0.822974305837, 2.10067053902, 0.844626846111, 90.5706885596, 1.49753109009, 0.839488087958, 3.56882288307, 19.2843841893, 0.00243846964306, 0.0
0.101952114421, 0.840883081792, 2.13592410827, 0.722660502841, 90.5706885596, 1.38406944034, 0.213106429961, 2.91259733887, 16.8336982497, 0.00257756289911, 0.0
0.12028454551, 1.14373710214, 7.88275231316, 0.689694954284, 96.7438810643, 1.54458175103, 0.516778074882, 4.03140923223, 17.3644415945, 0.00260963289546, 0.0
0.111067419404, 0.826921524848, 2.10067053902, 0.844626846111, 90.5706885596, 1.49753109009, 0.839488087958, 3.56882288307, 18.5115925597, 0.00268992499144, 0.0
0.108337952119, 1.02560696962, 6.54368186713, 0.765947261465, 81.5601660536, 1.00261813459, 1.46009555838, 1.94110397326, 12.3374850608, 0.00294803052252, 0.0333333333333
0.105780497258, 0.986378186178, 4.58506223312, 0.835731736132, 95.6606619137, 1.48860353306, 0.914104898038, 2.57149225152, 14.7506477258, 0.0029574655004, 0.0
0.101952114421, 0.840883081792, 2.10067053902, 0.923910940389, 93.1546344317, 1.08727897095, 0.213106429961, 0.253826544655, 10.7577719827, 0.00299527602763, 0.0
0.111067419404, 1.03679825225, 2.04721370063, 0.922435281493, 99.031490015, 1.49753109009, 0.103925894068, 3.56882288307, 18.5191997341, 0.00305676587289, 0.0
0.114443019212, 1.19250411872, 4.43596298396, 0.892401414128, 86.2122607473, 1.49753109009, 0.213106429961, 3.48053291921, 10.7577719827, 0.0031639945809, 0.0
0.105780497258, 1.0034766007, 7.12935004051, 0.722660502841, 81.5601660536, 1.38406944034, 0.213106429961, 1.49123887473, 19.9621323372, 0.00345178367382, 0.0
0.111067419404, 0.822974305837, 2.10067053902, 0.83609505318, 97.6706923172, 1.91378599008, 0.839488087958, 3.56882288307, 19.2843841893, 0.00344797397327, 0.142857142857
0.101952114421, 0.848220758466, 2.13592410827, 0.722660502841, 90.5706885596, 1.38406944034, 0.213106429961, 2.91259733887, 16.8336982497, 0.00346805298117, 0.0
0.105229538341, 0.930777406526, 2.04721370063, 0.922435281493, 98.8450351614, 1.49753109009, 0.103925894068, 3.56882288307, 18.5191997341, 0.00348058237923, 0.0
0.101952114421, 0.826921524848, 2.13592410827, 0.779000326634, 90.5706885596, 1.04246162665, 1.98239434004, 2.57149225152, 18.7270458173, 0.00353751032997, 0.0
0.170648629093, 0.855930898311, 7.12935004051, 0.722660502841, 90.5706885596, 1.38406944034, 0.213106429961, 1.49123887473, 10.1790150353, 0.00371600683567, 0.0
0.101952114421, 1.02560696962, 7.65430255638, 0.93460003404, 87.6287072212, 1.01540662867, 1.01150459004, 2.14620486354, 13.079081207, 0.00376549531491, 0.0
0.101952114421, 0.848220758466, 2.13592410827, 0.62088190016, 90.5706885596, 1.38406944034, 0.213106429961, 2.91259733887, 18.0655677037, 0.00373436420676, 0.235294117647
0.133632093637, 1.17212174508, 4.50755383288, 0.922435281493, 86.1500702121, 1.06058634853, 0.0854313198612, 4.79977825704, 18.5191997341, 0.0039315567812, 0.0
0.144663350601, 0.918501696808, 4.3201518437, 0.752330635837, 86.7456653756, 1.73359839449, 0.106026420683, 1.94110397326, 18.0302512864, 0.00395418519285, 0.0
0.105780497258, 0.986378186178, 4.58506223312, 0.764809570607, 98.2281917733, 1.54458175103, 0.914104898038, 2.57149225152, 17.8307292561, 0.00403555050091, 0.0
0.118519062163, 1.02560696962, 6.54368186713, 0.712281617852, 81.5601660536, 1.01540662867, 1.46009555838, 3.49403865832, 12.3374850608, 0.00409368237868, 0.0
0.118519062163, 1.02560696962, 6.54368186713, 0.716138349129, 95.6980136191, 1.00305906631, 1.46009555838, 3.49403865832, 12.3374850608, 0.00410953771176, 0.0
0.144663350601, 1.02560696962, 7.42625778805, 0.752330635837, 87.6287072212, 1.73359839449, 0.106026420683, 2.14620486354, 18.0302512864, 0.00416740305213, 0.0
0.101952114421, 0.840883081792, 4.64299465444, 0.722660502841, 90.5706885596, 1.38406944034, 0.213106429961, 0.640242189599, 10.0374126185, 0.00420039776525, 0.0
0.133632093637, 1.17212174508, 4.50755383288, 0.922435281493, 86.1500702121, 1.49753109009, 0.103925894068, 4.47113338165, 18.5191997341, 0.00432060039258, 0.0
0.100006800719, 0.822606731966, 5.24580880978, 0.892401414128, 86.2122607473, 1.49753109009, 0.628347724994, 2.91259733887, 18.5191997341, 0.00433877149606, 0.0
0.101952114421, 0.840883081792, 2.13592410827, 0.722660502841, 90.5706885596, 1.38406944034, 0.213106429961, 1.49123887473, 10.7577719827, 0.00424871527171, 0.363636363636
0.101952114421, 1.03002144583, 7.65430255638, 0.932071175875, 87.6287072212, 1.01540662867, 0.839488087958, 2.14620486354, 12.4047083461, 0.00438415838204, 0.0
0.101952114421, 0.840883081792, 2.08312300478, 0.722660502841, 90.5706885596, 1.49753109009, 0.213106429961, 2.91259733887, 16.8336982497, 0.00441841135725, 0.0
0.107522433165, 0.987852017065, 2.10067053902, 0.83609505318, 93.9233328525, 1.49753109009, 0.839488087958, 3.56882288307, 19.5013504074, 0.00450597782564, 0.0
0.10300942498, 0.946838278782, 5.61477558083, 0.83609505318, 84.0898050324, 1.54458175103, 0.826153412828, 0.323999864798, 10.918843163, 0.00454039053135, 0.0
0.105780497258, 0.986378186178, 4.50755383288, 0.764809570607, 95.6606619137, 1.01568821375, 0.914104898038, 3.56882288307, 17.8307292561, 0.00447631394219, 0.461538461538
0.111067419404, 0.826921524848, 2.10067053902, 0.844626846111, 90.5706885596, 1.49753109009, 0.839488087958, 3.56882288307, 19.2843841893, 0.00469859581516, 0.0
0.114417451388, 1.14373710214, 7.88275231316, 0.603132799423, 95.6606619137, 1.54458175103, 0.914104898038, 4.03140923223, 17.3644415945, 0.00471344000618, 0.0
0.10300942498, 1.13811507611, 5.28087125528, 0.83609505318, 84.0898050324, 1.01540662867, 1.25938866258, 1.60998142323, 10.918843163, 0.00479413035079, 0.0
0.111067419404, 0.822974305837, 2.10067053902, 0.844626846111, 97.6706923172, 1.49753109009, 0.839488087958, 3.56882288307, 19.2843841893, 0.0048021318718, 0.0
0.10300942498, 0.946838278782, 5.28087125528, 0.83609505318, 84.0898050324, 1.54458175103, 0.826153412828, 1.60998142323, 10.918843163, 0.00472696673579, 0.142857142857
0.105780497258, 0.986378186178, 4.58506223312, 0.764809570607, 95.6606619137, 1.29758891692, 0.914104898038, 2.57149225152, 17.8307292561, 0.00483399033547, 0.0
0.10300942498, 1.03679825225, 4.50755383288, 0.922435281493, 98.8450351614, 1.49753109009, 0.103925894068, 3.56882288307, 18.5191997341, 0.00485307330647, 0.0
0.111067419404, 1.14373710214, 2.01034709681, 0.775353918496, 86.1500702121, 1.54458175103, 0.516778074882, 2.45589915345, 17.3644415945, 0.00491721278126, 0.0
0.105780497258, 0.986378186178, 6.54368186713, 0.764809570607, 97.6225361063, 1.48860353306, 0.914104898038, 2.57149225152, 17.8307292561, 0.00495525426114, 0.0
0.101952114421, 1.00407508043, 2.13592410827, 0.923910940389, 90.5706885596, 1.38406944034, 0.213106429961, 3.48053291921, 19.5425648752, 0.00485632069382, 0.181818181818
0.101952114421, 0.840883081792, 2.13592410827, 0.722660502841, 90.5706885596, 1.38406944034, 0.213106429961, 2.91259733887, 16.8336982497, 0.00496066970673, 0.0
0.111067419404, 0.826921524848, 2.10067053902, 0.844626846111, 90.5706885596, 1.49753109009, 0.839488087958, 3.56882288307, 18.5115925597, 0.00496701680576, 0.0
0.111067419404, 1.19250411872, 6.35886234525, 0.79194081644, 88.2046070505, 1.33938651468, 1.97236855494, 3.45428143101, 13.9625712885, 0.0050618068429, 0.0
0.114417451388, 1.14373710214, 7.88275231316, 0.689694954284, 86.1500702121, 1.54458175103, 0.516778074882, 4.03140923223, 17.3644415945, 0.00500331235281, 0.0909090909091
0.101952114421, 0.970745064545, 2.13592410827, 0.844626846111, 90.5706885596, 1.38406944034, 0.966214975766, 1.49123887473, 19.9792300479, 0.00506466329598, 0.0
0.141323562524, 1.02560696962, 6.54368186713, 0.716138349129, 95.6980136191, 1.01540662867, 1.46009555838, 3.49403865832, 12.3374850608, 0.00512670625435, 0.0
0.111067419404, 1.13657340442, 4.66550422493, 0.85807321538, 99.7203450273, 1.54458175103, 0.839488087958, 0.424701060911, 16.9425900323, 0.00515945756207, 0.0
0.101952114421, 0.82479266196, 2.13592410827, 0.923910940389, 90.5706885596, 1.38406944034, 0.213106429961, 3.48053291921, 19.5425648752, 0.0052870891205, 0.0
0.101952114421, 1.02560696962, 7.65430255638, 0.932071175875, 87.6287072212, 1.01540662867, 0.692548877317, 2.14620486354, 13.079081207, 0.00529907351319, 0.0
0.144663350601, 0.918501696808, 7.42625778805, 0.752330635837, 86.7456653756, 1.73359839449, 0.106026420683, 1.94110397326, 18.0302512864, 0.00530642289546, 0.0
0.135868640126, 1.13657340442, 6.54368186713, 0.674189984674, 81.5601660536, 1.00203782041, 1.46009555838, 3.49403865832, 10.7577719827, 0.00535018306769, 0.0
0.101952114421, 0.82479266196, 2.13592410827, 0.923910940389, 90.5706885596, 1.38406944034, 0.213106429961, 3.48053291921, 19.5425648752, 0.00518173535428, 0.3
0.143888650161, 1.19250411872, 6.54376534513, 0.79194081644, 88.2046070505, 1.46453291762, 1.72921174178, 2.83285456945, 13.9625712885, 0.00535130399371, 0.0
0.100600430189, 0.820395331125, 2.13592410827, 0.922435281493, 90.5706885596, 1.38406944034, 0.213106429961, 1.49123887473, 18.9426925706, 0.00540382101394, 0.0
0.114417451388, 1.22525871175, 2.01034709681, 0.689694954284, 86.1500702121, 1.54458175103, 0.516778074882, 2.45589915345, 17.3644415945, 0.00544281060212, 0.0
0.114417451388, 1.14373710214, 7.88275231316, 0.689694954284, 86.1500702121, 1.38406944034, 0.516778074882, 3.28247977307, 14.8494742175, 0.00550228240072, 0.0
0.107522433165, 0.987852017065, 2.10067053902, 0.83609505318, 95.037132715, 1.49753109009, 0.839488087958, 3.56882288307, 19.5013504074, 0.00551028596754, 0.0
0.10300942498, 0.946838278782, 4.64299465444, 0.691519120433, 80.2999761164, 1.37568159564, 0.826153412828, 0.323999864798, 12.7795071964, 0.00551374751798, 0.0
0.101952114421, 0.970745064545, 2.13592410827, 0.844626846111, 90.5706885596, 1.38406944034, 0.966214975766, 1.49123887473, 19.9792300479, 0.00556793715141, 0.0
0.111067419404, 1.19250411872, 6.35886234525, 0.79194081644, 88.2046070505, 1.33938651468, 1.72921174178, 2.48804649859, 13.9625712885, 0.0056174001509, 0.0
0.101978031128, 1.14373710214, 7.88275231316, 0.689694954284, 86.1500702121, 1.54458175103, 0.516778074882, 4.03140923223, 18.6675346929, 0.0054943960314, 0.416666666667
0.114443019212, 1.01264079746, 4.43596298396, 0.892401414128, 86.2122607473, 1.49753109009, 0.213106429961, 3.48053291921, 10.7577719827, 0.00552569324874, 0.111111111111
0.105780497258, 0.986378186178, 4.55783093742, 0.764809570607, 95.6606619137, 1.48860353306, 0.914104898038, 2.57149225152, 17.8307292561, 0.00569127654017, 0.0
0.106434292752, 0.909757973345, 4.74060130665, 0.916005997013, 86.1500702121, 1.49753109009, 1.98239434004, 1.30698490009, 19.5425648752, 0.00571512208561, 0.0
0.101952114421, 0.970745064545, 2.13592410827, 0.844626846111, 90.5706885596, 1.38406944034, 0.966214975766, 1.49123887473, 19.9792300479, 0.00575864750826, 0.0
0.102289647775, 0.840883081792, 2.10067053902, 0.923910940389, 93.1546344317, 1.49753109009, 0.213106429961, 0.253826544655, 10.7577719827, 0.00580777812837, 0.0
0.101952114421, 0.918501696808, 7.65430255638, 0.932071175875, 86.7456653756, 1.01540662867, 0.692548877317, 1.94110397326, 13.8763212866, 0.00553237824159, 0.52380952381
0.111067419404, 1.14373710214, 7.88275231316, 0.689694954284, 86.1500702121, 1.54458175103, 0.516778074882, 4.03140923223, 17.3644415945, 0.00582221759905, 0.0
0.143888650161, 1.19250411872, 6.35886234525, 0.79194081644, 88.2046070505, 1.34551485315, 1.72921174178, 2.48804649859, 13.9625712885, 0.00589674509403, 0.0
0.111067419404, 1.03679825225, 2.04721370063, 0.922435281493, 98.8450351614, 1.49753109009, 0.103925894068, 3.56882288307, 18.5191997341, 0.00584792673511, 0.0555555555556
0.111067419404, 0.987852017065, 2.01034709681, 0.776831524626, 91.9294193803, 1.6130558914, 0.839488087958, 3.56882288307, 19.2843841893, 0.00595830683776, 0.0
0.114417451388, 1.14373710214, 7.88275231316, 0.689694954284, 86.1500702121, 1.54458175103, 0.516778074882, 4.03140923223, 17.3644415945, 0.00604282110019, 0.0
0.10300942498, 0.946838278782, 2.04721370063, 0.83609505318, 84.0898050324, 1.54458175103, 1.25938866258, 1.60998142323, 13.513188842, 0.00606699959317, 0.0
0.101952114421, 0.822974305837, 2.03423350873, 0.722660502841, 90.5706885596, 1.17350021063, 0.213106429961, 2.91259733887, 16.8336982497, 0.00582979933355, 0.181818181818
0.111067419404, 1.19439603141, 6.35886234525, 0.79194081644, 88.2046070505, 1.33938651468, 1.97236855494, 1.05564511962, 13.9625712885, 0.00611806532644, 0.0
0.101952114421, 0.826921524848, 2.13592410827, 0.779000326634, 90.5706885596, 1.35944973703, 1.56133283217, 1.49123887473, 18.7270458173, 0.00617921664319, 0.0
0.111067419404, 0.822974305837, 2.10067053902, 0.844626846111, 92.9586880778, 1.49753109009, 0.839488087958, 3.56882288307, 19.2442787754, 0.0061884502678, 0.0
0.105780497258, 0.909757973345, 4.74060130665, 0.916005997013, 95.6606619137, 1.49753109009, 1.98239434004, 2.57149225152, 19.5425648752, 0.00618951093523, 0.0
0.111067419404, 1.03679825225, 6.18708145028, 0.922435281493, 99.031490015, 1.08727897095, 0.103925894068, 3.56882288307, 15.4320716805, 0.00623963851145, 0.0
0.117632896542, 1.04653793283, 7.42625778805, 0.752330635837, 86.7456653756, 1.73359839449, 0.106026420683, 1.94110397326, 11.8990822967, 0.00626923454268, 0.0
0.105780497258, 0.986378186178, 4.58506223312, 0.764809570607, 95.6606619137, 1.48860353306, 0.914104898038, 2.57149225152, 17.8307292561, 0.00615098703105, 0.166666666667
0.111067419404, 1.14373710214, 2.01034709681, 0.689694954284, 86.1500702121, 1.54458175103, 0.516778074882, 2.45589915345, 17.3644415945, 0.00630318712793, 0.0
0.111067419404, 1.19250411872, 6.35886234525, 0.79194081644, 88.2046070505, 1.33938651468, 1.97236855494, 3.45428143101, 13.9625712885, 0.0063355118366, 0.0
0.10300942498, 1.20412161628, 4.58506223312, 0.922435281493, 98.8450351614, 1.49753109009, 0.103925894068, 2.57149225152, 18.5191997341, 0.00636501709144, 0.0
0.114417451388, 1.14373710214, 7.88275231316, 0.689694954284, 86.1500702121, 1.54458175103, 0.516778074882, 4.03140923223, 17.3644415945, 0.00641542755119, 0.0
0.10802880997, 1.03679825225, 6.35886234525, 0.922435281493, 98.9996297358, 1.49753109009, 1.97236855494, 3.56882288307, 13.2584749772, 0.00645853924995, 0.0
0.118519062163, 0.918501696808, 2.83384069074, 0.712281617852, 90.6086469501, 1.54475475177, 1.93517993568, 3.22384662071, 19.423462933, 0.00646959542897, 0.0
0.141323562524, 1.02560696962, 6.54368186713, 0.716138349129, 95.6980136191, 1.01540662867, 1.46009555838, 3.49403865832, 12.3374850608, 0.006475568297, 0.0
0.105780497258, 0.986378186178, 4.55783093742, 0.764809570607, 95.6606619137, 1.49753109009, 0.914104898038, 2.57149225152, 17.8307292561, 0.00649894404829, 0.0
0.10300942498, 0.946838278782, 5.61477558083, 0.83609505318, 80.2999761164, 1.54458175103, 0.826153412828, 0.323999864798, 12.7795071964, 0.0065156260091, 0.0
0.101952114421, 0.840883081792, 4.64299465444, 0.75231715854, 90.5706885596, 1.38406944034, 0.213106429961, 1.49123887473, 10.1790150353, 0.00635832371898, 0.2
0.17223690482, 0.822606731966, 5.24580880978, 0.892401414128, 86.2122607473, 1.49753109009, 0.628347724994, 2.91259733887, 18.5191997341, 0.00651729035536, 0.0
