0.124516203134, 1.24810764287, 4.71850922146, 0.720759769682, 88.5157341837, 3.1105532766, 0.697336546234, 4.52511007116, 14.5943683031, 0.00465503269997, 0.0
0.101952114421, 0.840883081792, 2.13592410827, 0.722660502841, 90.5706885596, 1.38406944034, 0.213106429961, 1.49123887473, 19.9621323372, 0.00644183403254, 0.0
0.101952114421, 0.840883081792, 2.13592410827, 0.722660502841, 90.5706885596, 1.38406944034, 0.213106429961, 1.49123887473, 19.9621323372, 0.0066998290372, 0.0
0.136848360084, 0.994667645732, 2.10067053902, 0.934572346691, 97.830569743, 3.55933625354, 0.766310029573, 3.56882288307, 18.5191997341, 0.00741643436701, 0.0
0.138155242984, 0.872071080049, 6.08302020007, 0.625007683335, 88.1823695124, 1.37579211779, 1.22076434923, 2.28188427689, 19.423462933, 0.00839261455882, 0.0
0.199696760003, 1.05219276543, 6.2538315564, 0.716138349129, 90.35008859, 1.13213632454, 1.49616776732, 1.42774985276, 14.8106180237, 0.00890774830827, 0.0
0.160359195668, 1.03437541015, 5.26773338515, 0.942370318159, 89.1533623118, 1.69569960681, 1.93517993568, 2.85603089019, 11.7372524151, 0.00913180110442, 0.0
0.14017043067, 0.842803504865, 7.78413432453, 0.85807321538, 99.7203450273, 1.54458175103, 1.36950215977, 0.424701060911, 13.3247321131, 0.00959456200626, 0.0
0.122504355295, 1.11796597181, 2.35141380769, 0.624461179801, 88.2046070505, 2.00337215137, 1.35575521125, 2.48804649859, 10.3203218621, 0.00971440372889, 0.0
0.138790001957, 0.917048416981, 2.80370965148, 0.617874524613, 82.1616656766, 1.68723808492, 0.0900945405407, 2.91259733887, 15.0195526951, 0.00980182197867, 0.0
0.101453019875, 0.946838278782, 5.17400574237, 0.83609505318, 84.0898050324, 8.36897793292, 0.84245746785, 0.323999864798, 16.6006353356, 0.0100037679121, 0.0
0.152373238838, 0.995401982281, 3.8153972062, 0.654581359144, 94.3889484712, 1.48860353306, 0.965094958572, 1.13184071694, 15.2791680948, 0.0115192185987, 0.0
0.100149219408, 0.985698758251, 5.29413398676, 0.927737638391, 89.9805094781, 2.06058025704, 1.43917816162, 3.20384582355, 17.66121259, 0.0118067703168, 0.0222222222222
0.196801779813, 1.18843993342, 7.77799336649, 0.694577298598, 84.115618176, 4.25055230715, 0.920687480096, 3.13393278602, 13.657354207, 0.0121741438469, 0.0
0.124516203134, 1.25760202145, 2.99133897428, 0.670728590811, 88.5157341837, 3.1105532766, 0.697336546234, 4.52511007116, 14.5943683031, 0.0127670447346, 0.0
0.122504355295, 1.11796597181, 2.35141380769, 0.624461179801, 88.2046070505, 2.00337215137, 1.35575521125, 2.48804649859, 10.3203218621, 0.0126857183192, 0.125
0.134329883334, 0.935186808999, 5.56126035097, 0.717419311553, 98.9973470944, 2.61172846161, 0.570863042081, 3.32086382546, 12.8062828073, 0.0134855156724, 0.0
0.136848360084, 0.994667645732, 2.10067053902, 0.922435281493, 97.830569743, 3.64407602614, 0.766310029573, 3.56882288307, 18.5191997341, 0.0136679324075, 0.0
0.101952114421, 0.840883081792, 2.13592410827, 0.722660502841, 90.5706885596, 1.38406944034, 0.213106429961, 1.49123887473, 19.9621323372, 0.0130432907079, 0.6
0.164535730401, 0.842803504865, 2.35141380769, 0.624461179801, 99.7203450273, 1.54458175103, 1.36950215977, 2.48804649859, 10.3203218621, 0.0137892770233, 0.0
0.153619898294, 0.995492874393, 7.32841393596, 0.764592733418, 91.7193312005, 2.22068737436, 1.37527176399, 4.14575569412, 17.7559957103, 0.0138946534551, 0.0
0.197223013945, 0.865199173233, 7.98483329287, 0.829168019209, 93.7657537653, 2.38684778459, 0.929741942938, 0.0578188466265, 11.8990822967, 0.0144061572966, 0.0
0.161220093497, 1.02222165547, 6.98495723066, 0.698915124479, 88.8854104629, 1.16591334667, 1.01141923002, 1.82771133526, 12.3374850608, 0.0138034543566, 0.347826086957
0.140614323573, 0.97796102704, 5.24580880978, 0.815641567228, 86.2122607473, 1.11417287783, 1.98239434004, 3.48053291921, 19.5425648752, 0.0141204625147, 0.089552238806
0.105919537832, 0.853374085084, 7.01899920886, 0.711195245075, 95.8204402384, 4.10766425495, 0.44727341692, 1.33534604529, 13.9597094703, 0.0154235185681, 0.0
0.160359195668, 1.03437541015, 5.26773338515, 0.942370318159, 89.1533623118, 1.69569960681, 1.93517993568, 2.85603089019, 11.7372524151, 0.0141697521892, 0.116279069767
0.140614323573, 1.14862462074, 2.02243373952, 0.886840793019, 98.9632423348, 4.03176190634, 1.19886286426, 3.36614544908, 18.3767493492, 0.0156948056461, 0.0
0.14017043067, 1.13657340442, 7.47724759828, 0.85807321538, 99.7203450273, 1.54458175103, 1.64880763118, 0.424701060911, 16.9425900323, 0.0149841559751, 0.111111111111
0.169063792832, 1.03587631157, 7.52946850166, 0.665110933111, 95.4169026814, 1.98926854774, 1.4424040469, 1.36428638395, 19.4246687473, 0.0160762373382, 0.0
0.114443019212, 0.97796102704, 5.24580880978, 0.892401414128, 86.2122607473, 1.11417287783, 1.98239434004, 3.48053291921, 19.5425648752, 0.0145305783655, 0.275862068966
0.101952114421, 0.840883081792, 2.13592410827, 0.722660502841, 90.5706885596, 1.38406944034, 0.74981565914, 1.33789133034, 19.9621323372, 0.0149945647391, 0.230769230769
0.117936953696, 0.967472162833, 4.48465718074, 0.839622029328, 94.3963360813, 4.81442906538, 1.72203135624, 1.93954315601, 10.4131480167, 0.0162571810428, 0.0
0.153619898294, 0.995492874393, 7.32841393596, 0.690230173373, 91.7193312005, 2.22068737436, 1.37527176399, 4.14575569412, 17.7559957103, 0.0164106917727, 0.0
0.105780497258, 0.9523011045, 4.58506223312, 0.89041132296, 95.6606619137, 3.92882150383, 0.914104898038, 2.57149225152, 17.8307292561, 0.0166868462192, 0.0
0.111049231299, 1.18840393423, 7.73989162141, 0.626355876017, 91.0052571767, 3.52982928507, 0.0579224326486, 0.650997521661, 16.350400203, 0.0159072583713, 0.142857142857
0.155755646154, 1.14670870601, 2.53030818742, 0.830014034046, 99.0732079373, 1.61612996216, 1.428812887, 1.70057494604, 15.0223197626, 0.0157106185996, 0.238095238095
0.124865990146, 0.912485741983, 5.76968439944, 0.735360920841, 82.2117889985, 3.41847995934, 1.24174275704, 2.57981093925, 14.2956390708, 0.0182728226876, 0.0
0.141635449612, 1.02064365187, 4.71850922146, 0.924890256737, 84.1936729973, 2.26265533495, 1.66767557139, 4.6476125582, 11.0770680427, 0.0176657411474, 0.047619047619
0.163563662287, 0.90715723768, 6.18490708771, 0.79194081644, 98.6050603216, 2.51620431744, 1.72921174178, 0.573664036593, 13.8992330476, 0.0184167254208, 0.0
0.14621707344, 0.826111714259, 5.87047778641, 0.89041132296, 95.6606619137, 3.18623392475, 0.914104898038, 1.46846601104, 17.8307292561, 0.0187073034615, 0.0
0.162865281505, 0.977949376463, 6.09778764631, 0.712281617852, 98.6390840436, 3.36663138464, 0.283601660723, 2.45855984917, 10.543648055, 0.0188523240633, 0.0
0.114443019212, 1.01264079746, 5.24580880978, 0.892401414128, 86.2122607473, 1.49753109009, 1.98239434004, 3.48053291921, 19.5425648752, 0.0175013015139, 0.161764705882
0.155755646154, 1.14670870601, 2.53030818742, 0.830014034046, 99.0732079373, 1.61612996216, 1.428812887, 1.70057494604, 16.350400203, 0.0175229621996, 0.152542372881
0.197079756355, 0.917048416981, 2.80370965148, 0.617874524613, 91.455050687, 1.68723808492, 0.0900945405407, 2.91259733887, 17.94418131, 0.0192770185894, 0.0
0.134329883334, 0.822550772529, 5.56126035097, 0.717419311553, 98.9973470944, 2.61172846161, 0.570863042081, 3.32086382546, 12.8062828073, 0.0164462644464, 0.384615384615
0.151422401726, 1.13238122049, 2.49872692111, 0.781288786739, 99.0997577645, 5.35496554783, 1.69997867078, 4.57294665388, 15.7136429446, 0.0194734199721, 0.0
0.176275907318, 0.926963626288, 6.23716991831, 0.725501927404, 82.1616656766, 2.40839618826, 0.874140857321, 4.66235977826, 15.0195526951, 0.0198420982757, 0.0
0.176275907318, 0.926963626288, 6.23716991831, 0.783784255844, 82.1616656766, 2.40839618826, 0.874140857321, 4.66235977826, 15.0195526951, 0.019251418932, 0.1
0.144663350601, 1.24477107156, 7.55149768302, 0.941075715114, 93.805197343, 3.06741365818, 0.0722901966953, 0.0643174063247, 15.0532420808, 0.0198976445572, 0.0
0.199696760003, 1.02560696962, 6.17079449416, 0.716138349129, 90.35008859, 1.13213632454, 1.49616776732, 1.43056257199, 14.8106180237, 0.0178068773014, 0.376470588235
0.105780497258, 0.995492874393, 7.32841393596, 0.690230173373, 91.7193312005, 2.22068737436, 1.37527176399, 3.7040298642, 17.7559957103, 0.0178078036628, 0.351351351351
0.152373238838, 0.995401982281, 3.8153972062, 0.654581359144, 94.3889484712, 1.48860353306, 0.965094958572, 1.13184071694, 15.2791680948, 0.0185050679735, 0.222222222222
0.150659741173, 0.98831454338, 4.4093594902, 0.932843857834, 98.6875756512, 3.36663138464, 0.283601660723, 2.4614521657, 19.9603848866, 0.0208272429226, 0.0
0.199582183004, 1.13402476232, 5.69446573438, 0.837161067749, 86.7131970676, 1.52396570543, 0.445694639074, 0.905484561394, 18.3898941461, 0.0211117112147, 0.0
0.114443019212, 1.01264079746, 5.24580880978, 0.892401414128, 86.2122607473, 1.49753109009, 0.283601660723, 3.48053291921, 10.543648055, 0.0191670341338, 0.166666666667
0.140614323573, 0.879847820103, 2.02243373952, 0.886840793019, 88.6050380836, 4.03176190634, 1.19886286426, 3.36614544908, 19.5509973992, 0.0212643197606, 0.0
0.117135008878, 1.02560696962, 6.37492252355, 0.716138349129, 90.35008859, 1.13213632454, 1.49616776732, 1.43056257199, 14.8106180237, 0.0185986097892, 0.543103448276
0.100398596306, 0.820307131409, 7.53127311699, 0.704742938399, 93.4034709646, 3.46159813328, 1.7515854819, 2.0863746747, 16.4625801674, 0.0201589436117, 0.105263157895
0.180807181557, 1.10287088954, 3.44956460295, 0.873278527907, 93.5041721411, 4.85465666081, 0.0767919247072, 1.33534604529, 12.1745086607, 0.0213862616336, 0.0
0.130718360432, 1.05959905891, 3.97360958068, 0.744327080063, 88.6080706732, 3.70856292984, 1.18029476999, 1.21630346299, 14.1938685802, 0.0216413518213, 0.0
0.164992756576, 0.918501696808, 7.42625778805, 0.941075715114, 86.7456653756, 1.73359839449, 0.621915564259, 1.94110397326, 13.1053595814, 0.0220800285404, 0.0
0.124865990146, 0.995185379976, 5.76968439944, 0.735360920841, 82.2117889985, 4.45623716665, 1.24174275704, 2.57981093925, 14.2956390708, 0.0221548651735, 0.0
0.159324582994, 1.04653793283, 6.94852573409, 0.916817836645, 80.9611290631, 6.31669690451, 0.492191889568, 0.822709716433, 15.8730773848, 0.0226908862896, 0.0
0.117936953696, 0.967472162833, 4.48465718074, 0.839622029328, 98.9329301048, 4.81442906538, 1.72203135624, 1.93954315601, 13.9858102198, 0.0248509193446, 0.0
0.155755646154, 1.14670870601, 2.53030818742, 0.825716270578, 93.6428883857, 1.61612996216, 1.428812887, 1.70057494604, 19.8879663349, 0.0197662988016, 0.415094339623
0.153619898294, 0.995492874393, 7.32841393596, 0.827184928107, 91.7193312005, 2.38684778459, 1.37527176399, 4.14575569412, 17.7559957103, 0.0235954442308, 0.0238095238095
0.197223013945, 0.865199173233, 7.99212463511, 0.764592733418, 93.7657537653, 2.22068737436, 0.929741942938, 0.0578188466265, 11.8990822967, 0.0251567419629, 0.0
0.127930135666, 0.917048416981, 6.08302020007, 0.625007683335, 88.1823695124, 1.54475475177, 1.22076434923, 2.28188427689, 19.423462933, 0.0208382279078, 0.197802197802
0.138155242984, 1.14862462074, 6.02024350284, 0.799813315515, 83.0306002034, 4.71675432279, 0.82213563441, 1.78973270053, 18.3767493492, 0.0263200000202, 0.0
0.105780497258, 0.826841730757, 4.58506223312, 0.92600925677, 95.6606619137, 3.92882150383, 0.914104898038, 2.57149225152, 17.8307292561, 0.0278030253262, 0.0
0.127930135666, 0.872071080049, 6.08302020007, 0.625007683335, 88.1823695124, 1.37579211779, 1.22076434923, 2.28188427689, 19.423462933, 0.0211036925664, 0.25
0.171231469208, 0.86921897435, 7.52877182535, 0.722785782077, 95.4038457186, 5.54279314917, 1.93047820431, 3.23265618359, 10.1709805184, 0.0286123264404, 0.0
0.162865281505, 0.977949376463, 4.69202711632, 0.712281617852, 98.6390840436, 4.6228575229, 1.09674885345, 3.28397033976, 10.7577719827, 0.0299239619274, 0.0
0.100149219408, 0.985698758251, 5.29413398676, 0.927737638391, 89.9805094781, 2.06058025704, 1.43917816162, 3.20384582355, 17.66121259, 0.0209626068025, 0.407407407407
0.109130083863, 1.18100585987, 6.04077064687, 0.781915506258, 93.6428883857, 6.40647000797, 1.17752080304, 1.09453618966, 15.9019462302, 0.0306878177509, 0.0
0.165712928157, 0.996799601817, 3.71987900891, 0.949472180223, 82.3420210391, 5.65190798833, 0.677118968778, 1.4887632466, 18.9741843958, 0.0320913968399, 0.0
0.180770427368, 1.18206493013, 5.89212868879, 0.83060336609, 88.677154024, 6.92346003959, 0.35745292753, 1.844238544, 12.2529358142, 0.0329657294359, 0.0
0.163563662287, 1.19250411872, 6.18490708771, 0.79194081644, 98.6050603216, 2.51620431744, 1.72921174178, 0.573664036593, 12.7795071964, 0.0301360387709, 0.075
0.109130083863, 1.18100585987, 6.04077064687, 0.72529274184, 93.6428883857, 6.40647000797, 1.17752080304, 1.09453618966, 15.9019462302, 0.033041590097, 0.0
0.155755646154, 1.14670870601, 2.53030818742, 0.830014034046, 99.0732079373, 1.61612996216, 1.428812887, 1.70057494604, 15.0223197626, 0.0224165784823, 0.227272727273
0.144663974979, 1.0231721982, 2.80370965148, 0.922435281493, 91.455050687, 1.68723808492, 0.766310029573, 2.91259733887, 16.2729827443, 0.0215150026808, 0.444444444444
0.108993761312, 1.07362657124, 7.53135255168, 0.914238237146, 98.2901406913, 5.71784862682, 1.57986128168, 1.28914186898, 13.1847579176, 0.033605336771, 0.0
0.163563662287, 0.90715723768, 5.76968439944, 0.735360920841, 96.4904845415, 2.52358895792, 1.24174275704, 2.57981093925, 14.2956390708, 0.0321648135191, 0.0526315789474
0.120978791782, 1.07362657124, 3.6493401122, 0.752324708101, 98.2901406913, 8.87022441, 1.57986128168, 1.28914186898, 13.1847579176, 0.0354689760795, 0.0
0.101453019875, 0.946838278782, 6.06687717967, 0.83609505318, 81.25692275, 8.36897793292, 1.34456586791, 0.323999864798, 10.0528065503, 0.0373757956152, 0.0
0.164992756576, 0.918501696808, 7.42625778805, 0.941075715114, 86.7456653756, 1.73359839449, 0.621915564259, 1.94110397326, 13.1053595814, 0.0255752240652, 0.181818181818
0.161220093497, 1.02222165547, 6.98495723066, 0.698915124479, 88.8854104629, 8.15353880876, 1.01141923002, 1.82771133526, 13.3968674648, 0.0400957566667, 0.0
0.171231469208, 0.86921897435, 7.52877182535, 0.722785782077, 95.4038457186, 5.54279314917, 1.90660529542, 3.23265618359, 10.1709805184, 0.0405477119244, 0.0
0.161678888766, 0.988041505136, 4.84120209357, 0.787966135297, 98.9329301048, 5.68685507131, 1.64167393394, 2.44074698866, 18.7211601395, 0.0416552618047, 0.0
0.121004882219, 1.03679825225, 3.84071586251, 0.609342687465, 81.7434018691, 6.36038200165, 0.839488087958, 2.44074698866, 13.8060695764, 0.0443760290056, 0.0
0.184586334379, 1.03437541015, 4.00366982788, 0.784350382362, 93.1231456496, 1.69569960681, 0.565302952284, 0.0647400947828, 15.2963681111, 0.03069868914, 0.136363636364
0.188637670152, 0.8402121497, 7.33586831391, 0.647560927488, 96.2793261123, 8.37926540783, 1.97208090019, 0.7371473573, 13.9836818564, 0.0459320144304, 0.0
0.117936953696, 0.967472162833, 4.48465718074, 0.839622029328, 94.3963360813, 4.81442906538, 1.72203135624, 1.93954315601, 10.4131480167, 0.0357327856344, 0.0847457627119
0.113578975607, 1.01750080039, 2.92573542557, 0.921950240177, 87.6287072212, 5.59918089118, 1.91762865908, 3.49403865832, 17.8006773597, 0.037959745978, 0.0526315789474
0.180807181557, 1.10287088954, 3.44956460295, 0.873278527907, 93.5041721411, 4.85465666081, 0.0767919247072, 0.898432542953, 12.1745086607, 0.0473558344927, 0.0
0.144663974979, 1.0231721982, 2.10067053902, 0.922435281493, 97.830569743, 9.88823386698, 0.766310029573, 2.5152395605, 15.3141212347, 0.0308436997425, 0.142857142857
0.155789517931, 1.0753044393, 5.9600812422, 0.807005212324, 93.2051299004, 9.25480764438, 1.34257433233, 0.863264106822, 19.2742638656, 0.0555918300046, 0.0
0.110199415654, 1.11796597181, 7.78413432453, 0.85807321538, 88.2046070505, 2.00337215137, 1.35575521125, 0.424701060911, 13.3247321131, 0.0260006742567, 0.305555555556
0.183312642969, 1.22098290523, 4.76104035622, 0.827222132335, 98.4560221863, 6.51488832388, 1.56133283217, 1.36428638395, 18.0939461709, 0.0593500902594, 0.0
0.109007015261, 1.2389964703, 6.62653870021, 0.731474279723, 83.5403586809, 8.12425421753, 1.14404558616, 0.249292480537, 13.8191624346, 0.0604127081668, 0.0
