0.48207393567, 1.24615275853, 91.2956659958, 0.555144652219, 51.4510436755, 1.89205972272, 0.0481474164514, 2.1247033422, 14.0202833242, 15608.1948416, 0.0159617776884
0.206304100633, 0.904100458396, 85.133293966, 0.684756029204, 52.5823745807, 1.25170532937, 1.64517738259, 0.625879240781, 4.70768856222, 5051.53336565, 0.0230030411753
0.478048436637, 0.858727277572, 88.1405383666, 0.678700801658, 47.6059072669, 1.18943647923, 0.378284712422, 2.23892701478, 10.6962943905, 2111.01553576, 0.0441643896461
0.748812761523, 0.868728935727, 80.5182899213, 0.648378285876, 10.0737983304, 4.49370137505, 0.555483866454, 2.32930727809, 6.06304226718, 2042.35229066, 0.0760653923062
0.172856572891, 1.02733173019, 92.2441045601, 0.67028087119, 37.2353636033, 27.3891047019, 0.475095609657, 0.17883086542, 5.28535136806, 1940.49825626, 0.266108270755
0.580484111245, 0.951001982813, 89.8944038009, 0.432421655345, 72.3169449687, 29.0903566853, 0.869723021364, 2.36269529052, 15.8860230667, 599.242545086, 0.582247111275
0.189035133116, 0.837781170723, 80.3246266459, 0.60956508701, 44.6322914819, 45.4180819037, 0.30187538399, 0.852890469136, 16.8376226228, 1343.3342472, 0.394393390363
0.206304100633, 0.904100458396, 85.133293966, 0.515379789731, 93.7960490986, 1.25170532937, 1.64517738259, 0.625879240781, 8.55627175196, 3864.55615795, 0.034018083347
0.214539770805, 0.874467189828, 90.6614407959, 0.686709651242, 60.6140358697, 3.90109449705, 0.728828953518, 1.05684963849, 14.0002131565, 3118.90564303, 0.0768181087171
0.748812761523, 0.868728935727, 80.5182899213, 0.471379103831, 10.0737983304, 4.49370137505, 0.555483866454, 2.32930727809, 6.63782730639, 2275.20919546, 0.153578512275
0.189035133116, 0.837781170723, 82.1064872652, 0.60956508701, 44.6322914819, 49.6723298941, 0.30187538399, 0.852890469136, 16.8376226228, 2114.87032698, 0.369250227171
0.863445615772, 0.822270617055, 81.4861781403, 0.664286516992, 21.0185247165, 45.0330295277, 0.842335119688, 2.40190148759, 4.34535872701, 2149.5219854, 0.360611244908
0.214539770805, 0.874467189828, 90.6614407959, 0.686709651242, 60.6140358697, 11.5181161022, 0.728828953518, 1.05684963849, 14.0002131565, 4513.41633919, 0.0464345912716
0.212349416977, 0.918547729273, 91.094905622, 0.630493629824, 91.1489806412, 8.81812862012, 1.55662789702, 2.23263471748, 5.91059142361, 3931.95903339, 0.119184585385
0.476762819295, 0.84778623602, 89.8906084646, 0.412152909392, 94.3635881285, 26.5605855142, 0.479146962558, 3.89790274512, 3.50496496775, 2359.78904613, 0.219979476964
0.218175332166, 0.859295253487, 81.7681563803, 0.663330421494, 61.1944162779, 36.8896961665, 0.241089458422, 1.50884189246, 11.0892706607, 2865.61694123, 0.157574049179
0.198386333676, 0.851163520842, 86.0264063987, 0.46641312185, 45.4167427693, 16.2966788946, 0.906105149976, 3.39388986565, 13.1177777178, 2415.65133179, 0.206620857323
0.862316671436, 0.822385534326, 87.3755504864, 0.599611411187, 58.5464951273, 24.8476450699, 0.534118888601, 3.97979263114, 8.15007553508, 2137.42940557, 0.510041713854
0.871530823842, 0.82652655774, 84.066192802, 0.619120690818, 66.8883419059, 16.7210151561, 0.548139149499, 3.93233193904, 17.6357764703, 2299.10022514, 0.449556274005
0.212349416977, 0.918547729273, 91.094905622, 0.630493629824, 91.1489806412, 8.81812862012, 1.55662789702, 2.23263471748, 5.91059142361, 5437.13233082, 0.0984326180936
0.169073582673, 0.895369127939, 81.6608248337, 0.642750984394, 50.0414818641, 5.00167378559, 1.32260811622, 1.13684163007, 8.42289639631, 4119.49472687, 0.138276464696
0.180352431097, 0.858579432969, 87.6316858221, 0.631316966819, 59.7182509017, 5.13251041553, 1.30388617493, 2.45508575191, 14.023833949, 4569.92152917, 0.124447156483
0.871530823842, 0.82652655774, 84.066192802, 0.566066767956, 66.8883419059, 16.7210151561, 0.548139149499, 3.93233193904, 17.6357764703, 2408.3225718, 0.335466661403
0.285126491395, 0.858579432969, 80.6663656811, 0.66621623887, 59.7182509017, 5.13251041553, 1.30388617493, 1.65338682236, 14.023833949, 3537.43024661, 0.161445131801
0.251140354454, 0.94016384764, 80.2347769858, 0.680477532834, 27.1013542109, 14.0624417003, 0.201828141321, 1.85893660903, 19.6640279642, 3984.43635251, 0.160318245517
0.346191078346, 0.900814023427, 81.2036070354, 0.47879076379, 31.2203136733, 17.8166549303, 0.382035662515, 2.3447909136, 2.31921886204, 2939.50796661, 0.169816118264
0.198386333676, 0.851163520842, 94.2476464821, 0.612193254736, 45.4167427693, 16.2966788946, 0.247203322568, 3.39388986565, 17.229352063, 2719.27756242, 0.208651992241
0.261503136777, 0.844278298244, 87.23068988, 0.663418059852, 40.8640439101, 21.415559048, 1.55925310704, 4.01156946568, 6.38187684801, 2627.43051485, 0.213434219708
0.478048436637, 0.858727277572, 88.1405383666, 0.586024865861, 47.6059072669, 11.8646716526, 0.378284712422, 2.23892701478, 10.6962943905, 2582.91912758, 0.235277754631
0.476762819295, 0.84778623602, 89.8906084646, 0.412152909392, 94.3635881285, 26.5605855142, 0.479146962558, 3.89790274512, 3.50496496775, 2155.27399547, 0.614650724949
0.670855790228, 0.843546995551, 83.7540239156, 0.405216231326, 84.6609836883, 46.3989645864, 0.548748857227, 1.6362763603, 7.45878677299, 2339.48324576, 0.52763193961
0.882893493414, 1.14278776359, 84.5768090513, 0.475284468387, 43.2241153973, 2.68592916695, 0.37123237562, 1.8745993206, 10.1671114283, 9535.44652413, 0.113371387751
0.102654321367, 0.972675428451, 88.6487844005, 0.663007058207, 98.8945588937, 33.0196470293, 1.2151198951, 4.41499317843, 10.7601298199, 9914.321895, 0.0998208660861
0.882893493414, 1.14278776359, 84.5768090513, 0.475284468387, 43.2241153973, 2.68592916695, 0.37123237562, 1.8745993206, 10.1671114283, 5949.03080828, 0.124325989684
0.169073582673, 0.895369127939, 92.3255076669, 0.642750984394, 50.0414818641, 5.00167378559, 1.32260811622, 2.04291819119, 8.42289639631, 5671.71609619, 0.135377634503
0.787982403981, 0.884180361312, 92.7369214408, 0.602994404167, 70.7884827497, 43.4691295074, 0.474454980071, 2.91382113543, 3.38720276685, 2522.43828653, 0.41056048265
0.248094058769, 1.02175849009, 83.6318511991, 0.633725298035, 33.0695699853, 25.1481416053, 0.816431057319, 3.04957081783, 1.31208463655, 5061.26163257, 0.177543597019
0.540904206665, 0.966416049399, 88.0287592475, 0.678700801658, 52.0805523062, 12.4974977593, 1.77008553648, 0.181873110003, 6.64741901555, 4984.28229828, 0.222311493153
0.261503136777, 0.862316760164, 87.23068988, 0.628153585312, 40.8640439101, 12.5189818295, 0.765839423353, 4.01156946568, 6.38187684801, 2771.24446013, 0.230901672578
0.685631083888, 0.901920224628, 93.5135373732, 0.48874646002, 20.6643059311, 4.07587203862, 1.99441877207, 2.61157560628, 5.96880900185, 4580.58780474, 0.228559800688
0.499814795817, 0.940848885362, 83.8496597183, 0.619120690818, 28.4839835754, 15.4274776095, 0.894952325822, 0.451069259199, 2.50027257341, 2623.78210955, 0.305380957312
0.670855790228, 0.843546995551, 83.7540239156, 0.602408553121, 84.6609836883, 46.3989645864, 0.905387909008, 1.6362763603, 7.45878677299, 2425.03509378, 0.537493368369
0.281919247235, 1.17786694715, 93.5428494208, 0.537038940662, 95.7836853293, 6.37115656433, 1.45736567918, 3.38387355206, 15.7903477657, 19105.1314749, 0.10623106455
0.749932071226, 1.12240101442, 90.2548770078, 0.698019927131, 67.5958052963, 7.58372233396, 0.936195151705, 4.67567449343, 11.3112732813, 9051.42486391, 0.165999217133
0.432363756265, 1.18345518287, 84.0751845876, 0.639731022941, 26.152135557, 10.9762315725, 0.56714677805, 0.023758882611, 4.09140301516, 8320.620944, 0.173184988167
0.152798336937, 1.23234904462, 86.0968117335, 0.697678397002, 34.8272928907, 35.2274328551, 0.0651284337339, 3.59250559416, 5.76256566694, 9147.19124568, 0.145914567449
0.62563917478, 0.880370703004, 84.955688498, 0.462374424788, 80.9703248674, 5.78065686489, 1.88871908489, 0.677182070074, 16.4669507243, 5610.59066756, 0.201470705341
0.413455937074, 0.936883928802, 94.8226776641, 0.613442578328, 2.87764289216, 11.5019321405, 1.15738575856, 1.87811182624, 10.2317208205, 5298.96654865, 0.225748878295
0.62563917478, 0.880370703004, 84.955688498, 0.462374424788, 80.9703248674, 5.78065686489, 1.88871908489, 0.677182070074, 16.4669507243, 3898.13834881, 0.239007924308
0.432363756265, 0.907693717665, 84.0751845876, 0.639731022941, 26.152135557, 10.9762315725, 0.56714677805, 0.023758882611, 4.09140301516, 3058.70780784, 0.25027189542
0.261742186154, 0.884180361312, 81.7810368382, 0.451448930219, 45.4598230245, 12.2895940067, 1.56029882156, 4.84931003345, 7.99212498659, 4290.79904654, 0.232559307146
0.251140354454, 0.94016384764, 81.4879810278, 0.680477532834, 58.599338654, 14.0624417003, 0.201828141321, 1.85893660903, 19.6640279642, 3052.16058533, 0.313036738983
0.218175332166, 0.859295253487, 93.6963964187, 0.663330421494, 74.5383427719, 36.8896961665, 0.241089458422, 1.50884189246, 11.0892706607, 2635.50961399, 0.380072193486
0.197804155162, 1.22529934411, 94.3014261688, 0.638262510282, 46.03282074, 8.42344627982, 1.1119476525, 2.22821736719, 8.99620116623, 22766.9188769, 0.144847160464
0.281919247235, 1.19850452167, 93.5428494208, 0.537038940662, 95.7836853293, 6.37115656433, 1.45736567918, 3.38387355206, 15.7903477657, 22825.9079132, 0.113268377956
0.802535352899, 1.05428745977, 91.9504882697, 0.402366112447, 61.7498770914, 9.75932449398, 0.338974656417, 2.54709146678, 1.33984765729, 8376.88126472, 0.198447020861
0.15544994441, 1.10222150774, 94.0957607818, 0.638092368819, 29.5664726845, 40.629493485, 1.37784692141, 4.71624276691, 1.10690457071, 11035.922268, 0.165992251114
0.478019600482, 1.06693175303, 83.1488781496, 0.599061932518, 14.6363820031, 18.8875052682, 1.83826525785, 2.14969705524, 7.91290074093, 9848.88734286, 0.1756194183
0.708348478968, 0.952753417086, 92.4777642992, 0.401036305456, 78.6835713461, 4.02068231266, 1.84835130844, 3.83169171636, 13.4566006954, 7413.76244282, 0.224457104402
0.172856572891, 1.02733173019, 93.6776254615, 0.67028087119, 37.2353636033, 27.3891047019, 0.475095609657, 0.17883086542, 5.28535136806, 4224.61150789, 0.262958066079
0.862316671436, 0.822385534326, 87.3755504864, 0.625094782643, 58.5464951273, 24.8476450699, 0.534118888601, 3.97979263114, 8.15007553508, 3506.46646787, 0.267962247103
0.629278164518, 0.877800056277, 89.7882138989, 0.550063198816, 82.5749482846, 20.0095836124, 1.87426113937, 3.5932881086, 3.57268225158, 3261.88626488, 0.311106451144
0.891539468338, 1.0473985472, 87.2380264844, 0.676065179491, 94.6523136386, 16.6799998663, 0.598244876053, 1.88352284372, 18.7135659668, 4671.31680785, 0.26096443638
0.15544994441, 1.10222150774, 94.0957607818, 0.638092368819, 29.5664726845, 40.629493485, 0.719618292579, 3.23000166416, 1.10690457071, 5056.10889992, 0.235718961769
0.894195418795, 0.959848142956, 86.0264063987, 0.46641312185, 0.452380006388, 13.6652641793, 0.906105149976, 0.0350691659885, 13.1177777178, 3192.9385801, 0.366028443816
0.863445615772, 0.822270617055, 81.4861781403, 0.664286516992, 21.0185247165, 45.0330295277, 0.842335119688, 2.40190148759, 4.34535872701, 2805.57400803, 0.637357317708
0.405811655095, 0.952753417086, 80.6862628927, 0.447212960996, 4.59850978331, 41.7536211664, 0.587073253332, 2.29880673484, 13.4566006954, 2886.6657635, 0.403530876774
0.708348478968, 1.15168628073, 92.4777642992, 0.401036305456, 78.6835713461, 4.02068231266, 1.84835130844, 3.83169171636, 1.84134806719, 12228.4425986, 0.169437646942
0.102654321367, 0.972675428451, 88.6487844005, 0.663007058207, 98.8945588937, 33.0196470293, 1.2151198951, 4.41499317843, 10.7601298199, 10523.5270065, 0.216419801734
0.787817787848, 1.20437048602, 91.6890993156, 0.600492735368, 29.2310802495, 9.72981234282, 0.669753218031, 4.97573937283, 4.00533644213, 11684.9485381, 0.195556947047
0.287641046093, 0.951001982813, 94.4992449337, 0.690534769076, 55.5029153087, 26.8501496623, 0.158441416366, 2.05988016722, 15.8860230667, 4219.24840024, 0.274050138771
0.308361772238, 0.965664261957, 80.6663656811, 0.699511586119, 3.4139994798, 40.014853473, 0.36614851764, 1.65338682236, 12.2966205431, 3743.71801755, 0.316765894064
0.346191078346, 0.984267201741, 85.9803874832, 0.47879076379, 31.2203136733, 24.5571886086, 0.382035662515, 2.3447909136, 2.31921886204, 5023.44473722, 0.272374930447
0.335463364266, 1.11002138755, 85.1403415551, 0.549732899146, 28.8069515634, 9.66014857249, 0.0498209530807, 3.53597032871, 14.7058607746, 9935.88192485, 0.240411114685
0.413455937074, 0.936883928802, 94.8226776641, 0.613442578328, 2.87764289216, 11.5019321405, 1.15738575856, 3.52617765026, 10.2317208205, 6820.00705282, 0.252215844911
0.522660490637, 0.953609584693, 93.7791114192, 0.425182001606, 51.9463675475, 24.8573741133, 0.181426444342, 1.95319543669, 8.81878859141, 3676.50070765, 0.389669462504
0.610005762312, 0.854493972728, 82.0152881322, 0.646605322433, 10.2127535984, 47.947848911, 0.869325448421, 3.01161631677, 5.99192578067, 2959.46130286, 0.626302046028
0.522660490637, 0.953609584693, 93.7791114192, 0.425182001606, 51.9463675475, 24.8573741133, 0.181426444342, 1.95319543669, 8.81878859141, 3095.11365915, 0.455120533071
0.587495647618, 0.894714608087, 90.9413494929, 0.606166916035, 87.2060051425, 26.7447213553, 0.301580154259, 4.47072285608, 14.5642273285, 3066.70436178, 0.465069507817
0.528306047198, 1.25087789517, 90.7214395839, 0.615261926756, 76.8441131158, 6.52830987979, 1.03690781565, 4.56060953892, 8.24987603289, 25840.1426852, 0.170789797493
0.116119328808, 1.25021484873, 86.6592668895, 0.650701980494, 20.5922249772, 34.5204234568, 1.1603014371, 2.48412745575, 18.5579424206, 25382.9176704, 0.1928371034
0.131975659815, 1.12262747219, 85.9676364, 0.439368702065, 95.9453473714, 27.9999991494, 1.73911332811, 4.02565487569, 12.4749997787, 14645.1719601, 0.200631012342
0.208179514676, 1.02283261812, 84.6062650166, 0.614193995161, 39.4388982862, 46.8307012225, 0.72864433166, 3.8763148717, 7.32928887573, 4507.1478222, 0.302485614344
0.679678155213, 0.907693717665, 89.5298561348, 0.569993802028, 29.0671281381, 12.7367306687, 1.51992164798, 3.99433244596, 17.0321935966, 6437.87306726, 0.283451453008
0.802535352899, 1.05428745977, 91.9504882697, 0.598361026604, 61.7498770914, 9.75932449398, 0.448895026798, 2.54709146678, 1.33984765729, 6730.35650307, 0.278326775407
0.540904206665, 0.95256210246, 88.0287592475, 0.586024865861, 52.0805523062, 12.4974977593, 1.77008553648, 0.181873110003, 6.64741901555, 5357.81181049, 0.292260616947
0.457342706921, 1.12253503022, 80.5976565384, 0.501457496608, 88.8202719333, 12.4358484638, 0.180957979852, 1.80845880386, 16.3056116118, 10505.7874994, 0.246641273059
0.793360973374, 0.884092188938, 81.8996716961, 0.564671914769, 56.6373522546, 15.184250874, 1.02423852569, 0.873225840155, 16.63671673, 3952.29744985, 0.427082898833
0.499814795817, 0.940848885362, 83.8496597183, 0.566066767956, 28.4839835754, 32.6153309117, 0.894952325822, 0.451069259199, 2.50027257341, 3642.29668372, 0.508881764496
0.867767775057, 0.900814023427, 89.2058297881, 0.444307580292, 98.7914285784, 41.0246670047, 0.467031688731, 1.05772676307, 8.71751979233, 3276.41795885, 0.659228608688
0.587495647618, 0.894714608087, 90.9413494929, 0.606166916035, 87.2060051425, 28.7349456314, 0.488694561909, 4.47072285608, 14.5642273285, 3289.69915674, 0.572137994462
0.322102529485, 1.01325275875, 89.9307633936, 0.657045238474, 55.8295989117, 49.5782121431, 0.955342989387, 4.21051625439, 9.92738492042, 3454.45544745, 0.564548291371
0.197804155162, 1.22529934411, 94.3014261688, 0.638262510282, 46.03282074, 8.42344627982, 1.1119476525, 2.22821736719, 8.99620116623, 24795.0351296, 0.207353995519
0.867767775057, 0.984267201741, 89.2058297881, 0.444307580292, 98.7914285784, 41.0246670047, 0.467031688731, 1.05772676307, 8.71751979233, 3723.53844913, 0.639554097116
0.116119328808, 1.25021484873, 82.2611412418, 0.650701980494, 20.5922249772, 34.5204234568, 1.1603014371, 2.48412745575, 18.5579424206, 17785.7064085, 0.232491626656
0.41280724613, 0.877799872192, 82.6044542763, 0.596176874462, 23.7948472279, 44.1080767553, 1.16849430254, 0.270375004883, 4.35377712657, 3864.34041663, 0.510691766406
0.775730057747, 1.03899140956, 89.9307633936, 0.659219747006, 75.2829735985, 31.1004687102, 0.990190433246, 3.75723638369, 1.33062954939, 4553.76980695, 0.418638498612
0.387273658598, 1.01592976604, 91.7365570518, 0.515624793628, 18.5356992352, 9.28888651417, 0.95484605349, 0.397636041385, 15.3598655736, 6735.80966249, 0.279855174426
0.653591458918, 0.901920224628, 93.3190197554, 0.48874646002, 20.6643059311, 12.1877568054, 1.99441877207, 1.6886131968, 3.31835612266, 4622.67869086, 0.30501025389
0.416309982196, 1.14976014743, 81.9875532639, 0.418428124039, 23.7948472279, 10.3973338336, 1.33072839987, 4.64307847422, 7.96183761929, 11595.6259591, 0.255009455402
