0.48207393567, 1.24615275853, 91.2956659958, 0.555144652219, 51.4510436755, 1.89205972272, 0.0481474164514, 2.1247033422, 14.0202833242, 15608.1948416, 0.0159617776884
0.206304100633, 0.904100458396, 85.133293966, 0.684756029204, 52.5823745807, 1.25170532937, 1.64517738259, 0.625879240781, 4.70768856222, 5051.53336565, 0.0230030411753
0.198386333676, 0.823534678653, 94.2476464821, 0.612193254736, 45.4167427693, 16.2966788946, 0.247203322568, 3.39388986565, 6.38187684801, 363.45512354, 0.0415088167499
0.206304100633, 0.904100458396, 85.133293966, 0.684756029204, 51.4510436755, 1.25170532937, 1.64517738259, 0.625879240781, 14.0202833242, 5174.11719246, 0.0171482351788
0.206304100633, 0.904100458396, 85.133293966, 0.515379789731, 93.7960490986, 1.25170532937, 1.64517738259, 0.625879240781, 8.55627175196, 3864.55615795, 0.034018083347
0.871530823842, 0.82652655774, 84.066192802, 0.619120690818, 66.8883419059, 16.7210151561, 0.548139149499, 3.93233193904, 17.6357764703, 1588.55153351, 0.378034253975
0.189035133116, 0.837781170723, 80.3246266459, 0.60956508701, 44.6322914819, 45.4180819037, 0.30187538399, 0.852890469136, 16.8376226228, 1343.3342472, 0.394393390363
0.478048436637, 0.858727277572, 88.1405383666, 0.678700801658, 47.6059072669, 1.18943647923, 0.378284712422, 2.23892701478, 10.6962943905, 2688.34439809, 0.0415229564559
0.478048436637, 0.858727277572, 88.1405383666, 0.678700801658, 47.6059072669, 1.18943647923, 0.378284712422, 2.23892701478, 10.6962943905, 2111.01553576, 0.0441643896461
0.748812761523, 0.868728935727, 80.5182899213, 0.648378285876, 10.0737983304, 4.49370137505, 0.555483866454, 2.32930727809, 6.06304226718, 2042.35229066, 0.0760653923062
0.580484111245, 0.951001982813, 89.8944038009, 0.432421655345, 72.3169449687, 29.0903566853, 0.869723021364, 2.36269529052, 15.8860230667, 599.242545086, 0.582247111275
0.172856572891, 1.02733173019, 92.2441045601, 0.67028087119, 37.2353636033, 27.3891047019, 0.475095609657, 0.17883086542, 5.28535136806, 1940.49825626, 0.266108270755
0.871530823842, 0.82652655774, 84.066192802, 0.566066767956, 66.8883419059, 16.7210151561, 0.548139149499, 3.93233193904, 17.6357764703, 1839.28018012, 0.415029271432
0.478048436637, 0.858727277572, 88.1405383666, 0.586024865861, 47.6059072669, 11.8646716526, 0.378284712422, 2.23892701478, 10.6962943905, 2688.34439809, 0.0700633544908
0.214539770805, 0.874467189828, 90.6614407959, 0.686709651242, 60.6140358697, 11.5181161022, 0.728828953518, 1.05684963849, 14.0002131565, 4513.41633919, 0.0464345912716
0.214539770805, 0.874467189828, 90.6614407959, 0.686709651242, 60.6140358697, 3.90109449705, 0.555483866454, 1.05684963849, 14.0002131565, 2165.24026372, 0.0885490958966
0.189035133116, 0.837781170723, 82.1064872652, 0.60956508701, 44.6322914819, 49.6723298941, 0.30187538399, 0.852890469136, 16.8376226228, 2114.87032698, 0.369250227171
0.863445615772, 0.822270617055, 81.4861781403, 0.664286516992, 21.0185247165, 45.0330295277, 0.842335119688, 2.40190148759, 4.34535872701, 2149.5219854, 0.360611244908
0.862316671436, 0.822385534326, 87.3755504864, 0.625094782643, 58.5464951273, 24.8476450699, 0.534118888601, 4.22934521724, 8.15007553508, 2034.61634555, 0.423779350936
0.863445615772, 0.822270617055, 81.4861781403, 0.664286516992, 21.0185247165, 45.0330295277, 0.842335119688, 2.40190148759, 4.34535872701, 1867.77040572, 0.576976052789
0.476762819295, 0.84778623602, 89.8906084646, 0.412152909392, 94.3635881285, 30.1628664238, 0.479146962558, 3.89790274512, 3.50496496775, 1868.95292454, 0.462371234503
0.214539770805, 0.874467189828, 90.6614407959, 0.686709651242, 60.6140358697, 3.90109449705, 0.728828953518, 1.05684963849, 14.0002131565, 3118.90564303, 0.0768181087171
0.198631679686, 0.952753417086, 92.5369386666, 0.401036305456, 78.6835713461, 4.02068231266, 1.84835130844, 2.14910209696, 13.4566006954, 7297.3483044, 0.0685940952692
0.748812761523, 0.868728935727, 80.5182899213, 0.471379103831, 10.0737983304, 4.49370137505, 0.728828953518, 2.32930727809, 6.63782730639, 2748.95695465, 0.12133940959
0.748812761523, 0.868728935727, 80.5182899213, 0.471379103831, 10.0737983304, 4.49370137505, 0.555483866454, 2.32930727809, 6.63782730639, 2275.20919546, 0.153578512275
0.882893493414, 0.972675428451, 84.8239544733, 0.475284468387, 43.2241153973, 2.68592916695, 0.37123237562, 1.8745993206, 10.1671114283, 2683.74674463, 0.135742373103
0.748812761523, 0.868728935727, 80.5182899213, 0.648378285876, 10.0737983304, 4.49370137505, 0.555483866454, 2.32930727809, 6.06304226718, 2211.7559684, 0.254338265011
0.787982403981, 0.884180361312, 92.7369214408, 0.602994404167, 70.7884827497, 43.4691295074, 0.474454980071, 2.91382113543, 3.38720276685, 2054.47462252, 0.463767938072
0.563903357559, 0.904100458396, 80.3246266459, 0.60956508701, 93.7960490986, 1.25170532937, 0.30187538399, 0.627130171781, 16.8376226228, 3832.57276572, 0.0774768602197
0.180352431097, 0.858579432969, 90.4782223214, 0.642750984394, 59.7182509017, 5.13251041553, 1.30388617493, 2.45508575191, 8.42289639631, 3512.47608113, 0.10207225101
0.169073582673, 1.13657468766, 81.6608248337, 0.631316966819, 50.0414818641, 5.00167378559, 1.32260811622, 1.13684163007, 14.023833949, 14810.5329092, 0.0689207726876
0.476762819295, 0.84778623602, 89.8906084646, 0.412152909392, 94.3635881285, 26.5605855142, 0.479146962558, 3.89790274512, 3.50496496775, 2359.78904613, 0.219979476964
0.198386333676, 0.851163520842, 86.0264063987, 0.46641312185, 45.4167427693, 16.2966788946, 0.906105149976, 3.39388986565, 13.1177777178, 2415.65133179, 0.206620857323
0.190651780951, 0.94016384764, 80.2347769858, 0.680477532834, 27.1013542109, 14.0624417003, 0.201828141321, 2.3447909136, 19.6640279642, 3337.04462719, 0.149157933307
0.218175332166, 0.859295253487, 81.7681563803, 0.663330421494, 61.1944162779, 36.8896961665, 0.241089458422, 1.50884189246, 11.0892706607, 2865.61694123, 0.157574049179
0.871530823842, 0.82652655774, 84.066192802, 0.619120690818, 66.8883419059, 16.7210151561, 0.548139149499, 3.93233193904, 17.6357764703, 2299.10022514, 0.449556274005
0.346191078346, 0.900814023427, 81.2036070354, 0.47879076379, 31.2203136733, 17.8166549303, 0.382035662515, 1.85893660903, 2.31921886204, 2337.22345969, 0.333288235058
0.862316671436, 0.822385534326, 87.3755504864, 0.599611411187, 58.5464951273, 24.8476450699, 0.534118888601, 3.97979263114, 8.15007553508, 2137.42940557, 0.510041713854
0.370234567339, 1.18345518287, 84.0751845876, 0.639731022941, 26.152135557, 10.9762315725, 0.56714677805, 0.023758882611, 4.09140301516, 12385.7203306, 0.0783760865424
0.197804155162, 0.859295253487, 93.6963964187, 0.682309971314, 46.03282074, 8.42344627982, 1.1119476525, 1.50884189246, 8.99620116623, 5187.34457708, 0.0831468838649
0.285126491395, 0.858579432969, 80.5246929607, 0.66621623887, 59.7182509017, 5.13251041553, 1.30388617493, 1.65338682236, 14.023833949, 4035.15130999, 0.094754015167
0.212349416977, 0.918547729273, 91.094905622, 0.630493629824, 91.1489806412, 8.81812862012, 1.55662789702, 2.23263471748, 5.91059142361, 3931.95903339, 0.119184585385
0.198386333676, 0.851163520842, 94.2476464821, 0.612193254736, 45.4167427693, 16.2966788946, 0.247203322568, 3.39388986565, 17.229352063, 2719.27756242, 0.208651992241
0.261503136777, 0.844278298244, 87.23068988, 0.663418059852, 40.8640439101, 21.415559048, 1.55925310704, 4.01156946568, 6.38187684801, 2627.43051485, 0.213434219708
0.478048436637, 0.858727277572, 88.1405383666, 0.586024865861, 47.6059072669, 11.8646716526, 0.378284712422, 2.23892701478, 10.6962943905, 2582.91912758, 0.235277754631
0.346191078346, 0.900814023427, 81.2036070354, 0.47879076379, 31.2203136733, 17.8166549303, 0.382035662515, 2.3447909136, 2.31921886204, 2939.50796661, 0.169816118264
0.285126491395, 0.858579432969, 80.6663656811, 0.66621623887, 59.7182509017, 5.13251041553, 1.30388617493, 1.65338682236, 14.023833949, 3537.43024661, 0.161445131801
0.189035133116, 0.837781170723, 81.4861781403, 0.60956508701, 42.5156517742, 49.6723298941, 0.842335119688, 0.852890469136, 16.8376226228, 2348.19578284, 0.42340920411
0.871530823842, 0.82652655774, 84.066192802, 0.566066767956, 66.8883419059, 16.7210151561, 0.548139149499, 3.93233193904, 17.6357764703, 2408.3225718, 0.335466661403
0.395836317944, 0.84778623602, 89.8906084646, 0.412152909392, 94.3635881285, 26.5605855142, 0.479146962558, 3.89790274512, 3.50496496775, 2177.29869323, 0.522441107357
0.476762819295, 0.84778623602, 89.8906084646, 0.412152909392, 94.3635881285, 26.5605855142, 0.479146962558, 3.89790274512, 3.50496496775, 2155.27399547, 0.614650724949
0.341036820971, 0.901920224628, 93.5135373732, 0.628153585312, 20.6643059311, 4.07587203862, 1.80815880969, 2.61157560628, 5.96880900185, 4357.64912707, 0.0970570363789
0.163813813534, 0.984267201741, 86.9329739813, 0.47879076379, 31.2203136733, 9.66014857249, 0.382035662515, 2.3447909136, 2.31921886204, 4340.86694207, 0.100410804512
0.169073582673, 0.895369127939, 81.6608248337, 0.642750984394, 50.0414818641, 5.00167378559, 1.32260811622, 1.13684163007, 8.42289639631, 4119.49472687, 0.138276464696
0.251140354454, 0.94016384764, 80.2347769858, 0.680477532834, 27.1013542109, 14.0624417003, 0.201828141321, 1.85893660903, 19.6640279642, 3984.43635251, 0.160318245517
0.261503136777, 0.862316760164, 87.23068988, 0.628153585312, 40.8640439101, 12.5189818295, 0.765839423353, 4.01156946568, 6.38187684801, 2771.24446013, 0.230901672578
0.326898888111, 0.862316760164, 87.23068988, 0.48874646002, 40.8640439101, 12.5189818295, 0.765839423353, 4.01156946568, 5.00902671087, 2614.56850706, 0.235535935854
0.413455937074, 0.936883928802, 94.8226776641, 0.613442578328, 2.87764289216, 11.5019321405, 0.821988626019, 1.87811182624, 10.2317208205, 3374.76168825, 0.208507678795
0.218175332166, 0.859295253487, 81.7681563803, 0.663330421494, 61.1944162779, 36.8896961665, 0.241089458422, 1.50884189246, 11.0892706607, 3117.68509809, 0.227559213581
0.610005762312, 0.854493972728, 81.753609413, 0.646605322433, 10.2127535984, 47.947848911, 0.869325448421, 3.01161631677, 5.99192578067, 2444.12057417, 0.410809398404
0.787982403981, 0.884180361312, 92.7369214408, 0.602994404167, 70.7884827497, 43.4691295074, 0.474454980071, 2.91382113543, 3.38720276685, 2522.43828653, 0.41056048265
0.670855790228, 0.843546995551, 83.7540239156, 0.405216231326, 84.6609836883, 46.3989645864, 0.548748857227, 1.6362763603, 7.45878677299, 2339.48324576, 0.52763193961
0.587495647618, 0.894714608087, 90.9413494929, 0.606166916035, 87.2060051425, 28.7349456314, 0.488694561909, 4.47072285608, 14.5642273285, 2313.83396324, 0.647022510897
0.212349416977, 0.918547729273, 91.094905622, 0.630493629824, 91.1489806412, 8.81812862012, 1.55662789702, 2.23263471748, 5.91059142361, 5437.13233082, 0.0984326180936
0.169073582673, 0.895369127939, 92.3255076669, 0.642750984394, 60.0529478264, 5.00167378559, 1.32260811622, 2.04291819119, 8.42289639631, 4528.48411152, 0.10490702224
0.62563917478, 0.880370703004, 84.955688498, 0.462374424788, 80.9703248674, 5.78065686489, 1.88871908489, 0.677182070074, 16.4669507243, 4468.24522727, 0.190104151988
0.499814795817, 0.940848885362, 83.8496597183, 0.602408553121, 28.4839835754, 15.4274776095, 0.894952325822, 0.451069259199, 2.50027257341, 2789.84426838, 0.262004845686
0.499814795817, 0.940848885362, 83.8496597183, 0.619120690818, 28.4839835754, 15.4274776095, 0.894952325822, 0.451069259199, 2.50027257341, 2623.78210955, 0.305380957312
0.432363756265, 0.907693717665, 84.0751845876, 0.639731022941, 26.152135557, 10.9762315725, 0.56714677805, 0.023758882611, 4.09140301516, 3058.70780784, 0.25027189542
0.261742186154, 0.884180361312, 81.7810368382, 0.451448930219, 45.4598230245, 12.2895940067, 1.56029882156, 4.84931003345, 7.99212498659, 3769.09230357, 0.235306641367
0.261742186154, 0.884180361312, 81.7810368382, 0.451448930219, 45.4598230245, 12.2895940067, 1.56029882156, 4.84931003345, 7.99212498659, 4290.79904654, 0.232559307146
0.670855790228, 0.843546995551, 83.7540239156, 0.602408553121, 84.6609836883, 46.3989645864, 0.905387909008, 1.6362763603, 7.45878677299, 2425.03509378, 0.537493368369
0.102654321367, 0.972675428451, 88.6487844005, 0.663007058207, 98.8945588937, 33.0196470293, 1.2151198951, 4.41499317843, 10.7601298199, 9914.321895, 0.0998208660861
0.248094058769, 1.02175849009, 83.6318511991, 0.633725298035, 48.3149999442, 25.1481416053, 0.816431057319, 3.04957081783, 1.31208463655, 6321.31706904, 0.111943463528
0.180352431097, 0.858579432969, 87.6316858221, 0.631316966819, 59.7182509017, 5.13251041553, 1.30388617493, 2.45508575191, 14.023833949, 4569.92152917, 0.124447156483
0.882893493414, 1.14278776359, 84.5768090513, 0.475284468387, 43.2241153973, 2.68592916695, 0.37123237562, 1.8745993206, 10.1671114283, 5949.03080828, 0.124325989684
0.432363756265, 0.907693717665, 84.0751845876, 0.639731022941, 31.6754748726, 10.9762315725, 0.56714677805, 0.023758882611, 4.09140301516, 2816.07548362, 0.311110460504
0.218175332166, 0.859295253487, 93.6963964187, 0.663330421494, 74.5383427719, 36.8896961665, 0.241089458422, 1.50884189246, 11.0892706607, 2635.50961399, 0.380072193486
0.62563917478, 0.880370703004, 84.955688498, 0.462374424788, 80.9703248674, 5.78065686489, 0.797493483001, 0.619063558876, 16.4669507243, 3208.71279805, 0.267943150598
0.62563917478, 0.880370703004, 84.955688498, 0.462374424788, 80.9703248674, 5.78065686489, 1.88871908489, 0.677182070074, 16.4669507243, 3898.13834881, 0.239007924308
0.863445615772, 0.822270617055, 80.7857930967, 0.664286516992, 21.0185247165, 45.0330295277, 0.30187538399, 2.40190148759, 4.34535872701, 2614.54019985, 0.564586260348
0.214539770805, 1.16711185624, 90.6614407959, 0.686709651242, 60.6140358697, 11.5181161022, 0.728828953518, 2.23263471748, 14.0002131565, 11925.2533369, 0.102341919096
0.882893493414, 1.14278776359, 84.5768090513, 0.475284468387, 43.2241153973, 2.68592916695, 0.37123237562, 1.8745993206, 10.1671114283, 9535.44652413, 0.113371387751
0.212349416977, 0.918547729273, 94.3976561553, 0.630493629824, 91.1489806412, 8.81812862012, 1.55662789702, 2.23263471748, 5.91059142361, 4744.67672844, 0.210298433259
0.248094058769, 1.02175849009, 83.6318511991, 0.633725298035, 33.0695699853, 25.1481416053, 0.816431057319, 3.04957081783, 1.31208463655, 5061.26163257, 0.177543597019
0.685631083888, 0.901920224628, 93.5135373732, 0.48874646002, 20.6643059311, 4.07587203862, 1.99441877207, 2.61157560628, 5.96880900185, 4580.58780474, 0.228559800688
0.169073582673, 0.895369127939, 92.3255076669, 0.642750984394, 50.0414818641, 5.00167378559, 1.32260811622, 2.04291819119, 8.42289639631, 5671.71609619, 0.135377634503
0.251140354454, 0.94016384764, 81.4879810278, 0.680477532834, 58.599338654, 14.0624417003, 0.201828141321, 1.85893660903, 19.6640279642, 3052.16058533, 0.313036738983
0.405811655095, 0.952753417086, 80.6862628927, 0.447212960996, 4.59850978331, 41.7536211664, 0.587073253332, 2.29880673484, 13.4566006954, 2886.6657635, 0.403530876774
0.587495647618, 0.894714608087, 90.9413494929, 0.606166916035, 87.2060051425, 14.7675066679, 0.301580154259, 4.47072285608, 12.7821201986, 2655.25916657, 0.446407164077
0.862316671436, 0.822385534326, 87.3755504864, 0.625094782643, 58.5464951273, 24.8476450699, 0.534118888601, 3.97979263114, 8.15007553508, 3506.46646787, 0.267962247103
0.629278164518, 0.877800056277, 89.7882138989, 0.550063198816, 82.5749482846, 20.0095836124, 1.87426113937, 3.5932881086, 3.57268225158, 3261.88626488, 0.311106451144
0.208179514676, 1.02283261812, 84.6062650166, 0.614193995161, 39.4388982862, 46.8307012225, 0.72864433166, 3.8763148717, 7.32928887573, 4102.41569524, 0.253451677761
0.281919247235, 1.17786694715, 93.5428494208, 0.537038940662, 95.7836853293, 6.37115656433, 1.45736567918, 3.38387355206, 15.7903477657, 19105.1314749, 0.10623106455
0.863445615772, 0.822270617055, 81.4861781403, 0.664286516992, 21.0185247165, 45.0330295277, 0.842335119688, 2.40190148759, 4.34535872701, 2805.57400803, 0.637357317708
0.48207393567, 1.24615275853, 91.2956659958, 0.624706666465, 52.5823745807, 1.89205972272, 0.0481474164514, 2.1247033422, 3.90881542627, 15231.0694601, 0.122153953342
0.882893493414, 1.14278776359, 84.5768090513, 0.524006946231, 98.4370483972, 2.68592916695, 0.37123237562, 1.8745993206, 7.45878677299, 6714.76658052, 0.13967231497
0.670855790228, 0.843546995551, 83.7540239156, 0.619120690818, 84.6609836883, 46.3989645864, 0.905387909008, 0.797201409981, 3.94510454142, 2912.25059883, 0.5061607278
0.894195418795, 0.959848142956, 86.0264063987, 0.46641312185, 0.452380006388, 13.6652641793, 0.906105149976, 0.0350691659885, 13.1177777178, 3192.9385801, 0.366028443816
0.522660490637, 0.953609584693, 93.7791114192, 0.425182001606, 51.9463675475, 24.8573741133, 0.181426444342, 1.95319543669, 8.81878859141, 3095.11365915, 0.455120533071
