0.0, 2.0, 0.0, 1.0, 2.0, 1.0, 0.0, -1.0, 3.0, 2.0, -1.0, -1.0, 3.0, 1.0, 2.0, 3.0, -1.0, 2.0, 1.0, 0.0, 1.0, 1.0, 1.0, -1.0, 0.0, 2.0, 2.0, -1.0, 0.0, 2.0, 3.0, 1.0, 2.0, 1.0, 0.0, 0.0, 1.0, 0.0, 0.0, 0.0, 1.0, 3.0, 0.0, 3.0, -1.0, 3.0, 3.0, 3.0, -1.0, 2.0, 94590.0, 584.0, 99449.0
-1.0, 2.0, -1.0, 3.0, -1.0, 3.0, -1.0, 2.0, 2.0, 0.0, 1.0, 1.0, -1.0, -1.0, -1.0, 2.0, 3.0, -1.0, 1.0, -1.0, 0.0, 3.0, 1.0, 2.0, -1.0, 1.0, 3.0, 1.0, 0.0, 1.0, 0.0, -1.0, -1.0, 0.0, 0.0, -1.0, 3.0, 0.0, 1.0, 1.0, 3.0, 2.0, 2.0, 3.0, 2.0, 1.0, -1.0, -1.0, 0.0, 0.0, 95738.0, 485.0, 99573.0
0.0, 0.0, 3.0, 2.0, 0.0, 1.0, 1.0, -1.0, 1.0, 2.0, -1.0, 1.0, 2.0, 2.0, 0.0, 2.0, 0.0, -1.0, 1.0, 1.0, 2.0, 1.0, -1.0, 0.0, 2.0, 0.0, -1.0, 2.0, 3.0, 3.0, 2.0, 3.0, 0.0, 0.0, 2.0, -1.0, 0.0, 0.0, -1.0, 3.0, 3.0, 2.0, 1.0, -1.0, 3.0, 1.0, 1.0, 3.0, 1.0, 3.0, 94491.0, 585.0, 99432.0
0.0, 2.0, 1.0, 1.0, 2.0, 1.0, -1.0, 2.0, -1.0, 0.0, -1.0, 2.0, 0.0, -1.0, 2.0, 1.0, 2.0, 3.0, 2.0, 1.0, 0.0, -1.0, 2.0, 2.0, 1.0, -1.0, 1.0, 1.0, 2.0, 2.0, 0.0, 1.0, -1.0, 0.0, 0.0, -1.0, -1.0, 0.0, 3.0, 0.0, 3.0, 1.0, 1.0, 0.0, 3.0, 0.0, -1.0, 3.0, 3.0, -1.0, 94709.0, 526.0, 99469.0
3.0, -1.0, 1.0, 0.0, 2.0, 3.0, 0.0, -1.0, 0.0, 0.0, 3.0, -1.0, -0.607386086814, 3.0, -1.0, 2.0, 2.0, 1.0, 1.42594883602, 1.0, 1.0, 3.0, 2.0, 0.0, 2.0, -1.0, -1.0, 2.0, 1.0, 0.371255356693, -1.0, -1.0, 0.0, 2.0, 1.0, 0.0, 1.0, 0.0, -1.0, 1.0, 1.0, 1.0, -1.0, 2.0, 3.0, 3.0, 0.0, -1.0, -1.0, 1.0, 95173.0, 508.0, 99525.0
3.0, 0.0, 2.0, 0.0, 1.0, -1.0, 0.0, 2.0, 1.0, -0.547007621837, 3.0, -1.0, 0.0, 1.0, 3.0, -1.0, 3.0, 1.2162235458, 0.0, 3.0, 3.0, 3.0, 0.0, 0.0, 2.0, 1.0, -0.904827234963, 3.0, 3.0, 1.0, -1.0, 1.0, 0.0, 2.0, 2.0, 2.50604671381, 2.0, 0.0, -1.0, 2.0, 0.0, 1.94370020145, 1.0, 3.0, 1.0, 2.0, -1.0, 2.0, 1.0, -1.0, 94675.0, 560.0, 99439.0
2.0, 2.0, 3.0, 0.0, 1.0, -1.0, 2.0, -1.0, 3.0, 3.0, -1.0, 3.0, 0.0, 2.0, -1.0, 3.0, 3.0, 1.0, -1.0, 2.0, 1.0, 2.0, 0.0, -1.0, 0.0, 1.0, 1.0, -1.0, 3.0, 0.0, -1.0, 3.0, 1.0, 0.0, 1.0, 0.0, 1.0, 0.0, -1.0, 0.0, 2.0, 2.0, 0.0, 0.0, -1.0, -1.0, -1.0, 1.0, 3.0, 0.0, 95014.0, 518.0, 99493.0
-1.0, 0.0, 2.0, 2.0, 0.0, 2.0, 2.0, 1.0, 3.0, -1.0, -1.0, 2.0, 0.0, 0.0, 3.0, 1.0, -1.0, 1.0, 2.0, 0.0, 2.0, -1.0, 1.0, 3.0, -1.0, -1.0, 0.0, 3.0, 0.0, 0.0, 1.0, 2.0, -1.0, 1.0, 1.0, 1.0, 3.0, 1.0, -1.0, 2.0, 1.0, 0.0, 2.0, 0.0, 3.0, 3.0, 2.0, 0.0, 3.0, -1.0, 94592.0, 559.0, 99450.0
2.0, 1.0, 2.0, 0.0, 2.0, 3.0, 3.0, -1.0, 1.0, 3.0, 0.0, 0.0, 3.0, 1.0, 3.0, 0.0, 2.0, 0.0, 2.0, 0.0, 3.0, -1.0, 2.0, 1.0, 1.0, 3.0, 3.0, 3.0, 2.0, 1.0, -1.0, -1.0, 1.0, 2.0, 0.0, 1.0, -1.0, 1.0, 3.0, 0.0, 1.0, -1.0, 3.0, -1.0, 0.0, 0.0, 2.0, 1.0, 2.0, 0.0, 94517.0, 588.0, 99431.0
3.0, 0.0, 2.0, 0.0, 1.0, -1.0, 0.0, 2.0, 1.0, 2.0, 3.0, -1.0, 0.0, 1.0, 3.0, -1.0, 3.0, 1.0, 0.0, 3.0, 3.0, 3.0, 0.0, 0.0, 2.0, 1.0, 0.0, 3.0, 3.0, 1.0, -1.0, 1.0, -1.0, 2.0, 2.0, 3.0, 2.0, 0.0, -1.0, 2.0, 0.0, 1.0, 1.0, 3.0, 1.0, 2.0, -1.0, 2.0, 1.0, -1.0, 94662.0, 574.0, 99437.0
3.0, -1.0, 0.0, 2.0, 0.0, -1.0, -1.0, 1.0, -1.0, 2.0, -1.0, 0.0, 3.0, 0.0, 1.0, -1.0, -1.0, 0.0, 2.0, 3.0, 3.0, 0.0, 2.0, 2.0, -1.0, 0.0, 1.0, 0.0, 1.0, 1.0, 1.0, 1.0, -1.0, 2.0, 2.0, 0.0, 1.0, -1.0, 1.0, 3.0, 0.0, 2.0, 2.0, -1.0, 2.0, 3.0, 2.0, 3.0, 1.0, -1.0, 94979.0, 525.0, 99488.0
3.0, 1.0, 0.0, -1.0, 0.0, 1.0, 2.0, -1.0, 3.0, -1.0, 0.0, -1.0, 1.0, 2.0, 1.0, 3.0, 1.0, 1.0, 2.0, 0.0, 0.0, 2.0, -1.0, 1.0, 2.0, 0.0, -1.0, 2.0, 0.0, -1.0, 2.0, 3.0, -1.0, 2.0, -1.0, 2.0, 1.0, 0.0, 3.0, -1.0, 3.0, 1.0, 0.0, 3.0, -1.0, 2.0, -1.0, 0.0, 3.0, -1.0, 95136.0, 514.0, 99505.0
0.0, 1.0, -1.0, -1.0, 3.0, 3.0, 1.0, -1.0, 1.0, 0.0, -1.0, 0.0, 0.0, 3.0, 0.0, 0.0, 2.0, 0.0, -1.0, -1.0, -1.0, 1.0, 1.0, 0.0, 2.0, -1.0, 1.0, 2.0, 1.0, 2.0, 3.0, -1.0, -1.0, -1.0, 2.0, 1.0, 2.0, 2.0, 1.0, 0.0, -1.0, -1.0, 0.0, -1.0, 2.0, -1.0, 1.0, 2.0, 1.0, 3.0, 95248.0, 487.0, 99542.0
2.0, 0.0, -1.0, 3.0, 2.0, 2.0, 2.0, 0.0, -1.0, 0.0, -1.0, 1.0, 3.0, -1.0, 1.0, 3.0, 0.0, 3.0, 2.0, -1.0, 0.0, 2.0, 1.0, -1.0, 1.0, 1.0, -1.0, -1.0, 0.0, 0.0, -1.0, 3.0, -1.0, 3.0, 1.0, 1.0, -1.0, 2.0, 1.0, 3.0, 1.0, 1.0, 0.0, -1.0, -1.0, 2.0, 0.0, 3.0, 2.0, 1.0, 95377.0, 499.0, 99501.0
-1.0, 2.0, 1.0, 0.0, 2.0, 2.0, 1.0, -1.0, 3.0, 2.0, 3.0, 1.0, 1.0, -1.0, -1.0, -1.0, 0.0, -1.0, 1.0, 3.0, 0.0, 2.0, -1.0, 3.0, -1.0, 0.0, 0.0, 1.0, -1.0, 2.0, 0.0, 2.0, -1.0, 0.0, 0.0, 2.0, 0.0, 2.0, 1.0, -1.0, 1.0, 3.0, 1.0, 0.0, -1.0, 2.0, -1.0, 1.0, 2.0, 1.0, 95103.0, 514.0, 99515.0
1.0, 1.0, 0.0, 1.0, 2.0, 3.0, 3.0, 2.0, 1.0, 1.0, 2.0, 2.0, -1.0, 1.0, 3.0, 0.0, 3.0, 0.0, 1.0, -1.0, 0.0, 3.0, -1.0, 1.0, 2.0, -1.0, 3.0, 0.0, 1.0, 2.0, 3.0, 1.0, 0.0, 0.0, 0.0, 2.0, 1.0, 0.0, 3.0, 2.0, -1.0, 3.0, 2.0, 3.0, 2.0, 2.0, -1.0, 0.0, 2.0, -1.0, 94436.0, 592.0, 99437.0
0.0, 0.0, 0.0, 0.0, 1.0, 1.0, 2.0, -1.0, 3.0, 3.0, 1.0, 1.0, 2.0, -1.0, 3.0, 3.0, 2.0, 1.0, -1.0, 1.0, 3.0, 2.0, 3.0, 2.0, 0.0, 2.0, 3.0, -1.0, 0.0, 2.0, -1.0, 3.0, 0.0, 1.0, 2.0, 3.0, 2.0, 3.0, 0.0, -1.0, 0.0, 0.0, 1.0, 1.0, -1.0, 1.0, 0.0, 1.0, 0.0, 2.0, 94466.0, 596.0, 99434.0
3.0, 1.0, 1.0, 1.0, 1.0, 3.0, 0.0, 3.0, -1.0, 1.0, -1.0, 1.0, 3.0, -1.0, 0.0, 1.0, 0.0, 0.0, 0.0, -1.0, 2.0, -1.0, 2.0, 2.0, 3.0, 0.0, -1.0, 0.0, -1.0, 2.0, 2.0, 0.0, -1.0, 0.0, 1.0, 3.0, 2.0, 2.0, 0.0, 2.0, 3.0, 2.0, -1.0, 3.0, 1.0, 0.0, 1.0, -1.0, 2.0, 1.0, 94650.0, 543.0, 99473.0
3.0, 1.0, 0.0, 0.0, 2.0, 1.0, 2.0, -0.15171380001, -1.0, 0.0, 0.56039514991, -1.0, -0.470781027522, -1.0, 1.0, -1.0, 2.0, 3.0, 2.0, 1.0, -1.0, 0.0, -1.0, 3.0, 2.0, -1.0, 1.0, 2.0, 2.0, -1.0, 3.0, 3.0, 2.53234630449, 1.0, 1.0, 0.0, 0.0, 0.0, 2.0, 3.0, 3.0, 1.0, 3.0, 2.0, -1.0, -1.0, 0.0, 3.0, 0.0, 1.39251199176, 94948.0, 555.0, 99464.0
-1.0, 0.0, 2.0, -1.0, 0.0, -1.0, 0.0, 1.0, 1.0, -1.0, -1.0, 0.0, 3.0, 2.0, -1.0, -1.0, 0.0, 2.0, 0.0, 3.0, 2.0, 1.0, 1.0, 3.0, 0.0, -1.0, -1.0, 1.0, 3.0, -1.0, 2.0, 3.0, 0.0, 1.0, 2.0, 0.0, 0.0, 2.0, 3.0, 3.0, 1.0, 0.0, -1.0, 2.0, -1.0, 1.0, 2.0, 1.0, 0.0, 1.0, 94905.0, 528.0, 99490.0
2.0, 3.0, -1.0, 2.0, -1.0, 1.0, -1.0, -1.0, -1.0, 3.0, 2.0, 1.0, 0.0, -1.0, 2.0, 3.0, 2.0, 2.0, 1.0, 0.0, 1.0, -1.0, -1.0, 0.0, 0.0, 3.0, 2.0, 2.0, 1.0, 3.0, 1.0, 0.0, 2.0, -1.0, 0.0, 0.0, -1.0, 3.0, 0.0, 1.0, 2.0, 3.0, 1.0, 0.0, 0.0, 2.0, 1.0, 3.0, 0.0, 1.0, 94741.0, 550.0, 99470.0
3.0, 3.0, 3.0, 2.0, 0.0, 1.0, -1.0, 1.0, 0.0, 0.0, 3.0, -1.0, 0.0, 2.0, 2.0, -1.0, 3.0, 0.0, 1.0, 1.0, 2.0, 3.0, 1.0, 0.0, -1.0, -1.0, -1.0, 1.0, 0.0, -1.0, 1.0, -1.0, 0.0, 1.0, 2.0, 0.0, 3.0, 2.0, 3.0, 1.0, 3.0, -1.0, 2.0, 0.0, 2.0, -1.0, -1.0, 0.0, 3.0, 3.0, 94891.0, 532.0, 99487.0
0.0, 0.0, -0.801665967264, 1.0, 3.0, 2.0, 1.61286342754, -1.0, 1.0, -1.0, -1.0, 1.92503007519, 0.0420416378356, -1.0, 0.115970344728, 1.0, -1.0, -1.0, 2.0, 3.0, 2.0, 1.0, 0.0, 2.0, 0.0, -1.0, 0.0, 0.0, 3.0, 3.0, 2.0, 0.0, -1.0, 0.588463676301, 2.0, 1.0, -1.0, 2.0, 1.91425773505, 2.0, 3.0, 3.0, 3.0, 0.0, 0.0, -0.654206506107, 1.0, 1.0, -1.0, 1.0, 94969.0, 540.0, 99480.0
3.0, -1.0, 1.0, 0.0, 2.0, 3.0, 0.0, -1.0, 0.0, 0.0, 3.0, -1.0, 0.0, 3.0, 2.0, 2.0, 2.0, 1.0, 0.0, 1.0, 1.0, 3.0, 2.0, 0.0, 2.0, -1.0, -1.0, 2.0, 1.0, 1.0, -1.0, -1.0, 0.0, 2.0, 1.0, 0.0, 1.0, 0.0, -1.0, 1.0, 1.0, 1.0, -1.0, 2.0, 3.0, 3.0, 0.0, -1.0, -1.0, 1.0, 94802.0, 537.0, 99487.0
0.0, 3.0, 2.0, 0.0, 0.0, -1.0, 3.0, 1.0, -1.0, 2.0, -1.0, 3.0, -1.0, 1.0, 1.0, -1.0, 2.0, 2.0, 2.0, 3.0, 0.0, 2.0, -1.0, 1.0, 2.0, 0.0, 1.0, 3.0, 0.0, 1.0, 1.0, 0.0, 1.0, 2.0, 3.0, 2.0, 3.0, -1.0, 1.0, 0.0, -1.0, 0.0, 1.0, 3.0, 0.0, -1.0, 3.0, 3.0, 2.0, 0.0, 94773.0, 568.0, 99449.0
0.0, 0.0, 3.0, 2.0, 3.0, 1.0, 1.0, -1.0, 1.0, 2.0, -1.0, 1.0, 2.0, 2.0, 0.0, 2.26689865525, 0.0, -1.0, 1.0, 1.0, 2.0, 1.0, -1.0, 0.0, -0.539459787372, 0.0, -1.0, 2.0, 3.0, 3.0, 2.0, 3.0, 0.0, 0.0, 2.0, -1.0, 0.0, 0.0, -1.0, 3.0, 3.0, 2.0, 1.0, -1.0, 3.0, 1.0, 1.0, 3.0, 1.0, 3.0, 94744.0, 571.0, 99443.0
1.0, 3.0, -1.0, 0.0, 1.0, -1.0, 3.0, 2.0, -1.0, 2.0, -1.0, -1.0, 2.0, 2.0, -1.0, 1.0, 0.0, 3.0, 3.0, 1.0, 0.0, 2.0, -1.0, 3.0, 0.0, 2.0, -1.0, 2.0, 0.0, -1.0, 0.0, 1.0, -1.0, 0.0, 0.0, 2.0, 3.0, -1.0, -1.0, 1.0, 3.0, 1.0, 3.0, -1.0, 0.0, 1.0, 0.0, 3.0, 0.0, 2.0, 95334.0, 509.0, 99509.0
0.0, 0.0, 1.0, 2.0, 1.0, -1.0, 2.0, 0.0, -1.0, 2.0, 1.0, 1.0, -1.0, 0.0, 2.0, 2.0, -0.691660103137, 1.26025921, 1.0, 2.44836994876, 2.0, 2.0, 3.0, -1.0, -1.0, 1.0, -1.0, -1.0, 0.0, 2.0, 3.0, 1.0, 2.87284615321, -1.0, 0.899779234276, 0.0, 0.0, 0.0, 0.0, -1.0, 3.0, 3.0, 1.0, 2.0, 0.0, 2.0, -1.0, -1.0, 3.0, 3.0, 95109.0, 523.0, 99511.0
2.0, -1.0, -1.0, -1.0, 1.0, 1.0, 2.0, 1.0, 1.0, 2.0, 1.0, -1.0, -1.0, 3.0, 0.0, 2.0, 0.434160943766, 1.0, 2.0, 1.0, 0.0, 3.0, 1.0, 1.0, 0.0, 3.0, 3.0, 0.00454631272122, 2.0, 2.0, 2.0, 3.0, 3.0, -1.0, 0.0, 0.0, 3.0, 1.0, 2.0, 1.0, 0.0, -1.0, 3.0, 0.0, 0.0, 0.0, -1.0, 2.0, 3.0, 1.54416913871, 94609.0, 587.0, 99458.0
-1.0, 0.0, 2.0, 2.0, 0.0, 2.0, 2.0, 1.0, 3.0, -1.0, -1.0, 2.0, 0.0, 0.0, 3.0, 1.0, -1.0, 1.0, 2.0, 0.0, 2.0, -1.0, 1.0, 3.0, -1.0, -1.0, 0.0, 3.0, 0.0, 0.0, 1.0, 2.0, -1.0, 1.0, 0.931580894168, 3.0, 3.0, 1.0, -1.0, 2.0, 1.0, 0.0, 2.0, 0.0, 3.0, 3.0, 2.0, 0.0, 3.0, -1.0, 94652.0, 559.0, 99450.0
0.0, 1.0, -1.0, -1.0, 3.0, 3.0, 1.0, -1.0, 1.0, 0.0, -1.0, 0.0, 0.0, 3.0, 0.0, 0.0, 2.0, 2.0, -1.0, -1.0, -1.0, 1.0, 1.0, 0.0, 2.0, -1.0, 1.0, 2.0, 1.0, 2.0, 3.0, -1.0, -1.0, -1.0, 2.0, 1.0, 2.0, -0.103160497673, 1.0, 0.0, -1.0, -1.0, 0.0, -1.0, 2.0, -1.0, 1.0, 2.85574347324, 1.0, 3.0, 95287.0, 487.0, 99542.0
3.0, 2.0, 0.0, 1.0, 1.0, 3.0, 3.0, 2.0, -1.0, 0.0, -1.0, 2.0, 3.0, 0.0, 0.0, 0.0, 0.0, 1.0, 2.0, 2.0, 1.0, 1.0, -1.0, 2.0, -1.0, -1.0, -1.0, -1.0, -1.0, 1.0, 3.0, 2.0, -1.0, 0.0, 3.0, 1.0, 3.0, 1.0, 2.0, 0.0, -1.0, -1.0, 3.0, 0.0, 1.0, -1.0, 2.0, -1.0, -1.0, 2.0, 95234.0, 493.0, 99515.0
1.0, 2.0, 0.0, -1.0, 1.0, 2.0, -1.0, -1.0, 2.0, 2.0, -1.0, 0.0, 0.0, -1.0, 2.0, 3.0, -1.0, 1.0, 1.0, -1.0, 1.0, -1.0, -1.0, -1.0, 3.0, 0.0, 0.0, -1.0, 3.0, 1.0, 0.0, 2.0, 0.0, 1.0, 1.0, 2.0, 0.0, 3.0, 3.0, -1.0, 1.0, 0.0, 3.0, 3.0, 3.0, 0.0, 1.0, -1.0, 3.0, -1.0, 95479.0, 492.0, 99520.0
3.0, 1.0, 1.0, 1.0, 1.0, 3.0, 0.0, 3.0, -1.0, 1.0, -1.0, 1.0, 3.0, -1.0, 0.0, 1.0, 2.0, 0.0, 0.0, -1.0, 2.0, -1.0, 2.0, 2.0, 3.0, 0.0, -1.0, 0.0, -1.0, 2.0, 2.0, 0.0, -1.0, 0.0, 1.0, 3.0, 2.0, 2.0, 0.0, 2.8493494993, 3.0, 2.0, -1.0, 3.0, 1.0, 0.0, 1.0, -1.0, 2.0, 1.0, 94751.0, 543.0, 99473.0
-1.0, 0.0, 1.0, 1.0, 1.0, -1.0, 3.0, 1.0, 2.0, 1.0, 0.0, 2.0, 1.0, -1.0, -1.0, 3.0, 3.0, 0.0, 1.0, 3.0, 0.0, -1.0, -1.0, -1.0, 2.0, 2.0, 0.0, 0.0, 3.0, 3.0, -1.0, 2.0, 1.0, 3.0, 0.0, 0.0, 0.0, 3.0, -1.0, 0.0, 2.0, -1.0, 2.0, 1.0, 3.0, 2.0, 2.0, 1.0, 2.0, 1.0, 94930.0, 548.0, 99465.0
3.0, 1.0, 0.0, 0.0, 2.0, 1.0, 2.0, 0.0, -1.0, 0.0, 2.0, -1.0, 0.0, -1.0, 1.0, -1.0, 2.0, 3.0, 2.0, 1.0, -1.0, 0.0, -1.0, 3.0, 2.0, -1.0, 1.0, 2.0, 3.0, -1.0, 3.0, 3.0, 2.0, 1.0, 1.0, 1.0, 0.0, 0.0, 2.0, 3.0, 3.0, 1.0, 3.0, 2.0, -1.0, -1.0, 0.0, 3.0, 0.0, 3.0, 95047.0, 555.0, 99464.0
0.0, 3.0, 2.0, 0.0, 0.0, -1.0, 3.0, 1.0, -1.0, 2.82560925731, -1.0, 3.0, -1.0, 1.0, 1.0, -1.0, 2.0, 2.0, 2.0, 3.0, 0.0, 2.0, -1.0, 1.0, 2.46387982546, 0.0, 1.0, 3.0, 0.0, 1.0, 1.0, 0.0, 1.0, 2.0, 3.0, 2.0, 3.0, -1.0, 1.0, 0.0, -1.0, 0.0, 1.0, 3.0, 0.0, -1.0, 3.0, 2.85912590472, 2.0, 0.0, 94796.0, 568.0, 99449.0
1.0, 3.0, -1.0, 0.0, -0.864667831553, -1.0, 3.0, 2.0, -1.0, 2.0, -1.0, -1.0, 2.0, 2.0, -1.0, 1.0, 0.0, 3.0, 3.0, 1.0, 1.86271881201, 2.0, -1.0, 3.0, 0.0, 2.0, -1.0, 2.0, 0.0, -1.0, 0.0, 1.0, -1.0, 0.0, 0.0, 0.425936621611, 3.0, 0.174641080458, -1.0, 1.0, 3.0, 1.0, 3.0, -1.0, 1.56338267713, 1.0, 0.0, 3.0, 0.0, 2.0, 95392.0, 510.0, 99510.0
1.0, 3.0, 0.0, -1.0, 3.0, 2.0, 2.0, 3.0, 2.0, 0.0, 1.0, 3.0, 1.0, -1.0, 0.0, 1.0, 0.0, 0.0, 2.0, -1.0, 0.0, 1.0, 1.0, 1.0, 3.0, 1.0, 0.0, 0.0, 2.0, 1.0, -1.0, -1.0, 0.0, 0.0, 0.0, 3.0, 2.0, 1.0, -1.0, 2.0, 3.0, 3.0, 3.0, -1.0, 3.0, 2.0, 2.0, 2.0, 3.0, -1.0, 94766.0, 581.0, 99453.0
1.0, 2.0, -1.0, -1.0, 1.0, 1.0, -1.0, 2.0, 1.0, 0.0, 3.0, 1.0, 2.0, 1.0, 3.0, -1.0, -1.0, 0.0, 0.0, 2.0, -1.0, 3.0, -1.0, 0.0, -1.0, 1.0, 2.0, 3.0, 3.0, 0.0, 1.0, 2.0, 0.0, 2.0, 0.0, 3.0, 1.0, 0.0, -1.0, 2.0, 2.0, 3.0, 1.0, 2.0, 0.0, 3.0, -1.0, 3.0, 0.0, 0.0, 94720.0, 560.0, 99459.0
1.0, 1.0, 3.0, 2.0, 3.0, 0.0, -1.0, 1.0, 0.0, 1.0, 2.0, 1.0, 1.0, -1.0, -1.0, 1.0, 2.0, 0.0, 1.0, 3.0, 3.0, 2.0, 2.0, 0.0, 3.0, 2.0, -1.0, 3.0, 1.0, -1.0, 2.0, 0.0, -1.0, 3.0, -1.0, 0.0, 2.0, 2.0, 0.0, 0.0, 0.0, 2.0, -1.0, 0.0, 0.0, 0.0, 3.0, 1.0, 1.0, 3.0, 94656.0, 581.0, 99466.0
3.0, 3.0, 1.0, 2.0, 0.0, 2.0, 2.0, -1.0, 3.0, 3.0, -1.0, -1.0, 1.0, 0.0, 3.0, -1.0, 1.0, -1.0, 0.0, 0.0, 1.0, 1.0, 0.0, 0.0, -1.0, 1.0, 1.0, 0.0, 3.0, 1.0, 0.0, 3.0, 0.0, 2.0, 3.0, 1.0, -0.632333270281, 2.0, 0.0, -0.870798763457, -1.0, -1.0, 2.0, 3.0, 3.0, 0.732456146037, 2.0, -1.0, -1.0, 2.0, 95255.0, 528.0, 99501.0
1.0, 0.0, 3.0, 2.0, 3.0, 3.0, -1.0, 2.0, -1.0, 1.0, -1.0, 1.0, 1.0, 2.0, 0.0, -1.0, -1.0, 3.0, 2.0, -1.0, 1.0, 2.0, 0.0, -1.0, 3.0, 3.0, 1.0, -1.0, 3.0, 1.0, 1.0, 0.0, 0.0, -1.0, 1.0, 0.0, 2.0, 0.0, 0.0, 2.0, 2.0, 0.0, 0.0, -1.0, 0.0, 3.0, -1.0, 2.0, 1.0, 3.0, 95049.0, 531.0, 99491.0
1.0, 0.0, 3.0, 1.0, -1.0, 0.0, 3.0, -1.0, 2.24711453764, 2.0, -1.0, 2.98029728541, 0.0, 2.0, 0.0, 3.0, 0.0, 3.0, 1.0, 1.0, -1.0, 0.0, 3.0, 2.0, 2.0, 1.13575525146, 3.0, -1.0, 2.5812664364, -0.71630093777, -1.0, -1.0, 2.0, -0.163327965045, -1.0, 1.0, 0.0, 0.0, 2.0, 1.0, 1.0, 0.0, 3.0, 3.0, 2.0, 1.0, 2.0, 0.0, -1.0, -1.0, 95030.0, 534.0, 99490.0
-1.0, 2.0, 3.0, -1.0, 0.0, 2.0, 1.0, 1.0, 1.28282100028, 1.0, -1.0, -0.443609185389, 2.0, 1.0, 3.0, 3.0, 0.0, -1.0, -1.0, 2.0, 3.0, -0.787180741153, -1.0, 0.0, -1.0, 1.8669835282, 0.0, 2.7179653611, -1.0, -1.0, 3.0, 3.0, 2.07516548918, 3.0, 3.0, -1.0, 2.0, 1.6110453162, 2.13141797619, 2.0, 2.0, 1.0, 0.0, 2.0, 3.0, 0.0, -1.0, 1.0, 1.0, 0.0, 95309.0, 533.0, 99489.0
1.0, 2.0, 2.0, -1.0, -1.0, 0.0, 0.0, 0.0, 1.0, 2.0, 0.0, -1.0, 0.0, 3.0, 2.0, 3.0, -1.0, 1.0, 3.0, 3.0, 2.0, 3.0, -1.0, 0.0, -1.0, 2.0, -1.0, -1.0, -1.0, -1.0, -1.0, 3.0, 2.0, 0.0, 1.0, 1.0, 1.0, 3.0, -1.0, 2.0, 0.0, 3.0, 2.0, -1.0, 2.0, 2.0, 0.0, -1.0, 2.0, -1.0, 95789.0, 487.0, 99545.0
0.0, 0.0, 1.0, 2.0, 1.0, -1.0, 2.0, 0.0, -1.0, 2.0, 1.0, 1.0, -1.0, 0.0, 2.0, 2.0, 1.0, 1.0, 1.0, 3.0, 2.0, 2.0, 3.0, -1.0, -1.0, 1.0, -1.0, -1.0, 0.0, 2.0, 3.0, 1.0, 0.0, -1.0, -1.0, 0.0, 0.0, 0.0, 0.0, -1.0, 3.0, 3.0, 1.0, 2.0, 0.0, 2.0, -1.0, -1.0, 3.0, 3.0, 95124.0, 518.0, 99516.0
1.0, -1.0, 0.0, -1.0, 1.0, -1.0, -1.0, 1.0, 3.0, 0.0, 0.0, 0.0, 1.0, 1.0, 0.0, 1.0, 0.0, 3.0, 0.0, -1.0, 0.0, 2.0, 2.0, 2.0, -1.0, -1.0, 2.0, -1.0, 1.0, 3.0, 3.0, -1.0, 1.0, 3.0, 1.0, 2.0, 3.0, 2.0, -1.0, 0.0, -1.0, 2.0, 3.0, -1.0, 0.0, 2.0, -1.0, 0.0, 1.0, 3.0, 95158.0, 516.0, 99519.0
2.0, 1.0, 3.0, -1.0, 1.0, 1.0, 2.0, 3.0, 2.0, 1.0, -1.0, 0.0, 0.0, 0.0, 0.0, -1.0, 0.0, 2.0, -1.0, -1.0, 1.0, -1.0, 2.0, 0.0, -1.0, -1.0, 0.0, 1.0, -1.0, 1.0, 1.0, 0.0, 2.0, -1.0, 2.0, 3.0, 3.0, -1.0, 1.0, -1.0, 2.0, 3.0, 1.0, 2.0, -1.0, -1.0, 0.0, 1.0, 3.0, 0.0, 95241.0, 500.0, 99533.0
3.0, 1.0, 2.0, -1.0, 3.0, 0.0, 2.0, -1.0, 1.0, 0.0, 2.0, 0.0, 0.0, -1.0, 1.0, 3.0, 2.0, -1.0, 1.0, 1.0, -1.0, 3.0, -1.0, 3.0, 2.0, 3.0, 2.0, 0.0, 2.0, 0.0, 1.0, -1.0, -1.0, 1.0, -1.0, 2.0, -1.0, 1.0, 0.0, -1.0, 0.0, 2.0, 1.0, -1.0, 3.0, 2.0, -1.0, -1.0, 0.0, 0.0, 95394.0, 499.0, 99535.0
3.0, 1.0, 2.0, -1.0, 3.0, 0.0, 2.0, -1.0, 1.0, 0.0, 2.0, 0.0, 0.0, -1.0, 1.0, 3.0, 2.0, -1.0, 1.0, 1.0, -1.0, 3.0, -1.0, 3.0, 2.0, 3.0, 2.0, 0.0, 2.0, 0.0, 1.0, -1.0, -1.0, 1.0, -1.0, 2.0, -1.0, 1.0, 0.0, -1.0, 0.0, 2.0, 1.0, -1.0, 3.0, 2.0, -1.0, -1.0, 0.0, 0.0, 95394.0, 499.0, 99535.0
-1.0, 3.0, -1.0, -1.0, 0.0, 3.0, -1.0, 3.0, 1.0, 3.0, 1.0, -1.0, 0.0, -1.0, -1.0, -1.0, 3.0, 0.0, 1.0, -1.0, 1.0, 1.0, -1.0, 2.0, 3.0, 1.0, 3.0, 0.0, 0.0, -1.0, 3.0, 2.0, -1.0, 2.0, 0.0, -1.0, 0.0, 2.0, 0.0, 0.0, 2.0, -1.0, 3.0, 2.0, 1.0, 2.0, 0.0, 2.0, 1.0, 2.0, 95280.0, 504.0, 99532.0
1.91570828863, -1.0, -1.0, 0.424207843989, 1.0, 2.0, 0.0, 0.0, 3.0, 0.0, 2.0, -0.70313232261, -0.71128807579, 1.0, 2.0, 1.0, 3.0, 1.0, -0.718633607158, 0.0, 2.0, -1.0, 3.0, 0.0, 1.0, 3.0, 1.0, -1.0, 2.0, 0.0, 3.0, 0.0, 0.0, -1.0, -1.0, 1.0, 3.0, -1.0, 2.92345500289, -1.0, 0.0, 3.0, -1.0, -1.0, 2.0, 1.0, 3.0, -1.0, -1.0, 1.0, 95816.0, 493.0, 99573.0
2.35165436333, 1.0, 3.0, -1.0, 1.0, 1.0, 2.0, 3.0, 2.0, 1.0, -1.0, 0.0, 0.0, 0.0, 0.0, -1.0, 0.0, 2.0, -1.0, -1.0, 1.0, -1.0, 2.0, 0.0, -1.0, -1.0, 0.0, 1.0, -1.0, 1.0, 1.0, 0.0, 2.0, -1.0, 2.0, 3.0, 3.0, -1.0, 1.0, -1.0, 2.0, 3.0, 1.79938515021, 2.0, -1.0, -1.0, 0.0, 1.0, 3.0, 0.0, 95281.0, 500.0, 99533.0
2.0, 0.0, 2.0, 3.0, 3.0, 3.0, 0.0, 3.0, 2.0, 3.0, 2.0, 3.0, 1.0, -1.0, 0.0, -1.0, -1.0, 0.0, 2.0, 2.0, 0.0, 1.0, 1.0, -1.0, 0.0, 3.0, 1.0, 1.0, 1.0, 2.0, -1.0, 3.0, 3.0, 0.0, -1.0, 0.0, -1.0, 3.0, 1.0, 0.0, -1.0, 1.0, 2.0, -1.0, 0.0, 0.0, 1.0, 1.0, 2.0, 0.0, 94728.0, 566.0, 99465.0
-1.0, 0.0, 1.0, 2.0, 1.0, -1.0, 0.0, 2.0, -1.0, 1.0, 2.0, -1.0, 3.0, -1.0, 0.0, -1.0, 2.0, 2.0, -1.0, 3.0, 1.0, -1.0, 1.0, 0.0, 0.0, 1.0, 0.0, 1.0, 3.0, 2.0, 3.0, 3.0, 0.0, 2.0, -1.0, -1.0, 3.0, 1.0, -1.0, 3.0, 0.0, 0.0, 2.0, 2.0, 1.0, 1.0, 2.0, 1.0, 3.0, 0.0, 94955.0, 543.0, 99479.0
1.0, -1.0, 1.0, 2.0, 2.0, 0.0, 1.0, 3.0, 3.0, 0.0, 2.0, -1.0, 0.0, 3.0, -1.0, -1.0, -1.0, 1.0, 2.60118739225, 2.0, 3.0, 1.0, 1.0, 0.0, -1.0, 3.0, 1.0, -1.0, 0.0, -1.0, 2.0, -1.0, 2.0, 3.0, 0.0, 0.0, -1.0, 1.0, 3.0, 1.0, 3.0, 0.0, 2.0, 0.822375343474, -1.0, 0.0, -1.0, 2.0, 3.0, -1.0, 95502.0, 511.0, 99525.0
0.0, 0.0, -1.0, 1.0, 3.0, 2.0, 2.0, -1.0, 1.0, -1.0, -1.0, 3.0, 1.0, -1.0, 1.0, 1.0, -1.0, -1.0, 2.0, 3.0, 2.0, 1.0, 0.0, 2.0, 0.0, -1.0, 0.0, 0.0, 2.0, 3.0, 2.0, 0.0, -1.0, -1.0, 2.0, 0.0, -1.0, 2.0, 1.0, 2.0, 3.0, 3.0, 3.0, 0.0, 0.0, 0.0, 1.0, 1.0, -1.0, 1.0, 95041.0, 535.0, 99490.0
1.0, 0.0, 3.0, 1.0, -1.0, 0.0, 3.0, -1.0, 2.0, 2.0, -1.0, 3.0, 0.0, 2.0, 0.0, 3.0, 0.0, 3.0, 1.0, 1.0, -1.0, 0.0, 3.0, 2.0, 2.0, 1.0, 3.0, -1.0, 3.0, 0.0, -1.0, -1.0, 2.0, 1.0, -1.0, 1.0, 0.0, 0.0, 2.0, 1.0, 1.0, 0.0, 3.0, 3.0, 2.0, 1.0, 2.0, 0.0, -1.0, -1.0, 94861.0, 546.0, 99473.0
1.0, 2.0, 0.0, 0.0, -1.0, 3.0, 0.0, 2.0, 0.0, 1.0, -1.0, 0.0, 0.0, 2.0, -1.0, 1.0, 2.0, -1.0, 0.0, 2.0, 0.0, 1.0, 2.0, 2.0, 1.0, 1.0, 1.0, 0.0, 3.0, 1.0, 3.0, -1.0, -1.0, 0.0, 1.0, -1.0, 3.0, 2.0, 3.0, 1.0, -1.0, -1.0, 0.0, 1.0, 3.0, 0.0, -1.0, 2.0, 3.0, 2.0, 94780.0, 552.0, 99493.0
1.0, 2.0, 3.0, 1.0, 3.0, 3.0, 2.0, 2.0, 0.0, 1.0, 1.0, -1.0, -1.0, -1.0, 1.0, 1.0, 3.0, 2.0, -1.0, 2.0, 0.0, 3.0, -1.0, 1.0, 0.0, 2.0, 2.0, 0.0, 3.0, -1.0, 2.0, 0.0, 3.0, 1.0, 0.0, 3.0, 3.0, 2.0, 3.0, 3.0, -1.0, -1.0, 2.0, 1.0, 1.0, 0.0, 0.0, 0.0, 0.0, 3.0, 94790.0, 587.0, 99458.0
-1.0, 1.0, -1.0, 2.0, 3.0, 0.0, 2.0, 0.0, -1.0, 3.0, 1.0, 1.0, 3.0, 0.0, 1.0, 0.0, 3.0, 3.0, 3.0, 0.0, -1.0, 3.0, 0.0, -1.0, 0.0, 2.0, 0.0, 0.0, 0.0, -1.0, -1.0, 3.0, -1.0, 2.0, 3.0, 1.0, 2.0, -1.0, 1.0, 2.0, 1.0, 2.0, 1.0, -1.0, 1.0, 3.0, 2.0, 1.0, -1.0, -1.0, 95330.0, 530.0, 99501.0
-1.0, 2.75190128193, -1.0, -1.0, 0.0, 3.0, -1.0, 3.0, 1.0, 3.0, 1.0, -1.0, 0.0, -1.0, -1.0, -1.0, 3.0, 0.0, 1.0, -1.0, 0.447160705301, 1.0, -1.0, 2.0, 3.0, 1.0, 3.0, 0.0, 0.0, -1.0, 3.0, 2.0, -1.0, 2.0, 0.0, -1.0, 1.52791367934, 2.5161614712, 0.0, 0.0, 2.0, -1.0, 3.0, 1.85034168118, 1.0, 2.0, 0.0, 2.0, 1.0, 2.0, 95372.0, 504.0, 99532.0
1.0, 2.0, 0.0, 0.0, -1.0, 3.0, 0.0, 2.0, 0.0, 0.673051808291, -1.0, 0.0, 0.0, 2.0, -1.0, 1.0, 2.41416253601, -1.0, -0.10141220457, 2.0, 0.0, 1.0, 2.0, 2.0, 1.0, 1.0, 0.712006924625, 0.0, 3.0, 1.0, 3.0, -1.0, -1.0, 0.0, 1.0, -1.0, 3.0, 2.0, 3.0, 1.0, -1.0, -1.0, 1.93556816023, 1.0, 3.0, -0.807774843676, -1.0, 2.0, 3.0, 2.0, 95027.0, 542.0, 99503.0
1.0, 3.0, 3.0, 0.0, -1.0, 0.0, 0.0, 1.0, 0.0, -1.0, 1.0, 2.0, 2.0, 0.0, 0.0, 2.0, 0.0, -1.0, 2.0, -1.0, 2.0, 2.0, 1.0, -1.0, 1.0, -1.0, 2.0, 1.0, 2.0, 2.0, -1.0, 2.0, 3.0, 3.0, 0.0, 3.0, -1.0, 0.0, -1.0, 0.0, 0.0, 3.0, -1.0, 1.0, -1.0, -1.0, -1.0, 3.0, 3.0, 1.0, 95409.0, 522.0, 99514.0
-0.0433918677798, 2.0, 0.0, 2.0, 1.0, 3.0, 0.0, -1.0, 0.0, 2.0, 3.0, -1.0, -1.0, 1.0, 1.0, 3.0, -1.0, -1.0, 0.0, 1.0, 3.0, 1.0, 1.0, -1.0, -1.0, 1.0, -1.0, 1.0, 0.0, 0.0, 2.0, 3.0, 1.0, 2.0, 2.0, 2.0, -1.0, -1.0, -1.0, 3.0, -1.0, 0.0, 1.0, 0.0, -1.0, 2.0, 0.0, 0.0, 3.0, 3.0, 95206.0, 523.0, 99523.0
-1.0, -1.0, 0.0, 2.0, 3.0, 2.0, 2.0, 0.0, 0.0, 2.0, 3.0, 2.0, 0.0, 0.0, 3.0, 3.0, 3.0, 3.0, 2.0, 0.0, 0.0, 1.0, 1.0, 0.0, -1.0, -1.0, 1.0, 0.0, -1.0, 0.0, 1.0, 2.0, 1.0, 1.0, -1.0, 2.0, 1.0, 1.0, 2.0, -1.0, 1.0, 3.0, 3.0, 2.0, -1.0, 1.0, -1.0, 2.0, 0.0, -1.0, 94853.0, 559.0, 99478.0
