0.0, 2.0, 0.0, 1.0, 2.0, 2.63948799198, -1.0, 0.0, -1.0, 0.489054756773, -1.0, 2.0, 1.76930900648, -1.0, 0.0, 2.03718205396, 1.53478888135, 3.0, 2.0, 1.0, 0.0, -0.904219819819, -1.0, 2.84265978754, 2.76664245749, -0.832367714533, 0.624884262462, 1.0, -0.204669607354, 2.5431623331, -0.690923312404, 1.0, 1.66912551225, 0.0, 0.0, -1.0, -1.0, 1.52320814178, 3.0, 0.0, 3.0, 1.0, 1.0, 0.0, 2.45343976368, 0.796961175578, -0.748983414999, 3.0, 0.875881850007, -1.0, 94718.0, 506.0, 99468.0
0.0, 2.0, 0.0, 1.0, 2.0, 2.63948799198, -1.0, 0.0, -1.0, 0.489054756773, -0.861843580845, 2.0, 1.76930900648, -1.0, 0.0, 2.03718205396, 1.53478888135, 3.0, 2.0, 1.0, 0.0, 0.905376932545, -1.0, 2.39498790385, 2.76664245749, -1.0, 0.624884262462, 1.0, -0.204669607354, 2.5431623331, -0.690923312404, 1.0, 1.66912551225, 0.0, 0.0, 1.0, -1.0, 1.52320814178, 3.0, 0.0, 3.0, 1.0, 1.0, 0.0, 1.89446881451, -0.0296737223416, -1.0, 3.0, 3.0, -1.0, 94496.0, 535.0, 99446.0
0.0, 2.0, 0.0, 1.0, -0.581124844995, 2.63948799198, -1.0, 0.0, -1.0, 3.0, -1.0, 2.0, 1.76930900648, -1.0, 0.0, 2.03718205396, 1.53478888135, 3.0, 2.94951951228, 1.0, 0.0, -0.788327227963, -1.0, 2.84265978754, -1.0, -1.0, -0.79163510311, 1.0, -0.204669607354, 0.145629180803, -0.690923312404, 1.0485968662, 1.66912551225, 0.0, 0.197332636355, -1.0, -1.0, 1.52320814178, 3.0, 0.0, 2.0, 3.0, 1.0, 0.0, 3.0, 2.60581126189, -1.0, 3.0, 3.0, -1.0, 95218.0, 461.0, 99507.0
2.73050638182, 2.38386067136, 0.0, 1.0, 2.0, 2.63948799198, -1.0, 0.0, -1.0, -0.763244689425, -1.0, 1.28273242528, -0.0930356267844, -1.0, 0.0, 2.76097131021, 0.928647815162, 3.0, 2.0, 1.0, 0.0, -0.904219819819, -1.0, 2.84265978754, 2.76664245749, -0.832367714533, 0.624884262462, 2.66913532724, 0.550110484518, 2.5431623331, -0.690923312404, 1.0, 0.998643991223, 0.0, 2.32717095962, -1.0, -1.0, 1.52320814178, 3.0, 0.0, 3.0, 1.0, 1.0, 0.0, 2.45343976368, 0.796961175578, -0.748983414999, 3.0, 0.875881850007, -1.0, 94972.0, 496.0, 99475.0
3.0, 2.0, 0.0, 1.0, -0.809391162694, 2.79289375067, 3.0, -1.0, -1.0, 2.0, -1.0, 1.71446788934, 1.04662391389, -1.0, -0.47119216034, -0.558137938913, 0.0, 1.0, 2.0, 2.0, -0.25601753424, 1.77598747665, -1.0, 2.41976126844, -1.0, -1.0, -1.0, -0.594024689125, -1.0, 2.56676035814, 3.0, 2.0, -1.0, -0.263417237621, 2.88955378374, 1.0, 1.4130423061, -0.33697395344, 0.76255757649, 0.0, -0.897277146041, -1.0, 1.0, 0.0, 1.34173911536, 2.0, 2.3172318826, -1.0, -1.0, 2.0, 95536.0, 442.0, 99557.0
0.0, 2.07127333936, 0.0, 1.0, 2.0, 2.63948799198, -1.0, 0.0, 0.0705973093376, 0.489054756773, -1.0, 2.0, 1.76930900648, -1.0, 0.0, -0.921715416734, 1.53478888135, 2.67720362172, 2.0, 1.0, -0.503548478502, -0.995916267121, -1.0, 2.84265978754, 2.76664245749, -0.832367714533, 0.624884262462, 1.0, 0.995809035858, 2.5431623331, -0.690923312404, 1.0, 0.939851434076, 0.0, 0.0, -1.0, -1.0, 1.52320814178, 3.0, 0.0, 3.0, -0.33588711111, 1.0, 0.0, 2.45343976368, 0.796961175578, -0.748983414999, 3.0, 0.875881850007, -1.0, 94792.0, 491.0, 99480.0
0.0, 2.0, 0.0, 1.0, -0.581124844995, 2.63948799198, -1.0, 0.0, -1.0, 3.0, -1.0, 2.0, 1.76930900648, -1.0, 0.0, 2.03718205396, 1.53478888135, 3.0, 2.0, 1.0, 0.0, -0.788327227963, -1.0, 2.84265978754, 2.76664245749, -1.0, -0.79163510311, 1.0, -0.204669607354, 2.5431623331, -0.690923312404, 1.0485968662, 1.66912551225, 0.0, 0.197332636355, -1.0, -1.0, 1.52320814178, 3.0, 0.0, 2.0, 3.0, 1.0, 0.0, 3.0, 2.60581126189, -1.0, 3.0, 3.0, -1.0, 95261.0, 475.0, 99496.0
2.81709124956, 0.33029406652, 2.0, -1.0, -0.877544738253, 0.0, 0.0, 0.0, 1.36992046001, 2.0, 0.0, -1.0, 3.0, -1.0, 2.0, -1.0, -1.0, 0.909833409699, 3.0, 3.0, 2.81668761567, 3.0, -1.0, -0.0186084047208, -1.0, 2.16314554287, -1.0, -1.0, -1.0, -1.0, -1.0, 3.0, 1.50373686577, 0.0, 1.49100264954, 1.0, 0.194788433983, 3.0, -1.0, 1.85412426052, -0.960054429447, -0.602071415962, 1.22205700238, -1.0, 2.0, 2.0, 0.0, -1.0, 2.0, -1.0, 96175.0, 426.0, 99596.0
0.0, 2.0, 0.0, 1.0, 2.0, 2.63948799198, -1.0, 0.0, -1.0, 0.489054756773, -1.0, 2.0, 1.76930900648, -1.0, 0.0, -0.921715416734, 1.53478888135, 3.0, 2.0, 1.0, -0.663066007247, -0.904219819819, -1.0, 2.84265978754, 2.76664245749, -0.832367714533, 0.624884262462, 1.0, -0.204669607354, 2.5431623331, -0.690923312404, 1.0, 0.939851434076, 0.0, 0.0, -1.0, -1.0, 1.52320814178, 3.0, 0.0, 3.0, -0.33588711111, 1.0, 0.0, 2.45343976368, 0.796961175578, -0.748983414999, 3.0, 0.875881850007, -1.0, 94870.0, 476.0, 99488.0
3.0, 1.4790229375, 0.487809680168, 1.0, 1.0, 2.290126057, 1.40583511298, -1.0, -1.0, 1.6158647692, -1.0, 2.0, 1.04662391389, -1.0, -0.47119216034, -0.558137938913, 2.45104604318, 1.0, 2.0, 2.0, -0.72361654923, 1.04300389673, -1.0, 1.70483308454, -1.0, 0.0, -1.0, -0.190496678964, -1.0, 1.0, 3.0, 0.384253546128, -1.0, -0.736376825284, 2.88955378374, 1.85324563129, 0.326136393759, 1.0, -1.0, 1.30512113609, -0.897277146041, -1.0, 2.25052246157, 0.0181064155176, 1.34173911536, 2.0, 2.3172318826, -1.0, 0.0339865069022, 2.0, 95157.0, 458.0, 99540.0
2.73050638182, 2.0, 0.0, 1.0, 2.0, 2.63948799198, -1.0, 0.0, -1.0, -0.763244689425, -1.0, 1.28273242528, 1.76930900648, -1.0, 0.0, 2.76097131021, 1.53478888135, 3.0, 2.0, 1.0, 0.0, -0.904219819819, -1.0, 2.84265978754, 2.76664245749, -0.832367714533, 0.624884262462, 2.66913532724, 0.550110484518, 2.5431623331, -0.690923312404, 1.0, 0.667409297733, 0.0, 2.32717095962, -1.0, -1.0, 1.52320814178, 3.0, 0.0, 3.0, 1.0, 1.0, 0.0, 2.45343976368, 0.796961175578, -0.748983414999, 3.0, 0.875881850007, -1.0, 95087.0, 496.0, 99475.0
-1.0, -0.459226074851, 2.59803360221, -1.0, 0.0, -1.0, -1.0, -0.82998998938, 1.01677025742, -1.0, -1.0, -0.119974920356, 3.0, 2.94593175764, -1.0, -0.862625351408, 0.0, 2.0, -0.963529198852, 3.0, 2.0, 1.0, 0.686147324461, 1.61361668782, 0.0, -1.0, -1.0, -0.103594949538, 3.0, -1.0, -0.900002860395, 1.0, 1.49769284566, -0.0835794289088, 2.0, 0.0, 0.448746035011, 1.73724429545, 3.0, 2.63422044483, 1.0, 0.0, -1.0, 2.0, -1.0, -0.0360047881945, 2.43515073193, 1.0, 1.42368818618, 1.0, 95285.0, 466.0, 99533.0
3.0, 1.4790229375, 0.0, 1.0, 1.0, 2.290126057, 1.40583511298, -1.0, -1.0, 1.6158647692, -1.0, 2.0, 1.04662391389, -1.0, -0.47119216034, -0.558137938913, 2.45104604318, 2.93459380349, 2.0, -0.390322662561, -0.471498408503, 1.04300389673, -1.0, 1.70483308454, -1.0, 0.0, -0.739664636855, -0.190496678964, -1.0, 1.0, 3.0, 0.384253546128, -1.0, -0.840825867706, 2.88955378374, 1.85324563129, 0.326136393759, 1.0, -1.0, 0.0, -0.897277146041, -1.0, 1.0, 0.0, 1.34173911536, 2.0, 2.3172318826, -1.0, 0.0339865069022, 2.0, 94938.0, 471.0, 99530.0
2.0, 0.0, 2.0, 1.99817172362, 0.651660500962, -0.0730412416437, 0.0, 3.0, 2.60893727914, 3.0, -0.913533907253, 1.59108602884, -0.00243078334692, -1.0, 0.0, -1.0, -1.0, 0.0, -0.904409133159, 0.818458154023, 0.0, -0.646461313043, 1.0, -1.0, -0.546708862251, 3.0, -0.972096472305, 1.27674826308, 1.47820013178, 2.0, -1.0, 3.0, 3.0, 1.44465866433, 0.0267741828712, 0.0, 0.363994906458, 0.0751135593423, 1.0, 0.0, -1.0, 1.417112824, 2.0, -1.0, 2.30476110144, 1.3413024352, 1.0, 2.30415186288, 2.0, 3.0, 94616.0, 512.0, 99484.0
