0.0, 2.0, 0.0, 1.0, 2.0, 2.63948799198, -1.0, 0.0, -1.0, 0.489054756773, -0.861843580845, 2.0, 1.76930900648, -1.0, 0.0, 2.03718205396, 1.53478888135, 3.0, 2.0, 1.0, 0.0, 0.905376932545, -1.0, 2.39498790385, 2.76664245749, -1.0, 0.624884262462, 1.0, -0.204669607354, 2.5431623331, -0.690923312404, 1.0, 1.66912551225, 0.0, 0.0, 1.0, -1.0, 1.52320814178, 3.0, 0.0, 3.0, 1.0, 1.0, 0.0, 1.89446881451, -0.0296737223416, -1.0, 3.0, 3.0, -1.0, 94496.0, 535.0, 99446.0
-1.0, -0.459226074851, 2.59803360221, -1.0, 1.86855348982, -1.0, -0.772295192012, -0.113126034788, -0.054281107163, -1.0, -1.0, 2.16523283259, 3.0, 2.0, 0.641828635753, -0.862625351408, 0.888170800678, 0.0, -0.963529198852, 3.0, 2.0, -1.0, 0.686147324461, 1.61361668782, -0.681215885819, -1.0, -0.869887176133, 0.335341776426, 3.0, -1.0, -0.982750146608, 0.844826529518, -1.0, -1.0, -0.688264181715, 0.0, 0.538559552009, 2.34799888951, -0.844146672459, 1.80628460224, 1.0, 0.0, -1.0, 1.0, -1.0, 1.0, -1.0, -0.30236247622, 2.62266005867, -0.550170167864, 96093.0, 375.0, 99608.0
3.0, 1.4790229375, -0.839950329452, 1.0, 1.0, 1.59093813365, 1.40583511298, -1.0, -1.0, 1.6158647692, -1.0, 1.69412179657, 2.82002490157, -1.0, -0.47119216034, -0.558137938913, 2.92508348427, 2.93459380349, 1.25127632922, -0.635241344457, -0.471498408503, -0.904219819819, -1.0, 1.70483308454, -1.0, 0.0, -0.739664636855, 1.0, -1.0, 1.0, -0.904934994173, 0.384253546128, -1.0, -0.840825867706, 2.88955378374, 1.85324563129, 0.326136393759, 1.0, -1.0, 0.0, -0.897277146041, -1.0, 1.0, 1.61486207283, 1.34173911536, 2.0, 1.19627628094, 0.399289720995, -0.718406935907, 2.0, 95590.0, 413.0, 99566.0
0.0, 2.24217820458, 0.0, 1.0, 1.0, 1.78286528988, 3.0, -1.0, -1.0, -0.970365183496, -1.0, 2.0, 3.0, -0.0625973074914, -0.47119216034, -0.558137938913, -0.269212750394, 1.37679622611, 2.28026501367, -0.40344292602, -0.471498408503, 1.0, -1.0, 2.41976126844, -1.0, -1.0, -1.0, -0.190496678964, -1.0, 1.0, 3.0, 2.0, -1.0, 2.0, 2.88955378374, 1.0, 2.15512198266, 1.0, 2.0, 0.0, -0.651213888989, -1.0, 1.0, 0.358366408824, 1.34173911536, 2.0, 1.35259607546, -1.0, -1.0, 2.0, 94989.0, 475.0, 99518.0
0.0, 2.04206432765, 2.38852489838, 2.0, 3.0, -0.593290603024, -0.590698120583, 0.19058838849, -1.0, 2.0, -1.0, 1.0, 2.37502770811, 1.0, 0.0, 2.29762350994, 1.64173938487, 1.22633180293, 2.97876941614, 0.414412686631, 2.0, 1.58127253764, -1.0, 0.0390115544307, -0.539459787372, 0.0, -1.0, 2.89473985989, 0.0, 2.0, -0.660396980166, 3.0, 2.51838685574, 0.0, 0.674433067207, 1.2438610169, 2.99028475016, 0.45076521175, -0.230132792141, 3.0, 3.0, -0.192917140888, 1.0, -1.0, 3.0, 2.0, 1.22275977075, 3.0, 1.0487485167, 3.0, 94608.0, 555.0, 99433.0
0.0, 2.07127333936, 0.0, -0.929353589047, 0.715292223405, 2.63948799198, -1.0, 0.0, 0.0705973093376, 0.489054756773, -0.557244055085, 2.0, 1.76930900648, -1.0, 0.0, -0.921715416734, 1.53478888135, 2.67720362172, 2.52922734257, 1.0, -0.503548478502, -0.995916267121, -1.0, 2.84265978754, 2.76664245749, -0.832367714533, -0.571790903064, 1.0, 0.995809035858, 2.5431623331, -0.690923312404, 0.0161355620509, 0.939851434076, 0.940778514774, 0.0, -1.0, -1.0, 1.52320814178, 3.0, 0.0, 3.0, -0.33588711111, 1.0, 0.0, 2.61728262054, 0.796961175578, -0.788814403053, 3.0, 0.875881850007, -1.0, 95024.0, 462.0, 99500.0
0.0, 2.07127333936, 0.0, 1.0, 2.0, 2.63948799198, -1.0, 0.0, 0.0705973093376, 0.489054756773, -1.0, 2.0, 1.76930900648, -1.0, 0.0, -0.921715416734, 1.53478888135, 2.67720362172, 2.0, 1.0, -0.503548478502, -0.995916267121, -1.0, 2.84265978754, 2.76664245749, -0.832367714533, 0.624884262462, 1.0, 0.995809035858, 2.5431623331, -0.690923312404, 1.0, 0.939851434076, 0.0, 0.0, -1.0, -1.0, 1.52320814178, 3.0, 0.0, 3.0, -0.33588711111, 1.0, 0.0, 2.45343976368, 0.796961175578, -0.748983414999, 3.0, 0.875881850007, -1.0, 94792.0, 491.0, 99480.0
0.0, 2.0, 0.0, 1.0, -0.581124844995, 2.63948799198, -1.0, 0.0, -1.0, 3.0, -1.0, 2.0, 1.76930900648, -1.0, 0.0, 2.03718205396, 1.53478888135, 3.0, 2.94951951228, 1.0, 0.0, -0.788327227963, -1.0, 2.84265978754, -1.0, -1.0, -0.79163510311, 1.0, -0.204669607354, 0.145629180803, -0.690923312404, 1.0485968662, 1.66912551225, 0.0, 0.197332636355, -1.0, -1.0, 1.52320814178, 3.0, 0.0, 2.0, 3.0, 1.0, 0.0, 3.0, 2.60581126189, -1.0, 3.0, 3.0, -1.0, 95218.0, 461.0, 99507.0
0.0, 2.0, 0.0, 1.0, -0.581124844995, 2.63948799198, -1.0, 0.0, -1.0, 3.0, -1.0, 2.0, 1.76930900648, -1.0, 0.0, 2.03718205396, 1.53478888135, 3.0, 2.0, 1.0, 0.0, -0.788327227963, -1.0, 2.84265978754, 2.76664245749, -1.0, -0.79163510311, 1.0, -0.204669607354, 2.5431623331, -0.690923312404, 1.0485968662, 1.66912551225, 0.0, 0.197332636355, -1.0, -1.0, 1.52320814178, 3.0, 0.0, 2.0, 3.0, 1.0, 0.0, 3.0, 2.60581126189, -1.0, 3.0, 3.0, -1.0, 95261.0, 475.0, 99496.0
-0.662887747845, -0.40145149065, 2.0, 0.953193459833, 0.0, 2.0, 0.927642326738, 1.0, -1.0, -1.0, -1.0, -0.784785696487, 0.0, 0.0, 3.0, 1.0, -1.0, 0.087200403779, 2.0, 0.0, -0.95334483845, -1.0, 1.81094234073, 3.0, -1.0, -1.0, 1.75508062031, 3.0, -0.736245591097, 0.0, -1.0, 0.111102150914, -1.0, 0.530784964508, 0.103479709949, 2.59840883294, 1.48708676163, 2.29975467998, -0.799018819103, 2.0, 2.66086126943, 0.0, 1.0, 2.2615321766, 3.0, 0.588352636534, -1.0, 0.0, 3.0, -1.0, 95100.0, 467.0, 99517.0
3.0, 2.0, 0.0, 1.0, -0.809391162694, 2.79289375067, 3.0, -1.0, -1.0, 2.0, -1.0, 1.71446788934, 1.04662391389, -1.0, -0.47119216034, -0.558137938913, 0.0, 1.0, 2.0, 2.0, -0.25601753424, 1.77598747665, -1.0, 2.41976126844, -1.0, -1.0, -1.0, -0.594024689125, -1.0, 2.56676035814, 3.0, 2.0, -1.0, -0.263417237621, 2.88955378374, 1.0, 1.4130423061, -0.33697395344, 0.76255757649, 0.0, -0.897277146041, -1.0, 1.0, 0.0, 1.34173911536, 2.0, 2.3172318826, -1.0, -1.0, 2.0, 95536.0, 442.0, 99557.0
