3.0, 1.4790229375, -0.839950329452, 1.0, 1.0, 1.59093813365, 1.40583511298, -1.0, -1.0, 1.6158647692, -1.0, 1.69412179657, 0.8906258353, -1.0, -0.47119216034, -0.558137938913, 2.97349057276, 2.93459380349, 1.25127632922, -0.635241344457, -0.811565836445, -0.904219819819, -1.0, 1.70483308454, -1.0, -0.832367714533, -0.739664636855, 1.81211205862, -1.0, 1.0, -0.904934994173, 0.384253546128, -1.0, -0.840825867706, 2.88955378374, -0.774671029838, 0.326136393759, 1.92926374809, -1.0, 0.0, -0.897277146041, -1.0, 1.0, 1.61486207283, 1.34173911536, 2.52647532112, 1.19627628094, -0.761834824765, -0.718406935907, 2.0, 96275.0, 355.0, 99621.0
3.0, 1.4790229375, -0.839950329452, 1.0, 1.0, 1.59093813365, -0.499884179914, -1.0, -1.0, 1.6158647692, -1.0, 1.69412179657, 0.8906258353, -1.0, -0.47119216034, -0.558137938913, 2.97349057276, 2.36006160988, 1.25127632922, -0.635241344457, -0.811565836445, -0.920983953799, -1.0, 1.70483308454, -1.0, -0.832367714533, -0.739664636855, 1.81211205862, -1.0, 1.0, -0.927177582217, 0.384253546128, -1.0, -0.840825867706, 2.88955378374, -0.795496874395, 0.326136393759, 1.92926374809, -1.0, 1.60696188199, -0.897277146041, -1.0, 1.0, 1.61486207283, 0.384417155886, 2.52647532112, 1.19627628094, 0.399289720995, -0.718406935907, 2.0, 95928.0, 373.0, 99600.0
-1.0, -0.459226074851, 2.59803360221, -1.0, 1.86855348982, -1.0, -0.772295192012, -0.113126034788, -0.0480039408286, -1.0, -1.0, 2.16523283259, 1.21042339945, 2.0, 0.641828635753, -0.862625351408, 0.888170800678, 0.0, -0.963529198852, 3.0, 2.0, -1.0, 0.686147324461, 1.61361668782, -0.681215885819, -1.0, -0.869887176133, 0.335341776426, 3.0, -1.0, -0.982750146608, 0.844826529518, -1.0, 0.85447642597, -0.688264181715, 0.0, 0.538559552009, 2.34799888951, -0.844146672459, 1.80628460224, 1.0, 0.0, -1.0, 1.0, -1.0, 0.475961258137, -1.0, -0.30236247622, 2.62266005867, -0.550170167864, 95760.0, 390.0, 99588.0
-1.0, -0.459226074851, 2.59803360221, -1.0, 1.86855348982, -1.0, -0.772295192012, -0.113126034788, -0.0480039408286, -1.0, -1.0, 2.16523283259, 1.21042339945, 2.0, 0.641828635753, -0.862625351408, 0.888170800678, 0.0, -0.963529198852, 3.0, 2.0, -1.0, 0.686147324461, 1.61361668782, -0.681215885819, -1.0, -0.869887176133, 0.335341776426, 3.0, -1.0, -0.982750146608, 0.844826529518, -1.0, 0.85447642597, -0.688264181715, 0.0, 0.538559552009, 2.34799888951, -0.844146672459, 1.80628460224, 1.0, 0.0, -1.0, 1.0, -1.0, 0.475961258137, -1.0, -0.30236247622, 2.62266005867, 1.62448740058, 95687.0, 406.0, 99577.0
0.0, 2.07127333936, 0.0, -0.929353589047, 0.715292223405, 2.63948799198, -1.0, 0.0132980095772, -0.686899386487, 0.489054756773, -0.557244055085, 2.0, 1.76930900648, -1.0, 0.0, -0.921715416734, 1.53478888135, 2.67720362172, 2.82058263134, 1.0, -0.503548478502, -0.995916267121, -1.0, 2.84265978754, 2.76664245749, -0.832367714533, -0.571790903064, 1.0, 0.995809035858, 0.417519486604, -0.690923312404, -0.934228940628, 0.939851434076, 2.63718512231, 0.0, -1.0, -1.0, 1.52320814178, 3.0, 0.0, 3.0, 1.0, 1.0, 0.0, 2.61728262054, 0.796961175578, -0.788814403053, 3.0, 0.875881850007, -1.0, 95379.0, 431.0, 99526.0
3.0, 1.4790229375, -0.839950329452, 1.0, 1.0, 1.59093813365, 1.40583511298, -1.0, -1.0, 1.6158647692, -1.0, 1.69412179657, 2.82002490157, -1.0, -0.47119216034, -0.558137938913, 2.92508348427, 2.93459380349, 1.25127632922, -0.635241344457, -0.811565836445, -0.904219819819, -1.0, 1.70483308454, -1.0, 0.0, -0.739664636855, 1.42511549168, -1.0, 1.0, -0.904934994173, 0.384253546128, -1.0, -0.840825867706, 2.88955378374, 1.85324563129, 0.326136393759, 1.92926374809, -1.0, 0.0, -0.897277146041, -1.0, 1.0, 1.61486207283, 1.34173911536, 2.0, 1.19627628094, 0.399289720995, -0.718406935907, 2.0, 95775.0, 400.0, 99576.0
0.0, 2.07127333936, 0.0, -0.929353589047, 0.715292223405, 2.63948799198, -1.0, 0.0, 0.0705973093376, 0.489054756773, -0.557244055085, 2.0, 1.76930900648, -1.0, 0.0, -0.921715416734, 1.53478888135, 2.67720362172, 2.52922734257, 1.0, -0.503548478502, -0.995916267121, -1.0, 2.84265978754, 2.76664245749, -0.832367714533, -0.571790903064, 1.0, 0.995809035858, 2.5431623331, -0.690923312404, 0.0161355620509, 0.939851434076, 0.940778514774, 0.0, -1.0, -1.0, 1.52320814178, 3.0, 0.0, 3.0, -0.33588711111, 1.0, 0.0, 2.61728262054, 0.796961175578, -0.788814403053, 3.0, 0.875881850007, -1.0, 95024.0, 462.0, 99500.0
0.0, 2.0, 0.0, 1.0, -0.581124844995, 2.63948799198, -1.0, 0.0, -1.0, 3.0, -1.0, 2.0, 1.76930900648, -1.0, 0.0, 2.03718205396, 1.53478888135, 3.0, 2.0, 1.0, 0.0, -0.788327227963, -1.0, 2.84265978754, 2.76664245749, -1.0, -0.79163510311, 1.0, -0.204669607354, 2.5431623331, -0.690923312404, 1.0485968662, 1.66912551225, 0.0, 0.197332636355, -1.0, -1.0, 1.52320814178, 3.0, 0.0, 2.0, 3.0, 1.0, 0.0, 3.0, 2.60581126189, -1.0, 3.0, 3.0, -1.0, 95261.0, 475.0, 99496.0
0.0, 2.0, -0.438566939427, 1.0, 2.0, 2.63948799198, -1.0, 0.0, -1.0, 0.489054756773, -1.0, 2.0, 1.76930900648, -1.0, 0.0, -0.921715416734, 1.53478888135, 3.0, 2.0, 1.26979766499, -0.788415985771, 1.9847564471, -0.566332836935, 2.84265978754, 1.35437486781, -0.832367714533, 0.624884262462, 1.0, -0.204669607354, 2.5431623331, -0.904934994173, 1.55811212695, 0.939851434076, 0.0, 0.0, 0.535276334103, -1.0, 0.276549486916, 1.80362925684, 2.69439522984, 3.0, -1.0, 0.0466926786358, 0.0, 2.45343976368, 0.796961175578, -0.748983414999, -1.0, 1.67725211819, -1.0, 94879.0, 472.0, 99500.0
0.0, 2.0, -0.438566939427, 1.0, 2.09037062268, 2.96949564574, -1.0, 0.0, -1.0, 0.489054756773, -1.0, 2.0, 1.76930900648, -1.0, 0.0, -0.921715416734, 1.53478888135, 3.0, 2.0, 1.26979766499, 1.20824222114, 1.9847564471, -0.566332836935, 2.84265978754, 1.35437486781, -0.832367714533, 0.624884262462, 1.0, -0.204669607354, 2.5431623331, -0.904934994173, 1.55811212695, 0.939851434076, 0.0, 0.0, 0.535276334103, -1.0, 0.276549486916, 1.80362925684, 2.69439522984, 3.0, -1.0, 0.0466926786358, 0.0, 2.45343976368, 0.796961175578, -0.748983414999, -1.0, 1.67725211819, -1.0, 94774.0, 485.0, 99490.0
0.0, 2.04206432765, 2.38852489838, 2.0, 3.0, -0.593290603024, -0.590698120583, 0.19058838849, -1.0, 2.0, -1.0, 1.0, 2.37502770811, 1.0, 0.0, 2.29762350994, 1.64173938487, 1.22633180293, 2.97876941614, 0.290531290131, 2.0, 2.40609708183, -1.0, 0.0390115544307, -0.539459787372, 0.0, -1.0, 2.89473985989, 0.0, 2.0, -0.660396980166, 3.0, 2.51838685574, 1.54822445162, 0.674433067207, 1.2438610169, 2.99028475016, 0.45076521175, 0.25689044882, 3.0, 3.0, -0.192917140888, 1.0, 0.326902869853, 3.0, 2.0, -1.0, 3.0, 1.0487485167, 3.0, 94594.0, 550.0, 99429.0
0.0, 2.04206432765, 2.38852489838, 2.0, 3.0, -0.593290603024, -0.590698120583, 0.19058838849, -1.0, 2.0, -1.0, 1.0, 2.37502770811, 1.0, 0.0, 2.29762350994, 1.64173938487, 1.22633180293, 2.97876941614, 0.290531290131, 2.0, 2.40609708183, -1.0, 0.0390115544307, -0.539459787372, 0.0, -1.0, 2.89473985989, 0.0, 2.0, -0.660396980166, 3.0, 2.51838685574, 1.54822445162, 0.674433067207, 1.2438610169, 2.99028475016, 0.45076521175, -0.230132792141, 3.0, 3.0, -0.192917140888, 1.0, 0.326902869853, 3.0, 2.0, -1.0, 3.0, 1.0487485167, 3.0, 94594.0, 550.0, 99429.0
0.0, 2.26791195856, 2.38852489838, 2.0, 3.0, -0.593290603024, -0.609264300228, 0.19058838849, -1.0, 2.0, -1.0, 1.0, 1.7311809335, 1.0, 0.0, 2.29762350994, 1.64173938487, 1.22633180293, 2.97876941614, 0.290531290131, 2.0, 2.40609708183, -1.0, 0.0390115544307, -0.539459787372, -0.757282461674, -1.0, 2.89473985989, 0.0, 2.0, -0.660396980166, 3.0, 2.51838685574, 1.54822445162, 0.674433067207, 1.37203534673, 2.99028475016, 0.45076521175, 0.25689044882, 3.0, 3.0, -0.192917140888, 1.0, 0.326902869853, 3.0, 2.0, -1.0, 3.0, 1.0487485167, 3.0, 94717.0, 534.0, 99440.0
0.0, 2.04206432765, 2.38852489838, 2.0, 3.0, -0.593290603024, -0.590698120583, 0.19058838849, -1.0, 2.0, -1.0, 1.0, 2.37502770811, 1.0, 0.0, 2.29762350994, 1.64173938487, 1.22633180293, 2.97876941614, 0.290531290131, 2.0, 2.40609708183, -1.0, 0.0390115544307, -0.539459787372, 0.0, -1.0, 2.89473985989, 0.0, 2.0, -0.660396980166, 3.0, 2.51838685574, 1.54822445162, 0.674433067207, 1.2438610169, 2.99028475016, 0.45076521175, 1.76818528428, 3.0, 3.0, -0.192917140888, 1.0, 0.326902869853, 3.0, -0.6517488443, -1.0, 3.0, 1.0487485167, 3.0, 94777.0, 540.0, 99439.0
