0.0, 2.0, 1.0, 1.0, 2.0, 1.0, -1.0, 2.0, -1.0, 0.0, -1.0, 2.0, 0.0, -1.0, 2.0, 1.0, 2.0, 3.0, 2.0, 1.0, 0.0, -1.0, 2.0, 2.0, 1.0, -1.0, 1.0, 1.0, 2.0, 2.0, 0.0, 1.0, -1.0, 0.0, 0.0, -1.0, -1.0, 0.0, 3.0, 0.0, 3.0, 1.0, 1.0, 0.0, 3.0, 0.0, -1.0, 3.0, 3.0, -1.0, 94709.0, 526.0, 99469.0
0.0, 1.0, -1.0, -1.0, 3.0, 3.0, 1.0, -1.0, 1.0, 0.426493547603, -1.0, 0.0, 0.0, 3.0, 0.0, 0.0, 2.0, 2.0, -1.0, -1.0, -1.0, 1.0, 1.0, 0.0, 2.0, -1.0, 1.0, 2.0, 1.0, 2.0, 3.0, -0.427653086703, -1.0, -1.0, 2.03520936182, 1.0, 2.0, -0.103160497673, -0.392525162703, 0.741276699844, -1.0, -1.0, 0.0, -1.0, 2.0, -1.0, 1.0, 2.85574347324, 1.0, 3.0, 95052.0, 503.0, 99524.0
3.0, 0.0, 2.0, 0.0, 1.0, -1.0, 0.0, 2.0, 1.0, -0.547007621837, 3.0, -1.0, 0.0, 1.0, 3.0, -1.0, 3.0, 1.2162235458, 0.0, 3.0, 3.0, 3.0, 0.0, 0.0, 2.0, 1.0, -0.904827234963, 3.0, 3.0, 1.0, -1.0, 1.0, 0.0, 2.0, 2.0, 2.50604671381, 2.0, 0.0, -1.0, 2.0, 0.0, 1.94370020145, 1.0, 3.0, 1.0, 2.0, -1.0, 2.0, 1.0, -1.0, 94675.0, 560.0, 99439.0
3.0, 0.0, 2.0, 0.0, 0.786277367713, -0.0661780100697, 0.0, 0.102871948312, 1.0, -0.547007621837, 3.0, 0.684664776336, 0.0, -1.0, 3.0, 1.24622231383, 3.0, 1.72312511801, 0.0, 3.0, 3.0, 3.0, 0.0, 0.0, 2.0, 1.0, -0.648337201815, 3.0, 3.0, 1.0, -0.626196557837, 1.0, -0.771202060859, 2.0, 2.2736863176, 1.85324563129, 2.0, 0.0, -1.0, 2.0, 0.0, 1.94370020145, 1.0, 3.0, 1.0, 2.08671373793, -1.0, 2.0, 1.0, -1.0, 94525.0, 575.0, 99431.0
3.0, -1.0, 0.0, 2.0, 0.0, -1.0, -1.0, 1.0, -1.0, 2.0, -1.0, 0.0, 3.0, 0.0, 1.0, -1.0, -1.0, 0.0, 2.0, 3.0, 3.0, 0.0, 2.0, 2.0, -1.0, 0.0, 1.0, 0.0, 1.0, 1.0, 1.0, 1.0, -1.0, 2.0, 2.0, 0.0, 1.0, -1.0, 1.0, 3.0, 0.0, 2.0, 2.0, -1.0, 2.0, 3.0, 2.0, 3.0, 1.0, -1.0, 94979.0, 525.0, 99488.0
2.0, 0.0, -1.0, 3.0, 2.0, 2.0, 2.0, 0.0, -1.0, 0.0, -1.0, 1.0, 3.0, -1.0, 1.0, 3.0, 0.0, 3.0, 2.0, -1.0, 0.0, 2.0, 1.0, -1.0, 1.0, 1.0, -1.0, -1.0, 0.0, 0.0, -1.0, 3.0, -1.0, 3.0, 1.0, 1.0, -1.0, 2.0, 1.0, 3.0, 1.0, 1.0, 0.0, -1.0, -1.0, 2.0, 0.0, 3.0, 2.0, 1.0, 95377.0, 499.0, 99501.0
0.0, 0.0, 0.0, 0.0, 1.0, 1.0, 2.0, -1.0, 3.0, 3.0, 1.0, 1.0, 2.0, -1.0, 3.0, 3.0, 2.0, 1.0, -1.0, 1.0, 3.0, 2.0, 3.0, 2.0, 0.0, 2.0, 3.0, -1.0, 0.0, 2.0, -1.0, 3.0, 0.0, 1.0, 2.0, 3.0, 2.0, 3.0, 0.0, -1.0, 0.0, 0.0, 1.0, 1.0, -1.0, 1.0, 0.0, 1.0, 0.0, 2.0, 94466.0, 596.0, 99434.0
2.0, 0.0, 2.0, 0.149600070547, 2.0, 3.0, 3.0, -1.0, 1.0, 3.0, 0.0, 0.0, 3.0, 1.0, 1.83312250262, -0.667416182299, 2.0, -0.494773700872, 2.0, 0.0, 3.0, -1.0, 2.0, 1.0, 1.0, 3.0, 3.0, 3.0, 2.0, 1.0, -1.0, -1.0, 1.0, 2.0, 0.0, 1.0, -1.0, 1.0, 3.0, 0.0, 1.0, -1.0, 3.0, -1.0, 0.0, 0.0, 2.0, 1.0, 2.0, 0.0, 94567.0, 571.0, 99441.0
3.0, 0.0, 2.0, 0.0, 1.0, -1.0, -0.439178300787, 2.0, 1.0, 2.0, 3.0, -1.0, 0.0, 1.0, 3.0, -1.0, 3.0, 1.0, 0.0, 3.0, 3.0, 3.0, 0.0, 0.0, 2.0, 1.0, 0.0, 3.0, 3.0, 1.0, -1.0, 1.43290274671, -1.0, 0.0, 2.0, 3.0, 2.0, 0.0, -1.0, 2.0, 0.0, 1.0, 1.0, 3.0, 1.0, 1.71493146684, -1.0, 2.0, 1.0, -1.0, 94554.0, 574.0, 99437.0
-1.0, 1.74630860404, 1.0, 0.0, 1.0867192645, 2.0, 1.0, 2.0, 3.0, 2.0, 3.0, 1.0, 1.0, -1.0, -1.0, -1.0, 0.0, -0.370759697367, 1.0, 3.0, 0.0, 2.0, -1.0, 3.0, -1.0, 2.97262292102, 0.0, 1.0, -1.0, 1.64273388932, 0.0, -0.0963658369912, -1.0, 0.0, -0.572375136727, -0.827833064944, 0.0, 2.0, 1.0, -1.0, -0.776375054666, 3.0, 3.0, 0.0, -1.0, -1.0, -1.0, 1.0, 2.0, -0.523497364635, 95478.0, 474.0, 99558.0
-0.99588406929, 2.0, 0.0, -1.0, 1.0, 2.0, -1.0, -0.592756444999, 2.0, 2.0, -1.0, -0.113511518932, 0.0, -1.0, 2.0, 3.0, -1.0, 1.0, 1.0, -1.0, 1.0, -1.0, -1.0, -1.0, 2.50059249742, 2.39125521211, 0.0, -1.0, 3.0, 1.0, 0.0, 2.0, 0.0, 1.0, 1.0, 2.0, 0.0, 3.0, 1.18581576537, -1.0, 1.0, 0.0, 3.0, 3.0, 3.0, 2.0, 0.0, -0.531332296456, 3.0, -1.0, 95572.0, 481.0, 99530.0
2.0, 2.0, 3.0, 0.0, 1.0, -1.0, 2.0, -1.0, 3.0, 3.0, -1.0, 3.0, 0.0, 2.0, -1.0, 3.0, 3.0, 1.0, -1.0, 2.0, 1.0, 2.0, 0.0, -1.0, 0.0, 1.0, 1.0, -1.0, 3.0, 0.0, -1.0, 3.0, 1.0, 0.0, 1.0, 0.0, 1.0, 0.0, -1.0, 0.0, 2.0, 2.0, 0.0, 0.0, -1.0, -1.0, -1.0, 1.0, 3.0, 0.0, 95014.0, 518.0, 99493.0
3.0, 1.0, 2.0, 0.0, 1.0, -1.0, 0.0, 2.0, 1.56468655732, -0.547007621837, 3.0, -1.0, 0.0, 1.0, 3.0, -1.0, 3.0, 1.2162235458, 0.0, 3.0, 3.0, 3.0, 0.0, 0.0, 2.0, 1.0, -0.904827234963, 3.0, 3.0, 1.0, -1.0, 1.0, 0.0, 2.0, 2.0, 2.99388864532, 2.0, 0.0, -1.0, 2.0, 0.0, 1.94370020145, 1.0, 3.0, 0.881022498141, 2.0, -1.0, 2.0, 1.0, -1.0, 94731.0, 560.0, 99439.0
0.0, 1.0, -1.0, -1.0, 3.0, 3.0, 1.0, -1.0, 1.0, 0.0, -1.0, 0.0, 0.0, 3.0, 0.0, 0.0, 2.0, 0.0, -1.0, -1.0, -1.0, 1.0, 1.0, 0.0, 2.0, -1.0, 1.0, 2.0, 1.0, 2.0, 3.0, -1.0, -1.0, -1.0, 2.0, 1.0, 2.0, 2.0, 1.0, 0.0, -1.0, -1.0, 0.0, -1.0, 2.0, -1.0, 1.0, 2.0, 1.0, 3.0, 95248.0, 487.0, 99542.0
-1.0, 0.0, 2.0, 2.0, 0.0, 2.0, 2.0, 1.0, 3.0, -1.0, -1.0, 2.0, 0.0, 0.0, 3.0, 1.0, -1.0, 1.0, 2.0, 0.0, 2.0, -1.0, 1.0, 3.0, -1.0, -1.0, 0.0, 3.0, 0.0, 0.0, 1.0, 2.0, -1.0, 1.0, 1.0, 1.0, 3.0, 1.0, -1.0, 2.0, 1.0, 0.0, 2.0, 0.0, 3.0, 3.0, 2.0, 0.0, 3.0, -1.0, 94592.0, 559.0, 99450.0
1.0, 3.0, -1.0, 0.0, 1.0, -1.0, 3.0, 2.0, -1.0, 2.0, -1.0, -1.0, 2.0, 2.0, -1.0, 1.0, 0.0, 3.0, 3.0, 1.0, 0.0, 2.4786390713, -1.0, 3.0, 0.0, 2.0, -1.0, 2.0, 0.0, -1.0, -0.506682441669, 1.0, 0.419517914881, -0.849583608419, 2.26799280464, 2.0, 1.98233569646, -0.673278343025, 3.0, -0.19213817061, 3.0, 1.0, 3.0, -1.0, 0.0, 1.0, 0.0, 3.0, 0.0, 2.0, 95415.0, 500.0, 99510.0
0.0, 0.0, 3.0, 2.0, 0.0, 1.0, 1.0, -1.0, 1.0, 2.0, -1.0, 1.0, 2.0, 2.0, 0.0, 2.0, 0.0, -1.0, 1.0, 1.0, 2.0, 1.0, -1.0, 0.0, 2.0, 0.0, -1.0, 2.0, 3.0, 3.0, 2.0, 3.0, 0.0, 0.0, 2.0, -1.0, 0.0, 0.0, -1.0, 3.0, 3.0, 2.0, 1.0, -1.0, 3.0, 1.0, 1.0, 3.0, 1.0, 3.0, 94491.0, 585.0, 99432.0
2.0, 1.0, 2.0, 0.0, 2.0, 3.0, 3.0, -1.0, 1.0, 3.0, 0.0, 0.0, 3.0, 1.0, 3.0, 0.0, 2.0, 0.0, 2.0, 0.0, 3.0, -1.0, 2.0, 1.0, 1.0, 3.0, 3.0, 3.0, 2.0, 1.0, -1.0, -1.0, 1.0, 2.0, 0.0, 1.0, -1.0, 1.0, 3.0, 0.0, 1.0, -1.0, 3.0, -1.0, 0.0, 0.0, 2.0, 1.0, 2.0, 0.0, 94517.0, 588.0, 99431.0
-1.0, 2.21128657972, 1.0, 0.0, 2.0, 2.0, 1.0, 2.0, 3.0, 2.0, 3.0, 1.0, 1.0, -1.0, -1.0, -1.0, 0.0, -0.370759697367, 1.0, 3.0, 0.0, 2.0, -1.0, 3.0, -1.0, 2.97262292102, 0.0, 1.0, -1.0, 2.0, 0.0, 2.0, -1.0, 0.0, 0.0, 2.0, 0.0, 2.0, 1.0, -1.0, 1.0, 3.0, 3.0, 0.0, -1.0, -1.0, -1.0, 1.0, 2.0, -0.523497364635, 95164.0, 513.0, 99513.0
1.0, 3.0, -1.0, 0.0, 1.0, -1.0, 3.0, 2.0, -1.0, 2.0, -1.0, -1.0, 2.0, 2.0, -1.0, 1.0, 0.0, 3.0, 3.0, 1.0, 0.0, 2.0, -1.0, 3.0, 0.0, 2.0, -1.0, 2.0, 0.0, -1.0, 0.0, 1.0, -1.0, 0.0, 0.0, 2.0, 3.0, -1.0, -1.0, 1.0, 3.0, 1.0, 3.0, -1.0, 0.0, 1.0, 0.0, 3.0, 0.0, 2.0, 95334.0, 509.0, 99509.0
3.0, 1.0, 0.0, -1.0, 0.0, 1.0, 2.0, -1.0, 3.0, -1.0, 0.0, -1.0, 1.0, 2.0, 1.0, 3.0, 1.0, 1.0, 2.0, 0.0, 0.0, 2.0, -1.0, 1.0, 2.0, 0.0, -1.0, 2.0, 0.0, -1.0, 2.0, 3.0, -1.0, 2.0, -1.0, 2.0, 1.0, 0.0, 3.0, -1.0, 3.0, 1.0, 0.0, 3.0, -1.0, 2.0, -1.0, 0.0, 3.0, -1.0, 95136.0, 514.0, 99505.0
2.0, 0.0, 2.0, 3.0, 3.0, 3.0, 0.0, 3.0, 2.0, 3.0, -0.913533907253, -0.240816606122, -1.0, -1.0, 0.0, -1.0, -1.0, 0.0, 0.993091776493, 2.0, 0.0, -0.462636631983, 1.0, -1.0, 1.54256898757, 3.0, 1.0, 1.27674826308, 1.47820013178, 2.0, -1.0, 3.0, 3.0, 1.0, -1.0, 0.0, -0.523620322672, 0.0751135593423, 1.0, 0.0, -1.0, 2.39203981177, 2.0, -1.0, 2.30476110144, 0.0, 1.0, -0.644356279549, 2.0, 3.0, 95112.0, 516.0, 99508.0
-1.0, 2.0, 1.0, 0.0, 2.0, 2.0, 1.0, -1.0, 3.0, 2.0, 3.0, 1.0, 1.0, -1.0, -1.0, -1.0, 0.0, -1.0, 1.0, 3.0, 0.0, 2.0, -1.0, 3.0, -1.0, 0.0, 0.0, 1.0, -1.0, 2.0, 0.0, 2.0, -1.0, 0.0, 0.0, 2.0, 0.0, 2.0, 1.0, -1.0, 1.0, 3.0, 1.0, 0.0, -1.0, 2.0, -1.0, 1.0, 2.0, 1.0, 95103.0, 514.0, 99515.0
-1.0, 3.0, -1.0, 1.0, 2.0, -1.0, 2.0, 3.0, -1.0, 0.0, 2.0, 3.0, 2.0, 2.19077301891, -1.0, 2.32567401214, 0.0, -1.0, -1.0, -1.0, 1.0, 3.0, 0.0, 3.0, 1.0, -1.0, 1.0, 3.0, 3.0, 1.0, -1.0, 1.0, 0.0, 1.0, -1.0, -1.0, 2.0, 2.0, 2.60548439044, 2.19724850145, 0.0, 3.0, 0.788562947334, -0.66248918483, 3.0, 2.0, 0.0, -1.0, 0.522569145477, -1.0, 96019.0, 483.0, 99548.0
-1.0, 2.0, -1.0, 2.82874605107, -1.0, 3.0, -1.0, 2.0, 2.0, 0.0, 1.0, 1.0, -1.0, -1.0, -1.0, 2.0, 3.0, -1.0, 1.0, -1.0, 0.0, 3.0, 1.0, 2.0, -1.0, 1.0, 3.0, 1.0, 0.0, 1.0, 0.0, -1.0, -1.0, 0.0, 0.0, -1.0, 3.0, 0.0, 1.0, 1.0, 0.0, 2.0, 2.0, 3.0, 2.0, 1.0, -1.0, -1.0, -0.266112180934, 0.0, 95639.0, 485.0, 99573.0
-1.0, 1.0, -1.0, 2.0, 3.0, 0.0, 2.0, 0.0, 0.110277432134, 3.0, 1.0, 1.0, 3.0, 0.0, 1.0, -0.984529334744, 3.0, 3.0, 3.0, 0.0, -1.0, 3.0, -1.0, -1.0, 0.650405312247, 2.01137987083, 0.0, 0.0, -0.0562842287856, -1.0, -1.0, 3.0, -1.0, 2.0, 3.0, 1.0, 2.0, -1.0, 1.0, 2.0, 1.0, 2.0, 1.0, -1.0, 1.0, 3.0, 2.0, 1.0, -1.0, -1.0, 95456.0, 513.0, 99509.0
-1.0, 3.0, -1.0, -1.0, 0.0, 3.0, -1.0, 3.0, 1.0, 3.0, 1.0, -1.0, 2.09327753385, -1.0, -1.0, -1.0, 3.0, 0.0, 1.0, -1.0, 1.0, 0.0026370053056, -1.0, 2.0, 3.0, -0.0880884946459, 0.629618188125, -0.889870633027, -0.554870224053, -1.0, 3.0, 2.0, -1.0, 2.0, 0.0, -1.0, 0.946169049949, 2.0, 0.0, 0.0, 2.0, -1.0, 3.0, 2.0, 1.0, 2.0, 0.0, 2.0, 1.0, 2.0, 95759.0, 478.0, 99562.0
1.0, 3.0, -1.0, 0.0, -0.864667831553, -1.0, 3.0, 2.0, -1.0, 2.0, -1.0, -1.0, 2.0, 2.0, -1.0, 1.0, 0.0, 3.0, 3.0, 1.0, 1.86271881201, 2.0, -1.0, 3.0, 0.0, 2.0, -1.0, 2.0, 0.0, -1.0, 0.0, 1.0, -1.0, 0.0, 0.0, 0.425936621611, 3.0, 0.174641080458, -1.0, 1.0, 3.0, 1.0, 3.0, -1.0, 1.56338267713, 1.0, 0.0, 3.0, 0.0, 2.0, 95392.0, 510.0, 99510.0
2.81709124956, 0.33029406652, 2.0, -1.0, 0.681172491647, 0.0, 0.0, 0.0, 1.0, 2.0, 0.0, -1.0, 0.0, 3.0, 2.0, 3.0, -1.0, 0.0744202247207, 3.0, 3.0, 2.81668761567, 3.0, -1.0, -0.0186084047208, -1.0, 2.16314554287, -1.0, -1.0, -1.0, -1.0, -1.0, 3.0, 1.26887362546, 0.0, 1.0, 1.0, 1.0, 3.0, -1.0, 2.0, -0.553632406179, 3.0, 2.0, -1.0, 2.0, 2.0, 0.0, -1.0, 2.0, -1.0, 95658.0, 487.0, 99540.0
3.0, 1.0, 1.0, 1.0, 1.0, 3.0, 0.0, 3.0, -1.0, 0.0501342286897, -1.0, 1.0, 3.0, -1.0, 0.0, 1.0, -0.0471704605946, 3.0, 0.0, -1.0, 2.0, -1.0, 1.31036893039, 2.00334836049, 3.0, 0.0, -1.0, 0.0, -1.0, 2.0, 2.0, 0.0, -1.0, 0.0, 1.0, 2.84972818343, 2.0, 2.0, 0.0, 2.40224059919, 2.6792963327, 2.17650621066, 2.0, 3.0, 1.77773222791, 0.0, 1.0, -1.0, 2.0, 1.0, 94672.0, 554.0, 99459.0
0.0, 1.0, -1.0, -1.0, 3.0, 3.0, 1.0, -1.0, 1.0, 0.0, -1.0, 0.0, 0.0, 3.0, 0.0, 0.0, 2.0, 2.0, -1.0, -1.0, -1.0, 1.0, 1.0, 0.0, 2.0, -1.0, 1.0, 2.0, 1.0, 2.0, 3.0, -1.0, -1.0, -1.0, 2.0, 1.0, 2.0, -0.103160497673, 1.0, 0.0, -1.0, -1.0, 0.0, -1.0, 2.0, -1.0, 1.0, 2.85574347324, 1.0, 3.0, 95287.0, 487.0, 99542.0
2.0, 2.0, 3.0, 0.0, 1.0, -1.0, 2.0, -1.0, 1.89469387249, 3.0, -1.0, 3.0, 0.0, 2.0, -1.0, 3.0, 3.0, 1.0, -1.0, 2.0, 1.0, 2.0, 0.0, -1.0, 0.0, 1.0, 1.0, -1.0, 3.0, 0.0, -1.0, 3.0, 1.0, 2.08952766181, 1.0, 0.0, 1.0, 0.0, -1.0, 0.0, 2.29376182118, 2.0, 0.0, 0.0, -1.0, -1.0, -1.0, 1.37691586969, 3.0, 0.0, 95097.0, 518.0, 99493.0
3.0, 0.0, 2.0, 0.0, 1.0, -1.0, 0.0, 2.0, 1.0, 2.0, 3.0, -1.0, 0.0, 1.0, 3.0, -1.0, 3.0, 1.0, 0.0, 3.0, 3.0, 3.0, 0.0, 0.0, 2.0, 1.0, 0.0, 3.0, 3.0, 1.0, -1.0, 1.0, -1.0, 2.0, 2.0, 3.0, 2.0, 0.0, -1.0, 2.0, 0.0, 1.0, 1.0, 3.0, 1.0, 2.0, -1.0, 2.0, 1.0, -1.0, 94662.0, 574.0, 99437.0
-1.0, 0.0, -0.264015966713, -0.570634977121, 1.34852782236, -1.0, 3.0, 2.52905123053, 2.0, 1.0, 0.0, 2.0, 1.0, -1.0, -1.0, 3.0, 2.44709273262, 0.322969862654, 1.52847164282, 1.26726332944, 1.01912362063, -1.0, -1.0, -1.0, 0.0, 2.95966559466, 0.0, 0.0, 3.0, 3.0, -1.0, 2.0, 1.0, 3.0, 0.0, 0.0, 0.0, 3.0, -1.0, 0.589161509258, 2.0, 1.13722090203, -1.0, 0.641912166686, 3.0, -0.42237856421, 2.0, 1.0, 2.0, 1.0, 94959.0, 541.0, 99478.0
3.0, -1.0, 0.0, 2.0, 0.0, -1.0, -1.0, 1.0, -1.0, 2.0, -1.0, 0.0, 3.0, 0.0, 1.0, -1.0, -1.0, 0.0, 2.0, 3.0, 3.0, 0.0, 2.0, 2.90157895755, -1.0, 0.0, 1.0, 0.0, 1.0, 1.0, 1.0, 1.0, -1.0, 2.0, 2.0, 0.0, 1.0, -1.0, 1.0, 3.0, 0.0, 2.0, 2.0, -1.0, 2.0, 3.0, 2.0, 3.0, 1.0, -1.0, 95031.0, 525.0, 99488.0
-1.0, 0.0, 1.0, 2.88374114802, 1.0, -1.0, 3.0, 1.0, 2.0, 1.46168214923, 0.0, 2.0, 1.0, -1.0, 1.0, 3.0, 3.0, 0.0, 1.0, 3.0, 0.0, -1.0, -1.0, -1.0, 2.0, 2.0, 0.0, 0.0, 3.0, 3.0, -1.0, 2.0, 1.0, 3.0, 0.0, 0.0, 0.0, 3.0, -1.0, 0.0, 2.0, -1.0, 1.60258403947, 1.0, 3.0, 2.0, 2.0, 1.0, 2.0, 1.0, 94761.0, 564.0, 99444.0
2.0, 2.0, 3.0, 0.0, 2.65559931617, -1.0, 2.0, -1.0, 1.89469387249, 3.0, -1.0, 3.0, 0.76907873112, 2.0, -1.0, 3.0, 3.0, 1.0, -1.0, 2.0, 1.0, 2.0, 0.0, -1.0, 0.0, 1.0, 1.0, 3.0, 3.0, 1.0, -1.0, 3.0, 1.0, 2.12233298428, 1.0, 0.0, 1.0, 0.0, -1.0, 0.0, 2.29376182118, 2.0, 0.0, 0.0, -1.0, -1.0, -1.0, 1.37691586969, 3.0, 0.0, 95210.0, 532.0, 99480.0
1.0, 1.0, 0.0, 1.0, 2.0, 3.0, 3.0, 2.0, 1.0, 1.0, 2.0, 2.0, -1.0, 1.0, 3.0, 0.0, 3.0, 0.0, 1.0, -1.0, 0.0, 3.0, -1.0, 1.0, 2.0, -1.0, 3.0, 0.0, 1.0, 2.0, 3.0, 1.0, 0.0, 0.0, 0.0, 2.0, 1.0, 0.0, 3.0, 2.0, -1.0, 3.0, 2.0, 3.0, 2.0, 2.0, -1.0, 0.0, 2.0, -1.0, 94436.0, 592.0, 99437.0
