2.0, 2.0, 3.0, 0.0, -0.358471308079, -1.0, 2.0, -1.0, 3.0, -0.70735602141, -1.0, 3.0, 0.0, 2.0, -1.0, 3.0, 3.0, 1.0, -1.0, 2.20762573041, 1.0, 2.0, 0.956182684883, -1.0, 1.0, 1.0, 1.0, -1.0, 3.0, 2.5789817494, -1.0, 3.0, 1.0, 0.0, 1.0, 0.0, 1.0, 0.0, -1.0, 0.0, 2.0, 2.79081600002, 0.0, 0.0, -1.0, -1.0, -1.0, 1.0, 3.0, 0.0, 95207.0, 508.0, 99500.0
1.0, 3.0, -1.0, 0.0, 2.9582178541, -1.0, 3.0, 2.0, -1.0, 2.0, -1.0, -1.0, 2.37542407204, 1.27512136851, -1.0, 0.456047206861, 0.0, 3.0, 3.0, 1.0, -0.508955184356, 2.64080763712, -1.0, 3.0, 0.0, 2.0, -1.0, 2.0, 0.0, -1.0, -0.506682441669, 1.0, 0.419517914881, -0.849583608419, 2.26799280464, 2.0, 1.98233569646, -0.673278343025, 3.0, -0.305938737135, 2.07400689743, 1.0, 3.0, -1.0, -0.180634963599, 1.0, -0.624701652529, 3.0, 0.0, 2.0, 95743.0, 468.0, 99532.0
-0.99588406929, 2.0, 0.0, -1.0, 1.0, 2.0, -1.0, -0.592756444999, 2.0, 2.0, -1.0, -0.113511518932, 0.0, -1.0, 2.0, 3.0, -1.0, 1.0, 0.0192438140335, -1.0, 1.0, -1.0, -1.0, -1.0, 2.50059249742, 2.39125521211, -0.545484188392, -1.0, 3.0, 2.05974081969, 0.525214763343, 2.0, 0.0, 1.0, 1.0, 2.0, 0.0, 3.0, 0.0427910684688, -1.0, 1.0, 0.0, 3.0, 3.0, 3.0, 1.88351041618, 0.0, -0.531332296456, 3.0, -1.0, 95646.0, 463.0, 99538.0
3.0, 0.0, 2.0, 0.0, 1.0, -1.0, 0.0, 2.0, 1.0, -0.547007621837, 3.0, -1.0, 0.0, 1.0, 3.0, -1.0, 3.0, 1.2162235458, 0.0, 3.0, 3.0, 3.0, 0.0, 0.0, 2.0, 1.0, -0.904827234963, 3.0, 3.0, 1.0, -1.0, 1.0, 0.0, 2.0, 2.0, 2.50604671381, 2.0, 0.0, -1.0, 2.0, 0.0, 1.94370020145, 1.0, 3.0, 1.0, 2.0, -1.0, 2.0, 1.0, -1.0, 94675.0, 560.0, 99439.0
2.12385563371, -1.0, 0.0, 2.0, 0.0, 3.0, -1.0, 1.0, -1.0, 2.00016247151, -1.0, 0.52438940435, 3.0, -1.0, 1.0, -1.0, -1.0, 0.0, 2.0, 3.0, 3.0, 2.28628958917, 2.0, 2.0, -1.0, 0.0, 1.0, 0.0, 1.0, 1.0, 0.0, 1.0, -1.0, 0.0, 2.0, 0.0, 1.0, -1.0, 1.0, 3.0, 0.0, 2.0, 2.0, -1.0, 2.0, 3.0, -1.0, 3.0, 1.0, -1.0, 95119.0, 504.0, 99503.0
3.0, 0.0, 2.0, 0.0, 0.786277367713, -0.0661780100697, 0.0, 0.102871948312, 1.0, -0.547007621837, 3.0, 0.684664776336, 0.0, -1.0, 3.0, 1.24622231383, 3.0, 1.72312511801, 0.0, 3.0, 3.0, 3.0, 0.0, 0.0, 2.0, 1.0, -0.648337201815, 3.0, 3.0, 1.0, -0.626196557837, 1.0, -0.771202060859, 2.0, 2.2736863176, 1.85324563129, 2.0, 0.0, -1.0, 2.0, 0.0, 1.94370020145, 1.0, 3.0, 1.0, 2.08671373793, -1.0, 2.0, 1.0, -1.0, 94525.0, 575.0, 99431.0
3.0, 0.0, 2.0, 0.0, 1.0, -1.0, 0.0, 2.0, 1.0, 2.0, 1.74560692007, 1.57503054705, 0.0, 1.0, 3.0, -1.0, 3.0, 1.0, 0.0, 3.0, 3.0, 3.0, 0.0, 0.0, 1.74338868772, 1.0, 0.0, 3.0, 3.0, 1.0, -1.0, 1.0, -1.0, 2.0, 2.0, 3.0, 2.0, 0.0, -1.0, 2.0, 0.0, 1.0, 1.0, 3.0, 1.0, 2.59281053632, -1.0, 2.0, 1.0, -1.0, 94559.0, 588.0, 99423.0
2.0, 0.0, -1.0, 3.0, 2.0, 2.0, 2.0, 0.0, -1.0, 0.0, -1.0, 1.0, 3.0, -1.0, 1.0, 3.0, 0.0, 3.0, 2.0, -1.0, 0.0, 2.0, 1.0, -1.0, 1.0, 1.0, -1.0, -1.0, 0.0, 0.0, -1.0, 3.0, -1.0, 3.0, 1.0, 1.0, -1.0, 2.0, 1.0, 3.0, 1.0, 1.0, 0.0, -1.0, -1.0, 2.0, 0.0, 3.0, 2.0, 1.0, 95377.0, 499.0, 99501.0
2.0, 0.0, 2.0, 3.0, 3.0, 3.0, 0.0, 3.0, 2.0, 3.0, -0.913533907253, -0.240816606122, -1.0, -1.0, 0.0, -1.0, -1.0, 0.0, 0.993091776493, 0.704393020381, 0.0, -0.646461313043, 1.0, -1.0, 1.54256898757, 3.0, -0.678054938098, 1.27674826308, 1.47820013178, 2.0, -1.0, 3.0, 3.0, 1.0, -1.0, 0.0, -0.523620322672, 0.0751135593423, 1.0, 0.0, -1.0, 2.39203981177, 2.0, -1.0, 2.30476110144, 1.6164348853, 1.0, -0.644356279549, 2.0, 3.0, 95345.0, 480.0, 99525.0
0.0, 2.0, 1.0, 1.0, 2.0, 1.0, -1.0, 2.0, -1.0, 0.0, -1.0, 2.0, 0.0, -1.0, 2.0, 1.0, 2.0, 3.0, 2.0, 1.0, 0.0, -1.0, 2.0, 2.0, 1.0, -1.0, 1.0, 1.0, 2.0, 2.0, 0.0, 1.0, -1.0, 0.0, 0.0, -1.0, -1.0, 0.0, 3.0, 0.0, 3.0, 1.0, 1.0, 0.0, 3.0, 0.0, -1.0, 3.0, 3.0, -1.0, 94709.0, 526.0, 99469.0
3.0, 0.0, 2.0, 0.0, 1.0, -1.0, 0.0, 2.0, 1.0, -0.547007621837, 3.0, -1.0, 0.0, 1.0, 3.0, -1.0, 3.0, 1.2162235458, 0.0, 3.0, 3.0, 3.0, 0.0, 0.0, 2.0, 1.0, -0.904827234963, 3.0, 3.0, 1.0, -1.0, 1.0, 0.0, 2.0, 2.0, 2.50604671381, 2.0, 0.0, -1.0, 2.0, 0.0, 1.94370020145, 1.0, 2.3984913044, 1.0, 2.0, -1.0, 2.0, -0.62913966451, -1.0, 94800.0, 548.0, 99454.0
2.0, 2.0, 3.0, 0.0, 1.0, -1.0, 2.0, -1.0, 3.0, 0.732193568033, -1.0, 3.0, 0.0, 2.0, -1.0, 3.0, 3.0, 2.25796915527, -1.0, 2.0, 1.0, 2.0, 0.0, -1.0, 0.0, 1.0, 1.0, -1.0, 3.0, 0.0, -1.0, 3.0, 1.0, 0.0, 1.0, 0.0, 1.0, 0.0, -1.0, 0.0, 2.0, 2.0, 0.0, 0.0, -1.0, -1.0, -0.732951173613, 1.0, 3.0, 0.0, 95011.0, 518.0, 99493.0
0.0, 1.0, -1.0, -1.0, 3.0, 3.0, 1.0, -1.0, 1.0, 0.426493547603, -1.0, 0.0, 0.0, 3.0, 0.0, 0.0, 2.0, 2.0, -1.0, -1.0, -1.0, 1.0, 1.0, 0.0, 2.0, -1.0, 1.0, 2.0, 1.0, 2.0, 3.0, -0.427653086703, -1.0, -1.0, 2.03520936182, 1.0, 2.0, -0.103160497673, -0.392525162703, 0.741276699844, -1.0, -1.0, 0.0, -1.0, 2.0, -1.0, 1.0, 2.85574347324, 1.0, 3.0, 95052.0, 503.0, 99524.0
3.0, 1.0, 2.0, -1.0, 3.0, 0.0, 2.0, -1.0, 1.0, 0.0, -1.0, 0.0, 2.28167764729, -1.0, 1.0, 3.0, 2.0, -1.0, 1.0, 1.0, -1.0, 2.75977860564, -1.0, 3.0, 2.0, 3.0, 2.0, 0.0, 2.0, 0.0, 1.0, -1.0, -1.0, -0.726280684313, -1.0, 2.84972818343, -1.0, 1.0, 2.09188306442, -1.0, 0.0, 2.0, 1.0, -1.0, 3.0, 2.0, -1.0, -1.0, 0.0, 0.0, 95833.0, 465.0, 99560.0
2.81709124956, 0.33029406652, 2.0, -1.0, 0.681172491647, 0.0, 0.0, 0.0, 1.0, 2.0, 0.0, -1.0, 0.0, 3.0, 2.0, 3.0, -1.0, 0.0744202247207, 3.0, 3.0, 2.81668761567, 3.0, -1.0, -0.0186084047208, -1.0, 2.16314554287, -1.0, -1.0, -1.0, -1.0, -1.0, 3.0, 1.26887362546, 0.0, 1.49100264954, 1.0, 1.0, 3.0, -1.0, 2.0, -0.553632406179, -0.602071415962, 1.22205700238, -1.0, 2.0, 2.0, 0.0, -1.0, 2.0, -1.0, 95666.0, 472.0, 99553.0
3.0, 1.0, 2.0, 0.0, 1.0, -1.0, 0.0, 2.0, 1.56468655732, -0.547007621837, 3.0, -1.0, 0.0, 1.0, 3.0, -1.0, 3.0, 1.2162235458, 0.0, 3.0, 3.0, 3.0, 0.0, 0.0, 2.0, 1.0, -0.904827234963, 3.0, 3.0, 1.0, -1.0, 1.0, 0.0, 2.0, 2.0, 2.99388864532, 2.0, 0.0, -1.0, 2.0, 0.0, 1.94370020145, 1.0, 3.0, 0.881022498141, 2.0, -1.0, 2.0, 1.0, -1.0, 94731.0, 560.0, 99439.0
3.0, 0.0, 2.0, 0.0, 0.786277367713, -0.0661780100697, 0.0, 0.102871948312, 1.0, -0.547007621837, 3.0, 0.684664776336, 0.0, -1.0, 3.0, 1.24622231383, 3.0, 1.04328799417, 0.0, 3.0, 3.0, 3.0, 0.0, 0.0, 2.98527836062, 1.84190393259, -0.648337201815, 3.0, 3.0, 1.0, -0.626196557837, 1.0, -0.771202060859, 2.0, 2.2736863176, 1.85324563129, 2.0, 0.0, -1.0, 2.0, 0.0, 1.94370020145, 1.0, 3.0, 1.0, 2.08671373793, -1.0, 2.0, 1.0, -1.0, 94535.0, 575.0, 99431.0
2.0, 0.0, 2.0, 0.149600070547, 2.0, 3.0, 3.0, -1.0, 1.0, 3.0, 0.0, 0.0, 3.0, 1.0, 1.83312250262, -0.667416182299, 2.0, -0.494773700872, 2.0, 0.0, 3.0, -1.0, 2.0, 1.0, 1.0, 3.0, 3.0, 3.0, 2.0, 1.0, -1.0, -1.0, 1.0, 2.0, 0.0, 1.0, -1.0, 1.0, 3.0, 0.0, 1.0, -1.0, 3.0, -1.0, 0.0, 0.0, 2.0, 1.0, 2.0, 0.0, 94567.0, 571.0, 99441.0
3.0, 0.0, 2.0, 0.0, 1.0, -1.0, -0.439178300787, 2.0, 1.0, 2.0, 3.0, -1.0, 0.0, 1.0, 3.0, -1.0, 3.0, 1.0, 0.0, 3.0, 3.0, 3.0, 0.0, 0.0, 2.0, 1.0, 0.0, 3.0, 3.0, 1.0, -1.0, 1.43290274671, -1.0, 0.0, 2.0, 3.0, 2.0, 0.0, -1.0, 2.0, 0.0, 1.0, 1.0, 3.0, 1.0, 1.71493146684, -1.0, 2.0, 1.0, -1.0, 94554.0, 574.0, 99437.0
-1.0, 2.21128657972, 1.0, 0.0, 2.0, 2.0, 1.0, 2.0, 3.0, 2.0, 3.0, 1.0, 1.0, -1.0, -1.0, -1.0, 0.0, -0.370759697367, 1.0, 3.0, 0.0, 2.0, -1.0, 3.0, -1.0, 2.97262292102, 0.0, 1.0, -1.0, 2.0, 0.0, 2.0, -1.0, 0.0, 0.0, 2.0, 0.0, 2.0, 1.0, -1.0, 1.0, 3.0, 3.0, 0.0, -1.0, -1.0, -1.0, 1.0, 2.0, -0.523497364635, 95164.0, 513.0, 99513.0
3.0, 1.0, 0.0, -1.0, 0.0, 1.0, 2.0, -1.0, 3.0, -1.0, 0.0, -1.0, 1.0, 2.0, 1.0, 3.0, 1.0, 1.0, 2.0, 0.0, 0.0, 2.0, -1.0, 1.0, 2.0, 0.0, -1.0, 2.0, 0.0, -1.0, 2.0, 3.0, -1.0, 2.0, -1.0, 2.0, 1.0, 0.0, 3.0, -1.0, 3.0, 1.0, 0.0, 3.0, -1.0, 2.0, -1.0, 0.0, 3.0, -1.0, 95136.0, 514.0, 99505.0
3.0, -1.0, 0.0, 2.0, 0.0, -1.0, -1.0, 1.0, -1.0, 2.0, -1.0, 0.0, 3.0, 0.0, 1.0, -1.0, -1.0, 0.0, 2.0, 3.0, 3.0, 0.0, 2.0, 2.0, -1.0, 0.0, 1.0, 0.0, 1.0, 1.0, 1.0, 1.0, -1.0, 2.0, 2.0, 0.0, 1.0, -1.0, 1.0, 3.0, 0.0, 2.0, 2.0, -1.0, 2.0, 3.0, 2.0, 3.0, 1.0, -1.0, 94979.0, 525.0, 99488.0
-1.0, 2.0, -1.0, 2.82874605107, -1.0, 3.0, -1.0, 2.0, 2.0, 0.0, 1.0, 1.0, -1.0, -1.0, -1.0, 2.0, 3.0, -1.0, 0.759902349747, -1.0, 0.0, 3.0, 1.0, 2.0, -1.0, 1.0, 3.0, 1.0, -1.0, 1.0, 0.0, -1.0, -1.0, 0.0, 0.0, -1.0, 3.0, 0.0, 1.0, 1.0, 0.0, 2.0, 2.0, 2.32642703383, 2.0, 1.0, -1.0, -1.0, -0.266112180934, 0.0, 95819.0, 473.0, 99590.0
-0.99588406929, 2.0, 0.0, -1.0, 1.0, 2.0, -1.0, -0.592756444999, 2.0, 2.0, -1.0, -0.113511518932, 0.0, -1.0, 2.0, 3.0, -1.0, 1.0, 1.0, -1.0, 1.0, -1.0, -1.0, -1.0, 2.50059249742, 2.39125521211, 0.0, -1.0, 3.0, 1.0, 0.0, 2.0, 0.0, 1.0, 1.0, 2.0, 0.0, 3.0, 1.18581576537, -1.0, 1.0, 0.0, 3.0, 3.0, 3.0, 2.0, 0.0, -0.531332296456, 3.0, -1.0, 95572.0, 481.0, 99530.0
0.0, 1.0, -1.0, -1.0, 3.0, 3.0, 1.0, -1.0, 1.0, 0.0, -1.0, 0.0, -0.56546084835, 3.0, 0.0, 0.0, 2.0, 0.0, -1.0, -1.0, -1.0, 1.0, 1.44239892171, 0.0, 2.0, -1.0, 1.0, 2.0, 1.0, 2.0, 3.0, -1.0, -1.0, -1.0, 2.0, 1.0, 2.29885973761, 2.0, 1.0, 0.0, -1.0, -1.0, 0.0, -1.0, 2.0, -1.0, 1.0, 2.0, 1.0, 3.0, 95456.0, 474.0, 99559.0
-1.0, 2.0, 1.0, 0.0, 2.0, 2.0, 1.0, -1.0, 3.0, 2.0, 3.0, 1.0, 1.0, -1.0, -1.0, -1.0, 0.0, -1.0, 1.0, 3.0, 0.0, 2.0, -1.0, 3.0, -1.0, 0.0, 0.0, 1.0, -1.0, 2.0, 0.0, 2.0, -1.0, 0.0, 0.0, 2.0, 0.0, 2.0, 1.0, -1.0, 1.0, 3.0, 1.0, 0.0, -1.0, 2.0, -1.0, 1.0, 2.0, 1.0, 95103.0, 514.0, 99515.0
0.0, 1.0, -1.0, -1.0, 3.0, 3.0, 1.0, -1.0, 1.0, 0.0, -1.0, 0.0, 0.0, 3.0, 0.0, 0.0, 2.0, 2.0, -1.0, -1.0, -1.0, 1.0, 1.0, 0.0, 2.0, -1.0, 1.0, 0.195034530666, 1.0, 2.0, 3.0, -1.0, -1.0, -1.0, 2.0, 1.0, 2.0, -0.103160497673, 1.0, 0.0, -1.0, -1.0, 0.0, -1.0, 2.0, -1.0, 1.0, 2.85574347324, 1.0, 3.0, 95195.0, 487.0, 99542.0
-1.0, -0.459226074851, 0.0559844767002, -1.0, 0.0, -1.0, 0.0, -0.365586274422, 1.0, -1.0, -1.0, -0.119974920356, 3.0, 1.79162712676, -1.0, -1.0, 0.0, 2.0, -0.963529198852, 2.96797167949, 2.0, 1.0, 1.0, 1.61361668782, 2.0395288819, -1.0, -1.0, 1.0, 3.0, -1.0, 2.0, 0.786193781981, 0.426262516938, -1.0, 2.0, 0.0, 0.0, 2.0, 3.0, 3.0, 2.95426181953, 0.0, -1.0, -1.0, -1.0, 1.0, 2.0, 1.0, 0.0, 1.0, 95324.0, 486.0, 99540.0
3.0, -1.0, 0.0, 2.0, 0.0, -1.0, -1.0, 1.0, -1.0, 2.0, -1.0, 0.0, 3.0, 0.0, 1.0, -1.0, -1.0, 0.0, 2.0, 3.0, 3.0, 0.0, 2.0, 2.90157895755, -1.0, 0.0, 1.0, 0.0, 1.0, 1.0, 1.0, -0.262712109589, -1.0, 2.0, 2.0, 0.0, 1.0, -1.0, 1.0, 3.0, 0.0, 2.52841007987, 2.0, -1.0, 2.0, 3.0, 2.0, 3.0, 1.0, -1.0, 95010.0, 525.0, 99488.0
-1.0, 1.74630860404, 1.0, 0.0, 1.0867192645, 2.0, 1.0, 2.0, 3.0, 2.0, 3.0, 1.0, 1.0, -1.0, -1.0, -1.0, 0.0, -0.370759697367, 1.0, 3.0, 0.0, 2.0, -1.0, 3.0, -1.0, 2.97262292102, 0.0, 1.0, -1.0, 1.64273388932, 0.0, -0.0963658369912, -1.0, 0.0, -0.572375136727, -0.827833064944, 0.0, 2.0, 1.0, -1.0, -0.776375054666, 3.0, 3.0, 0.0, -1.0, -1.0, -1.0, 1.0, 2.0, -0.523497364635, 95478.0, 474.0, 99558.0
