3.0, 2.0, 0.0, 1.0, 1.0, 1.78286528988, 3.0, -1.0, -1.0, 0.0, -1.0, 2.0, 1.41612188367, -1.0, -0.47119216034, 0.79620342288, 0.0, 1.0, 2.0, 2.0, 1.0, 1.0, -1.0, 0.0, -1.0, -1.0, -1.0, -0.180120267151, -1.0, 1.0, 3.0, 2.0, -1.0, 0.0, 2.88955378374, 1.0, 2.91294803042, -0.922164074723, 2.0, 0.0, -1.0, -1.0, 1.40429492239, 0.0, 1.55653601314, 2.0, 2.0, -1.0, -1.0, 2.0, 95129.0, 472.0, 99533.0
0.0, 3.0, 2.38852489838, 2.0, 3.0, -0.593290603024, 1.0, 0.19058838849, -1.0, 2.0, -1.0, 1.0, 2.0, 1.0, 0.0, 2.29762350994, 0.0, 1.0, 1.88621078205, 1.0, 2.0, 1.0, -1.0, 0.0390115544307, -0.539459787372, 0.0, -1.0, 2.0, 0.0, 3.0, -0.660396980166, 3.0, 2.0, 0.0, 0.674433067207, 1.2438610169, 2.9803670989, 0.0, -1.0, 3.0, 3.0, -0.192917140888, 1.0, -1.0, 3.0, 0.453177761941, 1.61032708444, 0.606792775018, 1.0, 3.0, 94420.0, 559.0, 99431.0
1.0, 3.0, -1.0, 0.0, 2.9582178541, -1.0, 3.0, 2.0, -1.0, 2.0, -1.0, -1.0, 2.37542407204, 1.27512136851, -1.0, 0.456047206861, 0.0, 3.0, 3.0, 1.0, -0.508955184356, 2.64080763712, -1.0, 3.0, 0.0, 2.0, -1.0, 2.0, 0.0, -1.0, -0.506682441669, 1.0, 0.419517914881, -0.849583608419, 2.26799280464, 2.0, 1.98233569646, -0.673278343025, 3.0, -0.305938737135, 2.07400689743, 1.0, 3.0, -1.0, -0.180634963599, 1.0, -0.624701652529, 3.0, 0.0, 2.0, 95743.0, 468.0, 99532.0
2.0, 0.0, 0.836557989018, 3.0, 2.29675540232, 2.0, 2.0, 0.0, -1.0, 0.0, -1.0, 1.0, 3.0, -1.0, 1.0, 3.0, 0.0, 3.0, 2.0, -1.0, 0.0, 2.0, 2.48122759455, -1.0, 1.0, 1.0, -1.0, -1.0, 0.0, 0.0, -1.0, 3.0, -1.0, 3.0, 1.0, 1.0, -1.0, 2.0, 1.0, 3.0, 1.0, 1.0, 0.0, -1.0, -1.0, 2.0, -1.0, 3.0, 2.0, 1.0, 95393.0, 493.0, 99502.0
0.0, 2.0, 1.19317944083, 2.74749255394, 2.0, 1.64176151882, -1.0, 2.26190871224, 3.0, 0.0, -1.0, 2.0, 0.0, -1.0, 2.0, 1.0, 2.0, 3.0, 2.0, 0.182998510139, 1.0, -1.0, 2.0, 2.0, 1.0, -0.812516023318, -0.763329613552, 1.0, 2.0, -0.428648517131, -0.0247491578769, 1.0, -1.0, 0.0, -0.411552170051, -1.0, -1.0, 0.0, 3.0, 0.0, 3.0, 1.0, 1.0, 1.0, 3.0, 0.0, -1.0, 2.76600813284, 3.0, -1.0, 94760.0, 523.0, 99469.0
3.0, 0.0, 2.0, 0.0, 0.786277367713, -0.0661780100697, 0.0, 0.102871948312, 1.0, -0.940227803134, 3.0, 0.684664776336, 0.0, 1.27337054005, 3.0, 1.24622231383, 3.0, 1.04328799417, 0.0, 3.0, 3.0, 3.0, 0.0, 0.0, 2.98527836062, 1.84190393259, -0.648337201815, 3.0, 3.0, 1.0, -0.626196557837, 1.0, -0.771202060859, 2.0, 2.2736863176, 2.00689111035, 2.0, 0.0, -1.0, 2.0, 0.0, 1.94370020145, 1.0, 3.0, 1.0, 2.08671373793, -1.0, 2.0, 1.0, -1.0, 94419.0, 591.0, 99418.0
-0.99588406929, 2.0, 0.0, -1.0, 1.0, 2.0, -1.0, -0.592756444999, 2.0, 2.0, -1.0, -0.113511518932, 0.0, -1.0, 2.0, 3.0, -1.0, 1.0, 0.0192438140335, -1.0, 1.0, -1.0, -1.0, -1.0, 2.50059249742, 2.39125521211, -0.545484188392, -1.0, 3.0, 2.05974081969, 0.525214763343, 2.0, 0.0, 1.0, 1.0, 2.0, 0.0, 3.0, 0.0427910684688, -1.0, 1.0, 0.0, 3.0, 3.0, 3.0, 1.88351041618, 0.0, -0.531332296456, 3.0, -1.0, 95646.0, 463.0, 99538.0
0.0, 2.0, 0.0, 1.0, 2.0, 2.63948799198, -1.0, 0.0, -1.0, 0.489054756773, -1.0, 2.0, 1.76930900648, -1.0, 0.0, 2.03718205396, 1.53478888135, 3.0, 2.0, 1.0, 0.0, -0.781002367392, -1.0, 2.84265978754, 2.76664245749, -1.0, 0.624884262462, 1.0, -0.204669607354, 2.5431623331, -0.690923312404, 1.0, 1.66912551225, 0.0, 0.0, -1.0, -1.0, 1.52320814178, 3.0, 0.0, 3.0, 1.0, 1.0, 0.0, 3.0, -0.0296737223416, -1.0, 3.0, 3.0, -1.0, 94822.0, 506.0, 99468.0
2.12385563371, -1.0, 0.0, 2.0, 0.0, 3.0, -1.0, 1.0, -1.0, 2.00016247151, -1.0, 0.52438940435, 3.0, -1.0, 1.0, -1.0, -1.0, 0.0, 2.0, 3.0, 3.0, 2.28628958917, 2.0, 2.0, -1.0, 0.0, 1.0, 0.0, 1.0, 1.0, 0.0, 1.0, -1.0, 0.0, 2.0, 0.0, 1.0, -1.0, 1.0, 3.0, 0.0, 2.0, 2.0, -1.0, 2.0, 3.0, -1.0, 3.0, 1.0, -1.0, 95119.0, 504.0, 99503.0
-0.99588406929, 2.0, -0.855306858162, -1.0, 1.0, 2.0, -1.0, -0.592756444999, 2.0, 2.0, -1.0, -0.329609299925, 0.0, -1.0, 2.0, 3.0, -1.0, 1.0, 0.0192438140335, -1.0, 1.0, -1.0, -1.0, -0.731815568383, 2.50059249742, 2.39125521211, -0.545484188392, -1.0, 3.0, 2.85600477237, 0.525214763343, 2.0, 0.0, 1.0, 1.0, 2.0, 0.107284204271, 3.0, 0.0427910684688, 0.0519281842263, 1.0, 0.0, 3.0, 3.0, 3.0, 1.88351041618, 0.0, -0.531332296456, 3.0, -1.0, 95682.0, 460.0, 99535.0
3.0, 2.0, 0.0, 1.0, 0.659770349171, 1.90634513261, 3.0, -1.0, -1.0, 0.0, -1.0, 1.81370827669, 3.0, -1.0, -0.47119216034, -0.558137938913, 0.0, 1.0, 2.0, 3.0, -0.471498408503, 1.0, -1.0, 2.41976126844, -1.0, -1.0, -1.0, -0.190496678964, -1.0, 1.0, 3.0, 2.0, -1.0, 2.0, 2.88955378374, 1.0, 2.15512198266, 1.0, 0.61083681394, 0.0, -0.651213888989, -1.0, 1.0, 0.0, 0.278243150391, 2.0, 2.3172318826, -1.0, 2.62772979091, 2.0, 95085.0, 481.0, 99509.0
2.0, 0.0, -1.0, 3.0, 2.0, 2.0, 2.0, 0.0, -1.0, 0.0, -1.0, 1.0, 3.0, -1.0, 1.0, 3.0, 0.0, 3.0, 2.0, -1.0, 0.0, 2.0, 1.0, -1.0, 1.0, 1.0, -1.0, -1.0, 0.0, 0.0, -1.0, 3.0, -1.0, 3.0, 1.0, 1.0, -1.0, 2.0, 1.0, 3.0, 1.0, 1.0, 0.0, -1.0, -1.0, 2.0, 0.0, 3.0, 2.0, 1.0, 95377.0, 499.0, 99501.0
3.0, 2.0, 0.0, 1.0, -0.937521408913, 2.290126057, 3.0, -1.0, -1.0, 2.0, -1.0, 1.71446788934, 1.04662391389, -1.0, -0.47119216034, -0.558137938913, 0.0, 1.0, 2.0, 2.0, -0.471498408503, 1.0, -1.0, 2.41976126844, -1.0, 0.0, -1.0, -0.594024689125, -1.0, 1.0, 3.0, 2.0, -1.0, -0.263417237621, 2.88955378374, 1.0, 1.4130423061, -0.33697395344, 0.76255757649, 0.0, -0.897277146041, -1.0, 1.0, 0.0, 1.34173911536, 2.0, 2.3172318826, -1.0, -1.0, 2.0, 95271.0, 458.0, 99546.0
3.0, 0.0, 2.0, 0.0, 1.0, -1.0, 0.0, 2.0, 1.0, 2.0, 1.74560692007, 1.57503054705, 0.0, 1.0, 3.0, -1.0, 3.0, 1.0, 0.0, 3.0, 3.0, 3.0, 0.0, 0.0, 1.74338868772, 1.0, 0.0, 3.0, 3.0, 1.0, -1.0, 1.0, -1.0, 2.0, 2.0, 3.0, 2.0, 0.0, -1.0, 2.0, 0.0, 1.0, 1.0, 3.0, 1.0, 2.59281053632, -1.0, 2.0, 1.0, -1.0, 94559.0, 588.0, 99423.0
2.0, 0.0, 2.0, 3.0, 3.0, 3.0, 0.0, 3.0, 2.0, 3.0, -0.913533907253, -0.240816606122, -1.0, -1.0, 0.0, -1.0, -1.0, 0.0, 0.993091776493, 0.704393020381, 0.0, -0.646461313043, 1.0, -1.0, 1.54256898757, 3.0, -0.678054938098, 1.27674826308, 1.47820013178, 2.0, -1.0, 3.0, 3.0, 1.0, -1.0, 0.0, -0.523620322672, 0.0751135593423, 1.0, 0.0, -1.0, 2.39203981177, 2.0, -1.0, 2.30476110144, 1.6164348853, 1.0, -0.644356279549, 2.0, 3.0, 95345.0, 480.0, 99525.0
0.0, 2.0, 1.0, 1.0, 2.0, 1.0, -1.0, 2.0, -1.0, 0.0, -1.0, 2.0, 0.0, -1.0, 2.0, 1.0, 2.0, 3.0, 2.0, 1.0, 0.0, -1.0, 2.0, 2.0, 1.0, -1.0, 1.0, 1.0, 2.0, 2.0, 0.0, 1.0, -1.0, 0.0, 0.0, -1.0, -1.0, 0.0, 3.0, 0.0, 3.0, 1.0, 1.0, 0.0, 3.0, 0.0, -1.0, 3.0, 3.0, -1.0, 94709.0, 526.0, 99469.0
3.0, 0.0, 2.0, 0.0, 1.0, -1.0, 0.0, 2.0, 1.0, -0.547007621837, 3.0, -1.0, 0.0, 1.0, 3.0, -1.0, 3.0, 1.2162235458, 0.0, 3.0, 3.0, 3.0, 0.0, 0.0, 2.0, 1.0, -0.904827234963, 3.0, 3.0, 1.0, -1.0, 1.0, 0.0, 2.0, 2.0, 2.50604671381, 2.0, 0.0, -1.0, 2.0, 0.0, 1.94370020145, 1.0, 3.0, 1.0, 2.0, -1.0, 2.0, 1.0, -1.0, 94675.0, 560.0, 99439.0
3.0, 0.0, 2.0, 0.0, 0.786277367713, -0.0661780100697, 0.0, 0.102871948312, 1.0, -0.547007621837, 3.0, 0.684664776336, 0.0, -1.0, 3.0, 1.24622231383, 3.0, 1.72312511801, 0.0, 3.0, 3.0, 3.0, 0.0, 0.0, 2.0, 1.0, -0.648337201815, 3.0, 3.0, 1.0, -0.626196557837, 1.0, -0.771202060859, 2.0, 2.2736863176, 1.85324563129, 2.0, 0.0, -1.0, 2.0, 0.0, 1.94370020145, 1.0, 3.0, 1.0, 2.08671373793, -1.0, 2.0, 1.0, -1.0, 94525.0, 575.0, 99431.0
1.0, 3.0, -1.0, 0.0, 2.9582178541, -1.0, 3.0, 2.19394512433, -1.0, 2.0, -1.0, -1.0, 2.37542407204, 1.27512136851, -1.0, 0.456047206861, 0.0, 3.0, 3.0, 1.0, -0.508955184356, 2.64080763712, -1.0, 3.0, 0.0, 2.0, -1.0, 2.65917301113, 0.0, -1.0, -0.506682441669, 1.0, 0.419517914881, -0.849583608419, 2.26799280464, 2.0, 1.98233569646, -0.673278343025, 3.0, -0.305938737135, 2.07400689743, 1.0, 3.0, -1.0, -0.180634963599, 1.0, -0.624701652529, 3.0, 0.0, 2.0, 95789.0, 468.0, 99532.0
0.0, 1.0, -1.0, -1.0, 3.0, 3.0, 1.0, -1.0, 1.0, 0.426493547603, -1.0, 0.0, 0.0, 3.0, 0.0, 0.0, 2.0, 2.0, -1.0, -1.0, -1.0, 1.0, 1.0, 0.0, 2.0, -1.0, 1.0, 2.0, 1.0, 2.0, 3.0, -0.427653086703, -1.0, -1.0, 2.03520936182, 1.0, 2.0, -0.103160497673, -0.392525162703, 0.741276699844, -1.0, -1.0, 0.0, -1.0, 2.0, -1.0, 1.0, 2.85574347324, 1.0, 3.0, 95052.0, 503.0, 99524.0
3.0, 1.0, 0.0, -1.0, 0.0, 1.0, 2.0, -1.0, -0.502335011918, -1.0, 0.0, -1.0, 1.0, 2.0, 1.0, 3.0, 1.0, 1.29200528279, 2.0, 0.0, 0.0, 2.0, -1.0, 1.0, 2.0, 0.0, -1.0, -0.607734982039, 0.0, -1.0, 2.0, 1.3536867451, -1.0, 0.858888944594, -1.0, 2.0, 2.19224615329, 0.0, 3.0, -1.0, 3.0, 1.0, 0.0, 3.0, -1.0, 2.0, -1.0, 0.0, 3.0, -1.0, 95204.0, 485.0, 99526.0
3.0, 2.0, 0.0, -0.370712458542, 1.0, 1.78286528988, 3.0, -1.0, -1.0, 0.0, -1.0, 2.0, 3.0, -1.0, -0.47119216034, 0.0, 0.0, 1.0, 2.0, 2.0, 1.0, 1.0, -1.0, 2.41976126844, -1.0, 1.14542431997, -1.0, -0.180120267151, -1.0, 1.0, 3.0, 2.0, -1.0, 0.0, 2.91868597187, 1.0, 2.91324478481, 1.0329907487, 2.0, 0.0, -1.0, -1.0, 1.0, -0.00640236942726, 2.99136541465, 2.0, 2.0, 1.49335040649, -1.0, 2.0, 94768.0, 520.0, 99482.0
2.81709124956, 0.33029406652, 2.0, -1.0, 0.681172491647, 0.0, 0.0, 0.0, 1.0, 2.0, 0.0, -1.0, 0.0, 3.0, 2.0, 3.0, -1.0, 0.0744202247207, 3.0, 3.0, 2.81668761567, 3.0, -1.0, -0.0186084047208, -1.0, 2.16314554287, -1.0, -1.0, -1.0, -1.0, -1.0, 3.0, 1.26887362546, 0.0, 1.49100264954, 1.0, 1.0, 3.0, -1.0, 2.0, -0.553632406179, -0.602071415962, 1.22205700238, -1.0, 2.0, 2.0, 0.0, -1.0, 2.0, -1.0, 95666.0, 472.0, 99553.0
3.0, 1.0, 2.0, -1.0, 3.0, 0.0, 2.0, -1.0, 1.0, 0.0, -1.0, 0.0, 2.28167764729, -1.0, 1.0, 3.0, 2.0, -1.0, 1.0, 1.0, -1.0, 2.75977860564, -1.0, 3.0, 2.0, 3.0, 2.0, 0.0, 2.0, 0.0, 1.0, -1.0, -1.0, -0.726280684313, -1.0, 2.84972818343, -1.0, 1.0, 2.09188306442, -1.0, 0.0, 2.0, 1.0, -1.0, 3.0, 2.0, -1.0, -1.0, 0.0, 0.0, 95833.0, 465.0, 99560.0
2.81709124956, 0.33029406652, 2.0, -1.0, 0.681172491647, 0.0, 0.0, 0.0, 1.0, 2.0, 0.0, -1.0, 0.0, 3.0, 2.0, 3.0, -1.0, 0.909833409699, 3.0, 3.0, 2.81668761567, 3.0, -1.0, -0.0186084047208, -1.0, 2.16314554287, -1.0, -1.0, -1.0, -1.0, -1.0, 3.0, 1.26887362546, 0.0, 1.49100264954, 1.0, 1.0, 3.0, -1.0, 2.0, -0.553632406179, -0.602071415962, 1.22205700238, -1.0, 2.0, 2.0, 0.0, -1.0, 2.0, -1.0, 95709.0, 472.0, 99553.0
-1.0, 1.74630860404, 1.0, 0.0, 1.0867192645, 2.0, 1.0, 2.0, 3.0, 2.0, 3.0, 1.0, 1.0, -1.0, -1.0, -1.0, 0.0, -0.370759697367, 1.0, 3.0, 0.0, 2.0, -1.0, 3.0, -1.0, 2.97262292102, 0.0, 1.0, -1.0, 1.64273388932, 0.0, -0.0963658369912, -1.0, 0.0, -0.572375136727, -0.827833064944, 0.0, 2.0, 1.0, -1.0, -0.776375054666, 3.0, 3.0, 0.0, -1.0, -1.0, -1.0, 1.0, 2.0, -0.523497364635, 95478.0, 474.0, 99558.0
