2.0, 0.0, 2.0, 1.99817172362, 3.0, -0.0730412416437, 0.0, 3.0, 2.60893727914, 3.0, -0.913533907253, -0.240816606122, -1.0, -1.0, 0.0, -1.0, -1.0, 0.0, 0.993091776493, 0.818458154023, 0.0, -0.646461313043, 1.0, -1.0, -0.546708862251, 3.0, -0.972096472305, 1.27674826308, 1.47820013178, 2.0, -1.0, 3.0, 3.0, 1.44465866433, -1.0, 0.0, 0.363994906458, 0.0751135593423, 1.0, 0.0, -1.0, 2.39203981177, 2.0, -1.0, 2.30476110144, 1.6164348853, 1.0, 2.30415186288, 2.0, 3.0, 95009.0, 497.0, 99504.0
2.0, 0.0, 0.836557989018, 3.0, 2.29675540232, 2.0, 2.0, 0.0, -1.0, 0.0, -1.0, 1.0, 3.0, -1.0, 1.0, 3.0, 0.0, 3.0, 2.0, -1.0, 0.0, 2.0, 2.48122759455, -1.0, 1.0, 1.0, -1.0, -1.0, 0.0, 0.0, -1.0, 3.0, -1.0, 3.0, 1.0, 1.0, -1.0, 2.0, 1.0, 3.0, 1.0, 1.0, 0.0, -1.0, -1.0, 2.0, -1.0, 3.0, 2.0, 1.0, 95393.0, 493.0, 99502.0
0.0, 2.0, 1.19317944083, 2.74749255394, 2.0, 1.64176151882, -1.0, 2.26190871224, 3.0, 0.0, -1.0, 2.0, 0.0, -1.0, 2.0, 1.0, 2.0, 3.0, 2.0, 0.182998510139, 1.0, -1.0, 2.0, 2.0, 1.0, -0.812516023318, -0.763329613552, 1.0, 2.0, -0.428648517131, -0.0247491578769, 1.0, -1.0, 0.0, -0.411552170051, -1.0, -1.0, 0.0, 3.0, 0.0, 3.0, 1.0, 1.0, 1.0, 3.0, 0.0, -1.0, 2.76600813284, 3.0, -1.0, 94760.0, 523.0, 99469.0
3.0, 0.517810608354, 0.0, 1.0, 1.0, 2.290126057, 1.40583511298, -1.0, -1.0, 1.6158647692, -1.0, 2.0, 1.04662391389, -1.0, -0.47119216034, -0.558137938913, 2.45104604318, 1.0, 2.0, 2.0, -0.471498408503, 1.0, -1.0, 2.41976126844, -1.0, 0.0, -1.0, -0.190496678964, -1.0, 1.0, 3.0, 0.384253546128, -1.0, -0.736376825284, 2.88955378374, 1.85324563129, 0.326136393759, 1.0, -1.0, 0.0, -0.897277146041, -1.0, 1.0, 0.0, 1.34173911536, 2.0, 2.3172318826, -1.0, 0.0339865069022, 2.0, 94946.0, 471.0, 99530.0
0.0, 2.0, 0.0, 1.0, 2.0, 2.63948799198, -1.0, 0.0, -1.0, 0.489054756773, -1.0, 2.0, 1.76930900648, -1.0, 0.0, 2.03718205396, 1.53478888135, 3.0, 2.0, 1.0, 0.0, -0.781002367392, -1.0, 2.84265978754, 2.76664245749, -1.0, 0.624884262462, 1.0, -0.204669607354, 2.5431623331, -0.690923312404, 1.0, 1.66912551225, 0.0, 0.0, -1.0, -1.0, 1.52320814178, 3.0, 0.0, 3.0, 1.0, 1.0, 0.0, 3.0, -0.0296737223416, -1.0, 3.0, 3.0, -1.0, 94822.0, 506.0, 99468.0
0.0, 3.0, 2.38852489838, 2.0, 3.0, -0.593290603024, 1.0, 0.19058838849, -1.0, 2.0, -1.0, 1.0, 2.0, 1.0, 0.0, 2.29762350994, 0.0, 1.0, 1.88621078205, 1.0, 2.0, 1.0, -1.0, 0.0390115544307, -0.539459787372, 0.0, -1.0, 2.0, 0.0, 3.0, -0.660396980166, 3.0, 2.0, 0.0, 0.674433067207, 1.2438610169, 2.9803670989, 0.0, -1.0, 3.0, 3.0, -0.192917140888, 1.0, -1.0, 3.0, 0.453177761941, 1.61032708444, 0.606792775018, 1.0, 3.0, 94420.0, 559.0, 99431.0
0.0, 3.0, 2.38852489838, 2.0, 3.0, -0.593290603024, 1.0, 0.19058838849, -1.0, 2.0, -1.0, 1.0, 2.0, 1.0, 0.0, 2.29762350994, 0.0, 1.0, 1.88621078205, 1.0, 2.0, 1.0, -1.0, 0.0390115544307, -0.539459787372, 0.0, -1.0, 2.0, 0.0, 3.0, -0.660396980166, 3.0, 2.0, 0.0, 0.674433067207, 1.2438610169, 2.9803670989, 0.0, -1.0, 3.0, 3.0, -0.192917140888, 1.0, -1.0, 3.0, 0.453177761941, 1.61032708444, 0.606792775018, 1.0, 3.0, 94420.0, 559.0, 99431.0
3.0, 2.0, 0.0, 1.0, 0.659770349171, 1.90634513261, 3.0, -1.0, -1.0, 0.0, -1.0, 1.81370827669, 3.0, -1.0, -0.47119216034, -0.558137938913, 0.0, 1.0, 2.0, 3.0, -0.471498408503, 1.0, -1.0, 2.41976126844, -1.0, -1.0, -1.0, -0.190496678964, -1.0, 1.0, 3.0, 2.0, -1.0, 2.0, 2.88955378374, 1.0, 2.15512198266, 1.0, 0.61083681394, 0.0, -0.651213888989, -1.0, 1.0, 0.0, 0.278243150391, 2.0, 2.3172318826, -1.0, 2.62772979091, 2.0, 95085.0, 481.0, 99509.0
-1.0, -0.632837961068, 0.0559844767002, -0.625174021959, 0.0, -1.0, -0.28364748791, -0.365586274422, -0.996283337262, -1.0, -1.0, -0.568626955963, 3.0, 2.0, -1.0, -1.0, 0.0, 2.0, -0.963529198852, 2.37267598354, 2.0, 1.0, 0.686147324461, 1.69882482593, 0.0, -1.0, -1.0, -0.103594949538, 3.0, -1.0, 2.0, 3.0, 0.426262516938, -1.0, 2.0, 0.0, 1.14640358288, 2.21346257623, -1.0, 3.0, 1.0, 0.0, -1.0, 2.0, -0.386087681134, 1.0, -0.701590662372, 1.0, 1.42368818618, 1.0, 95525.0, 445.0, 99564.0
2.0, 3.0, -1.0, 0.252899879304, -1.0, 1.0, -1.0, -0.227811845543, -1.0, 3.0, 2.14713645331, 1.0, -0.540281076994, -1.0, 2.0, 3.0, 2.0, 2.0, 1.0, 0.0, 1.0, -1.0, -1.0, 0.0, 1.0, -1.0, 2.0, 2.0, 1.0, 2.61597534752, -1.0, 0.0, 2.0, -1.0, 2.36671004892, 0.0, -1.0, -0.0512526654502, 0.0, 1.0, 2.0, 3.0, 1.0, 0.0, -0.114566024559, 2.0, 0.933589503185, 1.38864862618, 0.0, 1.0, 94693.0, 517.0, 99495.0
2.0, 0.0, -1.0, 3.0, 2.0, 2.0, 2.0, 0.0, -1.0, 0.0, -1.0, 1.0, 3.0, -1.0, 1.0, 3.0, 0.0, 3.0, 2.0, -1.0, 0.0, 2.0, 1.0, -1.0, 1.0, 1.0, -1.0, -1.0, 0.0, 0.0, -1.0, 3.0, -1.0, 3.0, 1.0, 1.0, -1.0, 2.0, 1.0, 3.0, 1.0, 1.0, 0.0, -1.0, -1.0, 2.0, 0.0, 3.0, 2.0, 1.0, 95377.0, 499.0, 99501.0
0.0, 2.0, 1.0, 1.0, 1.89683606739, 1.0, -1.0, 2.32451048366, -1.0, 0.0, -1.0, 2.0, -0.794811154796, -1.0, 2.0, -1.0, 2.63859072771, 3.0, 2.0, 1.0, 0.0, -1.0, 2.0, 1.49910865648, -0.905765625415, -1.0, 1.0, 1.0, 2.02359621259, 2.0, 0.0, 1.0, -1.0, 0.0, 0.241147727042, -1.0, -1.0, 0.0, 1.2090144714, 0.0, 3.0, 2.29142081778, 1.0, 0.0, 3.0, 0.0, 2.0, 3.0, 3.0, -1.0, 94972.0, 501.0, 99495.0
3.0, 2.0, 0.0, 1.0, -0.937521408913, 2.290126057, 3.0, -1.0, -1.0, 2.0, -1.0, 1.71446788934, 1.04662391389, -1.0, -0.47119216034, -0.558137938913, 0.0, 1.0, 2.0, 2.0, -0.471498408503, 1.0, -1.0, 2.41976126844, -1.0, 0.0, -1.0, -0.594024689125, -1.0, 1.0, 3.0, 2.0, -1.0, -0.263417237621, 2.88955378374, 1.0, 1.4130423061, -0.33697395344, 0.76255757649, 0.0, -0.897277146041, -1.0, 1.0, 0.0, 1.34173911536, 2.0, 2.3172318826, -1.0, -1.0, 2.0, 95271.0, 458.0, 99546.0
3.0, 0.0, 2.0, 0.0, 0.786277367713, -0.0661780100697, 0.0, 0.102871948312, 1.0, -0.940227803134, 3.0, 0.684664776336, 0.0, 1.27337054005, 3.0, 1.24622231383, 3.0, 1.04328799417, 0.0, 3.0, 3.0, 3.0, 0.0, 0.0, 2.98527836062, 1.84190393259, -0.648337201815, 3.0, 3.0, 1.0, -0.626196557837, 1.0, -0.771202060859, 2.0, 2.2736863176, 2.00689111035, 2.0, 0.0, -1.0, 2.0, 0.0, 1.94370020145, 1.0, 3.0, 1.0, 2.08671373793, -1.0, 2.0, 1.0, -1.0, 94419.0, 591.0, 99418.0
3.0, 1.0, 2.0, -1.0, 3.0, -1.0, 2.0, -1.0, 1.0, 0.0, -1.0, 0.0, 2.28167764729, -1.0, 1.0, 3.0, 2.0, -1.0, 1.0, 1.0, -1.0, 1.61412257537, -1.0, 3.0, 2.0, 3.0, 2.0, 3.0, 2.0, 0.0, 1.0, -1.0, -1.0, -0.726280684313, -1.0, 2.84972818343, -1.0, 1.0, 2.09188306442, -1.0, 0.0, 2.0, 1.0, -1.0, 3.0, 2.97815194221, -1.0, -1.0, 0.0, 0.0, 96101.0, 451.0, 99570.0
2.81709124956, 0.33029406652, 2.0, -1.0, 0.681172491647, 0.0, 0.0, 0.0, 1.36992046001, 2.0, 0.0, -1.0, 0.0, -1.0, 2.0, 3.0, -1.0, 0.909833409699, 3.0, 3.0, 2.81668761567, 3.0, -1.0, -0.0186084047208, -1.0, 2.16314554287, -1.0, -1.0, -1.0, -1.0, -1.0, 3.0, 1.26887362546, 0.0, 1.49100264954, 1.0, 0.194788433983, 3.0, -1.0, 1.85412426052, -0.960054429447, -0.602071415962, 1.22205700238, -1.0, 2.0, 2.0, 0.0, -1.0, 2.0, -1.0, 95732.0, 456.0, 99566.0
-0.99588406929, 2.0, 0.0, -1.0, 1.0, 2.0, -1.0, -0.592756444999, 2.0, 2.0, -1.0, -0.113511518932, 0.0, -1.0, 2.0, 3.0, -1.0, 1.0, 0.0192438140335, -1.0, 1.0, -1.0, -1.0, -1.0, 2.50059249742, 2.39125521211, -0.545484188392, -1.0, 3.0, 2.05974081969, 0.525214763343, 2.0, 0.0, 1.0, 1.0, 2.0, 0.0, 3.0, 0.0427910684688, -1.0, 1.0, 0.0, 3.0, 3.0, 3.0, 1.88351041618, 0.0, -0.531332296456, 3.0, -1.0, 95646.0, 463.0, 99538.0
2.0, 0.0, 0.836557989018, 3.0, 2.29675540232, 0.0738887740034, 2.0, 0.0, -1.0, 0.0, -0.872212147956, 1.0, 3.0, -1.0, 1.0, 3.0, 0.0, 3.0, 2.0, -1.0, 0.0, 2.0, 2.48122759455, -1.0, 1.0, 1.0, -1.0, -1.0, 0.0, 0.0, -1.0, 3.0, -1.0, 3.0, 2.29232807196, 1.0, -1.0, 2.0, 1.0, 3.0, 3.0, 1.0, 0.0, -1.0, -1.0, 2.0, -1.0, 3.0, 2.0, 1.0, 95459.0, 493.0, 99502.0
1.0, 3.0, -1.0, 0.0, 2.9582178541, -1.0, 3.0, 2.0, -1.0, 2.0, -1.0, -1.0, 2.49134224193, 1.27512136851, -1.0, 0.456047206861, 0.393283873572, 3.0, 2.77970052955, 1.0, -0.508955184356, 2.64080763712, -1.0, 3.0, 0.0, 2.0, -1.0, 2.0, 0.0, -1.0, -0.506682441669, 1.41098799677, 0.419517914881, -0.849583608419, 0.978277691805, 2.0, 1.98233569646, -0.673278343025, 0.483048517527, -0.305938737135, 2.07400689743, 1.0, 3.0, -1.0, -0.180634963599, 0.0781844805433, -0.624701652529, 3.0, 0.0, 2.0, 95533.0, 468.0, 99532.0
2.0, 0.0, 2.0, 3.0, 3.0, 3.0, 0.0, 3.0, 2.0, 3.0, -0.913533907253, -0.240816606122, -1.0, -1.0, 0.0, -1.0, -1.0, 0.0, 0.993091776493, 0.704393020381, 0.0, -0.646461313043, 1.0, -1.0, 1.54256898757, 3.0, -0.678054938098, 1.27674826308, 1.47820013178, 2.0, -1.0, 3.0, 3.0, 1.0, -1.0, 0.0, -0.523620322672, 0.0751135593423, 1.0, 0.0, -1.0, 2.39203981177, 2.0, -1.0, 2.30476110144, 1.6164348853, 1.0, -0.644356279549, 2.0, 3.0, 95345.0, 480.0, 99525.0
3.0, 2.0, 0.0, -0.370712458542, 1.0, 1.78286528988, 3.0, -1.0, -1.0, 0.0, -1.0, 2.68726179712, 3.0, -1.0, -0.47119216034, 0.0, 0.0, 1.0, 2.0, 2.0, 1.0, 1.0, -1.0, 2.41976126844, -1.0, 1.14542431997, -1.0, -0.180120267151, -1.0, 1.0, 3.0, 2.0, -1.0, 0.0, 2.9339388171, 1.0, 2.91324478481, 1.0, 2.0, 0.0, -1.0, -1.0, -0.310056588043, -0.00640236942726, 1.55653601314, 2.0, 2.0, 1.49335040649, -1.0, 2.0, 94721.0, 520.0, 99482.0
0.0, 2.0, 1.19317944083, 2.74749255394, 2.0, 1.64176151882, -1.0, 2.26190871224, 2.790845016, 0.0, -1.0, 2.0, 0.0, -1.0, 2.68213387662, 1.0, 2.0, 1.43577464951, 2.0, 0.182998510139, 0.741247765063, -1.0, 2.0, 2.0, 1.0, -0.812516023318, -0.763329613552, 1.0, 2.0, -0.428648517131, -0.0247491578769, 1.0, -1.0, 2.96069690973, -0.411552170051, -1.0, -1.0, 0.0, 1.0, 0.0, 3.0, 1.0, 1.0, 1.0, 3.0, 0.0, -1.0, 2.76600813284, 3.0, -1.0, 94809.0, 523.0, 99469.0
3.0, 2.0, 0.0, -0.370712458542, 1.0, 1.78286528988, 3.0, -1.0, -1.0, 0.0, -1.0, 2.0, 3.0, -1.0, -0.47119216034, 0.0, 1.05666227341, 1.0, 2.0, 2.68926978281, 1.0, 1.0, -1.0, 2.41976126844, -1.0, 1.14542431997, -1.0, -0.180120267151, -1.0, 1.0, 3.0, 2.0, -1.0, 0.0, 2.91868597187, 1.0, 2.91324478481, 1.0329907487, 2.0, 0.0, -1.0, -1.0, 1.0, -0.00640236942726, 2.99136541465, 2.0, 2.0, 1.49335040649, -1.0, -0.856592532799, 94919.0, 504.0, 99493.0
3.0, 0.0, 2.0, 0.0, 0.786277367713, -0.0661780100697, 0.0, 0.102871948312, 1.0, -0.547007621837, 3.0, 0.684664776336, 0.0, -1.0, 3.0, 1.24622231383, 3.0, 1.72312511801, 0.0, 3.0, 3.0, 3.0, 0.0, 0.0, 2.0, 1.0, -0.648337201815, 3.0, 3.0, 1.0, -0.626196557837, 1.0, -0.771202060859, 2.0, 2.2736863176, 1.85324563129, 2.0, 0.0, -1.0, 2.0, 0.0, 1.94370020145, 1.0, 3.0, 1.0, 2.08671373793, -1.0, 2.0, 1.0, -1.0, 94525.0, 575.0, 99431.0
0.0, 2.0, 0.0, 1.0, -0.581124844995, 2.63948799198, -1.0, 0.0, -1.0, 0.489054756773, -1.0, 2.0, 1.76930900648, -1.0, 0.0, 2.03718205396, 1.53478888135, 3.0, 2.0, 1.0, 0.0, 1.68741292796, -1.0, 2.84265978754, 2.76664245749, -1.0, 0.624884262462, 1.0, -0.204669607354, 2.5431623331, -0.690923312404, 1.0, 1.66912551225, 0.0, 0.197332636355, -1.0, -1.0, 1.52320814178, 3.0, 0.0, 3.0, 1.0, 1.0, 0.0, 3.0, 2.60581126189, -1.0, 3.0, 3.0, -1.0, 95015.0, 511.0, 99479.0
3.0, 2.0, 2.0, 0.0, 0.786277367713, -0.0661780100697, 0.0, 0.102871948312, 1.0, -0.547007621837, 3.0, -1.0, 0.0, -1.0, 3.0, -1.0, 3.0, 1.2162235458, -0.840516534713, 3.0, 1.0, 0.612975771649, 0.0, 0.0, 2.0, -0.669160356965, -0.904827234963, 3.0, 3.0, 0.365844949234, -0.626196557837, 1.0, 1.02984903774, 2.0, 2.53682239395, 1.85324563129, 2.90729004951, 0.0, 3.0, 2.0, 0.0, 1.94370020145, 1.95910073621, 3.0, -0.409166588566, 2.08671373793, -1.0, -0.693789180063, 0.583433214475, -0.643511248315, 94979.0, 522.0, 99476.0
3.0, 2.68733916021, -0.133839906314, 1.0, 1.0, 1.78286528988, 3.0, -1.0, -1.0, 0.0, -1.0, 2.0, 1.41612188367, -1.0, -0.47119216034, 0.79620342288, 0.0, 1.0, 2.0, 2.0, 1.0, 1.0, -0.839027597291, 2.54746617526, -1.0, -1.0, -1.0, -0.180120267151, -1.0, 1.0, 3.0, 2.0, -1.0, 0.0, 2.88955378374, 1.0, 2.9850422495, -0.922164074723, 2.0, 0.0, 0.132064913296, -1.0, 1.40429492239, 0.0, 1.55653601314, 2.0, 2.0, -1.0, -1.0, 2.0, 95152.0, 485.0, 99518.0
3.0, 0.0, 2.0, 0.0, 1.0, -1.0, 0.0, 2.0, 1.0, 2.0, 1.74560692007, 1.57503054705, 0.0, 1.0, 3.0, -1.0, 3.0, 1.0, 0.0, 3.0, 3.0, 3.0, 0.0, 0.0, 1.74338868772, 1.0, 0.0, 3.0, 3.0, 1.0, -1.0, 1.0, -1.0, 2.0, 2.0, 3.0, 2.0, 0.0, -1.0, 2.0, 0.0, 1.0, 1.0, 3.0, 1.0, 2.59281053632, -1.0, 2.0, 1.0, -1.0, 94559.0, 588.0, 99423.0
-0.99588406929, 2.0, -0.855306858162, -1.0, 1.0, 2.0, -1.0, -0.592756444999, 2.0, 2.0, -1.0, -0.329609299925, 0.0, -1.0, 2.0, 3.0, -1.0, 1.0, 0.0192438140335, -1.0, 1.0, -1.0, -1.0, -0.731815568383, 2.50059249742, 2.39125521211, -0.545484188392, -1.0, 3.0, 2.85600477237, 0.525214763343, 2.0, 0.0, 1.0, 1.0, 2.0, 0.107284204271, 3.0, 0.0427910684688, 0.0519281842263, 1.0, 0.0, 3.0, 3.0, 3.0, 1.88351041618, 0.0, -0.531332296456, 3.0, -1.0, 95682.0, 460.0, 99535.0
