0.0, 2.0, 0.0, 1.0, 2.0, 2.63948799198, -1.0, 0.0, -1.0, 0.489054756773, -1.0, 2.0, 1.76930900648, -1.0, 0.0, 2.03718205396, 1.53478888135, 3.0, 2.0, 1.0, 0.0, -0.904219819819, -1.0, 2.84265978754, 2.76664245749, -0.832367714533, 0.624884262462, 1.0, -0.204669607354, 2.5431623331, -0.690923312404, 1.0, 1.66912551225, 0.0, 0.0, -1.0, -1.0, 1.52320814178, 3.0, 0.0, 3.0, 1.0, 1.0, 0.0, 2.45343976368, 0.796961175578, -0.748983414999, 3.0, 0.875881850007, -1.0, 94718.0, 506.0, 99468.0
3.0, 1.4790229375, 0.0, 1.0, 1.0, 2.290126057, 1.40583511298, -1.0, -1.0, 1.6158647692, -1.0, 2.0, 1.04662391389, -1.0, -0.47119216034, -0.558137938913, 2.45104604318, 2.93459380349, 2.0, -0.390322662561, -0.471498408503, 1.04300389673, -1.0, 1.70483308454, -1.0, 0.0, -0.739664636855, -0.190496678964, -1.0, 1.0, 3.0, 0.384253546128, -1.0, -0.840825867706, 2.88955378374, 1.85324563129, 0.326136393759, 1.0, -1.0, 0.0, -0.897277146041, -1.0, 1.0, 0.0, 1.34173911536, 2.0, 2.3172318826, -1.0, 0.0339865069022, 2.0, 94938.0, 471.0, 99530.0
0.0, 2.0, 0.0, 1.0, 2.0, 2.63948799198, -1.0, 0.0, -1.0, 0.489054756773, -0.861843580845, 2.0, 1.76930900648, -1.0, 0.0, 2.03718205396, 1.53478888135, 3.0, 2.0, 1.0, 0.0, 0.905376932545, -1.0, 2.39498790385, 2.76664245749, -1.0, 0.624884262462, 1.0, -0.204669607354, 2.5431623331, -0.690923312404, 1.0, 1.66912551225, 0.0, 0.0, 1.0, -1.0, 1.52320814178, 3.0, 0.0, 3.0, 1.0, 1.0, 0.0, 1.89446881451, -0.0296737223416, -1.0, 3.0, 3.0, -1.0, 94496.0, 535.0, 99446.0
2.73050638182, 2.0, 0.0, 1.0, 2.0, 2.63948799198, -1.0, 0.0, -1.0, -0.763244689425, -1.0, 1.28273242528, 1.76930900648, -1.0, 0.0, 2.76097131021, 1.53478888135, 3.0, 2.0, 1.0, 0.0, -0.904219819819, -1.0, 2.84265978754, 2.76664245749, -0.832367714533, 0.624884262462, 2.66913532724, 0.550110484518, 2.5431623331, -0.690923312404, 1.0, 0.667409297733, 0.0, 2.32717095962, -1.0, -1.0, 1.52320814178, 3.0, 0.0, 3.0, 1.0, 1.0, 0.0, 2.45343976368, 0.796961175578, -0.748983414999, 3.0, 0.875881850007, -1.0, 95087.0, 496.0, 99475.0
0.0, 3.0, 2.38852489838, 2.0, 1.04893839798, -0.593290603024, 1.0, -0.950461079144, -1.0, 2.0, -1.0, 1.0, 2.0, 1.0, -0.236677352366, 2.29762350994, 0.0, 1.0, 1.88621078205, 2.32408175938, 0.0150580449205, 1.0, -1.0, 0.998703353361, -0.893934649525, 0.0, -1.0, 2.0, 0.0, 3.0, -0.660396980166, 3.0, 0.959034283661, 0.0, -0.723092402477, 1.2438610169, 2.9803670989, 0.0, -1.0, 3.0, -0.897277146041, -0.930930456257, 1.0, -1.0, 3.0, 0.453177761941, 1.61032708444, 2.73392680864, 0.956936158938, 2.0, 94928.0, 501.0, 99485.0
-1.0, -0.459226074851, 2.59803360221, -1.0, 0.0, -1.0, -1.0, -0.82998998938, 1.01677025742, -1.0, -1.0, -0.119974920356, 3.0, 2.94593175764, -1.0, -0.862625351408, 0.0, 2.0, -0.963529198852, 3.0, 2.0, 1.0, 0.686147324461, 1.61361668782, 0.0, -1.0, -1.0, -0.103594949538, 3.0, -1.0, -0.900002860395, 1.0, 1.49769284566, -0.0835794289088, 2.0, 0.0, 0.448746035011, 1.73724429545, 3.0, 2.63422044483, 1.0, 0.0, -1.0, 2.0, -1.0, -0.0360047881945, 2.43515073193, 1.0, 1.42368818618, 1.0, 95285.0, 466.0, 99533.0
2.81709124956, 0.33029406652, 2.0, -1.0, -0.877544738253, 0.0, 0.0, 0.0, 1.36992046001, 2.0, 0.0, -1.0, 3.0, -1.0, 2.0, -1.0, -1.0, 0.909833409699, 3.0, 3.0, 2.81668761567, 3.0, -1.0, -0.0186084047208, -1.0, 2.16314554287, -1.0, -1.0, -1.0, -1.0, -1.0, 3.0, 1.50373686577, 0.0, 1.49100264954, 1.0, 0.194788433983, 3.0, -1.0, 1.85412426052, -0.960054429447, -0.602071415962, 1.22205700238, -1.0, 2.0, 2.0, 0.0, -1.0, 2.0, -1.0, 96175.0, 426.0, 99596.0
3.0, 2.0, 0.0, 1.0, 1.0, 2.290126057, 3.0, -1.0, -1.0, 1.36443755596, -1.0, 2.50050569754, 1.04662391389, -1.0, -0.47119216034, -0.558137938913, 0.0, 1.94467090387, 0.0600963984927, 2.0, -0.471498408503, 1.0, -1.0, 2.41976126844, -1.0, 0.0, -1.0, -0.190496678964, -1.0, 0.498720997359, 3.0, 2.0, -1.0, -0.263417237621, 2.63921218307, -1.0, 1.4130423061, 1.0, 2.68485911905, 0.0, -0.897277146041, -1.0, 2.2368404261, 0.0, 2.6245959462, 2.0, 2.3172318826, -1.0, -1.0, 2.0, 95155.0, 474.0, 99526.0
0.0, 2.0, 0.0, 1.0, -0.581124844995, 2.63948799198, -1.0, 0.0, -1.0, 3.0, -1.0, 2.0, 1.76930900648, -1.0, 0.0, 2.03718205396, 1.53478888135, 3.0, 2.0, 1.0, 0.0, -0.788327227963, -1.0, 2.84265978754, 2.76664245749, -1.0, -0.79163510311, 1.0, -0.204669607354, 2.5431623331, -0.690923312404, 1.0485968662, 1.66912551225, 0.0, 0.197332636355, -1.0, -1.0, 1.52320814178, 3.0, 0.0, 2.0, 3.0, 1.0, 0.0, 3.0, 2.60581126189, -1.0, 3.0, 3.0, -1.0, 95261.0, 475.0, 99496.0
3.0, 1.4790229375, 0.487809680168, 1.0, 1.0, 2.290126057, 1.40583511298, -1.0, -1.0, 1.6158647692, -1.0, 2.0, 1.04662391389, -1.0, -0.47119216034, -0.558137938913, 2.45104604318, 1.0, 2.0, 2.0, -0.72361654923, 1.04300389673, -1.0, 1.70483308454, -1.0, 0.0, -1.0, -0.190496678964, -1.0, 1.0, 3.0, 0.384253546128, -1.0, -0.736376825284, 2.88955378374, 1.85324563129, 0.326136393759, 1.0, -1.0, 1.30512113609, -0.897277146041, -1.0, 2.25052246157, 0.0181064155176, 1.34173911536, 2.0, 2.3172318826, -1.0, 0.0339865069022, 2.0, 95157.0, 458.0, 99540.0
1.189697213, 2.22453967991, -1.0, -1.0, 3.0, 0.659277705345, 1.0, -1.0, -0.958096583438, 0.0, -1.0, 0.0, -0.85026654957, 3.0, 0.0, 0.0, 2.0, 0.0, -1.0, -1.0, -1.0, 1.0, 1.44239892171, 0.0, 2.0, -1.0, 1.0, -1.0, 1.0, 2.0, 3.0, -1.0, -1.0, -1.0, -0.508007998644, 1.0, 2.29885973761, 2.0, 1.0, 0.0, -1.0, -1.0, 0.0, -0.247794396076, 2.0, -1.0, 1.0, 2.0, 1.0, 3.0, 95601.0, 444.0, 99581.0
2.0, 0.0, 2.0, 1.99817172362, 0.651660500962, -0.0730412416437, 0.0, 3.0, 2.60893727914, 3.0, -0.913533907253, -0.240816606122, -0.00243078334692, -1.0, 0.0, -1.0, -1.0, 0.0, -0.904409133159, 0.818458154023, 0.0, -0.646461313043, 1.0, -1.0, -0.546708862251, 3.0, -0.972096472305, 1.27674826308, 1.47820013178, 2.0, -1.0, 3.0, 3.0, 1.44465866433, -1.0, 0.0, 0.363994906458, 0.0751135593423, 1.0, 0.0, -1.0, 2.39203981177, 2.0, -1.0, 2.30476110144, 1.6164348853, 1.0, 2.30415186288, 2.0, 3.0, 94836.0, 497.0, 99501.0
3.0, 2.0, 0.0, 1.0, 1.0, 2.290126057, 3.0, -1.0, -1.0, 2.0, -1.0, 2.50050569754, 1.04662391389, -1.0, -0.47119216034, -0.558137938913, 0.0, 1.0, 0.0600963984927, 2.0, -0.471498408503, 1.0, -1.0, 2.41976126844, -1.0, 0.0, -1.0, -0.190496678964, -1.0, 1.0, 3.0, 2.0, -1.0, -0.263417237621, 2.63921218307, -1.0, 1.4130423061, 1.0, 2.68485911905, 0.0, -0.897277146041, -1.0, 2.2368404261, 0.0, 3.0, 2.0, 2.3172318826, -1.0, -1.0, 2.0, 95180.0, 474.0, 99526.0
0.0, 2.0, 0.0, 1.0, 2.0, 2.63948799198, -1.0, 0.0, -1.0, 0.489054756773, -1.0, 2.0, 1.76930900648, -1.0, 0.0, -0.921715416734, 1.53478888135, 3.0, 2.0, 1.0, -0.663066007247, -0.904219819819, -1.0, 2.84265978754, 2.76664245749, -0.832367714533, 0.624884262462, 1.0, -0.204669607354, 2.5431623331, -0.690923312404, 1.0, 0.939851434076, 0.0, 0.0, -1.0, -1.0, 1.52320814178, 3.0, 0.0, 3.0, -0.33588711111, 1.0, 0.0, 2.45343976368, 0.796961175578, -0.748983414999, 3.0, 0.875881850007, -1.0, 94870.0, 476.0, 99488.0
3.0, 2.24217820458, 0.0, 1.0, 1.0, 1.78286528988, 3.0, -1.0, -1.0, -0.970365183496, -1.0, 2.0, 3.0, -1.0, -0.47119216034, -0.558137938913, -0.269212750394, 1.0, 2.0, 2.82124612628, -0.471498408503, 1.0, -1.0, 2.41976126844, -1.0, -1.0, -1.0, -0.190496678964, -1.0, 1.0, 3.0, 2.0, -1.0, 2.0, 2.88955378374, 1.0, 2.15512198266, 1.0, 2.0, 0.329641877883, -0.651213888989, -1.0, 1.0, 0.0, 1.34173911536, 0.940295882237, 2.3172318826, -1.0, -1.0, 2.0, 95341.0, 459.0, 99531.0
3.0, 2.0, -0.827128681174, 1.0, -0.937521408913, 2.33814071489, 3.0, -1.0, -1.0, 2.0, -1.0, 1.71446788934, 2.37816502336, -1.0, -0.47119216034, -0.558137938913, 0.0, 1.0, 2.0, 2.0, -0.471498408503, 1.0, -1.0, 2.41976126844, -1.0, 0.0, -1.0, -0.594024689125, -1.0, 1.0, 3.0, 2.0, -1.0, -0.263417237621, 2.88955378374, 1.0, 1.4130423061, -0.33697395344, 0.76255757649, 0.0, -0.897277146041, -1.0, 1.0, 0.0, 1.34173911536, 2.0, 2.3172318826, -1.0, -1.0, -0.326668925854, 95447.0, 445.0, 99557.0
3.0, 1.4790229375, 0.0, 1.0, 1.0, 2.290126057, 1.40583511298, -1.0, -1.0, 1.6158647692, -1.0, 2.0, 1.04662391389, -1.0, -0.47119216034, -0.558137938913, 2.45104604318, 1.0, 2.0, 2.0, -0.471498408503, 1.04300389673, -1.0, 1.70483308454, -1.0, 0.0, -1.0, -0.190496678964, -1.0, 1.0, 3.0, 0.384253546128, -1.0, -0.736376825284, 2.88955378374, 1.85324563129, 0.326136393759, 1.0, -1.0, 0.0, -0.897277146041, -1.0, 1.0, 0.0, 1.34173911536, 2.0, 2.3172318826, -1.0, 0.0339865069022, 2.0, 94946.0, 471.0, 99530.0
0.0, 2.0, 0.0, 1.0, 2.0, 2.63948799198, -1.0, 0.0, -1.0, 0.489054756773, -1.0, 2.0, 1.76930900648, -1.0, 0.0, 2.03718205396, 1.53478888135, 3.0, 2.0, 1.0, 0.0, -0.781002367392, -1.0, 2.84265978754, 2.76664245749, -1.0, 0.624884262462, 1.0, -0.204669607354, 2.5431623331, -0.690923312404, 1.0, 1.66912551225, 0.0, 0.0, -1.0, -1.0, 1.52320814178, 3.0, 0.0, 3.0, 1.0, 1.0, 0.0, 3.0, -0.0296737223416, -1.0, 3.0, 3.0, -1.0, 94822.0, 506.0, 99468.0
3.0, 2.0, 0.0, 1.0, 1.0, 1.78286528988, 2.57518042007, -1.0, -1.0, 0.0, -1.0, 2.0, 3.0, -1.0, -0.47119216034, -0.558137938913, 0.0, 1.0, 2.0, 2.0, -0.471498408503, 1.0, -1.0, 2.41976126844, -1.0, -1.0, -1.0, 2.7696477402, -1.0, 1.0, 2.93614677486, 2.0, -1.0, 2.77330930681, 2.88955378374, 1.0, 2.15512198266, 1.0, 2.0, 0.0, -0.651213888989, -1.0, 1.0, 0.0, 1.34173911536, 2.0, 2.3172318826, -1.0, -1.0, 1.26557327668, 95382.0, 469.0, 99524.0
-1.0, -0.632837961068, 0.0559844767002, 1.89372143706, 0.0, -1.0, -0.28364748791, 0.661623250523, -0.996283337262, -1.0, -1.0, -0.568626955963, 3.0, 2.0, -1.0, -1.0, 0.0, 2.0, -0.963529198852, 2.37267598354, 2.0, 1.0, 0.686147324461, 1.69882482593, 0.0, -1.0, -1.0, -0.103594949538, 3.0, -1.0, 2.0, 3.0, 0.426262516938, -1.0, 2.0, 0.0, 1.14640358288, 2.21346257623, -1.0, 3.0, 1.0, 0.0, -1.0, 2.0, -0.386087681134, 1.0, -0.701590662372, 1.0, 1.42368818618, 1.0, 95466.0, 456.0, 99552.0
3.0, 2.0, 0.0, 1.0, -0.937521408913, 2.290126057, 3.0, -1.0, -1.0, 2.0, -1.0, 1.71446788934, 1.04662391389, -1.0, -0.47119216034, -0.558137938913, 0.0, 1.0, 2.0, 2.0, -0.471498408503, 1.0, -1.0, 2.41976126844, -1.0, 0.0, -1.0, -0.594024689125, -1.0, 1.0, 3.0, 2.0, -1.0, -0.263417237621, 2.88955378374, 1.0, 1.4130423061, -0.33697395344, 0.76255757649, 0.0, -0.897277146041, -1.0, 1.0, 0.0, 1.34173911536, 2.0, 2.3172318826, -1.0, -1.0, 2.0, 95271.0, 458.0, 99546.0
1.93178876436, 2.0, 0.0, 1.0, -0.581124844995, 2.63948799198, -1.0, 1.0, -1.0, 3.0, -1.0, 2.0, 1.76930900648, -0.685879535436, 0.0, 2.03718205396, 1.53478888135, 3.0, 2.01915854716, 1.0, 0.0, 2.06084393544, -1.0, 2.84265978754, 2.76664245749, -1.0, -0.79163510311, 1.0, -0.204669607354, 2.56676035814, -0.690923312404, 1.0485968662, 1.66912551225, 0.0, 0.197332636355, -1.0, -1.0, 1.52320814178, 3.0, 0.0, 2.0, 3.0, 1.0, -0.0923644872638, 3.0, 2.60581126189, -1.0, 3.0, 3.0, -1.0, 95255.0, 493.0, 99487.0
