0.141635449612, 0.840883081792, 2.99133897428, 0.924890256737, 84.1936729973, 2.26265533495, 0.213106429961, 4.6476125582, 10.3754643292, 0.00849242819734, 0.0
0.152373238838, 0.995401982281, 3.8153972062, 0.654581359144, 94.3889484712, 1.48860353306, 0.965094958572, 1.13184071694, 15.2791680948, 0.00756626318206, 0.166666666667
0.124924829936, 1.08180607532, 5.26773338515, 0.942370318159, 89.1533623118, 1.69569960681, 1.93517993568, 2.85603089019, 11.7372524151, 0.0102700264434, 0.0
0.122911832779, 0.94454999531, 6.35536944542, 0.948251328047, 87.6678677016, 9.30637967217, 0.299577626451, 2.0984128616, 11.1015893728, 0.0106333882229, 0.0
0.197223013945, 1.04653793283, 7.98483329287, 0.829168019209, 93.7657537653, 2.38684778459, 0.929741942938, 0.0578188466265, 11.8990822967, 0.0112706625173, 0.0
0.150132222171, 0.920195535053, 6.26396291957, 0.912829576538, 85.6654191617, 9.1762539561, 0.0384703513578, 1.92247426159, 12.3011483282, 0.0123762114466, 0.0
0.101952114421, 0.840883081792, 2.13592410827, 0.722660502841, 90.5706885596, 1.38406944034, 0.213106429961, 1.49123887473, 19.9621323372, 0.0138484849581, 0.518987341772
0.155755646154, 1.14670870601, 2.53030818742, 0.830014034046, 99.0732079373, 1.61612996216, 1.428812887, 1.70057494604, 15.0223197626, 0.0141326950342, 0.0
0.100331661951, 0.985698758251, 5.421492937, 0.792068276545, 89.9805094781, 2.06058025704, 0.292881601208, 3.20384582355, 12.3374850608, 0.0144628237677, 0.153846153846
0.114443019212, 1.01264079746, 5.24580880978, 0.892401414128, 86.2122607473, 1.49753109009, 1.98239434004, 3.48053291921, 19.5425648752, 0.0143543831653, 0.373134328358
0.153619898294, 0.995492874393, 7.32841393596, 0.690230173373, 91.7193312005, 2.22068737436, 1.37527176399, 4.14575569412, 17.7559957103, 0.0148255987373, 0.0
0.199696760003, 1.02560696962, 6.17079449416, 0.716138349129, 90.35008859, 1.13213632454, 1.49616776732, 1.43056257199, 14.8106180237, 0.0145094156656, 0.409836065574
0.120227055068, 0.904759723663, 4.27580349369, 0.775787549874, 81.7135890962, 3.09493907196, 0.595128829888, 0.740934951796, 12.8452671521, 0.0151457655825, 0.0
0.100331661951, 0.985698758251, 5.29413398676, 0.792068276545, 89.9805094781, 2.06058025704, 1.43917816162, 3.20384582355, 12.3374850608, 0.0157161065155, 0.368421052632
0.127930135666, 0.917048416981, 5.82916754632, 0.625007683335, 88.1823695124, 1.54475475177, 1.22076434923, 2.28188427689, 19.423462933, 0.0161351676813, 0.145833333333
0.105780497258, 0.9523011045, 4.58506223312, 0.89041132296, 95.6606619137, 3.92882150383, 0.914104898038, 2.57149225152, 17.8307292561, 0.0164822910079, 0.0
0.164992756576, 0.918501696808, 7.42625778805, 0.81627028596, 86.7456653756, 1.73359839449, 0.621915564259, 1.94110397326, 13.1053595814, 0.0158059945257, 0.5
0.134329883334, 0.935186808999, 5.56126035097, 0.673490599372, 98.9973470944, 2.61172846161, 0.570863042081, 3.32086382546, 12.8062828073, 0.0168670506864, 0.0666666666667
0.176275907318, 0.926963626288, 6.23716991831, 0.783784255844, 82.1616656766, 2.40839618826, 0.874140857321, 4.66235977826, 15.0195526951, 0.017922568529, 0.0
0.101952114421, 1.02064365187, 2.13592410827, 0.722660502841, 90.5706885596, 1.38406944034, 1.66767557139, 1.49123887473, 19.9621323372, 0.0158583289134, 0.55
0.127930135666, 0.917048416981, 6.08302020007, 0.625007683335, 88.1823695124, 1.54475475177, 1.22076434923, 2.28188427689, 19.423462933, 0.0168879269014, 0.255555555556
0.169063792832, 1.03587631157, 4.76104035622, 0.665110933111, 93.2308943183, 1.98926854774, 1.4424040469, 4.1999775042, 19.4246687473, 0.0188565290147, 0.0
0.138155242984, 1.14862462074, 6.02024350284, 0.799813315515, 83.0306002034, 5.09353882558, 0.82213563441, 3.36614544908, 18.3767493492, 0.0180026158367, 0.181818181818
0.152373238838, 0.995401982281, 3.8153972062, 0.654581359144, 94.3889484712, 1.48860353306, 0.965094958572, 1.13184071694, 15.2791680948, 0.0205531191175, 0.0
0.197223013945, 1.08904760602, 7.98483329287, 0.916817836645, 93.7657537653, 2.38684778459, 0.929741942938, 0.0578188466265, 11.8990822967, 0.0203672068383, 0.1
0.14017043067, 1.13657340442, 7.47724759828, 0.85807321538, 99.7203450273, 1.54458175103, 1.64880763118, 0.424701060911, 16.9425900323, 0.0195801799197, 0.166666666667
0.160359195668, 1.03437541015, 5.26773338515, 0.942370318159, 89.1533623118, 1.69569960681, 1.93517993568, 2.85603089019, 11.7372524151, 0.0192913042984, 0.243902439024
0.144663350601, 1.24477107156, 2.43353796112, 0.941075715114, 93.805197343, 3.06741365818, 0.0722901966953, 0.0643174063247, 15.0532420808, 0.0213904383109, 0.0
0.153619898294, 0.995492874393, 7.32841393596, 0.929745333141, 91.7193312005, 2.22068737436, 0.177204723495, 4.14575569412, 17.7559957103, 0.0201141534378, 0.307692307692
0.14017043067, 1.13657340442, 7.47724759828, 0.85807321538, 99.7203450273, 1.54458175103, 1.28853862605, 0.424701060911, 16.9425900323, 0.0224532273511, 0.2
0.117936953696, 0.967472162833, 4.48465718074, 0.839622029328, 94.3963360813, 4.81442906538, 1.72203135624, 1.93954315601, 10.4131480167, 0.022856524718, 0.0
0.128329943082, 1.24477107156, 7.68305690972, 0.941075715114, 93.805197343, 1.73359839449, 0.0722901966953, 0.0643174063247, 15.0532420808, 0.0215119695879, 0.434782608696
0.199696760003, 1.2112193547, 6.17079449416, 0.716138349129, 90.35008859, 1.13213632454, 1.49616776732, 1.47877508072, 14.8106180237, 0.0202691111974, 0.545454545455
0.100398596306, 0.893091785302, 7.53127311699, 0.704742938399, 93.4034709646, 3.46159813328, 1.7515854819, 2.0863746747, 16.4625801674, 0.0230271105807, 0.0153846153846
0.184586334379, 1.24288655248, 4.00366982788, 0.916514689456, 93.1231456496, 9.94925034707, 0.565302952284, 0.0379375291103, 15.2963681111, 0.0255028262946, 0.0
0.163563662287, 1.19250411872, 6.18490708771, 0.79194081644, 98.6050603216, 2.51620431744, 1.72921174178, 0.573664036593, 12.7795071964, 0.0243321313239, 0.0697674418605
0.163563662287, 1.24226166757, 6.18490708771, 0.79194081644, 98.6050603216, 2.51620431744, 1.72921174178, 0.573664036593, 12.7795071964, 0.0232854887455, 0.0740740740741
0.130718360432, 1.05959905891, 3.97360958068, 0.744327080063, 88.6080706732, 3.70856292984, 1.18029476999, 1.21630346299, 14.1938685802, 0.0258014932754, 0.0
0.18056788804, 0.872071080049, 2.80370965148, 0.617874524613, 91.455050687, 1.39489465488, 0.0900945405407, 2.91259733887, 17.94418131, 0.0252580965315, 0.0952380952381
0.108345347765, 0.982101059323, 3.92725748313, 0.693411297019, 93.5020055856, 9.17138256253, 1.35285003296, 1.7580873361, 15.5077943199, 0.0276612689366, 0.0
0.12614383639, 1.19680510239, 4.30595358665, 0.893077509093, 87.7574745521, 8.94572823599, 0.649439664837, 3.53120149559, 18.4048812146, 0.0273048687968, 0.142857142857
0.167732528105, 1.24810764287, 4.71850922146, 0.626355876017, 88.5157341837, 3.1105532766, 0.697336546234, 4.52511007116, 14.5943683031, 0.028227597503, 0.0
0.169063792832, 1.03587631157, 7.52946850166, 0.665110933111, 93.2308943183, 1.98926854774, 1.4424040469, 4.1999775042, 19.4246687473, 0.0279114727005, 0.194444444444
0.137283028829, 1.14530864727, 4.61544745824, 0.914238237146, 87.3084032127, 5.71784862682, 1.26271695712, 0.206274685074, 16.3115435004, 0.0284969602138, 0.0
0.155755646154, 1.14670870601, 2.53030818742, 0.830014034046, 99.0732079373, 1.61612996216, 1.428812887, 1.70057494604, 15.0223197626, 0.0279385346689, 0.475609756098
0.111049231299, 1.18840393423, 7.73989162141, 0.720759769682, 91.0052571767, 3.52982928507, 0.0579224326486, 0.650997521661, 16.350400203, 0.0281836428847, 0.222222222222
0.105919537832, 0.853374085084, 7.01899920886, 0.711195245075, 95.8204402384, 4.10766425495, 0.44727341692, 1.33534604529, 13.9597094703, 0.028088901565, 0.384615384615
0.199800857928, 1.18843993342, 4.24438369287, 0.793034650769, 81.4571005986, 4.25055230715, 0.277338622925, 3.13393278602, 18.3495405624, 0.0297188896632, 0.0
0.124865990146, 0.912485741983, 5.76968439944, 0.735360920841, 90.3731718103, 3.41847995934, 1.24174275704, 2.57981093925, 14.2956390708, 0.0302356481717, 0.166666666667
0.128113540667, 1.12526461467, 7.55733021329, 0.690230173373, 83.5403586809, 3.63439716668, 1.37527176399, 1.54740204996, 15.050494768, 0.0307828801781, 0.0
0.18466913329, 0.871095563593, 2.13612715619, 0.814502303433, 86.7616088311, 1.49753109009, 1.98239434004, 1.30698490009, 19.8781445007, 0.0301826316192, 0.491525423729
0.122504355295, 1.11796597181, 2.35141380769, 0.624461179801, 88.2046070505, 2.00337215137, 1.35575521125, 2.48804649859, 10.3203218621, 0.0309261947965, 0.307692307692
0.141155414382, 1.0932116661, 6.77070686498, 0.734124601484, 86.3004447931, 3.27340816807, 1.99196508533, 1.16581341352, 19.0496721564, 0.032819058529, 0.244444444444
0.111983572943, 1.10073670171, 6.63258848099, 0.934539208669, 87.6945886592, 8.24933104324, 0.438117976969, 4.24535461108, 12.921937313, 0.0329060991303, 0.0
0.154587394096, 0.90652076199, 5.57868792105, 0.650784825921, 99.8655897422, 2.61172846161, 0.708246892732, 4.80194547517, 11.0322633337, 0.0310592333504, 0.285714285714
0.114443019212, 0.943085597422, 7.44518496937, 0.892401414128, 86.2122607473, 7.49099586111, 0.701558163479, 3.48053291921, 19.5425648752, 0.0333907395105, 0.0
0.101453019875, 0.946838278782, 5.17400574237, 0.83609505318, 84.0898050324, 8.36897793292, 0.84245746785, 0.323999864798, 16.6006353356, 0.033282729368, 0.166666666667
0.199800857928, 1.18843993342, 7.77799336649, 0.768250859752, 81.4571005986, 4.25055230715, 0.277338622925, 3.13393278602, 18.3495405624, 0.0324324491047, 0.352941176471
0.124516203134, 1.24810764287, 4.71850922146, 0.720759769682, 88.5157341837, 3.1105532766, 0.697336546234, 4.52511007116, 14.5943683031, 0.0334565816122, 0.0
0.191120797184, 0.826841730757, 6.74594814639, 0.72449422501, 94.2807240038, 5.03572980293, 1.57732036146, 0.597027258091, 14.7768061807, 0.0334643848614, 0.0
0.109231727651, 1.12389196229, 3.69293286542, 0.800198870331, 87.8817026356, 8.07592610279, 0.343542139948, 2.78459681728, 12.7569952823, 0.0382009072667, 0.0
0.196899295169, 1.11142837477, 2.51662302974, 0.65021901062, 81.8103818217, 2.73958729327, 0.758091212266, 3.86862444694, 13.6771130831, 0.034464410335, 0.1
0.100398596306, 0.893091785302, 7.53127311699, 0.704742938399, 90.7342477536, 3.46159813328, 1.7515854819, 2.0863746747, 16.4625801674, 0.0335424369796, 0.254901960784
0.151422401726, 0.91734778607, 5.1496377798, 0.675468018792, 92.8250664098, 5.35496554783, 0.277398304001, 2.01292029547, 18.5712789664, 0.0397790330917, 0.0
0.197079756355, 0.872071080049, 2.80370965148, 0.617874524613, 91.455050687, 1.68723808492, 0.0900945405407, 2.91259733887, 17.94418131, 0.0347426508141, 0.230769230769
0.105919537832, 0.853374085084, 3.44956460295, 0.873278527907, 91.560023037, 4.85465666081, 0.0767919247072, 0.898432542953, 12.1745086607, 0.0406116983531, 0.125
0.113008463795, 0.850703736206, 7.29721182156, 0.793783210932, 88.6133431789, 5.83974129328, 0.868369832989, 2.6811771397, 11.0208406806, 0.0406906975495, 0.0
0.117936953696, 0.967472162833, 4.27580349369, 0.839622029328, 94.3963360813, 4.81442906538, 0.595128829888, 1.93954315601, 10.4131480167, 0.0354299099871, 0.235294117647
0.128113540667, 1.12526461467, 7.55733021329, 0.929745333141, 83.5403586809, 3.63439716668, 0.177204723495, 1.54740204996, 15.050494768, 0.0420471279224, 0.0
0.120227055068, 0.904759723663, 4.48465718074, 0.775787549874, 81.7135890962, 3.09493907196, 1.72203135624, 0.740934951796, 12.8452671521, 0.0373112663993, 0.4
0.109130083863, 1.18100585987, 6.04077064687, 0.72529274184, 93.6428883857, 6.40647000797, 1.17752080304, 1.09453618966, 15.9019462302, 0.0382394712502, 0.26
0.196801779813, 0.86557152005, 7.77799336649, 0.694577298598, 84.115618176, 5.18698422424, 0.920687480096, 2.76959891125, 13.657354207, 0.042882745329, 0.222222222222
0.114417451388, 1.03177440273, 7.88275231316, 0.689694954284, 86.1500702121, 6.11546404619, 0.970455722089, 4.03140923223, 10.9183928382, 0.0446326977034, 0.0
0.105780497258, 0.9523011045, 4.58506223312, 0.89041132296, 95.6606619137, 3.92882150383, 0.914104898038, 2.97260873772, 17.8307292561, 0.0384857876922, 0.5
0.124865990146, 0.912485741983, 5.76968439944, 0.735360920841, 82.2117889985, 3.41847995934, 1.24174275704, 2.57981093925, 14.2956390708, 0.0430978426256, 0.340425531915
0.120978791782, 1.07362657124, 3.6493401122, 0.752324708101, 98.2901406913, 8.87022441, 1.57986128168, 1.28914186898, 13.1847579176, 0.0457003643223, 0.225
0.195416314294, 0.968847680772, 2.84527549418, 0.804754536003, 93.7815484778, 3.30252157588, 0.179695690438, 4.55294667587, 14.3897509109, 0.0459586543407, 0.0952380952381
0.171231469208, 0.86921897435, 7.52877182535, 0.722785782077, 95.4038457186, 5.54279314917, 1.90660529542, 3.23265618359, 11.3666691017, 0.0468303122828, 0.0
0.140614323573, 0.879847820103, 2.02243373952, 0.886840793019, 88.6050380836, 4.03176190634, 1.78749172149, 1.78973270053, 19.5509973992, 0.0460780040951, 0.375
0.141635449612, 1.02064365187, 2.99133897428, 0.924890256737, 84.1936729973, 2.26265533495, 1.66767557139, 4.6476125582, 11.0770680427, 0.0460738129669, 0.493333333333
0.198282956963, 0.857129804704, 2.78881559866, 0.737471839103, 86.0248844229, 5.17604274137, 0.268095005133, 0.711114068418, 11.9724565421, 0.0528396927198, 0.0769230769231
0.198142290931, 0.85029908166, 5.43934034929, 0.768588452029, 80.2670556271, 3.8140231178, 1.8736800774, 3.93198933207, 19.6901445311, 0.0491700394265, 0.245614035088
0.184627672729, 0.976695321923, 5.43242414353, 0.825600857894, 97.9227834238, 9.90970073537, 0.0663545042022, 0.052221722967, 17.218695029, 0.053382345727, 0.0
0.137416358645, 1.23396882321, 4.87359469871, 0.927737638391, 93.6583748918, 3.88655430169, 1.13964800291, 4.2211353934, 17.66121259, 0.0495324103223, 0.24
0.141155414382, 1.03227173486, 6.77070686498, 0.624782636665, 86.3004447931, 5.64761469493, 1.99196508533, 1.16581341352, 11.6581597316, 0.0532097651159, 0.214285714286
0.180807181557, 1.10287088954, 3.44956460295, 0.873278527907, 93.5041721411, 4.85465666081, 0.0767919247072, 0.898432542953, 12.1745086607, 0.0534533293198, 0.0769230769231
0.109911340535, 1.1906734979, 3.5050102756, 0.678633387085, 97.6287998022, 8.24864356138, 1.12357552583, 2.63576508456, 15.5109923763, 0.0543757026745, 0.0
0.111049231299, 1.18840393423, 7.73989162141, 0.626355876017, 91.0052571767, 3.52982928507, 0.0579224326486, 0.650997521661, 16.350400203, 0.0506262961942, 0.354838709677
0.162865281505, 0.977949376463, 6.09778764631, 0.712281617852, 98.6390840436, 5.13792739719, 0.283601660723, 3.28397033976, 10.7577719827, 0.0527148046821, 0.272727272727
0.162865281505, 0.977949376463, 6.09778764631, 0.712281617852, 98.6390840436, 3.36663138464, 0.283601660723, 3.28397033976, 10.7577719827, 0.0520795867804, 0.333333333333
0.198282956963, 1.0035643689, 7.29721182156, 0.793783210932, 88.6133431789, 5.83974129328, 0.868369832989, 4.00036902935, 11.0208406806, 0.0528990565388, 0.25
0.199946302749, 1.13402476232, 5.69446573438, 0.837161067749, 86.7131970676, 4.45623716665, 0.445694639074, 0.905484561394, 18.3898941461, 0.0546612860945, 0.227272727273
0.104603730785, 1.09957393255, 3.68964006434, 0.85192954857, 98.6162102607, 9.29507311377, 0.871070629525, 2.09380183018, 11.1402200204, 0.0553027427696, 0.0
0.150132222171, 0.920195535053, 6.26396291957, 0.924249064141, 84.3479956827, 9.1762539561, 0.0384703513578, 1.92247426159, 12.3011483282, 0.0548027984102, 0.222222222222
0.140614323573, 0.879847820103, 2.02243373952, 0.886840793019, 88.6050380836, 4.03176190634, 1.19886286426, 3.36614544908, 19.5509973992, 0.0517408218445, 0.481481481481
0.180807181557, 1.10287088954, 7.01899920886, 0.711195245075, 95.8204402384, 4.10766425495, 0.44727341692, 1.33534604529, 13.9597094703, 0.0518052836021, 0.478260869565
0.144663350601, 0.918501696808, 2.43353796112, 0.81627028596, 86.7456653756, 3.06741365818, 0.621915564259, 1.94110397326, 13.1053595814, 0.052287722068, 0.409090909091
0.171231469208, 0.86921897435, 7.52877182535, 0.722785782077, 95.4038457186, 5.54279314917, 1.90660529542, 3.23265618359, 10.1709805184, 0.0558639999077, 0.0
0.111983572943, 1.10073670171, 6.63258848099, 0.934539208669, 87.6945886592, 8.24933104324, 0.438117976969, 4.24535461108, 12.921937313, 0.0539804833109, 0.5
0.114347992277, 1.23396882321, 4.87359469871, 0.927737638391, 93.6583748918, 3.88655430169, 1.13964800291, 4.2211353934, 17.66121259, 0.0552440584836, 0.421052631579
