0.100331661951, 0.985698758251, 2.13592410827, 0.783784255844, 89.7285443352, 2.06058025704, 0.292881601208, 3.20384582355, 12.3374850608, 0.0, 0.0
0.138155242984, 1.02064365187, 6.02024350284, 0.799813315515, 83.0306002034, 1.38406944034, 0.82213563441, 3.36614544908, 18.3767493492, 0.00662006334856, 0.0
0.101952114421, 1.10881993539, 2.13592410827, 0.722660502841, 93.805197343, 1.38406944034, 0.213106429961, 1.92580467829, 19.9621323372, 0.00673674917173, 0.0
0.153619898294, 0.995492874393, 7.32841393596, 0.617874524613, 91.7193312005, 2.22068737436, 0.177204723495, 4.14575569412, 16.4330691614, 0.00717272135284, 0.0
0.141635449612, 0.840883081792, 2.99133897428, 0.924890256737, 84.1936729973, 2.26265533495, 0.213106429961, 4.6476125582, 10.3754643292, 0.00849242819734, 0.0
0.152373238838, 0.995401982281, 3.8153972062, 0.654581359144, 94.3889484712, 1.48860353306, 0.965094958572, 1.13184071694, 15.2791680948, 0.00756626318206, 0.166666666667
0.111227634945, 1.08180607532, 5.26773338515, 0.942370318159, 89.1533623118, 1.69569960681, 1.93517993568, 2.85603089019, 11.7372524151, 0.00831509390169, 0.108695652174
0.109911340535, 1.18840393423, 7.73989162141, 0.626355876017, 90.9669719181, 3.52982928507, 0.697336546234, 4.52511007116, 16.350400203, 0.00851688158449, 0.0
0.152373238838, 0.991712367323, 3.51675343159, 0.654581359144, 94.3889484712, 1.48860353306, 0.589381702222, 0.361878269244, 13.6771130831, 0.00773269094138, 0.230769230769
0.100331661951, 0.985698758251, 5.29413398676, 0.792068276545, 89.9805094781, 2.06058025704, 1.93118358878, 3.20384582355, 14.716071466, 0.00916879450169, 0.0
0.101952114421, 1.10881993539, 2.13592410827, 0.722660502841, 90.5706885596, 1.38406944034, 0.213106429961, 1.92580467829, 19.9621323372, 0.0096541469727, 0.0
0.155755646154, 1.04958419521, 4.14775718276, 0.830014034046, 99.9829383316, 1.61612996216, 1.428812887, 1.70057494604, 15.0223197626, 0.00970065676742, 0.0
0.128329943082, 1.24477107156, 7.68305690972, 0.839622029328, 93.805197343, 1.73359839449, 0.0722901966953, 0.0643174063247, 15.0532420808, 0.00974913750427, 0.2
0.18056788804, 0.872071080049, 2.80370965148, 0.617874524613, 91.455050687, 1.39489465488, 0.0900945405407, 2.91259733887, 17.94418131, 0.00987135153213, 0.0
0.155755646154, 0.94454999531, 6.35536944542, 0.948251328047, 87.6678677016, 1.17877480881, 0.299577626451, 1.70057494604, 11.1015893728, 0.0100214120781, 0.0
0.124924829936, 1.08180607532, 5.26773338515, 0.942370318159, 89.1533623118, 1.69569960681, 1.93517993568, 2.85603089019, 11.7372524151, 0.0102700264434, 0.0
0.120227055068, 0.904759723663, 4.27580349369, 0.775787549874, 98.9973470944, 2.06058025704, 0.595128829888, 1.17831683865, 12.8452671521, 0.0103910244146, 0.142857142857
0.122911832779, 0.94454999531, 6.35536944542, 0.948251328047, 87.6678677016, 9.30637967217, 0.299577626451, 2.0984128616, 11.1015893728, 0.0106333882229, 0.0
0.112705061772, 1.10073670171, 6.63258848099, 0.934539208669, 96.3570634605, 3.27340816807, 0.171530964756, 2.97929902625, 12.921937313, 0.0108574769428, 0.0
0.128329943082, 1.24477107156, 7.68305690972, 0.839622029328, 90.5706885596, 1.73359839449, 0.0722901966953, 4.0978037501, 15.0532420808, 0.0106502939199, 0.0909090909091
0.197223013945, 1.04653793283, 7.98483329287, 0.829168019209, 93.7657537653, 2.38684778459, 0.929741942938, 0.0578188466265, 11.8990822967, 0.0112706625173, 0.0
0.120227055068, 0.904759723663, 4.48465718074, 0.934069495161, 83.5403586809, 3.60539105016, 0.0236504644093, 1.54740204996, 15.050494768, 0.011369726875, 0.0
0.167732528105, 1.24810764287, 4.71850922146, 0.893077509093, 88.5157341837, 3.1105532766, 0.532292903189, 4.66648475231, 11.8843920437, 0.0114176161396, 0.0
0.153619898294, 0.995492874393, 7.32841393596, 0.945239174097, 91.7193312005, 2.22068737436, 0.177204723495, 4.14575569412, 17.7559957103, 0.011429391995, 0.0
0.18056788804, 0.872071080049, 2.80370965148, 0.617874524613, 91.455050687, 1.39489465488, 0.0900945405407, 2.91259733887, 17.94418131, 0.0119947999066, 0.0
0.18466913329, 0.871095563593, 2.13612715619, 0.814502303433, 95.4628643395, 1.49753109009, 1.98239434004, 1.30028582183, 19.8781445007, 0.01209920681, 0.238095238095
0.150132222171, 0.920195535053, 6.26396291957, 0.912829576538, 85.6654191617, 9.1762539561, 0.0384703513578, 1.92247426159, 12.3011483282, 0.0123762114466, 0.0
0.199800857928, 1.18843993342, 7.77799336649, 0.768250859752, 81.4571005986, 4.25055230715, 0.84245746785, 3.13393278602, 18.3495405624, 0.0126277958814, 0.0
0.18466913329, 0.871095563593, 2.13612715619, 0.735360920841, 86.7616088311, 1.49753109009, 1.98239434004, 1.30698490009, 19.8781445007, 0.0129209745975, 0.204545454545
0.155755646154, 1.14670870601, 2.53030818742, 0.830014034046, 99.0732079373, 1.61612996216, 1.428812887, 1.70057494604, 15.0223197626, 0.0128837257089, 0.28125
0.168764575156, 0.94454999531, 6.35536944542, 0.948251328047, 87.6678677016, 1.69569960681, 0.299577626451, 3.44502552613, 11.1015893728, 0.0132103227932, 0.0
0.127182721195, 0.893091785302, 7.53127311699, 0.789029881503, 93.4034709646, 1.13213632454, 1.82970193772, 2.0863746747, 19.3155733077, 0.0133325935696, 0.295774647887
0.14017043067, 1.13657340442, 7.47724759828, 0.85807321538, 86.3004447931, 1.54458175103, 1.28853862605, 0.424701060911, 16.9425900323, 0.0134193417932, 0.0909090909091
0.155755646154, 1.14670870601, 2.53030818742, 0.830014034046, 99.0732079373, 1.61612996216, 1.428812887, 1.70057494604, 15.0223197626, 0.0141326950342, 0.0
0.114443019212, 1.01264079746, 5.24580880978, 0.892401414128, 86.2122607473, 1.49753109009, 0.874401418239, 3.48053291921, 19.5425648752, 0.0135146760144, 0.590909090909
0.155755646154, 1.14670870601, 2.53030818742, 0.830014034046, 97.3837905463, 1.61612996216, 1.428812887, 1.70057494604, 15.0223197626, 0.0136309730842, 0.142857142857
0.141635449612, 0.840883081792, 2.99133897428, 0.924890256737, 84.1936729973, 2.26265533495, 0.213106429961, 4.6476125582, 10.3754643292, 0.014726698646, 0.0
0.100331661951, 0.985698758251, 5.421492937, 0.792068276545, 89.9805094781, 2.06058025704, 0.292881601208, 3.20384582355, 12.3374850608, 0.0144628237677, 0.153846153846
0.101952114421, 1.02064365187, 2.13592410827, 0.783784255844, 90.5706885596, 1.38406944034, 0.874140857321, 3.69572644739, 19.9621323372, 0.0136372947732, 0.357142857143
0.105780497258, 0.917048416981, 5.82916754632, 0.625007683335, 88.1823695124, 1.54475475177, 1.7269071551, 2.07317889297, 19.423462933, 0.0139478799329, 0.271428571429
0.105780497258, 0.917048416981, 5.82916754632, 0.625007683335, 88.1823695124, 1.54475475177, 1.22076434923, 2.28188427689, 19.423462933, 0.0147640228442, 0.134615384615
0.153619898294, 0.995492874393, 7.32841393596, 0.690230173373, 91.7193312005, 2.22068737436, 1.37527176399, 4.14575569412, 17.7559957103, 0.0148255987373, 0.0
0.101952114421, 0.840883081792, 2.13592410827, 0.722660502841, 90.5706885596, 1.38406944034, 0.213106429961, 1.49123887473, 19.9621323372, 0.0138484849581, 0.518987341772
0.114443019212, 1.01264079746, 5.24580880978, 0.892401414128, 86.2122607473, 1.49753109009, 1.98239434004, 3.48053291921, 19.5425648752, 0.0143543831653, 0.373134328358
0.134649354454, 0.995492874393, 7.32841393596, 0.690230173373, 91.7193312005, 2.22068737436, 1.37527176399, 4.14575569412, 17.7559957103, 0.0148852941095, 0.0
0.199696760003, 1.02560696962, 6.17079449416, 0.716138349129, 90.35008859, 1.13213632454, 1.49616776732, 1.43056257199, 14.8106180237, 0.0145094156656, 0.409836065574
0.120227055068, 0.904759723663, 4.27580349369, 0.775787549874, 81.7135890962, 3.09493907196, 0.595128829888, 0.740934951796, 12.8452671521, 0.0151457655825, 0.0
0.14017043067, 1.13657340442, 7.47724759828, 0.85807321538, 99.7203450273, 1.54458175103, 0.949966516441, 0.424701060911, 16.9425900323, 0.0153093981397, 0.1
0.14017043067, 1.13657340442, 7.47724759828, 0.85807321538, 99.7203450273, 2.38684778459, 1.64880763118, 0.424701060911, 16.9425900323, 0.0154318816756, 0.0
0.100331661951, 0.985698758251, 5.29413398676, 0.792068276545, 89.9805094781, 2.06058025704, 1.43917816162, 3.20384582355, 12.3374850608, 0.0157161065155, 0.368421052632
0.127930135666, 0.917048416981, 5.82916754632, 0.625007683335, 88.1823695124, 1.54475475177, 1.22076434923, 2.28188427689, 19.423462933, 0.0161351676813, 0.145833333333
0.152373238838, 0.995401982281, 3.8153972062, 0.654581359144, 94.3889484712, 1.48860353306, 0.589381702222, 1.13184071694, 18.3767493492, 0.0156357232769, 0.384615384615
0.114443019212, 1.11734536099, 5.24580880978, 0.892401414128, 86.2122607473, 1.49753109009, 1.98239434004, 3.48053291921, 19.5425648752, 0.015973323122, 0.279411764706
0.100398596306, 0.893091785302, 7.53127311699, 0.704742938399, 90.7342477536, 3.46159813328, 1.7515854819, 2.0863746747, 16.4625801674, 0.0162070141957, 0.0
0.109231727651, 1.12389196229, 3.69293286542, 0.800198870331, 87.8817026356, 2.73958729327, 0.343542139948, 3.1942550189, 13.6771130831, 0.0161964565565, 0.1
0.164992756576, 0.918501696808, 7.42625778805, 0.81627028596, 86.7456653756, 1.73359839449, 0.621915564259, 1.94110397326, 13.1053595814, 0.0158059945257, 0.5
0.105780497258, 0.9523011045, 4.58506223312, 0.89041132296, 95.6606619137, 3.92882150383, 0.914104898038, 2.57149225152, 17.8307292561, 0.0164822910079, 0.0
0.101952114421, 1.02064365187, 2.13592410827, 0.722660502841, 90.5706885596, 1.38406944034, 1.66767557139, 1.49123887473, 19.9621323372, 0.0158583289134, 0.55
0.105919537832, 0.853374085084, 7.01899920886, 0.711195245075, 95.8204402384, 4.10766425495, 0.44727341692, 1.33534604529, 13.9597094703, 0.0165939266627, 0.0
0.152373238838, 0.995401982281, 3.8153972062, 0.654581359144, 94.3889484712, 1.48860353306, 0.965094958572, 1.13184071694, 15.2791680948, 0.0165570120909, 0.5
0.134329883334, 0.935186808999, 5.56126035097, 0.673490599372, 98.9973470944, 2.61172846161, 0.570863042081, 3.32086382546, 12.8062828073, 0.0168670506864, 0.0666666666667
0.196899295169, 1.11142837477, 2.51662302974, 0.65021901062, 85.2802714601, 1.73359839449, 0.594804725002, 3.86862444694, 13.6771130831, 0.0170758832126, 0.0
0.14017043067, 1.02560696962, 7.47724759828, 0.85807321538, 87.1577987147, 1.13213632454, 1.49616776732, 0.276923907354, 13.9089598387, 0.0168849595137, 0.236842105263
0.18466913329, 0.871095563593, 2.13612715619, 0.814502303433, 95.4628643395, 1.49753109009, 1.98239434004, 1.30698490009, 19.8781445007, 0.0173615599175, 0.0
0.127930135666, 0.917048416981, 6.08302020007, 0.625007683335, 88.1823695124, 1.54475475177, 1.22076434923, 2.28188427689, 19.423462933, 0.0168879269014, 0.255555555556
0.176275907318, 0.926963626288, 6.23716991831, 0.783784255844, 82.1616656766, 2.40839618826, 0.874140857321, 4.66235977826, 15.0195526951, 0.017922568529, 0.0
0.160359195668, 1.03437541015, 5.26773338515, 0.909234579286, 89.1533623118, 1.69569960681, 1.93517993568, 2.85603089019, 15.0532420808, 0.0173645674533, 0.102564102564
0.144663350601, 1.24588601839, 2.43353796112, 0.941075715114, 91.7193312005, 3.06741365818, 0.0722901966953, 0.0643174063247, 11.7372524151, 0.0181066950301, 0.0
0.191120797184, 1.24810764287, 6.74594814639, 0.720759769682, 88.5157341837, 3.1105532766, 0.697336546234, 0.597027258091, 14.5943683031, 0.0177780851067, 0.222222222222
0.138155242984, 1.14862462074, 6.02024350284, 0.799813315515, 83.0306002034, 5.09353882558, 0.82213563441, 3.36614544908, 18.3767493492, 0.0180026158367, 0.181818181818
0.169063792832, 1.03587631157, 4.76104035622, 0.665110933111, 93.2308943183, 1.98926854774, 1.4424040469, 4.1999775042, 19.4246687473, 0.0188565290147, 0.0
0.152373238838, 0.995401982281, 3.8153972062, 0.654581359144, 94.3889484712, 1.48860353306, 0.965094958572, 1.13184071694, 15.2791680948, 0.0182945249526, 0.0909090909091
0.127930135666, 0.917048416981, 6.08302020007, 0.625007683335, 88.1823695124, 1.54475475177, 1.22076434923, 2.28188427689, 19.423462933, 0.0178105900725, 0.323943661972
0.152373238838, 0.995401982281, 3.8153972062, 0.654581359144, 94.3889484712, 1.48860353306, 0.965094958572, 1.13184071694, 15.2791680948, 0.0205531191175, 0.0
0.197223013945, 1.08904760602, 7.98483329287, 0.916817836645, 93.7657537653, 2.38684778459, 0.929741942938, 0.0578188466265, 11.8990822967, 0.0203672068383, 0.1
0.160359195668, 1.03437541015, 5.26773338515, 0.942370318159, 89.1533623118, 1.69569960681, 1.93517993568, 2.85603089019, 11.7372524151, 0.0192913042984, 0.243902439024
0.14017043067, 1.13657340442, 7.47724759828, 0.85807321538, 99.7203450273, 1.54458175103, 1.64880763118, 0.424701060911, 16.9425900323, 0.0195801799197, 0.166666666667
0.100398596306, 0.893091785302, 7.53127311699, 0.789029881503, 93.4034709646, 1.13213632454, 1.82970193772, 2.0863746747, 19.3155733077, 0.0180703242976, 0.448979591837
0.144663350601, 1.24477107156, 2.43353796112, 0.941075715114, 93.805197343, 3.06741365818, 0.0722901966953, 0.0643174063247, 15.0532420808, 0.0213904383109, 0.0
0.164992756576, 0.918501696808, 7.42625778805, 0.81627028596, 86.7456653756, 1.73359839449, 1.93517993568, 1.94110397326, 15.0532420808, 0.01966883981, 0.288888888889
0.134329883334, 0.935186808999, 7.42625778805, 0.673490599372, 81.7135890962, 2.25358968469, 0.570863042081, 4.41266225604, 12.8062828073, 0.0196391562411, 0.368421052632
0.128329943082, 1.2112193547, 7.68305690972, 0.941075715114, 93.805197343, 1.73359839449, 0.0722901966953, 0.0643174063247, 15.0532420808, 0.0196824231007, 0.230769230769
0.144663350601, 1.24477107156, 2.43353796112, 0.941075715114, 93.805197343, 3.06741365818, 0.0722901966953, 0.0643174063247, 11.7372524151, 0.022164896081, 0.0
0.120978791782, 1.07362657124, 3.6493401122, 0.735360920841, 98.2901406913, 3.41847995934, 1.57986128168, 1.28914186898, 13.1847579176, 0.021333946619, 0.259259259259
0.114443019212, 1.01264079746, 5.24580880978, 0.892401414128, 86.2122607473, 1.49753109009, 0.874401418239, 3.48053291921, 19.5425648752, 0.0196934786225, 0.423076923077
0.153619898294, 0.995492874393, 7.32841393596, 0.929745333141, 91.7193312005, 2.22068737436, 0.177204723495, 4.14575569412, 17.7559957103, 0.0201141534378, 0.307692307692
0.141155414382, 1.03227173486, 6.77070686498, 0.624782636665, 86.3004447931, 5.64761469493, 0.0767919247072, 1.16581341352, 12.1745086607, 0.0224461419611, 0.0
0.199696760003, 1.2112193547, 6.17079449416, 0.716138349129, 90.35008859, 1.13213632454, 1.49616776732, 1.47877508072, 14.8106180237, 0.0202691111974, 0.545454545455
0.128329943082, 1.24477107156, 7.68305690972, 0.941075715114, 93.805197343, 1.73359839449, 0.0722901966953, 0.0643174063247, 15.0532420808, 0.0215119695879, 0.434782608696
0.14017043067, 1.13657340442, 7.47724759828, 0.85807321538, 99.7203450273, 1.54458175103, 1.28853862605, 0.424701060911, 16.9425900323, 0.0224532273511, 0.2
0.117936953696, 0.967472162833, 4.48465718074, 0.839622029328, 94.3963360813, 4.81442906538, 1.72203135624, 1.93954315601, 10.4131480167, 0.022856524718, 0.0
0.121843369811, 0.9523011045, 4.58506223312, 0.89041132296, 95.6606619137, 3.17468137041, 0.914104898038, 2.57149225152, 17.8307292561, 0.0204616616645, 0.5625
0.141635449612, 1.03587631157, 2.99133897428, 0.924890256737, 84.1936729973, 2.26265533495, 0.213106429961, 4.6476125582, 10.3754643292, 0.0217303961435, 0.461538461538
0.100331661951, 0.908759523912, 5.29413398676, 0.792068276545, 81.6825542217, 3.09493907196, 1.63230697233, 3.20384582355, 12.3374850608, 0.0226388393693, 0.285714285714
0.127281105902, 0.987017073696, 7.55733021329, 0.690230173373, 83.5403586809, 3.63439716668, 1.37527176399, 1.07804403334, 17.094669729, 0.0235109295762, 0.0
0.100398596306, 0.893091785302, 7.53127311699, 0.704742938399, 93.4034709646, 3.46159813328, 1.7515854819, 2.0863746747, 16.4625801674, 0.0230271105807, 0.0153846153846
0.160359195668, 1.03437541015, 5.26773338515, 0.909234579286, 89.1533623118, 1.69569960681, 0.621915564259, 3.37465246388, 15.5908930932, 0.0223294213983, 0.588235294118
0.115643084423, 0.917048416981, 5.82916754632, 0.625007683335, 88.1823695124, 1.54475475177, 1.22076434923, 2.28188427689, 19.423462933, 0.0227226900809, 0.4
0.184586334379, 1.24288655248, 4.00366982788, 0.916514689456, 93.1231456496, 9.94925034707, 0.565302952284, 0.0379375291103, 15.2963681111, 0.0255028262946, 0.0
0.163563662287, 1.24226166757, 6.18490708771, 0.79194081644, 98.6050603216, 2.51620431744, 1.72921174178, 0.573664036593, 12.7795071964, 0.0232854887455, 0.0740740740741
