4.24738355732, 1.00000087976, 1.35439748661, 1.03856632195, 5.16308493962, 0.88297080417, 2.58555101846, 1.12019592749, 0.978087799162, 5.52216733626, 4.85625683189, 0.962672495234, 2.99031540934, 0.897841144564, 1.09000037248, 1.09044905711, 1.01169711749, 0.810884278945, 3.01836095881, 1.15342462816, 0.805161038758, 600.271941798, 0.976532505848, 4.23329903502, 1.1028757942, 1.20050176493, 1.03834090308, 11.5505655864, 168.198622427
4.75724920754, 1.00000026783, 1.24752523995, 0.873805234415, 2.09108339187, 0.788117769889, 2.82536850951, 1.24067478436, 0.939176690111, 2.70572161216, 5.13433027812, 0.999184104671, 2.34316524906, 1.15679976355, 1.0900008374, 1.03983735222, 1.02287379901, 1.17776001355, 3.28427056702, 1.03348991606, 0.830471584233, 182.460616844, 1.17203214639, 4.34904367953, 0.971450599411, 1.27402569893, 1.05508985647, 10.3587624951, 518.109042006
3.86864394075, 1.00000042301, 1.0321841792, 1.16254125813, 4.56477330407, 0.750640380619, 4.0855760868, 1.07594545155, 0.929963414068, 1.86729117542, 5.08830767697, 1.0868306837, 4.61952710615, 0.898045443428, 1.0900000833, 1.03697036588, 1.01904184686, 1.08592521989, 9.94779677936, 1.02824337475, 0.845430291034, 178.282239432, 1.18367458733, 5.74404100288, 1.12479746802, 4.84615963606, 1.16328632325, 12.1105956922, 20.3222369895
5.80629133718, 1.0000002439, 1.22677664984, 0.900988114108, 5.78734880687, 0.721274071369, 2.04463537162, 1.04793368394, 0.922693439686, 1.43937530123, 5.66189592522, 1.19619303615, 2.26884396447, 1.00207095043, 1.09000076823, 1.02390458355, 1.03230821811, 0.933985712704, 6.83840430005, 1.0355292111, 0.800577010612, 964.812974392, 1.05642829329, 2.99033519763, 1.0662352285, 5.4188135426, 1.16730745064, 17.9227261016, 206.097207937
3.13309751289, 1.00000009044, 1.02330694072, 0.814378385976, 2.84558708805, 0.84615074718, 5.28912453429, 1.11366609501, 0.943863515751, 3.54106960907, 5.23706542206, 0.989631076796, 1.70943626214, 1.21939594586, 1.09000096502, 1.02713519715, 1.01531269146, 0.836894513055, 3.41212818371, 1.1466289431, 0.967443091335, 873.393738548, 1.0455967347, 1.58811580145, 1.23345590568, 1.9231646704, 1.13627567692, 14.6857981654, 260.470651651
5.80629133718, 1.00000009044, 1.22677664984, 0.900988114108, 5.78734880687, 0.721274071369, 2.04463537162, 1.04793368394, 0.922693439686, 1.43937530123, 5.66189592522, 1.20858719891, 2.26884396447, 1.00207095043, 1.09000076823, 1.02390458355, 1.03230821811, 0.933985712704, 3.24794212103, 1.0355292111, 0.800577010612, 964.812974392, 1.05642829329, 2.99033519763, 1.0662352285, 1.58099468965, 1.16730745064, 13.178497201, 302.951379926
5.53033458953, 1.00000070814, 1.7120777278, 0.91034170462, 6.48821715278, 0.933140610632, 2.46779878039, 1.18945909535, 0.900232195101, 4.75520384125, 5.85459180593, 0.818699564556, 3.08753766137, 0.986121587484, 1.09000039379, 1.03120375059, 1.01670196196, 1.07579370082, 9.07223151255, 1.06795717777, 0.968701198165, 131.83735145, 1.16211827986, 3.24481927393, 1.15969774326, 5.32504966557, 1.03372276721, 18.383581644, 252.320860678
1.6431018985, 1.00000065464, 1.7035568501, 0.80506441367, 6.24032016978, 0.997264469633, 1.36711548225, 1.08945658643, 0.971088705077, 5.24277809392, 5.05216135499, 0.851080000204, 4.92828503994, 1.16545142851, 1.09000062908, 1.02920048731, 1.00098076909, 0.966040778887, 4.76218502472, 0.947422604538, 0.994323955244, 798.423600344, 1.1172321429, 1.86638125378, 0.991384321268, 1.17890742442, 0.89901103452, 12.9511964431, 1049.17455507
2.34178099907, 1.00000027762, 1.61029701666, 1.12703753849, 1.77397347738, 0.71599224052, 2.75142145526, 1.12798194329, 0.910711145736, 4.67053887026, 5.92214688626, 0.964968808001, 1.03516517097, 1.27290337349, 1.09000080227, 1.10221233183, 1.0175574233, 1.20036511169, 6.10830624085, 1.04140776653, 0.933676325711, 889.919206573, 1.1964837515, 4.61389099047, 1.09957828251, 3.42042053786, 1.02851406728, 15.6029136404, 267.791858315
4.93225157405, 1.00000072038, 1.04724248263, 1.15473471882, 2.61762151152, 0.727222694995, 5.78627983658, 1.01201582372, 0.99441565731, 6.19344121275, 5.53591644529, 1.09251900995, 1.11727140327, 0.873187932269, 1.09000060002, 1.0243452601, 1.00988542858, 1.00087544881, 6.04477765504, 1.11368625962, 0.866839711247, 256.698573258, 1.19256160664, 4.88048382528, 0.980649763011, 3.59176496512, 0.996172503261, 13.5985507257, 705.14227045
2.7726190532, 1.00000045492, 1.49902427958, 0.938373024622, 6.81938228405, 0.747853894389, 1.61896309274, 1.04706716146, 0.939845328228, 2.26809804918, 6.00079508278, 1.08044510524, 2.42051842356, 0.960158675431, 1.09000078666, 1.0120585151, 1.02023968505, 1.21230195747, 8.89195991843, 1.10901591351, 0.885935058687, 157.260687151, 1.02425259869, 5.26296162687, 1.00848640386, 1.71034357644, 1.20227747281, 24.5617671884, 265.298799979
3.493617425, 1.00000016705, 1.44542879377, 1.14571284595, 4.1145351738, 0.989251448379, 3.73343891163, 1.05298995495, 0.998252622413, 2.35401628764, 6.06058865039, 1.19659292239, 1.42794004112, 1.19568407141, 1.09000049701, 1.05409635382, 1.02864096589, 0.935503599015, 5.36203199898, 1.10802316696, 0.918919719616, 800.526489754, 0.919481827158, 4.35331118181, 1.06244504348, 5.40604586868, 1.23024959148, 15.1548911527, 525.647430066
4.82682641619, 1.00000097884, 1.37667269233, 1.07576947651, 5.47711044051, 0.763374464029, 4.16069955202, 1.11373262694, 0.949201543519, 3.10866024377, 5.85835903952, 1.01502156733, 4.5742393271, 0.921616745666, 1.09000059308, 1.07446766502, 1.01424114807, 0.889463896985, 5.86878644169, 0.968621459662, 0.796292562923, 81.2506253399, 1.08019818378, 5.24372516079, 1.19851044872, 4.1166178197, 0.964695272635, 14.2963265339, 1222.62183536
3.17452606026, 1.00000083749, 1.36034721985, 0.899397402391, 4.11550966784, 0.773740670471, 2.56369237719, 1.23139684222, 0.918435963039, 5.23333608766, 5.37962093739, 0.867230500736, 2.93454810851, 1.0667355543, 1.09000037564, 1.04448915473, 1.04858538774, 1.07516191597, 8.83129463123, 1.16190662667, 0.888528663025, 630.486356022, 1.0351308051, 1.71793936972, 0.96311819937, 5.03013718468, 0.947748059497, 21.8889389223, 348.865041795
2.46510089872, 1.00000002493, 1.61485237824, 0.907971103435, 6.71672571618, 0.726566880372, 3.96432418695, 1.18508071947, 0.984209383895, 5.88382138995, 5.12141543015, 0.891946543783, 5.04679363494, 0.921079436757, 1.09000010955, 1.05572484129, 1.03470480248, 0.927780057376, 7.78724779993, 0.914426734045, 0.952722757039, 182.560714497, 0.960945582268, 5.98394365554, 0.954746321455, 3.02379391616, 1.08305197123, 24.0365632189, 390.35910776
2.46510089872, 1.00000002493, 1.61485237824, 0.907971103435, 6.71672571618, 0.726566880372, 3.96432418695, 1.18508071947, 0.954394680755, 5.88382138995, 5.12141543015, 0.891946543783, 1.40483125278, 0.921079436757, 1.09000010955, 1.06365857316, 1.03470480248, 1.09511186201, 7.78724779993, 1.07220487825, 0.952722757039, 182.560714497, 0.960945582268, 5.98394365554, 0.954746321455, 3.02379391616, 1.08305197123, 15.1193059923, 6492.62587196
5.48622744113, 1.00000013664, 1.37533146809, 1.023754743, 6.2460713221, 0.911994534955, 1.49444268084, 1.09383578929, 0.964234020347, 3.1641174426, 4.92200558664, 0.979270826589, 4.05299262084, 1.27902353769, 1.09000006972, 1.10227139484, 1.04026226605, 0.862025806209, 8.80963832902, 1.0355292111, 0.938869887036, 910.217840563, 0.936453824591, 4.27328356456, 1.00208089384, 4.97959487979, 1.16730745064, 21.7257000327, 652.029437469
2.62346314843, 1.00000000889, 1.13159508548, 0.837595250272, 6.24145751874, 0.97733513448, 5.80379371906, 1.21215872472, 0.999663920975, 4.42936231619, 5.55417903473, 0.958855494147, 1.8789609817, 1.21939594586, 1.09000019053, 1.02632682504, 1.02660548194, 1.06742086114, 5.95747199334, 0.999819836526, 0.947792940839, 68.8072285001, 1.10544235562, 5.18619132994, 1.03942563061, 2.59408089439, 1.29634623195, 23.455510105, 561.605787572
5.32488241745, 1.00000009292, 1.69592551663, 0.915205405714, 2.23642500625, 0.794722930068, 1.53244190044, 1.2298078497, 0.954394680755, 2.16565904258, 4.87703935384, 0.935394509451, 1.40483125278, 0.924749535839, 1.09000083674, 1.07094781427, 1.03571498082, 1.05967374662, 6.29113213309, 0.976181896752, 0.836072180925, 729.261210521, 1.01126002526, 3.32809272956, 0.992796652976, 1.17234517564, 1.1754155535, 17.126603572, 1582.99518172
1.10623465719, 1.00000063406, 1.21083992902, 0.905045299017, 2.13803637615, 0.988302758367, 2.90179344191, 1.24965528673, 0.984180584237, 2.99777000963, 5.84674750335, 0.854512138291, 2.85417117259, 1.1074271687, 1.0900002133, 1.10298735098, 1.00457609061, 1.11749636538, 9.91260886374, 1.07469269644, 0.770278848006, 669.201283182, 1.11992961978, 4.00867952072, 1.18725742972, 5.2916259564, 1.13957691479, 16.7414431891, 1962.10423257
3.0962044888, 1.00000066406, 1.35347312752, 0.962753649833, 1.66934138953, 0.80733947667, 5.13639055364, 1.10415658879, 0.901727493632, 2.05320400901, 6.01316678309, 0.971849457449, 3.62132431484, 0.922388279157, 1.09000099823, 1.05837589288, 1.02488547134, 1.19907908554, 5.98223323867, 1.01742181455, 0.873379745982, 550.108050288, 1.19868431275, 2.37221414589, 1.00909985032, 2.15925440747, 1.2581422063, 16.5166010404, 2015.22002039
4.24738355732, 1.00000073757, 1.35439748661, 0.919206322558, 5.53075089706, 0.88297080417, 3.60347673814, 1.12019592749, 0.978087799162, 5.52216733626, 4.85625683189, 0.962672495234, 3.15900574252, 0.897841144564, 1.09000059856, 1.09044905711, 1.01169711749, 0.810884278945, 3.01836095881, 1.15342462816, 0.805161038758, 600.271941798, 0.976532505848, 4.23329903502, 1.1028757942, 1.20050176493, 1.03834090308, 26.8601965256, 524.731532188
2.0799562946, 1.00000025305, 1.16374371708, 0.866021564961, 5.90340133307, 0.999219779743, 4.61907267804, 1.05582796385, 0.991256484144, 4.95916336466, 5.91461317638, 0.871819369222, 1.2604757268, 1.2864774862, 1.09000093277, 1.01162310782, 1.0169237508, 1.06883226223, 5.40001866831, 1.1703461539, 0.87289853502, 976.09160896, 1.13119437807, 4.65933600823, 0.968716162517, 5.16581143403, 1.2068250269, 16.4136000954, 8705.57922667
5.45764449722, 1.00000086655, 1.53241919753, 0.91034170462, 5.42745289139, 0.762266854004, 4.97124825185, 1.05920552417, 0.912279139059, 5.47979415532, 5.13847392604, 0.827253237611, 3.53261961308, 1.12319961946, 1.09000063381, 1.04417870567, 1.04882978183, 1.17059163982, 6.67583819287, 1.07851180391, 0.969084019714, 288.867793439, 0.987925965079, 1.79811577847, 0.972300332186, 4.8871443886, 1.0378962544, 16.7022416823, 3107.21457022
2.62346314843, 1.00000000889, 1.13159508548, 0.837595250272, 6.24145751874, 0.97733513448, 5.80379371906, 1.21215872472, 0.995770804994, 4.42936231619, 5.55417903473, 0.958855494147, 1.8789609817, 1.21939594586, 1.09000019053, 1.02632682504, 1.02660548194, 1.06742086114, 5.95747199334, 0.999819836526, 0.947792940839, 68.8072285001, 1.10544235562, 3.49365181091, 1.03942563061, 2.59408089439, 1.21923481324, 17.1761524019, 1611.34214405
5.63677104224, 1.00000099464, 1.45120820048, 0.802409010293, 6.97242735743, 0.921072021777, 5.24600549741, 1.21098901829, 0.98296348575, 5.03567829485, 5.23585500682, 0.986851735533, 1.67564568587, 0.846194100227, 1.09000008009, 1.05935890587, 1.04169059427, 0.913473562473, 5.27501560916, 1.14662238126, 0.83325318568, 913.60670913, 1.10353357952, 5.71317462246, 1.14996309214, 2.49124726328, 1.06284536696, 18.8600887287, 1170.15167401
4.99216882382, 1.00000001142, 1.07884764919, 0.943867024927, 5.68883085242, 0.880065511871, 3.28957411266, 1.05515497635, 0.924883326319, 2.92785706262, 5.6467575479, 1.02965557297, 4.39236660023, 0.916825659433, 1.09000074138, 1.03581185859, 1.03786010935, 1.1434373682, 5.83676712218, 0.98890394611, 0.886397570031, 702.403847625, 1.17369759683, 3.03969632379, 1.06740639914, 3.94029823657, 1.17092685026, 16.5832551407, 8253.92975202
1.37062075638, 1.00000012893, 1.64329654862, 1.08969417236, 1.67480858441, 0.844393022636, 1.57541076995, 1.18698019103, 0.922369062273, 5.88680634922, 5.01834417019, 1.10060177736, 1.9331000108, 1.16254909936, 1.09000095061, 1.01239629452, 1.00834523847, 0.826172415142, 7.79104980751, 1.07851180391, 0.855984123351, 352.461462398, 0.910448821668, 2.08894713288, 1.03880341657, 4.16719528362, 1.21637753738, 17.5320322521, 1683.66439804
1.80024817741, 1.00000088653, 1.38718609551, 0.811998505283, 5.50529932621, 0.80279638009, 1.73244212768, 1.14914297256, 0.998756466515, 3.15702348343, 5.34424627918, 0.947420562796, 2.89180445251, 0.849435798541, 1.09000049769, 1.09103591882, 1.00258558565, 1.12806649626, 8.94135649896, 0.948613450299, 0.766415449686, 335.940760305, 1.16852978134, 5.47776980951, 1.08993795842, 5.15374517821, 1.00438082386, 24.3571047859, 665.52779651
2.6383807953, 1.0000009278, 1.34114698079, 0.859460651322, 2.24859539765, 0.800962496945, 1.83720609848, 1.12343469941, 0.954749338866, 3.48108561984, 5.1516972, 1.08798336994, 2.98613148173, 0.928711364557, 1.09000048535, 1.01949177482, 1.0416284523, 0.844620490212, 5.31175330644, 0.974392632416, 0.887473023554, 844.305495416, 0.96459596599, 4.59674731851, 1.17466096891, 4.25760917936, 1.29191482964, 26.9928717966, 600.494734639
5.17621671192, 1.00000018743, 1.60476468418, 0.864907343676, 3.46023485896, 0.735555578953, 1.32390847055, 1.05582796385, 0.922277100439, 1.42202129866, 5.91461317638, 1.09662809314, 3.78909548387, 1.09524405927, 1.09000002516, 1.07681598465, 1.01699539715, 0.949622332543, 8.16668307821, 1.04098063037, 0.87289853502, 931.907057824, 1.13845754387, 2.03713210339, 1.01121231675, 3.8006132384, 1.06702468175, 26.8379289095, 660.617529657
3.13309751289, 1.00000009044, 1.02330694072, 0.814378385976, 4.17234678711, 0.84615074718, 5.28912453429, 1.11366609501, 0.943863515751, 3.54106960907, 5.23706542206, 0.989631076796, 2.24735697107, 1.22668633183, 1.09000096502, 1.02713519715, 1.01531269146, 0.836894513055, 3.41212818371, 1.1466289431, 0.889162760172, 873.393738548, 1.0455967347, 1.58811580145, 1.23345590568, 1.9231646704, 1.13627567692, 26.0959031229, 687.228839212
4.22230899056, 1.00000075664, 1.67826422187, 1.13821785597, 5.19497323928, 0.869994856932, 4.76387806443, 1.16260837463, 0.984261466856, 3.66390575134, 4.90031445603, 1.07032252669, 3.12808175366, 1.27621579327, 1.09000076264, 1.07504435205, 1.00451512709, 0.918892234427, 9.79389126622, 1.16301811424, 0.905600537672, 849.336683949, 1.18328187774, 1.98190442742, 1.01600595997, 4.67913277192, 1.21221420708, 17.405659084, 5990.6537472
2.55503516409, 1.0000002439, 1.22677664984, 0.900988114108, 6.2460713221, 0.721274071369, 2.04463537162, 1.04793368394, 0.922693439686, 1.43937530123, 5.66189592522, 1.19619303615, 2.26884396447, 1.00207095043, 1.09000076823, 1.02390458355, 1.03230821811, 0.933985712704, 6.83840430005, 1.0355292111, 0.800577010612, 964.812974392, 1.05642829329, 1.78185928264, 1.0662352285, 5.4188135426, 1.16730745064, 17.8986329649, 2285.76344815
4.79417585086, 1.00000099161, 1.11586757273, 1.17633981802, 6.59741175548, 0.86940854853, 1.82051822801, 1.02544542711, 0.943539101295, 5.45024675357, 5.28941162525, 0.872244759643, 4.50205839096, 1.16185548426, 1.09000061593, 1.0953777083, 1.04290816541, 0.901336342252, 9.84784439595, 1.0711201822, 0.773386214351, 518.71368846, 1.04271868124, 5.75847671377, 0.961390055189, 1.05415290237, 1.05190471025, 21.267306531, 1623.70849727
1.04647910892, 1.00000036031, 1.57293184868, 0.89573568037, 2.57353908729, 0.772066836441, 3.72875918217, 1.09520729443, 0.901469971354, 1.59330332723, 5.12968545194, 0.873012785768, 4.52599839, 0.916009317009, 1.09000069121, 1.10662330847, 1.03844002761, 0.92978954334, 3.26815550492, 1.0858961472, 0.827588627978, 948.211880198, 0.959289595434, 5.34017224194, 1.08132948531, 3.54968905556, 1.12084004994, 17.9188372173, 2288.86656188
2.0847323915, 1.00000048962, 1.66346679673, 1.19825113596, 1.63710795314, 0.831842449422, 1.33371578814, 1.19939832946, 0.985889780696, 5.00063121639, 5.63931413994, 1.18886453079, 2.665647819, 1.18702881424, 1.09000081396, 1.01241499877, 1.0017213649, 0.841295742542, 9.27998269488, 1.13614170668, 0.839383526846, 849.336683949, 1.18525243698, 2.23777087406, 1.17636110541, 4.1799586654, 1.25166678837, 21.7881324608, 1861.54819306
2.0847323915, 1.00000048962, 1.66346679673, 1.19825113596, 1.63710795314, 0.831842449422, 1.33371578814, 1.19939832946, 0.985889780696, 5.00063121639, 5.63931413994, 1.18886453079, 2.665647819, 1.18702881424, 1.09000081396, 1.01241499877, 1.0017213649, 0.841295742542, 9.27998269488, 1.13614170668, 0.839383526846, 367.951124642, 1.18525243698, 2.23777087406, 1.17636110541, 4.1799586654, 1.25166678837, 30.3074578315, 1053.4268066
3.92674981518, 1.00000087278, 1.29046075118, 0.817063988129, 3.900627302, 0.991376731167, 2.41465988413, 1.02995046255, 0.95017307253, 2.05878130164, 5.08858606607, 0.836579448867, 1.26061661693, 1.21925650416, 1.09000057304, 1.10698441937, 1.00258558565, 1.21981076688, 3.13425747746, 1.11600208594, 0.954479338553, 974.756218168, 1.07967996179, 5.47776980951, 1.07039806299, 2.21516701794, 1.11697794879, 26.9698952607, 1196.9198287
5.89444433812, 1.00000027234, 1.05209584498, 0.919260112129, 5.30294622689, 0.724766308925, 2.85382316846, 1.1091767797, 0.914766713585, 3.16089902261, 5.68151034249, 1.02085799646, 2.43446762103, 1.18224372724, 1.09000035416, 1.0335692051, 1.00938759575, 1.19828871666, 3.0083496593, 1.12912053175, 0.931486931759, 922.215064106, 0.986116603289, 5.92684837053, 1.20441292183, 2.23378010193, 1.20934057194, 18.7431779978, 3544.12037046
4.07933232102, 1.00000020044, 1.14774206931, 1.06756949432, 4.62110866961, 0.915478439214, 1.55641495347, 1.18067868652, 0.995014476167, 1.28231505767, 4.73736914023, 0.991870422687, 1.07443588258, 0.95381001202, 1.09000059569, 1.10884813936, 1.00496898782, 1.02942320327, 6.87272189993, 1.02705769287, 0.7812687031, 815.60199901, 1.10703747737, 3.96366996752, 1.20489481072, 1.25901759496, 1.27773398401, 20.1708536282, 2752.92289703
2.46510089872, 1.00000002493, 1.61485237824, 0.857092358615, 5.19376639955, 0.726566880372, 3.96432418695, 1.18508071947, 0.984209383895, 5.9758038868, 4.9191982049, 0.891946543783, 5.04707350128, 0.921079436757, 1.09000010955, 1.05572484129, 1.03470480248, 0.834470608292, 7.78724779993, 0.914426734045, 0.952722757039, 14.023575903, 0.948095144207, 5.98394365554, 0.954746321455, 3.02379391616, 1.08305197123, 21.1056325014, 2749.70409704
1.80024817741, 1.00000088653, 1.38718609551, 0.811998505283, 5.50529932621, 0.80279638009, 1.73244212768, 1.14914297256, 0.998756466515, 2.95457755991, 5.34424627918, 0.947420562796, 2.89180445251, 0.849435798541, 1.09000049769, 1.09103591882, 1.00968918159, 1.12806649626, 8.94135649896, 0.948613450299, 0.766415449686, 335.940760305, 1.16852978134, 1.37285179792, 1.08993795842, 4.64774248358, 1.00438082386, 36.7058340821, 1201.77620268
4.92011915226, 1.00000000801, 1.22765263023, 0.814260345547, 5.0560019013, 0.994230455039, 3.26093265331, 1.20368115762, 0.946532183973, 3.72654979938, 6.12146606145, 1.10148934261, 4.48961550798, 0.89996800697, 1.09000096489, 1.05515627946, 1.01814800427, 0.999765390328, 4.60017062564, 1.16261291922, 0.84194585317, 215.097479048, 1.0831210348, 2.05274034095, 1.14520773835, 5.2916259564, 1.13957691479, 19.2549722747, 5550.08424588
4.39185244316, 1.00000048645, 1.35045540474, 0.868352772217, 5.0560019013, 0.797565976829, 2.42146656346, 1.12661340534, 0.902842212066, 5.69332457193, 4.99243372421, 1.19749957794, 3.00976651806, 1.00458898689, 1.09000044139, 1.05938917016, 1.0315579077, 1.19376572687, 6.59886248181, 1.16694970411, 0.978891170224, 215.097479048, 1.02165504617, 4.14143885054, 1.22355460783, 3.08181045952, 0.907823146977, 21.0844243242, 3609.65621012
1.10623465719, 1.00000063406, 1.21083992902, 0.905045299017, 2.13803637615, 0.988302758367, 2.90179344191, 1.24965528673, 0.984180584237, 2.99777000963, 5.84674750335, 0.854512138291, 2.85417117259, 0.907794918685, 1.0900002133, 1.10298735098, 1.00457609061, 1.11749636538, 9.91260886374, 1.07469269644, 0.825397019857, 669.201283182, 1.11992961978, 4.00867952072, 1.18725742972, 5.2916259564, 1.13957691479, 20.4368883277, 6330.51554286
3.17452606026, 1.00000083749, 1.36034721985, 0.899397402391, 4.11550966784, 0.773740670471, 2.56369237719, 1.23139684222, 0.918435963039, 5.23333608766, 5.37962093739, 0.867230500736, 2.93454810851, 1.0667355543, 1.09000037564, 1.04448915473, 1.04858538774, 1.07516191597, 8.83129463123, 1.16190662667, 0.888528663025, 630.486356022, 1.0351308051, 1.71793936972, 0.96311819937, 5.03013718468, 0.882221285952, 27.5937724187, 1611.4178757
4.05712350614, 1.00000039266, 1.08864355544, 1.17179813641, 2.09691108415, 0.83763695717, 4.60255965184, 1.01617587066, 0.917483834299, 4.89719008793, 6.03666679057, 1.1276183611, 1.71901212869, 1.20805694387, 1.09000064779, 1.08841444579, 1.04825971526, 0.81580085697, 6.68466660181, 1.1867839476, 0.983157770404, 812.187807658, 0.929832306254, 3.46574580251, 1.05552901911, 4.35929033962, 1.24784813333, 26.5710789087, 1872.90146465
1.10623465719, 1.00000013664, 1.25097710812, 0.905045299017, 2.13803637615, 0.988302758367, 5.62724959387, 1.24965528673, 0.984180584237, 4.81298549661, 5.84674750335, 0.854512138291, 2.85417117259, 0.907794918685, 1.09000098266, 1.10298735098, 1.00292200851, 1.11749636538, 6.38517833947, 1.07469269644, 0.825397019857, 669.201283182, 1.11992961978, 4.00867952072, 1.18725742972, 5.2916259564, 1.17544572051, 24.361030306, 2082.9367683
1.99420109234, 1.00000009761, 1.56637670859, 1.13140288429, 3.02054373957, 0.752113412978, 5.91591924035, 1.0582682719, 0.983670601005, 5.94363619235, 4.84959375957, 1.10483873511, 4.85426143667, 1.15533505745, 1.09000037977, 1.05893730389, 1.01713758466, 1.07906016634, 9.5323040614, 1.0049940631, 0.902539209635, 400.214828664, 0.994885429163, 4.17831141817, 1.15501300573, 2.19689300666, 0.874500698719, 20.8598199097, 6944.10942702
4.82682641619, 1.00000042786, 1.37667269233, 1.07576947651, 5.47711044051, 0.763374464029, 4.50004590888, 1.11373262694, 0.949201543519, 3.10866024377, 5.85835903952, 1.01502156733, 4.5742393271, 0.872364153942, 1.09000059308, 1.07446766502, 1.0181278558, 0.971538675036, 5.86878644169, 0.968621459662, 0.796292562923, 81.2506253399, 1.08019818378, 5.24372516079, 1.19851044872, 4.1166178197, 0.964695272635, 24.483807757, 2244.82811976
2.0799562946, 1.00000018541, 1.16374371708, 0.94181841621, 4.22997363565, 0.791074224253, 4.61907267804, 1.05582796385, 0.991256484144, 2.3171661564, 5.91461317638, 1.00141881432, 1.30856582515, 1.22751915561, 1.09000075523, 1.01162310782, 1.03025551013, 0.841224992436, 5.40001866831, 1.18862504969, 0.87289853502, 976.09160896, 1.05413298633, 4.65933600823, 0.979685873878, 5.16581143403, 1.2068250269, 25.1314575826, 2210.95266382
5.17621671192, 1.00000018743, 1.60476468418, 1.05293422602, 3.46023485896, 0.735555578953, 1.7358072517, 1.05880670595, 0.922277100439, 1.42202129866, 4.6973868154, 1.09662809314, 3.78909548387, 1.09524405927, 1.09000006468, 1.07681598465, 1.01699539715, 0.949622332543, 8.16668307821, 1.04098063037, 0.835007239441, 931.907057824, 1.13845754387, 2.03713210339, 1.01121231675, 3.8006132384, 1.06702468175, 22.9582174514, 3130.67081349
4.78983684101, 1.00000000801, 1.22765263023, 0.814260345547, 5.0560019013, 0.994230455039, 3.26093265331, 1.20368115762, 0.946532183973, 3.72654979938, 6.12146606145, 1.10148934261, 4.48961550798, 0.972566783819, 1.09000096489, 1.05515627946, 1.01814800427, 0.999765390328, 4.60017062564, 1.0858961472, 0.84194585317, 215.097479048, 1.0831210348, 2.05274034095, 1.19033491392, 3.54175563668, 1.20149498624, 29.3915307237, 1778.11275584
1.10623465719, 1.00000063406, 1.25097710812, 0.905045299017, 2.13803637615, 0.988302758367, 5.62724959387, 1.22107516395, 0.984180584237, 4.81298549661, 5.84674750335, 0.854512138291, 2.85417117259, 0.907794918685, 1.0900002133, 1.10298735098, 1.00457609061, 1.11749636538, 7.43139743604, 1.07469269644, 0.825397019857, 669.201283182, 1.11992961978, 4.00867952072, 1.12360262437, 5.2916259564, 1.13957691479, 31.9941075816, 1723.51654895
1.10623465719, 1.00000063406, 1.25097710812, 0.905045299017, 2.13803637615, 0.988302758367, 5.62724959387, 1.24965528673, 0.984180584237, 4.81298549661, 5.84674750335, 0.854512138291, 2.85417117259, 0.907794918685, 1.0900002133, 1.10298735098, 1.00457609061, 1.11749636538, 6.38517833947, 1.07469269644, 0.825397019857, 669.201283182, 1.11992961978, 4.00867952072, 1.18725742972, 5.2916259564, 1.13957691479, 22.1830796777, 3949.95874006
3.11357179238, 1.00000031356, 1.36606454604, 1.11573156386, 5.18620403804, 0.998783694563, 4.15344150114, 1.1881449115, 0.90576410493, 4.43719587042, 4.93685768744, 1.17891945919, 3.09574087139, 1.20727058139, 1.09000043291, 1.10437333576, 1.00405529761, 1.07038030309, 7.52792897191, 1.04291883163, 0.850085728312, 637.67061863, 1.07195213927, 3.76275611732, 1.12360262437, 3.58135695293, 1.22319028161, 21.9559931905, 5746.70885217
1.99420109234, 1.00000027762, 1.71501317555, 1.13140288429, 3.02054373957, 0.752113412978, 5.91591924035, 1.0582682719, 0.910711145736, 5.94363619235, 4.84959375957, 1.10483873511, 2.28210346373, 1.08010719024, 1.09000037977, 1.05893730389, 1.01713758466, 1.07906016634, 9.5323040614, 1.0049940631, 0.902539209635, 400.214828664, 0.994885429163, 3.43405632231, 1.15501300573, 2.19689300666, 0.874500698719, 22.3370410905, 4123.6968856
5.48622744113, 1.00000013664, 1.04511218289, 1.023754743, 4.98154660573, 0.911994534955, 1.49444268084, 1.09383578929, 0.964234020347, 3.1641174426, 4.92200558664, 0.979270826589, 4.05299262084, 1.27902353769, 1.09000006972, 1.10227139484, 1.04026226605, 0.862025806209, 9.02098656296, 1.18445290679, 0.938869887036, 910.217840563, 0.936453824591, 4.27328356456, 1.00208089384, 4.97959487979, 1.17544572051, 21.5938622665, 11332.9064235
2.55503516409, 1.0000002439, 1.22677664984, 0.900988114108, 6.2460713221, 0.721274071369, 2.04463537162, 1.04793368394, 0.922693439686, 1.43937530123, 5.66189592522, 1.19619303615, 2.26884396447, 1.00207095043, 1.09000076823, 1.02390458355, 1.03230821811, 0.933985712704, 6.83840430005, 1.0355292111, 0.800577010612, 964.812974392, 1.05642829329, 1.78185928264, 1.0662352285, 5.4188135426, 1.16730745064, 25.2527360452, 2507.08575544
2.34178099907, 1.00000003739, 1.61029701666, 1.12703753849, 1.77397347738, 0.72742153431, 2.75142145526, 1.12798194329, 0.983670601005, 4.67053887026, 5.92214688626, 0.964968808001, 1.03516517097, 1.22891234666, 1.09000080227, 1.10221233183, 1.02511784188, 1.20036511169, 6.10830624085, 1.04140776653, 0.933676325711, 889.919206573, 1.1964837515, 1.29934293893, 1.09957828251, 3.42042053786, 1.02851406728, 26.8675406472, 2240.60120578
5.64289784849, 1.00000070766, 1.61452365682, 0.845654145911, 4.49795182633, 0.770490117747, 5.5767910551, 1.23131086566, 0.924883326319, 2.68681254576, 4.93450900185, 1.09468895715, 4.66512409266, 1.27621579327, 1.09000068319, 1.03654147789, 1.00843959956, 0.813427428799, 9.00849547532, 1.06131952391, 0.937631918154, 388.971337605, 1.0137778201, 5.23854903514, 1.08475022236, 4.53229050702, 1.15060060041, 22.3564960277, 5487.31306288
5.34854730563, 1.00000025684, 1.72556747567, 1.05958011408, 4.38400467452, 0.80451474723, 1.69176931125, 1.05757180181, 0.939107581366, 4.9988124829, 5.0421012858, 0.914201148246, 1.21981765595, 0.829600219271, 1.09000040008, 1.01147131794, 1.01776406925, 0.914275870831, 8.89016970686, 1.15742083238, 0.963330243979, 659.027301787, 1.19886510208, 5.64676059258, 1.12433497689, 4.89477666094, 0.961521722559, 23.6362080766, 4055.00112209
3.11357179238, 1.00000034467, 1.36606454604, 1.11573156386, 5.18620403804, 0.998783694563, 4.15344150114, 1.1881449115, 0.90576410493, 4.43719587042, 4.93685768744, 1.17891945919, 3.09574087139, 1.20727058139, 1.09000043291, 1.10437333576, 1.00405529761, 1.07038030309, 7.52792897191, 1.04291883163, 0.850085728312, 726.377565319, 1.07195213927, 3.76275611732, 1.12360262437, 3.58135695293, 1.22319028161, 21.7596752927, 15986.1845763
3.17452606026, 1.00000083749, 1.36034721985, 0.899397402391, 3.09817422776, 0.773740670471, 2.56369237719, 1.04706716146, 0.918435963039, 5.23333608766, 5.37962093739, 0.867230500736, 2.42051842356, 1.0667355543, 1.09000037564, 1.04448915473, 1.04858538774, 1.07516191597, 8.83129463123, 1.16190662667, 0.888528663025, 630.486356022, 1.02425259869, 1.71793936972, 1.00848640386, 5.03013718468, 0.947748059497, 23.5320282634, 4659.34988389
1.34048218609, 1.0000001672, 1.34936560641, 1.08607774516, 2.19404866047, 0.716274561553, 4.60594427545, 1.16367436363, 0.902784006716, 5.86741716881, 5.04027900561, 0.989525778084, 2.29130455464, 1.25339054323, 1.09000019091, 1.08696515504, 1.04740188968, 0.86345425357, 9.14228405012, 1.06797814249, 0.860062060185, 718.078004037, 1.05149580821, 1.610241813, 1.03477627829, 4.71546435248, 1.23788476181, 21.8547993729, 12985.4346847
2.0799562946, 1.00000025305, 1.16374371708, 0.94181841621, 5.90340133307, 0.791074224253, 4.61907267804, 1.05582796385, 0.991256484144, 4.09329455246, 5.91461317638, 1.00141881432, 1.30856582515, 1.22751915561, 1.09000093277, 1.01162310782, 1.03025551013, 1.06883226223, 5.40001866831, 1.1703461539, 0.87289853502, 976.09160896, 1.05413298633, 4.65933600823, 0.968716162517, 5.16581143403, 1.2068250269, 21.9977274705, 7551.65213458
4.69901762962, 1.0000002089, 1.72902070338, 1.1057654202, 1.45093677906, 0.923752388902, 4.15943667085, 1.22530759126, 0.933700937431, 2.25796803976, 5.6633603541, 1.07591646869, 2.53466197442, 0.921001119293, 1.09000077195, 1.03697036588, 1.01265270224, 0.934729122721, 5.64257412941, 0.961752137574, 0.828975694931, 678.761882186, 1.06793771351, 2.4080400562, 1.19709952671, 2.68906443477, 1.27014900653, 23.608056536, 5109.75555124
4.24738355732, 1.00000087976, 1.35439748661, 0.873805234415, 5.53075089706, 0.88297080417, 3.60347673814, 1.12019592749, 0.978087799162, 5.52216733626, 4.85625683189, 0.962672495234, 3.15900574252, 0.897841144564, 1.09000037248, 1.09044905711, 1.01169711749, 0.810884278945, 3.01836095881, 1.15342462816, 0.805161038758, 600.271941798, 0.976532505848, 4.23329903502, 1.1028757942, 1.20050176493, 1.03834090308, 24.3302796309, 4059.00553647
4.16136068384, 1.00000080018, 1.50124793133, 0.994408706722, 3.39988983, 0.960027209588, 2.14738162103, 1.10415658879, 0.932077779272, 4.95916336466, 6.0828579759, 0.871819369222, 3.43529205714, 1.2864774862, 1.09000008268, 1.02108495184, 1.0159388591, 0.981998816147, 5.5999743669, 1.09098724509, 0.876815520036, 200.166061881, 1.19309121609, 3.27121325344, 1.20514555369, 1.55603184414, 1.17971163715, 23.7604481415, 4886.30983375
2.09589411382, 1.00000006712, 1.34114698079, 0.95381001463, 1.75367131319, 0.881031502793, 4.97124825185, 1.06856902459, 0.903518460579, 4.03090822406, 4.81070936412, 0.840737251617, 1.07557499167, 1.10758242023, 1.0900008142, 1.05671828115, 1.00825758583, 1.21783007777, 4.48001867622, 1.04935844153, 0.959886456433, 245.625910899, 0.932256683517, 5.78018542454, 0.990676602987, 1.28103229566, 0.975617632073, 40.9684240475, 2154.06113273
1.37062075638, 1.00000012893, 1.64329654862, 1.08969417236, 1.67480858441, 0.844393022636, 1.57541076995, 1.18698019103, 0.922369062273, 5.88680634922, 5.01834417019, 1.10060177736, 1.9331000108, 1.16254909936, 1.09000095061, 1.01239629452, 1.00834523847, 0.826172415142, 5.59857759674, 1.07851180391, 0.770695816444, 352.461462398, 0.910448821668, 2.08894713288, 1.03880341657, 4.16719528362, 1.21637753738, 23.9007658301, 5645.26757783
5.64972308787, 1.00000029716, 1.55264166505, 1.11486896714, 2.3864075889, 0.986164858047, 3.24957282677, 1.0248321703, 0.997254474525, 3.88330897797, 5.33879384647, 1.12760634777, 2.0813600966, 0.923940489982, 1.09000031928, 1.03290733862, 1.00107429162, 1.06918929707, 9.06197309581, 0.966285337932, 0.814857804547, 73.3082294893, 1.1142672117, 2.98734254989, 1.01743581881, 1.99094023875, 1.20297299754, 30.0116435297, 2449.57105989
5.45764449722, 1.00000086655, 1.53241919753, 0.91034170462, 5.42745289139, 0.762266854004, 4.97124825185, 1.0095968812, 0.912279139059, 5.47979415532, 5.13847392604, 0.827253237611, 3.53261961308, 1.12319961946, 1.09000083017, 1.04417870567, 1.04882978183, 1.17059163982, 6.67583819287, 1.03928204521, 0.969084019714, 288.867793439, 0.987925965079, 1.79811577847, 0.972300332186, 4.8871443886, 1.25420099021, 26.1959415082, 3764.90083244
3.0962044888, 1.00000066406, 1.35347312752, 0.962753649833, 1.66934138953, 0.80733947667, 5.13639055364, 1.08308142188, 0.901727493632, 2.05320400901, 6.01316678309, 0.971849457449, 3.62132431484, 0.922388279157, 1.09000099823, 1.05837589288, 1.02488547134, 1.19907908554, 5.98223323867, 1.01742181455, 0.873379745982, 550.108050288, 1.19868431275, 2.37221414589, 1.00909985032, 2.15925440747, 1.2581422063, 23.3169593124, 10637.5890945
1.6431018985, 1.00000068966, 1.72380479123, 0.80506441367, 6.24032016978, 0.997264469633, 1.36711548225, 1.08945658643, 0.971088705077, 5.24277809392, 5.05216135499, 0.851080000204, 4.92828503994, 1.16545142851, 1.09000062908, 1.02920048731, 1.00098076909, 0.966040778887, 4.76218502472, 0.947422604538, 0.994323955244, 798.423600344, 1.11974643019, 1.86638125378, 0.991384321268, 1.17890742442, 0.89901103452, 33.4707655975, 2421.21752697
4.22230899056, 1.00000075664, 1.67826422187, 1.13821785597, 5.19497323928, 0.869994856932, 4.76387806443, 1.0582682719, 0.984261466856, 2.57774719525, 4.90031445603, 1.07032252669, 3.12808175366, 1.27621579327, 1.09000076264, 1.07504435205, 1.00451512709, 0.918892234427, 9.79389126622, 1.16301811424, 0.905600537672, 849.336683949, 1.18328187774, 1.98190442742, 1.01600595997, 3.17495719687, 1.11096528815, 22.6443377534, 18771.5914403
3.59455882961, 1.00000033408, 1.42716826481, 1.00930479812, 5.16911275735, 0.992935638812, 2.55795884168, 1.22565023378, 0.9924779449, 3.071482985, 6.05565294467, 1.05647034752, 2.61756341328, 0.955280235062, 1.09000018785, 1.09693484921, 1.04293799808, 1.19495880684, 7.68125976044, 1.13180313127, 0.996553126113, 49.1887505948, 0.989763505019, 2.07598315367, 1.0702257166, 3.68456077059, 1.02103899725, 49.1799584612, 2314.74940739
5.17621671192, 1.00000018743, 1.60476468418, 1.05293422602, 3.46023485896, 0.735555578953, 1.7358072517, 1.05880670595, 0.909758090491, 1.42202129866, 4.6954363972, 1.09662809314, 3.78909548387, 1.23557466156, 1.09000006468, 1.07681598465, 1.01699539715, 0.949622332543, 6.11813096967, 1.0099658456, 0.866028860727, 931.907057824, 1.13845754387, 3.95240892806, 1.01121231675, 3.8006132384, 0.891673739413, 23.2600188693, 17770.6357236
5.45764449722, 1.00000086655, 1.53241919753, 1.09952898002, 5.42745289139, 0.762266854004, 4.97124825185, 1.0095968812, 0.912279139059, 5.47979415532, 5.13847392604, 0.827253237611, 3.53261961308, 1.12319961946, 1.09000083017, 1.04417870567, 1.04882978183, 1.10760561778, 6.67583819287, 0.931753533943, 0.970595761362, 288.867793439, 0.987925965079, 1.79811577847, 0.972300332186, 4.51792698198, 1.25420099021, 33.3593350188, 2545.44582336
5.64289784849, 1.00000070766, 1.61452365682, 0.845654145911, 4.49795182633, 0.770490117747, 5.5767910551, 1.23131086566, 0.924883326319, 3.9497552204, 4.93450900185, 1.09468895715, 4.66512409266, 1.12649482576, 1.09000068319, 1.03654147789, 1.00843959956, 0.813427428799, 9.00849547532, 1.06131952391, 0.937631918154, 388.971337605, 1.05963059782, 4.75783112133, 1.08475022236, 4.53229050702, 1.15060060041, 23.5522008676, 11092.8817429
2.09589411382, 1.00000006712, 1.34114698079, 1.15272292023, 1.75367131319, 0.881031502793, 2.71222089539, 1.06856902459, 0.903518460579, 4.03090822406, 4.81070936412, 0.840737251617, 1.07557499167, 1.10758242023, 1.0900008142, 1.05671828115, 1.00825758583, 1.21783007777, 4.48001867622, 1.04935844153, 0.959886456433, 245.625910899, 0.932256683517, 5.26515624729, 0.990676602987, 1.28103229566, 0.975617632073, 40.696789638, 2574.68782564
1.81090078249, 1.0000009278, 1.42891747437, 0.906365457742, 2.24859539765, 0.800962496945, 1.83720609848, 1.12343469941, 0.954749338866, 3.48108561984, 5.1516972, 1.08798336994, 2.98613148173, 0.928711364557, 1.09000048535, 1.01949177482, 1.0416284523, 0.844620490212, 5.31175330644, 0.974392632416, 0.887473023554, 799.887884698, 0.96459596599, 4.59674731851, 1.17466096891, 4.25760917936, 1.29191482964, 25.9268235821, 4993.46070977
1.6673495831, 1.00000009503, 1.61029701666, 1.14258309726, 4.24201207619, 0.816948376256, 1.46902580021, 1.18359633768, 0.948084337611, 2.19013643469, 4.69746762433, 1.16543360873, 4.65986052445, 1.11446068527, 1.09000099954, 1.10611658273, 1.01288501915, 0.908734602368, 3.1844882854, 1.06283807576, 0.953668273263, 787.617150145, 1.04444839292, 2.1974485199, 1.06701878874, 4.35029738387, 0.89113382851, 33.1794163406, 3026.04709347
3.77445299504, 1.00000060559, 1.02615852881, 0.805277611633, 7.06212543297, 0.905425622464, 4.40446951385, 1.11446564741, 0.974355387525, 5.65297360355, 5.20446592086, 0.816793798613, 1.8996971768, 0.96741803526, 1.09000026983, 1.05489707198, 1.01829603802, 1.1239364276, 5.34146913292, 1.10476737009, 0.905487136283, 945.033448449, 0.943032447208, 2.57355958052, 1.20483809018, 5.37757505454, 1.24206805671, 26.7733259922, 4834.48892897
5.97554888763, 1.00000025614, 1.19159049112, 0.881543378695, 3.4488100855, 0.902868560147, 2.06249587184, 1.22854102418, 0.947338103292, 5.9981745532, 5.92666108886, 1.1917852161, 2.40060419002, 1.2322867315, 1.09000071316, 1.02775852153, 1.04380132869, 1.13091102224, 9.40938794317, 1.16664919968, 0.832284175646, 364.498850514, 1.13954189106, 4.65211082143, 0.9633460964, 4.65955348445, 1.18974265009, 23.7515041367, 16034.3529545
4.80254556539, 1.00000010338, 1.61058776254, 0.847414640594, 2.74064616134, 0.748573179162, 2.12903588758, 1.1457053156, 0.981691026035, 2.90662164279, 5.25749966878, 0.936741544739, 3.8081172916, 1.10698247046, 1.09000031557, 1.06283566047, 1.02161021777, 1.22680882433, 9.8268161713, 1.03645806919, 0.77997456322, 666.987356037, 0.926900987491, 1.91931712154, 0.999734698473, 4.8333199926, 0.874742084633, 41.419924793, 2793.1267114
3.86864394075, 1.00000042301, 1.0321841792, 1.16254125813, 4.56477330407, 0.750640380619, 4.0855760868, 1.07594545155, 0.929963414068, 1.55639544633, 5.08830767697, 1.0868306837, 4.61952710615, 1.11169690105, 1.0900000833, 1.03697036588, 1.01904184686, 1.08592521989, 9.94779677936, 1.02824337475, 0.962066992475, 178.282239432, 1.18367458733, 3.13992151841, 1.12479746802, 4.84615963606, 1.16328632325, 28.4860117913, 3787.3827478
3.86864394075, 1.00000042301, 1.0321841792, 1.16254125813, 4.56477330407, 0.750640380619, 4.0855760868, 1.07594545155, 0.929963414068, 1.55639544633, 5.08830767697, 1.0868306837, 4.61952710615, 1.11169690105, 1.0900000833, 1.05648194603, 1.01904184686, 1.06482533817, 9.94779677936, 1.02824337475, 0.962066992475, 178.282239432, 1.18367458733, 3.13992151841, 1.12479746802, 4.84615963606, 1.03705616396, 43.307625787, 2918.8933784
3.39309000129, 1.00000062323, 1.19103793497, 0.9731606873, 4.5736803863, 0.808935196953, 1.27134385579, 1.18231660955, 0.995219072381, 5.84163931973, 5.29685677476, 1.07910610607, 2.30603203687, 1.22532362673, 1.09000060176, 1.06045273384, 1.02358358552, 1.07464249272, 4.23469259312, 1.02354347603, 0.984921988073, 769.017156198, 0.967283547729, 3.31800797926, 0.953030017895, 4.66160787878, 1.0754352009, 23.7803948135, 14694.0442732
1.96263848465, 1.00000030744, 1.5405220391, 0.925814755523, 2.29418840011, 0.716550305426, 1.65800631608, 1.14108385558, 0.954512099898, 2.23466654093, 5.6632363511, 1.21942776578, 3.53867774766, 1.16976239456, 1.09000002935, 1.05646601251, 1.01335748194, 0.815391917463, 6.88010608442, 0.920993965398, 0.91900402504, 247.594135357, 0.946467212285, 4.86387668802, 1.19753821719, 4.28047041628, 1.2159466222, 23.9337077119, 13928.0579296
1.6944452896, 1.00000039444, 1.27174211961, 1.17805067687, 2.75294992693, 0.966100646385, 1.27899114237, 1.05394208981, 0.962466409392, 5.30164677504, 6.16831409045, 0.811025775278, 1.44503498758, 0.8942603231, 1.09000043658, 1.10150576461, 1.046998401, 1.03346974629, 7.25636030632, 0.942225695108, 0.843462082847, 838.415674979, 1.03826459533, 2.08681181642, 1.21896333275, 4.24520215972, 1.03490690737, 24.0151688168, 14680.5497812
2.7726190532, 1.00000021145, 1.49902427958, 0.938373024622, 6.81938228405, 0.747853894389, 1.61896309274, 1.04706716146, 0.939845328228, 2.26809804918, 6.00079508278, 1.08044510524, 2.42051842356, 0.960158675431, 1.09000078666, 1.0120585151, 1.02023968505, 1.21230195747, 8.89195991843, 1.10901591351, 0.885935058687, 157.260687151, 1.02425259869, 5.26296162687, 1.00848640386, 1.71034357644, 1.20227747281, 25.9257273125, 5872.93006667
4.82682641619, 1.00000042786, 1.37667269233, 1.07576947651, 6.04620758461, 0.763374464029, 4.50004590888, 1.11373262694, 0.949201543519, 4.81298549661, 5.85835903952, 1.1186847204, 4.5742393271, 0.872364153942, 1.09000059308, 1.07446766502, 1.0181278558, 0.971538675036, 5.86878644169, 0.968621459662, 0.796292562923, 81.2506253399, 1.08019818378, 5.24372516079, 1.19851044872, 4.1166178197, 0.964695272635, 34.8016066052, 3423.56630654
2.30725095029, 1.00000040099, 1.27169903347, 1.06121185253, 3.5698676558, 0.860580920922, 5.68990745803, 1.25681362914, 0.947981572232, 1.96431196992, 4.74221372095, 0.841190754929, 3.54393704595, 1.21227798802, 1.09000079621, 1.08156514482, 1.04041692426, 1.11315182033, 5.22685140576, 1.1553314171, 0.811637907565, 349.518838523, 1.18897475311, 3.62713079543, 0.971152664192, 5.30848810206, 1.00093257176, 26.6283800671, 5597.17571182
3.13309751289, 1.0000002439, 1.00833726773, 0.814378385976, 2.84558708805, 0.779911762192, 5.28912453429, 1.11366609501, 0.943863515751, 3.54106960907, 5.23706542206, 0.989631076796, 3.06954222642, 0.943586321562, 1.09000098055, 1.02713519715, 1.01531269146, 0.836894513055, 3.41212818371, 1.1466289431, 0.967443091335, 873.393738548, 1.0455967347, 1.58811580145, 1.23345590568, 1.9231646704, 1.13627567692, 23.9420375733, 24968.7235565
5.17621671192, 1.00000018743, 1.60476468418, 1.05293422602, 3.46023485896, 0.735555578953, 1.7358072517, 1.05880670595, 0.909758090491, 1.42202129866, 4.6954363972, 1.09662809314, 3.78909548387, 1.09524405927, 1.09000006468, 1.07681598465, 1.01699539715, 0.949622332543, 6.11813096967, 1.0099658456, 0.835007239441, 931.907057824, 1.13845754387, 2.03713210339, 1.01121231675, 3.8006132384, 1.06702468175, 24.0897308906, 15721.9726756
4.39185244316, 1.00000048645, 1.35045540474, 0.848730389666, 5.0560019013, 0.797565976829, 2.42146656346, 1.12661340534, 0.902842212066, 5.69332457193, 4.99243372421, 1.19749957794, 3.00976651806, 1.00458898689, 1.09000044139, 1.05938917016, 1.0315579077, 1.19376572687, 6.59886248181, 1.16694970411, 0.978891170224, 215.097479048, 1.02165504617, 4.14143885054, 1.22231918044, 3.08181045952, 0.907823146977, 28.358391331, 4621.27996006
3.59455882961, 1.00000012899, 1.43225867038, 1.13498692938, 5.51010052102, 0.939640079193, 4.57741850918, 1.18253258156, 0.995388337155, 3.30207643338, 4.71236667446, 1.20881417413, 3.06337484685, 1.25746265062, 1.09000003558, 1.091968341, 1.00599748192, 0.835263487914, 7.86871630416, 1.09490961749, 0.940642384223, 734.247909748, 1.10524688439, 4.04741690412, 1.18912918449, 2.86823764034, 1.06957408799, 40.1076505103, 3595.40887364
3.64283069193, 1.00000025391, 1.50896142614, 1.02004529601, 1.5494005586, 0.992374197038, 2.94087793381, 1.03909900082, 0.934044329198, 4.65427484355, 6.02405072549, 0.820243672374, 3.98301015354, 1.2630667298, 1.09000091837, 1.1067404741, 1.00233104763, 1.07647827508, 7.918796194, 0.982385584098, 0.811055964124, 14.023575903, 1.14982024583, 3.68160244869, 1.05367181568, 3.82421616206, 1.20130831544, 56.8779473534, 3489.90084857
