2.31928588351, 1.42659247857, 0.969917156422, 1.19529676645, 2.35797535481, 0.759164338787, 1.18489513894, 1.07858092635, 0.920812431555, 5.03559567304, 1.57410323639, 1.01063927022, 2.43645563075, 1.06597295199, 1.09000024666, 1.0378908111, 1.0196987783, 1.11578554602, 6.84536511064, 0.921322076967, 0.993137483989, 234.659115469, 1.08942861458, 1.6100411609, 0.999652843712, 1.87306441603, 1.12123563625, 8.4927622628, 62.0725182391
5.04725932875, 1.20835114227, 1.06851404574, 0.88601533197, 1.62055244614, 0.961701778158, 1.45318284587, 1.081524827, 0.944915247469, 4.7572205611, 6.56218747268, 0.947610911584, 2.09467396574, 1.19521936464, 1.09000055827, 1.08640753049, 1.04552058037, 1.14473112486, 4.75174033329, 1.03943701328, 0.825557201245, 183.028138032, 1.11018832057, 5.61379484949, 0.996278088988, 1.65959186028, 1.11740596913, 7.40964558085, 116.448686274
4.86904583732, 1.2103490636, 0.93623524269, 1.10801412128, 6.3613678587, 0.810485617666, 1.03691014649, 1.03772966585, 0.901319342929, 2.97259752404, 2.02163802622, 0.886676668863, 4.93846205674, 1.11584931988, 1.0900007871, 1.07645809544, 1.0392600398, 0.955472785386, 6.0040494672, 0.923983614645, 0.777275102931, 70.326661487, 1.19058841619, 1.93257082903, 0.997927681232, 4.40552764097, 1.22654917703, 17.3612273225, 29.199815513
4.63464901283, 1.24422871381, 1.16926747114, 0.928299492938, 2.44369437169, 0.92595291675, 3.85083340576, 0.898913228321, 0.947049928035, 3.69973704085, 3.97513981007, 0.974065138298, 4.43837857096, 1.06817188187, 1.09000070963, 1.07483425507, 1.02453115934, 0.890655051004, 3.30790490449, 0.999061844756, 0.892434364389, 305.883546364, 0.998794556546, 2.89664622917, 1.05666365172, 3.90177241862, 1.04614521718, 7.9649042704, 206.790261382
4.26647464812, 1.21931467387, 0.913884751019, 0.951913205165, 2.03679984259, 0.738907182024, 2.00062792185, 1.02282460604, 0.904376841178, 4.31162804418, 7.64936375056, 0.956415967412, 3.06604517105, 0.895447980566, 1.09000099312, 1.01762375706, 1.04691165083, 0.827178343667, 4.23912244557, 1.00611983762, 0.912504557749, 330.42806536, 0.978369960785, 2.31042429035, 1.15933228115, 4.74458142002, 1.25481469333, 18.886266725, 108.961467508
3.94085422575, 1.09411819839, 0.838669294758, 1.16165178237, 3.18854740952, 0.946964104107, 2.51915497937, 0.826887701172, 0.970726885174, 2.5549398134, 4.21260558207, 0.884936900363, 1.23290295847, 0.841509367672, 1.09000028778, 1.07401391168, 1.02334560064, 1.00567442368, 5.83756216006, 0.976230870593, 0.907966896435, 240.392253238, 1.02697919206, 4.67419719158, 0.983056278293, 1.76811361033, 1.20510531389, 17.1450012182, 258.263371721
1.11003578373, 1.41132761622, 0.875178314421, 0.942154193548, 6.00488600926, 0.979568160524, 2.62254679132, 1.09966645834, 0.97617724261, 3.62202552242, 2.52487053506, 0.900661134234, 2.90238548969, 1.15422133342, 1.09000059187, 1.09255500885, 1.01410530415, 0.859231690473, 4.98325305186, 1.03536677858, 0.824051369557, 25.6301604815, 1.14894957592, 1.81797875574, 1.17932470758, 4.0970049908, 0.989444076721, 11.0780593932, 430.70276759
2.71651734557, 1.1325293006, 0.83918907605, 1.11502125123, 2.60778254022, 0.939342705536, 5.81052959649, 1.0504170096, 0.925191323789, 1.75213350181, 5.45352934508, 0.981719394475, 4.57636663266, 1.19410047459, 1.09000049989, 1.04182111266, 1.02893694973, 1.05568469584, 6.84419068398, 1.05760328505, 0.960780280897, 267.369893421, 1.04119410896, 4.75247020009, 0.966273744002, 4.25661193898, 1.27421761977, 10.0194959842, 774.469846493
2.4887090085, 1.25518319805, 1.16602923824, 1.06705912632, 6.91916168179, 0.986460858955, 4.92648132547, 0.876712097345, 0.998359034627, 5.43652283243, 5.48170130483, 1.01019024724, 4.86703419385, 1.0923652005, 1.09000085392, 1.07280515854, 1.00834035322, 1.00235523021, 6.28743718113, 0.974507759328, 0.931652925358, 11.8735892805, 1.01954416575, 1.30693392159, 1.10956682438, 4.72021133297, 0.923066517987, 17.3568587696, 286.986723285
2.82424439666, 1.05417277049, 0.757961351653, 1.02088830296, 1.60491037677, 0.976609695342, 3.44982511356, 0.849229286992, 0.992849640112, 3.71944045424, 6.75698453346, 0.988235019071, 2.83027803396, 1.2007106822, 1.09000078236, 1.05270827565, 1.00803745369, 1.02067923108, 4.40843108454, 1.00612828983, 0.843560881638, 208.625030471, 1.06407910931, 3.53839892307, 1.05616029449, 2.36222770159, 1.24763733038, 14.8267106065, 520.156783406
5.6381806641, 1.36820272613, 0.94390312426, 0.953184208439, 3.76791372188, 0.771585447458, 3.85263113442, 1.08039543663, 0.927512605775, 2.46031397223, 6.7537408152, 0.838092496683, 4.00510968108, 1.0739232086, 1.09000035839, 1.04948640135, 1.04693461021, 1.0016923169, 8.85764098645, 0.920430807396, 0.87840563174, 382.037299843, 1.13107355546, 5.01389324983, 1.01603319846, 3.34317134679, 1.13889725341, 11.2217133348, 873.035681437
3.06741694563, 1.07743027053, 1.01571935573, 0.854474975404, 3.26711449169, 0.757072503204, 4.52949714517, 0.833960557765, 0.9955446805, 2.31157976101, 7.64936368891, 0.849717040659, 1.75002808595, 0.937503445031, 1.09000023193, 1.00145648476, 1.00677181328, 1.0745819449, 4.22017516128, 1.00507152952, 0.918440019422, 196.211233176, 0.992486521521, 1.22730412495, 1.2124941703, 4.99363664745, 1.08512958338, 11.7688467007, 804.763235041
5.61346341489, 1.00795900628, 1.10358199214, 1.13084931961, 2.89237319455, 0.827713852277, 5.8116722198, 0.911582057554, 0.963342872653, 5.80352322596, 4.15676837189, 1.05952748, 4.02800930828, 1.22510214562, 1.09000000847, 1.07062931446, 1.0133933844, 1.19561923964, 3.86303035536, 1.02096948256, 0.927764692371, 282.624601817, 1.01108795233, 1.46485874653, 0.973928737806, 4.14395943891, 0.876578180332, 20.4660074939, 463.292010992
1.94730823871, 1.32149845989, 0.945369792809, 0.812129788352, 6.69982128505, 0.786961297246, 5.22197061851, 1.03464762133, 0.967065653328, 6.02006539235, 3.88432665716, 0.966520807013, 3.09206759021, 1.15907901765, 1.09000025557, 1.02007358006, 1.03913236812, 0.910144324531, 9.45548894166, 1.01500836721, 0.843466222396, 322.547836398, 1.05658758879, 3.58434585649, 1.09303745308, 3.70755311496, 1.12777563397, 25.8654273538, 372.327164425
5.37402635107, 1.19965079609, 0.858013667117, 1.09274440197, 6.48439561109, 0.922419178405, 1.05855888363, 0.965554356933, 0.972006815619, 4.09457080871, 1.57076668162, 0.924246295016, 1.4913081625, 1.25680865887, 1.09000075216, 1.05702218841, 1.01105703656, 0.894595315573, 4.21709530295, 1.04145069299, 0.965892461297, 288.843920388, 0.992926871274, 4.14812503532, 1.18294175773, 4.5288497592, 0.918728225297, 17.2049962464, 745.417350364
1.3134678465, 1.11655168365, 1.07500920726, 0.95287769494, 4.86161529682, 0.762565707472, 4.51767279323, 0.982872700455, 0.935641536263, 3.26039813886, 3.40973251839, 1.02316015661, 1.35954977147, 1.27129774256, 1.09000020262, 1.05259275544, 1.01283670823, 1.14837659751, 4.16741591216, 1.14733584156, 0.801660859965, 22.2695436086, 1.02554356716, 3.32409365248, 1.14081051199, 4.99280605429, 1.07134633041, 18.260377439, 724.527275442
2.78812226506, 1.13126346985, 0.751550434448, 1.01766685311, 5.93529994292, 0.896219852228, 5.09742109716, 0.982580862413, 0.955719573712, 3.62601957917, 5.0209140231, 0.839459959756, 4.09590578127, 1.12945946412, 1.09000067725, 1.04558850945, 1.03501684636, 0.983490367942, 4.19412612919, 0.956723066792, 0.764019205325, 77.5794502147, 0.951782535456, 4.03773291367, 0.962959555844, 3.2865081156, 1.12531762859, 12.3078705911, 1195.54126719
3.06665152312, 1.14001626246, 1.15468157099, 0.887422877027, 6.77039842603, 0.756675462747, 4.88774967265, 0.919765817434, 0.932433594478, 4.19146270298, 4.05023356878, 0.844578860278, 4.77569046603, 0.95910434698, 1.09000035777, 1.02424542543, 1.00935461262, 1.1125842011, 9.1096373206, 0.975723254373, 0.763383680296, 138.350117178, 0.975685431689, 2.97943356649, 1.08202543458, 2.75329784017, 1.28765130279, 17.8613973588, 824.629706757
1.81825956859, 1.11039265012, 0.902122984066, 0.929524639178, 2.47903642266, 0.725386586784, 2.77011747044, 0.952431651952, 0.952707825308, 3.94509247498, 3.81658822089, 0.981047327885, 1.27689665611, 1.09378186859, 1.09000040794, 1.0295360206, 1.02536251139, 1.21535803189, 3.34636744669, 1.13575112126, 0.943600402107, 273.879640507, 1.17419044821, 4.12551697398, 1.22493808804, 5.15894167285, 0.881830589622, 20.3551398602, 793.14136284
1.56562917061, 1.29579595419, 1.14360366299, 1.00834667703, 1.55158787211, 0.860649684327, 3.08775097457, 0.975780932945, 0.932713693457, 5.53533307735, 6.32794881248, 0.884300846975, 3.96825938985, 1.1288095598, 1.09000008002, 1.03004190658, 1.0024357083, 0.99908737374, 9.16566327033, 0.958619982102, 0.93453784316, 11.138654186, 1.00896089512, 3.23640774452, 0.963258103446, 1.89632650577, 1.08339882266, 22.4195886482, 786.128009082
5.04938018849, 1.14962161641, 0.746199457422, 1.05286340584, 3.40748757864, 0.970001679989, 2.71514298497, 0.862859287721, 0.900630419768, 6.17769686915, 3.14621050964, 0.899550493961, 4.49874200023, 1.104143641, 1.0900002626, 1.08640753049, 1.00113978341, 0.825052394851, 4.29395064677, 0.947467342606, 0.80136759099, 68.694396025, 1.04800107736, 5.96450307032, 0.996278088988, 1.65959186028, 1.0113200016, 14.2402912622, 1685.8520598
1.49910536297, 1.00096448557, 1.13569821663, 0.825178320393, 4.62610894095, 0.875274330113, 1.26932881479, 0.850628277106, 0.904301983013, 3.71831926669, 5.4632084784, 0.902039198404, 2.96734524058, 1.00212997291, 1.09000012108, 1.08727597947, 1.03340125462, 1.18279486084, 3.33460668481, 1.05959235407, 0.845347736469, 294.478569726, 1.06075518713, 2.11746867315, 1.20615474308, 1.91977875346, 1.13809394905, 17.8906701292, 838.303223772
4.26647464812, 1.21931467387, 0.913884751019, 0.951913205165, 2.03679984259, 0.738907182024, 2.00062792185, 1.02282460604, 0.904376841178, 4.31162804418, 7.64936375056, 0.956415967412, 3.06604517105, 0.895447980566, 1.09000099312, 1.01762375706, 1.04993778158, 0.827178343667, 4.23912244557, 1.00611983762, 0.92156052279, 330.42806536, 0.978369960785, 5.69431832073, 1.15933228115, 4.75430298356, 1.25481469333, 14.8237643159, 1903.19033726
5.5640495085, 1.42365073259, 1.05770788377, 1.04709772029, 4.14819980341, 0.987892098336, 4.10060982997, 0.936112513671, 0.959440713995, 1.39830524061, 2.996271354, 0.99228960952, 1.37557618318, 0.890036799452, 1.09000028403, 1.01735340534, 1.02881570716, 0.894110508543, 9.8883166276, 1.0803124181, 0.915886007302, 166.79907354, 0.919957979309, 3.26464049587, 1.19973461088, 4.1970658973, 0.940826889985, 21.1605403605, 1288.1406434
5.28449992984, 1.21441323765, 0.929103922699, 0.97917080998, 5.02952129527, 0.780930367713, 1.27494693245, 1.02007371185, 0.920795115987, 1.2991559329, 3.43677451901, 0.90084685105, 2.24606939061, 1.15319018099, 1.09000073801, 1.0678124463, 1.03910291622, 1.20473084608, 8.11554280328, 0.945280404832, 0.872830279679, 265.905822195, 1.10030008027, 5.23239646019, 1.04000900385, 1.88325202546, 1.10635799617, 18.792882076, 1341.21668872
1.07770437825, 1.29206036683, 0.734483665525, 1.04292740347, 4.4400514882, 0.956704253622, 5.84436278286, 1.05632225301, 0.969871169889, 1.28825971135, 7.06290431621, 0.837503218817, 4.79295236069, 1.25498827805, 1.09000023916, 1.00527891461, 1.00644555994, 0.832206165362, 9.92438830087, 1.18165388474, 0.789559187193, 207.547635444, 0.972203339334, 2.98394099177, 1.10860916435, 2.01404869898, 1.25483994288, 25.1872115089, 958.178661585
2.11231082132, 1.38307278084, 1.10355394857, 1.02857521373, 5.93245325725, 0.816887008696, 3.38171628428, 1.02223035505, 0.956020788166, 4.66765676951, 7.26458875426, 0.938084081075, 4.61681331275, 0.963030301221, 1.09000089038, 1.05890435211, 1.0495450081, 1.15825737317, 5.14541210025, 0.936582283854, 0.835377210266, 223.335711401, 1.16749629497, 5.55310606898, 1.11279033171, 3.91090088061, 0.872557010561, 16.1927509847, 2082.43695144
2.10081325501, 1.17360463824, 1.11092864843, 0.902476251925, 2.13727995936, 0.755068110455, 2.99786981061, 1.09146724534, 0.993025287179, 4.31612696891, 5.90083553264, 0.941316080018, 3.03693377951, 1.01808815693, 1.09000084767, 1.06011592082, 1.01726088849, 1.07424538776, 3.79084172121, 0.949318243212, 0.855493467566, 313.923084823, 1.02004255054, 5.08564055637, 1.033910222, 3.24456424922, 1.23410434295, 16.4040561135, 1977.05909297
2.7025620876, 1.26599209529, 1.11423159867, 0.949940580431, 5.34609743159, 0.861829197006, 1.26843642753, 0.845249479579, 0.905290045491, 3.77898227505, 5.58731809225, 1.00866560504, 3.01954192322, 1.16089773927, 1.09000010835, 1.05001032648, 1.01407936878, 1.02357404561, 7.31203002693, 1.03860981016, 0.878361674223, 202.127609701, 1.02306469555, 4.33108024891, 1.1343485397, 2.76810522559, 1.00433296611, 24.9588883062, 1425.0304813
2.82424439666, 1.05417277049, 0.757961351653, 1.02088830296, 1.60491037677, 0.976609695342, 3.44982511356, 0.849229286992, 0.954417046821, 3.29991990607, 7.76307496079, 0.988235019071, 2.83027803396, 1.2007106822, 1.09000078236, 1.05270827565, 1.00803745369, 1.02067923108, 4.40843108454, 1.00612828983, 0.843560881638, 208.625030471, 1.06407910931, 3.53839892307, 1.05616029449, 2.36222770159, 1.24763733038, 20.1817386319, 1785.46496373
4.32001563812, 1.1288619572, 1.15635563089, 1.11301807268, 2.5999077461, 0.940186350861, 1.53188617254, 0.956598930126, 0.939582000788, 1.63087070073, 7.64547803345, 0.911433419394, 3.79544132364, 0.955756785567, 1.09000066409, 1.08289850157, 1.00097847695, 0.967569166312, 6.57051292349, 1.14939703402, 0.983648415503, 306.917614215, 1.11712012682, 2.7960795075, 0.970875329511, 2.93620324026, 1.10413960229, 34.6580268856, 1155.08339232
4.46796632382, 1.12580095189, 0.961649492081, 1.10928083002, 6.67072902478, 0.913956528939, 5.67812431814, 0.914379881619, 0.945932175908, 5.5077844114, 3.00458304801, 1.00378713829, 4.44059747116, 1.03147479, 1.09000063735, 1.10827056752, 1.00283932408, 1.22082440262, 9.95968386696, 0.920198208975, 0.984929531964, 183.099141798, 0.984405799237, 1.76047518168, 0.996060015595, 1.19689010725, 0.984351067464, 16.9120880374, 3652.30058984
4.79629098062, 1.29579595419, 1.00747373689, 1.04292404739, 2.61619165503, 0.761576627292, 1.44903020625, 0.837112008223, 0.982604537945, 2.86163290559, 6.17542706863, 0.901078710285, 1.31211732295, 0.949628064182, 1.0900003842, 1.07991204638, 1.02500348749, 0.977176474381, 6.41516178388, 1.00525541868, 0.946271556525, 386.176808957, 1.08951971834, 1.45156129219, 1.07607205616, 3.39837227373, 1.19730426949, 20.0311869098, 2954.74722087
4.87142799601, 1.37290826515, 1.10679247444, 1.19357126128, 5.01786336787, 0.983762500553, 3.09744702136, 1.06264478182, 0.979936435917, 2.98349305456, 4.2484165616, 0.872043317444, 4.65933015481, 1.12481199778, 1.09000069884, 1.03159781413, 1.00942196315, 1.2028906475, 5.57234202079, 0.915252728986, 0.935116862307, 346.812007715, 1.11642705091, 3.88072190628, 1.18162053237, 1.15314267081, 1.28518832496, 27.4571444902, 1558.41658176
1.4149321839, 1.17122236123, 0.990212415095, 0.907489494318, 2.66834088933, 0.949492559441, 3.81665682328, 1.07665680604, 0.936843893991, 4.96221085773, 6.20598379318, 0.821227367158, 2.95814757661, 1.00423491416, 1.09000059986, 1.0239234385, 1.02519234639, 0.827831588301, 4.04351100874, 0.991449907769, 0.976678828593, 358.753493069, 0.929320765911, 5.65411365959, 1.0649862564, 4.98925106385, 1.09872738851, 26.6585308724, 1640.73549084
1.91495878601, 1.04132671579, 1.08700516247, 0.92245177844, 2.82036029491, 0.739793874014, 5.3975325686, 0.822117839953, 0.917313320215, 2.95903458243, 6.26637854857, 0.967783830653, 4.88741284395, 1.25510680289, 1.09000049002, 1.03208017658, 1.01471033556, 1.1807436276, 6.90472737431, 1.14243751137, 0.901868619885, 52.5473631807, 1.14136091621, 5.1542478209, 1.11176670373, 3.58273173933, 1.27123458515, 28.1901985738, 1554.91079728
3.23647648277, 1.29932016703, 1.1395811459, 1.16102285611, 6.60316387863, 0.896518140057, 1.04458363297, 1.07767730838, 0.945107920292, 3.8588400298, 2.35680307312, 1.01367121527, 4.10781906829, 0.811326865911, 1.090000585, 1.0304080469, 1.02232163486, 0.85334005259, 6.75911226778, 0.922364062586, 0.93363355008, 210.375514027, 1.1339719198, 3.3328728261, 0.987140730518, 1.92223312927, 1.11323347239, 20.5483038758, 1914.98158689
3.73957995927, 1.21248341376, 1.05725512239, 0.995460861835, 6.26718251256, 0.73275985667, 4.67009957948, 0.980608499985, 0.9371550901, 2.33645806629, 4.30269799679, 0.956886064568, 4.38849749058, 0.961111398484, 1.09000087696, 1.00680341697, 1.00533391905, 0.862660221538, 7.30747968543, 1.03381402029, 0.975424678335, 125.801635893, 0.938336712161, 2.45428595269, 1.00827065526, 2.40450087486, 0.980742610519, 22.0947366579, 1790.97026263
3.06741694563, 1.07743027053, 1.01571935573, 1.05135100878, 3.26711449169, 0.757072503204, 4.52949714517, 0.833960557765, 0.9955446805, 2.31157976101, 5.55078031873, 0.849717040659, 1.75002808595, 0.937503445031, 1.09000000847, 1.00145648476, 1.00677181328, 1.0745819449, 4.22017516128, 1.00507152952, 0.918440019422, 196.211233176, 0.992486521521, 1.19835705337, 1.2124941703, 4.99363664745, 1.08512958338, 17.0053349844, 5844.37066148
1.94730823871, 1.32149845989, 0.945369792809, 0.812129788352, 6.69982128505, 0.786961297246, 5.22197061851, 1.01900221664, 0.967065653328, 6.02006539235, 3.88432665716, 0.966520807013, 3.09206759021, 1.15907901765, 1.09000025557, 1.02007358006, 1.03913236812, 0.910144324531, 9.45548894166, 1.06186158583, 0.843466222396, 275.816027832, 1.05658758879, 3.58434585649, 1.09303745308, 3.70755311496, 1.12777563397, 18.3119131608, 3686.65981254
3.44357457757, 1.28446188336, 0.754933874121, 0.832996149439, 2.75317818034, 0.918812487369, 5.12471580281, 1.03469254904, 0.969570782194, 5.35006861737, 5.28009262239, 0.935717297994, 1.98510509132, 1.17915346558, 1.09000001123, 1.05818596469, 1.04029153075, 1.17566070039, 7.46753776022, 0.916444431045, 0.869003877582, 380.730624257, 0.989249148544, 3.08205637541, 1.16578647803, 3.95181681908, 0.992166741179, 17.2687444351, 5377.40279732
3.06665152312, 1.14001626246, 1.15679670381, 0.887422877027, 6.77039842603, 0.711935345688, 4.88774967265, 0.919765817434, 0.932433594478, 4.19146270298, 4.05023356878, 0.844578860278, 4.77569046603, 0.95910434698, 1.09000035777, 1.04558850945, 1.00935461262, 1.1125842011, 9.2373359439, 0.975723254373, 0.763383680296, 138.350117178, 0.975685431689, 2.97943356649, 1.08202543458, 2.75329784017, 1.28765130279, 28.7675033472, 1629.10996089
5.75296735755, 1.27654382429, 0.880264137525, 1.05359189324, 2.41667751081, 0.722894555119, 5.77150287832, 0.828202124616, 0.939316492492, 3.48354754774, 5.57805740735, 0.978162730987, 2.57648241115, 1.26155561966, 1.0900004907, 1.00258969124, 1.01224701613, 0.933716080388, 9.64341118322, 0.980597703208, 0.82565702347, 305.354814489, 0.978056363298, 1.60932508148, 1.06727153618, 1.2245669857, 1.16008581205, 21.2476925652, 1965.87009805
2.22685533384, 1.15227159357, 1.10135144286, 0.875001253138, 3.07120213416, 0.921540125762, 5.86161155384, 0.980369870189, 0.939277408407, 4.17126076515, 3.5599418392, 0.993141781952, 1.46105843282, 1.22520159163, 1.09000052643, 1.03008844262, 1.02205404882, 1.20776828414, 3.53698375321, 1.16986549304, 0.902279313504, 103.357635384, 1.16817505398, 1.68487403872, 0.992832905951, 1.9809215958, 1.12518610903, 20.6905248411, 3102.62063011
4.97573160768, 1.30575462551, 1.15956776785, 0.899880738275, 5.37039953644, 0.853266958671, 1.83824521489, 1.03222897295, 0.902962778709, 3.56473900338, 7.51624380127, 0.85037044664, 2.62978047678, 1.13812586494, 1.09000033587, 1.02185527791, 1.0370709424, 0.984555634107, 4.62798720495, 1.16851559382, 0.90273977031, 193.652161311, 1.16785392271, 4.70016848383, 0.959625206401, 1.7411250941, 1.07736775627, 22.5634754447, 1839.51961343
3.73957995927, 1.21248341376, 1.05725512239, 0.995460861835, 6.26718251256, 0.806175284966, 4.67009957948, 0.980608499985, 0.9371550901, 2.33645806629, 4.30269799679, 0.956886064568, 4.38849749058, 0.961111398484, 1.09000087696, 1.00680341697, 1.00533391905, 0.862660221538, 7.30747968543, 1.03381402029, 0.975424678335, 227.629776934, 1.03502944121, 2.45428595269, 1.00827065526, 2.40450087486, 0.980742610519, 19.5383512647, 4127.13361983
5.75296735755, 1.27654382429, 0.880264137525, 1.05359189324, 2.41667751081, 0.722894555119, 5.77150287832, 0.828202124616, 0.939316492492, 3.48354754774, 5.57805740735, 0.978162730987, 2.57648241115, 1.26155561966, 1.0900004907, 1.00258969124, 1.01224701613, 0.933716080388, 9.64341118322, 0.980597703208, 0.829504103511, 305.354814489, 0.978056363298, 1.60932508148, 1.06727153618, 1.2245669857, 1.16008581205, 19.7612456082, 4068.45621903
4.10531422483, 1.07403402611, 1.119750238, 0.849207411939, 4.3913059552, 0.899613771214, 4.20137527524, 1.08145747037, 0.990215565567, 1.94196214686, 4.01285699193, 1.05034891785, 1.2089203859, 1.06467648102, 1.09000033141, 1.07873639982, 1.01905645725, 0.881460768117, 6.06927619582, 0.912099467765, 0.990586633547, 267.465347188, 1.13366008633, 3.80902894255, 1.07003555245, 1.33254474819, 1.18136401496, 33.7183042142, 1644.44337057
5.69370974606, 1.2103490636, 0.93623524269, 0.963068804494, 6.3613678587, 0.810485617666, 1.03691014649, 1.03772966585, 0.901319342929, 2.97259752404, 2.02163802622, 0.913106098232, 4.93846205674, 1.11584931988, 1.0900007871, 1.10418178644, 1.0392600398, 0.955472785386, 6.0040494672, 0.919208899169, 0.770886377925, 70.326661487, 1.19058841619, 1.93257082903, 0.997927681232, 4.67019350469, 1.22654917703, 21.6132300629, 2389.17321815
3.93242914986, 1.09745549824, 1.12421288456, 0.814346830282, 3.23612237672, 0.916338467004, 3.36461830637, 0.841709589106, 0.984936941011, 4.81166089633, 3.08847494965, 1.04129739641, 4.16218959951, 0.938877635959, 1.09000015683, 1.04701481662, 1.00793263105, 1.06563430126, 9.51385208879, 1.05832788041, 0.859810896444, 147.431157948, 1.06777340164, 3.6801196468, 1.00644441509, 3.04961721171, 0.936967419395, 21.2156490234, 3172.99019006
1.91495878601, 1.04132671579, 1.08700516247, 0.92245177844, 2.82036029491, 0.739793874014, 5.33374920827, 0.822117839953, 0.917313320215, 2.44858928937, 6.26637854857, 0.841661998264, 4.88741284395, 1.25510680289, 1.09000049002, 1.03208017658, 1.01471033556, 1.1807436276, 6.90472737431, 1.14243751137, 0.901868619885, 52.5473631807, 1.14136091621, 5.1542478209, 1.11176670373, 3.58273173933, 1.27123458515, 21.1170204591, 3277.15314972
4.62129125343, 1.14964203173, 1.00459387137, 0.83761662899, 6.10013650036, 0.85311495982, 1.62420785387, 1.07724609801, 0.905583710109, 5.49956653697, 5.47984711394, 1.03661266129, 1.52153014322, 0.817068140009, 1.09000008216, 1.01079286572, 1.01707255526, 1.15701126753, 6.28807314245, 1.10992423008, 0.964244363508, 28.6415426233, 1.16027552221, 1.76994583417, 0.950460134639, 4.66287909672, 0.935855039207, 23.384320257, 1979.58599828
3.9504567205, 1.22814407762, 0.86698702634, 1.09461200373, 6.0152937799, 0.794348016255, 3.02241368424, 0.930342145287, 0.979784861982, 2.03891392653, 6.00457090102, 1.08089267111, 4.68229806267, 1.14472472106, 1.09000026633, 1.1020210412, 1.00490127901, 0.947558083014, 6.88722893997, 0.996770682651, 0.906486674425, 357.204889667, 1.05136781592, 3.41219295064, 1.04143022909, 3.80550813768, 1.04173225288, 19.6923509021, 21919.339667
2.11231082132, 1.38307278084, 1.10355394857, 1.02857521373, 5.93245325725, 0.816887008696, 3.38171628428, 1.06857726804, 0.956020788166, 4.66765676951, 5.69034698172, 0.938084081075, 4.61681331275, 0.963030301221, 1.09000089038, 1.05890435211, 1.0495450081, 1.15825737317, 5.14541210025, 0.936582283854, 0.835377210266, 223.335711401, 1.16749629497, 5.55310606898, 1.11279033171, 3.91090088061, 0.882203676593, 20.484890464, 4112.65362807
4.62129125343, 1.14964203173, 1.00459387137, 0.83761662899, 3.22383222051, 0.85311495982, 1.62420785387, 1.07724609801, 0.969460994874, 5.49956653697, 5.47984711394, 1.03661266129, 1.52153014322, 0.907004952209, 1.09000008216, 1.03071100713, 1.01707255526, 1.15701126753, 6.28807314245, 1.10992423008, 0.964244363508, 28.6415426233, 1.16027552221, 3.49395878773, 0.956429069861, 4.66164053137, 0.935855039207, 35.5062435905, 1774.62555237
5.5640495085, 1.42365073259, 1.05770788377, 1.04709772029, 4.14819980341, 0.987892098336, 4.10060982997, 0.936112513671, 0.959440713995, 3.01090829008, 2.996271354, 0.99228960952, 1.37557618318, 0.890036799452, 1.09000028403, 1.08193600428, 1.02881570716, 0.894110508543, 9.8883166276, 1.0803124181, 0.915886007302, 166.79907354, 0.919957979309, 3.26464049587, 1.19973461088, 4.1970658973, 1.10721970942, 22.1941302756, 3038.38646184
4.08203880242, 1.22814407762, 0.86698702634, 1.09461200373, 6.0152937799, 0.806180275824, 2.77822900119, 0.930342145287, 0.979784861982, 2.03891392653, 6.00457090102, 1.08089267111, 4.68229806267, 1.08682044434, 1.09000026633, 1.10481334086, 1.00490127901, 0.947558083014, 6.84419068398, 0.996770682651, 0.906486674425, 357.204889667, 1.05136781592, 3.41219295064, 1.04143022909, 3.80550813768, 1.04173225288, 29.166354997, 2271.2873637
3.15204577247, 1.34510666816, 1.10406856342, 0.922187314085, 5.7987733823, 0.803725363291, 4.03379227603, 1.05812839786, 0.966436839734, 4.69754199754, 6.75154479183, 1.0678851737, 1.31032128506, 1.14678209582, 1.09000095429, 1.07991791334, 1.0340100067, 1.03395448749, 4.83357832171, 1.04984673665, 0.961741050007, 253.686042366, 1.12773381348, 4.30194968375, 1.06183061326, 4.29080581498, 1.19248189618, 28.105432331, 2723.88935063
2.31928588351, 1.42659247857, 0.969917156422, 1.19529676645, 4.18317098231, 0.759164338787, 1.18489513894, 1.07858092635, 0.920812431555, 5.03559567304, 2.1542905476, 1.01063927022, 2.43645563075, 1.03034755055, 1.09000024666, 1.0378908111, 1.0196987783, 1.05011173049, 6.84536511064, 0.921322076967, 0.982629406982, 234.659115469, 1.08942861458, 1.6100411609, 0.999652843712, 1.87306441603, 1.12123563625, 20.6837114567, 7167.96235812
5.25152869909, 1.28493100756, 1.16464027104, 1.00458823602, 4.53119020757, 0.911033780934, 5.74264726069, 1.04807246007, 0.998702380949, 3.17449934418, 2.7228186867, 0.88745064808, 2.92691249343, 1.04846191722, 1.09000044995, 1.00455725827, 1.01805233783, 1.09871986476, 8.93457718718, 1.15797817469, 0.784562503976, 244.564039547, 1.1207645504, 3.914109736, 1.09085262751, 3.18299897244, 1.26898584137, 20.8255926405, 6299.9105435
1.11003578373, 1.41132761622, 0.875178314421, 0.942154193548, 6.00488600926, 0.979568160524, 2.62254679132, 1.09966645834, 0.97617724261, 3.62202552242, 2.52487053506, 0.900661134234, 2.90238548969, 1.15422133342, 1.09000059187, 1.09255500885, 1.02226297813, 0.859231690473, 4.98325305186, 1.03536677858, 0.820168341831, 25.6301604815, 1.14894957592, 1.81797875574, 1.17932470758, 4.0970049908, 0.989444076721, 21.7159694412, 6008.62296726
5.09373005127, 1.0424293957, 0.93218083952, 1.05040175483, 5.41792810588, 0.746176775268, 4.73813871989, 1.08087138446, 0.948261161241, 3.9319974666, 2.31088888679, 0.884300846975, 3.56972536775, 1.13600085944, 1.09000086627, 1.07962537518, 1.0211136453, 0.912450770011, 7.28485765856, 1.17946271714, 0.800773125875, 316.434253944, 1.11927192926, 1.99829874038, 1.18659216899, 2.40994469791, 1.10370634825, 37.1640506664, 1998.01003042
1.56562917061, 1.29579595419, 1.14360366299, 1.00834667703, 1.55158787211, 0.860649684327, 3.08775097457, 0.975780932945, 0.932713693457, 5.53533307735, 6.32794881248, 0.83453122867, 3.96825938985, 1.1288095598, 1.09000008002, 1.03004190658, 1.0024357083, 0.99908737374, 9.16566327033, 0.958619982102, 0.93453784316, 11.138654186, 1.00896089512, 3.23640774452, 0.963258103446, 1.89632650577, 1.08339882266, 42.1687017641, 1987.41936238
3.9504567205, 1.22814407762, 0.86698702634, 1.09461200373, 6.0152937799, 0.806180275824, 3.02241368424, 0.930342145287, 0.979784861982, 2.03891392653, 6.00457090102, 1.08089267111, 4.68229806267, 1.14472472106, 1.09000026633, 1.1020210412, 1.00490127901, 0.947558083014, 6.88722893997, 0.996770682651, 0.906486674425, 357.204889667, 1.05136781592, 3.41219295064, 1.04143022909, 3.80550813768, 1.04173225288, 36.337350775, 2158.66930748
3.93242914986, 1.09745549824, 1.12421288456, 0.814346830282, 3.23612237672, 0.865012173656, 3.36461830637, 0.841709589106, 0.984936941011, 4.81166089633, 3.08847494965, 1.04129739641, 4.16218959951, 0.938877635959, 1.09000080044, 1.04701481662, 1.00793263105, 1.06563430126, 9.51385208879, 1.05832788041, 0.859810896444, 147.431157948, 1.06777340164, 3.6801196468, 0.994561956222, 3.04961721171, 0.936967419395, 22.6283465819, 4702.94934435
5.61346341489, 1.00795900628, 1.10358199214, 1.13084931961, 2.89237319455, 0.827713852277, 5.8116722198, 0.911582057554, 0.958106646892, 5.80352322596, 5.38902135504, 1.05952748, 4.02800930828, 1.22510214562, 1.09000023193, 1.07062931446, 1.0133933844, 1.19561923964, 3.86303035536, 1.02096948256, 0.927764692371, 282.624601817, 1.01108795233, 1.46485874653, 0.954190165447, 5.42618352291, 0.876578180332, 23.1479786019, 3463.05444683
2.10081325501, 1.42302131583, 0.742865840058, 0.812129788352, 5.21826485359, 0.828328894243, 4.93561845245, 0.835266836561, 0.905583710109, 2.46676066705, 7.43779405645, 0.91583739689, 1.06492499966, 0.996458979986, 1.09000073469, 1.05309240045, 1.02415533145, 1.06887816574, 6.74695567656, 1.00402685864, 0.843466222396, 20.7365129612, 1.17652553681, 1.76994583417, 1.22974001548, 4.66287909672, 0.882745696549, 33.9908631689, 2369.92363404
3.44357457757, 1.28446188336, 0.754933874121, 0.832996149439, 2.75317818034, 0.918812487369, 5.12471580281, 1.03469254904, 0.969570782194, 5.35006861737, 5.28009262239, 0.935717297994, 1.98510509132, 1.17915346558, 1.09000001123, 1.05818596469, 1.04029153075, 1.17566070039, 7.46753776022, 0.911605424067, 0.869003877582, 380.730624257, 0.989249148544, 3.08205637541, 1.16578647803, 3.95181681908, 0.992166741179, 28.1525913871, 3342.92471761
1.84607636395, 1.34594886327, 0.964026231437, 1.1026667683, 3.39987962827, 0.869428029765, 5.76991444802, 0.988255042465, 0.918698715446, 1.39830524061, 3.76703190376, 0.820438032428, 3.74094613168, 1.26039655895, 1.09000092307, 1.01735340534, 1.02998956777, 0.920986647249, 5.70418422868, 0.969636878732, 0.950314973933, 104.066026825, 1.05634334152, 3.69628398233, 1.11061910813, 2.41641701392, 0.940826889985, 21.0708182048, 15828.6318541
5.34970687759, 1.10147066182, 0.86960665698, 0.898916269355, 5.94053085272, 0.807589482204, 1.70541160936, 0.981221264184, 0.936083471842, 2.2294521922, 2.73429235952, 1.02350927683, 1.61930139466, 1.10449795814, 1.09000061148, 1.03190079851, 1.00608130935, 0.925093397379, 7.73413451013, 1.16507266848, 0.968424189833, 222.677407834, 0.980518810122, 3.12312530424, 1.13878225586, 3.53860941102, 1.12037155067, 22.1960561766, 8723.54222393
3.94085422575, 1.09411819839, 0.87526660305, 1.16165178237, 1.90236130483, 0.946964104107, 2.51915497937, 0.826887701172, 0.978389810336, 2.5549398134, 7.42505661008, 0.884936900363, 1.23290295847, 0.841509367672, 1.09000028778, 1.07401391168, 1.02334560064, 1.00567442368, 5.83756216006, 0.976230870593, 0.907966896435, 240.392253238, 1.02697919206, 4.67419719158, 0.983056278293, 1.76811361033, 1.20510531389, 22.6886348007, 5440.08037617
1.81825956859, 1.11039265012, 0.902122984066, 1.00646443502, 2.47903642266, 0.725386586784, 2.77011747044, 0.952431651952, 0.952707825308, 3.94509247498, 3.81658822089, 0.981047327885, 1.27689665611, 1.09378186859, 1.09000040794, 1.0295360206, 1.02536251139, 1.21535803189, 3.34636744669, 1.13575112126, 0.964467908901, 273.879640507, 1.17419044821, 4.12551697398, 1.22493808804, 5.15894167285, 0.881830589622, 23.8080324063, 4122.15542183
5.95975904582, 1.06896325425, 0.933762703935, 1.00895874207, 3.84605610108, 0.88253177606, 1.44372950172, 1.08301150777, 0.96274614621, 5.85664435497, 5.93250505886, 1.0456855709, 2.66595704188, 1.12795070113, 1.09000028638, 1.0263484212, 1.04921664752, 1.18681770711, 7.15963731887, 1.14517410024, 0.908110340033, 365.992083036, 1.01012905186, 4.26859697889, 1.2193027936, 3.67787740224, 1.16596001466, 24.0657332733, 3704.38249269
2.2808041265, 1.25182437303, 0.861317386782, 0.841180238729, 3.13155881679, 0.786303960067, 2.86922450614, 0.960090751814, 0.983571839009, 2.47178224311, 3.02062188812, 0.93317452859, 1.55628640142, 1.21985123592, 1.09000058251, 1.09807399303, 1.04942099158, 0.829721790865, 8.27411156762, 0.911736910824, 0.844015304596, 85.8291185109, 1.04306054767, 1.10012914136, 1.00969625336, 3.54329225092, 1.21682222689, 40.5630646934, 2663.22019591
3.36321902562, 1.16823352471, 0.767872973047, 0.948895531445, 3.6320859344, 0.938440420508, 5.84342797411, 0.834131640546, 0.984499753146, 1.56498548973, 3.67104635622, 0.997468490272, 5.06110512963, 1.23755957207, 1.09000088461, 1.05844804413, 1.02229208726, 0.928923204907, 4.18634346038, 1.11937565695, 0.855395100033, 184.016912756, 1.12624774981, 3.27220790718, 1.03510010037, 5.40215971452, 1.00686739528, 38.4708820914, 3368.83373693
1.03895525939, 1.08941220913, 1.054436985, 1.09495048568, 1.72656558194, 0.711839156784, 3.57911397385, 1.05889089786, 0.939883235868, 4.61264207094, 2.73829222725, 0.946318502013, 2.47236940752, 0.916073091857, 1.09000061558, 1.01120105671, 1.00823798437, 1.18528519571, 9.62010267688, 1.12053308213, 0.942789467082, 139.494108707, 1.11121033415, 5.93463674733, 1.08278796763, 1.28197488881, 1.28208938477, 29.0186389028, 3416.23067443
2.385013254, 1.17121661141, 0.809077327605, 1.04838093902, 5.38004683265, 0.817312524845, 4.19800906049, 0.971982257842, 0.954826133758, 2.52001248377, 2.96978016947, 0.870614366541, 3.16699426705, 1.24345796938, 1.09000048354, 1.08625375698, 1.00075556974, 0.866440924327, 8.94744502285, 1.09474998007, 0.778897285371, 379.4235892, 1.06719941314, 5.35833081233, 1.1757252703, 3.57957355914, 1.19695161344, 22.5202332003, 9574.23725704
2.06248389792, 1.03515789699, 1.00240832517, 1.06485733572, 3.13155881679, 0.834949712103, 3.15222203045, 0.970465286179, 0.951371879688, 3.00269358973, 6.64990807435, 1.0770791605, 5.03423262527, 1.26104359909, 1.09000024633, 1.1056960692, 1.03627071499, 1.14983125425, 6.65291840095, 1.09417731565, 0.946649314598, 374.04445167, 1.00886382626, 2.98141508338, 1.21153694314, 3.41123089212, 1.26766545931, 22.3396287085, 31563.4370952
4.87142799601, 1.37290826515, 1.10679247444, 1.19357126128, 5.01786336787, 0.983762500553, 3.09744702136, 1.06264478182, 0.943890205369, 2.98349305456, 4.2484165616, 0.872043317444, 4.65933015481, 1.12481199778, 1.09000069884, 1.03159781413, 1.00942196315, 1.2028906475, 5.57234202079, 1.09104367966, 0.935116862307, 346.812007715, 1.11642705091, 3.91575855954, 1.18162053237, 1.06834571656, 1.28518832496, 22.7415723091, 5533.51033905
1.43642832647, 1.05417277049, 0.757961351653, 1.02088830296, 1.60491037677, 0.976609695342, 3.44982511356, 0.849229286992, 0.905692635594, 3.71944045424, 6.75698453346, 0.988235019071, 2.83027803396, 1.2007106822, 1.09000078236, 1.05270827565, 1.00803745369, 1.02067923108, 4.40843108454, 1.00612828983, 0.843560881638, 208.625030471, 1.06407910931, 5.59016460635, 1.05616029449, 2.36222770159, 1.24763733038, 27.2455308449, 3867.88178899
2.78812226506, 1.13126346985, 0.751550434448, 1.01766685311, 5.93529994292, 0.896219852228, 5.09742109716, 0.982580862413, 0.955719573712, 3.62601957917, 5.0209140231, 0.839459959756, 4.09590578127, 1.12945946412, 1.09000067725, 1.04558850945, 1.04634184557, 0.983490367942, 4.19412612919, 1.01738293291, 0.764019205325, 77.5794502147, 0.951782535456, 4.03773291367, 0.962959555844, 3.2865081156, 1.12531762859, 28.5658223321, 3795.88967156
4.33345617606, 1.35603697681, 0.763126586094, 0.872544890569, 5.05397803494, 0.842858793492, 2.73905933524, 0.930267965677, 0.979675200116, 1.59378375675, 5.27332430759, 0.910396349996, 4.16300157453, 0.937395349386, 1.09000014097, 1.05966839679, 1.04917922361, 1.10230460163, 6.73736303599, 1.0921181102, 0.959025799106, 283.053144107, 1.18718477963, 3.93941847047, 1.06051751468, 5.36839228929, 0.970807354054, 25.7343277279, 5185.97967637
1.49871502469, 1.32149845989, 0.918198721356, 1.02525482071, 6.69982128505, 0.786961297246, 5.22197061851, 1.01900221664, 0.967065653328, 6.02006539235, 3.88432665716, 0.966520807013, 3.09206759021, 1.15907901765, 1.09000025557, 1.02007358006, 1.03913236812, 0.910144324531, 9.45548894166, 1.06186158583, 0.859253213798, 275.816027832, 1.05658758879, 3.58434585649, 1.09303745308, 3.70755311496, 1.12777563397, 43.7505118166, 3262.39510455
2.06248389792, 1.03515789699, 1.00240832517, 1.06485733572, 6.35399129758, 0.834949712103, 3.15222203045, 0.970465286179, 0.951371879688, 3.00269358973, 6.22495129222, 1.0770791605, 3.30312768952, 1.26104359909, 1.09000024633, 1.1056960692, 1.03627071499, 1.14983125425, 4.43226343037, 1.09417731565, 0.946649314598, 374.04445167, 1.00886382626, 2.98141508338, 1.20362707062, 3.52111123658, 1.26766545931, 29.3997951861, 3765.47314172
3.23647648277, 1.18123935918, 1.1395811459, 1.16102285611, 6.60316387863, 0.896518140057, 1.04458363297, 1.07767730838, 0.945107920292, 3.8588400298, 5.39817296885, 1.01367121527, 1.43587442876, 0.811326865911, 1.090000585, 1.0304080469, 1.02232163486, 0.85334005259, 6.75911226778, 0.920650369605, 0.93363355008, 210.375514027, 1.1339719198, 3.3328728261, 0.987140730518, 1.92223312927, 1.11323347239, 23.4461494616, 8237.80903035
3.83229369298, 1.17360463824, 1.11092864843, 0.902476251925, 2.13727995936, 0.755068110455, 2.00062792185, 1.05523343646, 0.993025287179, 4.31612696891, 5.90083553264, 0.941316080018, 3.03693377951, 1.01808815693, 1.09000084767, 1.06011592082, 1.04751449252, 1.07424538776, 3.79084172121, 0.949318243212, 0.855493467566, 313.923084823, 1.02004255054, 5.08564055637, 1.033910222, 3.24456424922, 1.23410434295, 23.9768886522, 6075.08275942
5.75296735755, 1.27654382429, 0.880264137525, 1.05359189324, 2.41667751081, 0.722894555119, 5.77150287832, 0.828202124616, 0.939316492492, 3.48354754774, 5.57805740735, 0.978162730987, 2.57648241115, 1.26155561966, 1.0900004907, 1.00258969124, 1.01224701613, 0.933716080388, 9.64341118322, 0.980597703208, 0.82565702347, 305.354814489, 0.978056363298, 1.60932508148, 1.06727153618, 1.2245669857, 1.16008581205, 23.7137675633, 7230.94580827
5.04938018849, 1.23564545864, 0.746199457422, 1.02202980867, 3.40748757864, 0.970001679989, 2.71514298497, 0.862859287721, 0.900630419768, 5.6836331425, 3.14621050964, 0.881633828317, 4.49874200023, 1.104143641, 1.0900002626, 1.00821489014, 1.00113978341, 0.825052394851, 4.29395064677, 0.947467342606, 0.80136759099, 68.694396025, 1.04800107736, 5.96450307032, 0.974196232626, 3.95982746719, 1.0113200016, 23.4740159793, 7983.93451225
4.0547738603, 1.140773077, 0.935522678231, 1.01421856159, 5.1097349801, 0.930360177898, 2.95028830705, 0.961795188897, 0.929394038275, 5.8080141108, 6.96932977832, 0.959139437154, 1.3791460399, 1.02795330095, 1.09000099468, 1.02408381907, 1.01769397947, 0.884798772614, 6.36335863164, 1.18990401135, 0.842578799199, 11.7260095067, 0.949340776968, 5.14887903434, 1.07474958467, 3.56366613756, 1.09386413116, 44.0301437823, 3359.68526854
3.47173912508, 1.33315017234, 1.16667134059, 1.04234133063, 3.35032791796, 0.969192045111, 1.07850984531, 1.03375511425, 0.960529941801, 5.25210207635, 3.58161931145, 0.82471986511, 4.8352122796, 0.893536200529, 1.09000025489, 1.03109193775, 1.00014195887, 0.960534473971, 6.52237288756, 1.15750195973, 0.872886639146, 146.354348794, 1.05932346397, 2.44331720813, 1.10735569539, 3.92257172546, 1.03997550404, 38.4040478364, 4554.62206681
3.21559225114, 1.41132761622, 0.875178314421, 0.942154193548, 6.00488600926, 0.979568160524, 2.62254679132, 0.959170194438, 0.97617724261, 3.62202552242, 2.52487053506, 0.900661134234, 2.90238548969, 1.15422133342, 1.09000059187, 1.09255500885, 1.01410530415, 0.859231690473, 4.98325305186, 1.03536677858, 0.824051369557, 25.6301604815, 1.14894957592, 1.81797875574, 1.17932470758, 4.0970049908, 0.989444076721, 30.6139026681, 5063.30455509
5.5640495085, 1.42365073259, 1.05770788377, 0.81914074816, 3.48447435977, 0.987892098336, 1.27494693245, 0.936112513671, 0.959440713995, 1.39830524061, 2.996271354, 0.99228960952, 1.37557618318, 0.890036799452, 1.09000028403, 1.01735340534, 1.02881570716, 0.894110508543, 9.8883166276, 1.0803124181, 0.915886007302, 265.905822195, 0.919957979309, 3.26464049587, 1.19973461088, 4.1970658973, 0.924248171824, 29.6343581628, 5296.64943686
1.46113383797, 1.42007917019, 0.926565135701, 0.921490932803, 3.09252551703, 0.806175284966, 3.70106330907, 1.02059432184, 0.965905816752, 2.24595842702, 2.02266057343, 0.887731818044, 2.16732731176, 0.910309668791, 1.09000011508, 1.01973415317, 1.04747793568, 0.824148682859, 8.98743847922, 0.958507823258, 0.882605773662, 225.755601312, 1.03502944121, 1.01202094916, 1.08720798589, 3.9935220648, 1.20215694048, 30.2388140214, 5071.91898007
3.06665152312, 1.14001626246, 1.15468157099, 1.0151647446, 6.77039842603, 0.756675462747, 4.88774967265, 0.919765817434, 0.932433594478, 5.63782316172, 4.05023356878, 0.844578860278, 4.77569046603, 0.95910434698, 1.09000035777, 1.02424542543, 1.00935461262, 1.1125842011, 9.1096373206, 0.975723254373, 0.763383680296, 138.350117178, 0.975685431689, 2.97943356649, 1.08202543458, 2.75329784017, 1.28765130279, 43.8136391956, 4260.68293501
5.6381806641, 1.3962074091, 0.94390312426, 0.953184208439, 3.76791372188, 0.771585447458, 3.85263113442, 1.08039543663, 0.927512605775, 2.46031397223, 6.7537408152, 0.838092496683, 4.00510968108, 1.0739232086, 1.09000035839, 1.04948640135, 1.04693461021, 1.0016923169, 9.50588876744, 0.920430807396, 0.87840563174, 382.037299843, 1.13107355546, 5.01389324983, 1.01603319846, 1.50095494362, 1.13889725341, 23.944842672, 11586.9210971
3.93242914986, 1.09745549824, 1.12421288456, 0.814346830282, 3.23612237672, 0.822974476696, 4.53851715994, 0.841709589106, 0.984936941011, 4.81166089633, 3.08847494965, 1.04129739641, 4.16218959951, 0.938877635959, 1.09000015683, 1.06924032311, 1.00793263105, 0.823686080767, 6.94182328692, 1.05832788041, 0.873730592835, 147.431157948, 1.06777340164, 3.6801196468, 1.00644441509, 3.04961721171, 0.936967419395, 80.4298746977, 4472.63645968
4.32001563812, 1.38953484482, 1.15635563089, 1.11301807268, 2.5999077461, 0.781908789429, 1.53188617254, 0.956598930126, 0.939582000788, 1.63087070073, 7.64547803345, 0.911433419394, 3.79544132364, 0.955756785567, 1.09000066409, 1.08289850157, 1.00097847695, 0.967569166312, 6.57051292349, 1.10964087488, 0.983648415503, 306.917614215, 1.11712012682, 2.7960795075, 0.970875329511, 2.93620324026, 1.10413960229, 43.856325502, 4720.2723715
2.31928588351, 1.42659247857, 0.969917156422, 1.19529676645, 4.18317098231, 0.759164338787, 1.18489513894, 1.07858092635, 0.920812431555, 5.1050851851, 2.1542905476, 1.01063927022, 2.43645563075, 1.03034755055, 1.09000024666, 1.08181658082, 1.0196987783, 1.05011173049, 5.47677031841, 0.921322076967, 0.982629406982, 234.659115469, 1.08942861458, 1.6100411609, 0.999652843712, 1.87306441603, 1.12123563625, 24.4631663408, 9208.61388355
1.56562917061, 1.07584128277, 1.14360366299, 1.00834667703, 1.55158787211, 0.860649684327, 3.08775097457, 0.975780932945, 0.932713693457, 5.53533307735, 6.32794881248, 0.83453122867, 3.96825938985, 1.1288095598, 1.09000008002, 1.03004190658, 1.0024357083, 0.99908737374, 9.16566327033, 0.958619982102, 0.93453784316, 37.6475345734, 1.00896089512, 3.23640774452, 0.963258103446, 1.89632650577, 1.08339882266, 25.8621838852, 7429.76380369
2.34638819072, 1.15869811866, 1.02838880719, 1.03692249331, 7.04740839357, 0.917977080352, 5.67945171798, 0.902343003348, 0.9147177754, 1.67539435504, 2.21266137309, 1.01663652177, 2.08306393914, 1.02214762556, 1.09000084923, 1.07936739732, 1.03088829556, 0.839875406454, 9.39378438018, 0.993691561121, 0.848027555527, 390.349935041, 1.11264968471, 1.81529052485, 0.961160387478, 4.39835273215, 0.916792198243, 33.5515776238, 5180.06424503
