0.166411271938, 0.93124937552, 2.97613069511, 0.828511983165, 86.2218181279, 1.86976881665, 0.898137240606, 1.47151401322, 14.2023494259, 116.031119485, 0.0427655270163
0.184679704049, 0.937424677103, 3.76302894144, 0.805272690691, 93.0064006789, 1.24001537495, 0.682538261476, 3.64150780552, 12.5965248292, 162.771993007, 0.0101035855667
0.112056036755, 0.870150557846, 2.39061242864, 0.703270952608, 81.8571249002, 1.75693635139, 0.109058545991, 2.16488244677, 14.4822997066, 149.259411601, 0.0124901881701
0.166411271938, 0.93124937552, 2.77053073359, 0.817050734134, 86.2218181279, 1.03671032589, 0.898137240606, 1.73869728139, 14.2023494259, 128.577992316, 0.017827562824
0.104887392347, 1.01547213492, 2.68749098283, 0.712094529401, 95.5796674076, 8.2476838203, 0.709429307218, 3.55519824238, 13.8463934155, 84.8331430287, 0.0472625187349
0.122795560593, 0.835272008225, 2.66231533282, 0.610232268558, 83.2307524019, 2.22036025831, 0.602045838356, 4.77741578323, 11.2250930341, 126.850964755, 0.0188125340839
0.107993952022, 0.949703331639, 4.96740429465, 0.795034917012, 82.5299544953, 1.84682285118, 0.0365867932484, 2.91028811072, 13.7835375012, 259.234341901, 0.00362986721571
0.136140315555, 0.845807161245, 2.84984547379, 0.605771587623, 80.7248224415, 9.88001223724, 0.918059054147, 0.552952218814, 14.1539993946, 53.7547219375, 0.0494869864007
0.107124042468, 1.03907051703, 2.18054281343, 0.703270952608, 80.2942686215, 4.95223641512, 0.109058545991, 2.16488244677, 14.4822997066, 123.20153802, 0.0417295956394
0.143875134492, 1.04945334989, 5.00021869343, 0.937855393423, 95.9959360926, 1.23234025716, 0.822260422044, 4.85191093912, 12.748230879, 312.76336618, 0.00281518137988
0.124708253332, 0.870150557846, 2.85346461449, 0.764959548954, 90.5993637941, 1.75693635139, 0.420897394264, 2.61309062135, 14.7748854331, 132.400540553, 0.0170811556623
0.143871918461, 0.955717373946, 6.10509658872, 0.845558047048, 84.4325398607, 7.5223251727, 0.569578282929, 4.25222667227, 17.9219812816, 361.712396361, 0.0
0.194099259795, 1.16657432731, 2.60869930936, 0.747664774903, 98.7657735489, 1.06795814019, 0.369593787221, 4.78034628847, 14.5177010142, 168.954295387, 0.0101658239945
0.166411271938, 0.93124937552, 2.97613069511, 0.817050734134, 86.2218181279, 1.61126411103, 0.898137240606, 1.73869728139, 14.2023494259, 152.20131414, 0.0134649808076
0.166411271938, 0.93124937552, 2.77053073359, 0.817050734134, 86.2218181279, 1.03671032589, 0.898137240606, 1.73869728139, 14.2023494259, 160.184056591, 0.0126115817642
0.194099259795, 0.830396136027, 2.05827667584, 0.82681118406, 98.7657735489, 3.90017340799, 0.178093518474, 3.00346428909, 14.2330442945, 130.420912133, 0.0194983243263
0.107993952022, 0.949703331639, 4.96740429465, 0.752573413429, 82.5299544953, 1.84682285118, 0.0365867932484, 2.91028811072, 13.7835375012, 263.431161882, 0.00511395248616
0.194099259795, 0.830396136027, 2.05827667584, 0.94830448243, 98.7657735489, 3.90017340799, 0.178093518474, 3.00346428909, 14.2330442945, 91.132624938, 0.0520310801563
0.194099259795, 0.830396136027, 2.05827667584, 0.82681118406, 98.7657735489, 3.90017340799, 0.178093518474, 3.00346428909, 14.2330442945, 74.1887072643, 0.0638188834106
0.181716937013, 0.850472871211, 4.94895444722, 0.686247488787, 93.4008414748, 1.86976881665, 0.850588603559, 2.77380257378, 18.369155596, 207.487016482, 0.0104490547563
0.195915255745, 0.849026796235, 3.76302894144, 0.805272690691, 93.0064006789, 1.24001537495, 0.682538261476, 3.64150780552, 12.5965248292, 179.249285739, 0.0120484298306
0.110502622636, 0.870150557846, 3.29079450563, 0.764812846454, 90.1151147821, 2.53028517367, 0.420897394264, 4.53179799414, 17.0035211752, 154.156285315, 0.0194878865372
0.107124042468, 1.03907051703, 2.18054281343, 0.703270952608, 80.2942686215, 4.95223641512, 0.109058545991, 4.65856889631, 14.4822997066, 141.442542435, 0.0252376316112
0.124708253332, 1.03907051703, 2.18054281343, 0.764959548954, 90.5993637941, 4.95223641512, 0.420897394264, 2.41046564467, 14.7748854331, 139.879570819, 0.0305134697371
0.120116402707, 0.994184786781, 5.00021869343, 0.911292551039, 82.1214813241, 2.1731144535, 0.651144055437, 1.53823118359, 13.8992879322, 289.253030161, 0.00727416536239
0.170435846593, 0.946616170765, 3.29992030328, 0.895759450974, 88.6877179949, 1.45884439061, 1.54616016051, 3.70456698244, 15.0611473826, 268.39389326, 0.00918331948107
0.124674816195, 0.889903453482, 5.86775585261, 0.946470823061, 97.5965335667, 1.39414787785, 1.46042617909, 2.11532832756, 14.1475042362, 304.11324331, 0.00690851960976
0.110268645638, 0.904172458981, 2.01744623922, 0.68885961357, 81.7304304047, 8.95685605733, 0.472470663511, 4.11458036604, 18.4779326145, 105.247480055, 0.0622341738726
0.184164691477, 1.13922964886, 2.3197666642, 0.94830448243, 80.3265149225, 3.74016958375, 0.815206475491, 3.00671939583, 14.649978991, 113.590385326, 0.060115736849
0.19373959501, 0.904172458981, 2.01744623922, 0.68885961357, 81.7304304047, 8.95685605733, 0.472470663511, 4.11458036604, 18.4779326145, 97.1218264505, 0.139699383246
0.134276807085, 1.04055921527, 3.48374413169, 0.942888105402, 96.1428574647, 2.32194970964, 0.557408943854, 3.52367963575, 12.7056455421, 184.441683671, 0.018085604614
0.133318858536, 1.17721475354, 2.29795269359, 0.704032418831, 83.9496809524, 1.96769579064, 1.87756092738, 2.02326461713, 12.6542687011, 240.72794655, 0.0142684698017
0.181716937013, 0.850472871211, 4.94895444722, 0.686247488787, 93.4008414748, 1.86976881665, 0.850588603559, 2.77380257378, 18.369155596, 212.602722472, 0.017052624463
0.122511127961, 1.16657432731, 3.66743870009, 0.738842528436, 96.9905545884, 1.72978403049, 0.369593787221, 4.78034628847, 14.5177010142, 249.563371293, 0.0134111542812
0.124708253332, 0.870150557846, 2.85346461449, 0.764959548954, 99.7457866594, 1.75693635139, 0.420897394264, 4.56200908057, 14.7748854331, 148.782381007, 0.0280456247874
0.134276807085, 1.04055921527, 3.48374413169, 0.917121281218, 95.8045174816, 7.95642630144, 0.557408943854, 3.52367963575, 13.8100664448, 177.888907206, 0.0271050030733
0.149804404978, 0.847644432881, 2.97330344347, 0.930158561674, 90.3429849896, 3.51549535339, 0.759009663273, 1.23114662853, 19.3965201888, 143.935037594, 0.050506338621
0.133318858536, 1.17721475354, 2.29795269359, 0.704032418831, 88.0013009731, 1.96769579064, 1.87756092738, 2.02326461713, 12.6542687011, 299.865832101, 0.00948335487458
0.157046126141, 1.12566867979, 5.39226959295, 0.60409550834, 81.0372639676, 2.11293530157, 0.489898784508, 1.62891696185, 10.2100187813, 304.72654557, 0.00876806072598
0.124674816195, 0.889903453482, 5.86775585261, 0.946233600741, 97.5965335667, 1.39414787785, 1.78742061246, 1.90719792409, 14.1475042362, 459.044567266, 0.00740135658706
0.140696584951, 0.909959794408, 7.70936796564, 0.938485129376, 93.7801578014, 2.61654232469, 1.87917801248, 2.81229511192, 19.2035084152, 713.144834842, 0.00691138835916
0.145426046481, 0.938946224225, 2.36502895991, 0.839704641296, 94.9967995585, 5.48732275189, 0.0718925014246, 1.16495968535, 11.0474060462, 110.133521864, 0.071798007604
0.116062888632, 1.0345418546, 2.29795269359, 0.748495081588, 99.0590317265, 7.00601126002, 0.223373967753, 4.82653924721, 13.0295623465, 140.943837328, 0.0699760208894
0.188733679661, 1.08413172098, 2.01883517028, 0.901230564928, 87.7831918821, 3.80433010229, 1.18567006298, 0.324453745149, 15.0601006572, 189.240943007, 0.0222766669634
0.179257041922, 0.844496363863, 2.62973537297, 0.769000395804, 80.6640261707, 2.21934523524, 1.82667649976, 0.244494043044, 13.9624629269, 202.56598485, 0.0189051073758
0.107993952022, 0.949703331639, 4.96740429465, 0.752573413429, 82.5299544953, 1.84682285118, 0.0365867932484, 2.91028811072, 13.7835375012, 199.752489479, 0.0213569409937
0.116062888632, 1.1052742096, 3.30970254655, 0.748495081588, 99.0590317265, 7.00601126002, 0.223373967753, 4.82653924721, 13.0295623465, 267.862776192, 0.0187078844481
0.104596248964, 1.10071240769, 2.26593004526, 0.623140645353, 84.8547936454, 7.81625170436, 0.404009553077, 4.07734475656, 18.209381668, 149.414959592, 0.0458743171
0.131550483834, 1.01547213492, 2.97330344347, 0.930158561674, 94.1494964566, 3.51549535339, 0.2546363457, 1.23114662853, 19.3965201888, 149.416754263, 0.0337997862119
0.136140315555, 0.845807161245, 2.84984547379, 0.605771587623, 93.7801578014, 3.05896283705, 0.918059054147, 1.22551028705, 18.6379242683, 167.677767486, 0.0314932636315
0.122511127961, 0.830396136027, 2.05827667584, 0.82681118406, 96.9905545884, 3.90017340799, 1.33154692829, 3.00346428909, 14.2330442945, 145.27022682, 0.0511501928148
0.136140315555, 0.821682116851, 2.84984547379, 0.605771587623, 80.7248224415, 9.88001223724, 0.918059054147, 0.552952218814, 14.1539993946, 144.296565668, 0.0590378092872
0.152713111378, 1.231576741, 5.15390427914, 0.912460836658, 84.5842339791, 2.52807791623, 0.962220354523, 4.05169697088, 10.0752013522, 317.760614447, 0.00903046132007
0.122511127961, 1.16657432731, 3.66743870009, 0.738842528436, 96.9905545884, 1.72978403049, 0.369593787221, 4.78034628847, 14.5177010142, 309.287938783, 0.0185004519668
0.157046126141, 0.942260271989, 7.22699988809, 0.635421160939, 82.1497087894, 1.47495429871, 1.49000266353, 0.776701642954, 14.6171222131, 563.479544008, 0.00759153595794
0.124674816195, 0.889903453482, 6.10509658872, 0.946470823061, 97.5965335667, 1.39414787785, 1.46042617909, 4.25222667227, 14.1475042362, 475.456281792, 0.00784556975097
0.160314048305, 0.938946224225, 4.37003234299, 0.839704641296, 94.9967995585, 5.48732275189, 0.0718925014246, 1.38543330713, 10.5360485435, 123.780012564, 0.0759756922486
0.19373959501, 0.904172458981, 2.01744623922, 0.68885961357, 81.7304304047, 8.95685605733, 0.472470663511, 4.11458036604, 18.4779326145, 117.136797442, 0.130310187708
0.170435846593, 1.00793641137, 3.29992030328, 0.938485129376, 80.7248224415, 1.45884439061, 0.439969994457, 3.70456698244, 14.9439725939, 221.485445964, 0.0206951688378
0.132866895548, 1.20236326464, 2.38862902162, 0.740458704034, 94.1494964566, 5.55230021065, 0.2546363457, 2.93049488625, 10.0354560432, 211.049508531, 0.0295158413808
0.182731941733, 0.948393745131, 5.16234900376, 0.942888105402, 90.8136809789, 2.32194970964, 0.24911354204, 3.58419436668, 14.6712185647, 211.386629728, 0.026491194397
0.136086064267, 0.832626830757, 5.60180739385, 0.898086864706, 95.1269262512, 4.30007241059, 0.456341505544, 3.70294889155, 17.5634266532, 277.163290344, 0.0202446815723
0.149804404978, 1.01547213492, 2.97330344347, 0.930158561674, 90.3429849896, 3.51549535339, 0.680487847044, 1.23114662853, 19.3965201888, 194.819635392, 0.0352041099835
0.170435846593, 1.00793641137, 3.29992030328, 0.938485129376, 93.7801578014, 1.45884439061, 0.439969994457, 3.70456698244, 15.0611473826, 172.584866006, 0.0366375863851
0.136140315555, 0.845807161245, 2.84984547379, 0.605771587623, 80.7248224415, 3.05896283705, 0.918059054147, 0.552952218814, 14.1539993946, 149.614535671, 0.0565772398658
0.183294493976, 0.947412514668, 2.99092507566, 0.752573413429, 96.3167166597, 4.04674473133, 0.724508740929, 2.84963116956, 13.01660644, 147.262349002, 0.0641608172818
0.110502622636, 1.18906632223, 3.29079450563, 0.764812846454, 90.1151147821, 2.53028517367, 1.2069663386, 4.53179799414, 17.0035211752, 320.942914903, 0.0106508165164
0.125984543123, 1.04186659488, 2.26593004526, 0.621728544807, 89.0612848349, 9.43339157711, 0.404009553077, 1.53823118359, 14.7581946332, 143.865756667, 0.076736697455
0.19373959501, 0.904172458981, 2.01744623922, 0.68885961357, 81.7304304047, 8.95685605733, 0.472470663511, 4.11458036604, 18.4779326145, 130.687917146, 0.110356596969
0.160314048305, 0.938946224225, 2.29795269359, 0.839704641296, 94.9967995585, 5.48732275189, 0.0718925014246, 1.38543330713, 10.5360485435, 141.956370005, 0.0808669184385
0.197728148553, 0.849026796235, 3.76302894144, 0.805272690691, 93.0064006789, 1.24001537495, 0.682538261476, 3.64150780552, 12.5965248292, 226.813240946, 0.0224228809811
0.184679704049, 0.937424677103, 3.76302894144, 0.805272690691, 93.0064006789, 1.24001537495, 0.682538261476, 3.64150780552, 12.5965248292, 221.516772438, 0.0278382862799
0.120116402707, 0.994184786781, 5.00021869343, 0.911292551039, 82.1214813241, 2.1731144535, 0.651144055437, 3.27762698278, 13.8992879322, 299.765156697, 0.0220684444606
0.184164691477, 1.13922964886, 2.3197666642, 0.919230945859, 80.3265149225, 3.74016958375, 0.815206475491, 1.63219195214, 14.649978991, 185.994326741, 0.0488924280559
0.18301736582, 0.941357897434, 3.61121876858, 0.747774471527, 94.1246620591, 2.32194970964, 0.24911354204, 1.11966266853, 12.542468513, 198.453736082, 0.0369150660268
0.130278011663, 0.946616170765, 3.34233520729, 0.841000609253, 99.2040565952, 8.90018908144, 0.0448203097636, 1.82739366218, 10.45531603, 186.689869548, 0.0479833529833
0.145426046481, 0.938946224225, 2.36502895991, 0.839704641296, 94.9967995585, 5.48732275189, 0.0718925014246, 1.16495968535, 11.0474060462, 152.849783185, 0.0627240316582
0.122795560593, 1.1865087837, 2.66231533282, 0.610232268558, 83.2307524019, 7.17121700312, 0.602045838356, 3.10586836508, 10.4648857347, 157.395475611, 0.0567520868435
0.187001449375, 0.926791045565, 7.3489210837, 0.826031020987, 82.4990924288, 1.25992172471, 0.367294296183, 1.88266610521, 15.9074123375, 433.580001879, 0.0140937302083
0.120116402707, 0.994184786781, 5.00021869343, 0.911292551039, 82.1214813241, 2.1731144535, 0.651144055437, 3.27762698278, 18.9769014711, 321.612494573, 0.0197591059742
0.135943078295, 0.980048494067, 3.66940412304, 0.690360954656, 98.9024952812, 2.19693703233, 1.44403462419, 2.81435377367, 18.8825745793, 365.017091587, 0.0171716330178
0.111937574751, 0.942260271989, 7.22699988809, 0.635421160939, 84.7805090128, 1.47495429871, 1.95670907291, 0.776701642954, 19.7691998675, 598.491325569, 0.0109685840932
0.122795560593, 1.1865087837, 2.66231533282, 0.610232268558, 83.2307524019, 7.17121700312, 0.602045838356, 3.84556623558, 10.4648857347, 139.101703227, 0.119384797575
0.183294493976, 0.947412514668, 2.99092507566, 0.795034917012, 96.3167166597, 4.04674473133, 0.724508740929, 2.84963116956, 13.01660644, 139.37458682, 0.118345131572
0.184164691477, 1.13922964886, 2.3197666642, 0.82681118406, 80.3265149225, 7.0204314197, 0.815206475491, 3.00671939583, 14.649978991, 148.832530516, 0.095926040802
0.119614814035, 1.17617969113, 7.39270667185, 0.708503262426, 98.5395184308, 1.25299334473, 0.680865206272, 3.87405133164, 14.8644534017, 769.897803401, 0.0131413002945
0.180057631834, 1.25303504256, 2.06081433538, 0.84713518555, 90.5993637941, 9.88070735447, 0.481609280331, 2.50390718323, 15.3863900908, 142.744870894, 0.173814142878
0.119655139817, 1.12566867979, 4.68711338599, 0.60409550834, 81.0372639676, 2.11293530157, 1.36080720286, 1.62891696185, 19.7691998675, 600.826281803, 0.014227544071
0.125984543123, 1.04186659488, 2.26593004526, 0.621728544807, 89.0612848349, 9.43339157711, 0.404009553077, 3.27762698278, 18.1231956879, 151.845359025, 0.120656828852
0.18301736582, 0.941357897434, 3.61121876858, 0.747774471527, 94.1246620591, 2.32194970964, 0.24911354204, 1.11966266853, 12.542468513, 154.726641691, 0.0683196351201
0.124674816195, 0.889903453482, 5.86775585261, 0.946233600741, 81.9114730342, 1.39414787785, 1.78742061246, 1.90719792409, 14.1475042362, 446.821564675, 0.0144575235559
0.153344752767, 1.02835549202, 2.77245108802, 0.874041925958, 92.6253750758, 9.85800707315, 0.375613816565, 2.9774518607, 16.3400020665, 150.161722542, 0.130109773174
0.107993952022, 0.949703331639, 4.96740429465, 0.752573413429, 82.5299544953, 1.84682285118, 0.0365867932484, 2.91028811072, 13.7835375012, 322.267349692, 0.0200485397727
0.141679983115, 1.16047179256, 6.23027344913, 0.905112210849, 82.6921437043, 4.57251350984, 0.165526014057, 4.33672932904, 15.4139585829, 390.70290222, 0.0172574498493
0.18797152279, 0.864687171979, 6.69887846214, 0.928931117154, 90.9775421969, 4.12056403061, 0.0452981488067, 0.398734711468, 14.2147763196, 236.659670256, 0.0235242406192
0.104887392347, 0.847644432881, 2.68749098283, 0.712094529401, 95.5796674076, 8.2476838203, 1.64667715111, 4.12982297591, 13.8463934155, 205.533119142, 0.0608575424932
0.179257041922, 0.844496363863, 2.62973537297, 0.769000395804, 86.8818505036, 2.21934523524, 1.82667649976, 0.244494043044, 15.6081594052, 216.510014452, 0.0496113216278
0.107124042468, 1.16657432731, 2.18054281343, 0.703270952608, 80.2942686215, 4.95223641512, 0.0252094569505, 4.65856889631, 14.4822997066, 176.932998938, 0.0675875106549
0.132866895548, 1.20236326464, 2.38862902162, 0.740458704034, 94.1494964566, 5.55230021065, 0.477551321756, 2.93049488625, 10.0354560432, 202.111982174, 0.0641649993802
0.179257041922, 0.839576724842, 2.62973537297, 0.769000395804, 98.1331553143, 2.21934523524, 1.82667649976, 0.244494043044, 13.9624629269, 224.4577782, 0.0359130617789
