2.40400631982, 1.01163136841, 1.60158618083, 0.876210698628, 2.83000023502, 1.18140337747, 2.94117151434, 1.26000087727, 1.14000039762, 3.25582088592, 2.54491640862, 1.04169100422, 3.04000059533, 1.09591911573, 1.07172044379, 1.00000027146, 1.00000081623, 1.07588951826, 4.17614451269, 0.977366590596, 1.00000098532, 116.802604045, 1.06681037457, 4.51511733382, 0.954327000505, 3.29000024346, 1.00000007329, 27.4385118833, 7.30949482367
5.73985339207, 1.01296979758, 1.4306645896, 0.812408360079, 2.83000073161, 1.17102461448, 3.37058912778, 1.26000031525, 1.14000062919, 1.46383909029, 2.94633978206, 0.935487621991, 3.04000044405, 1.02774802193, 0.795337820321, 1.00000026626, 1.00000081283, 1.06765642, 9.18379796495, 0.93394076495, 1.00000059516, 96.0476422874, 0.891428453021, 2.91856551359, 1.04091269224, 3.29000064569, 1.00000085985, 41.3068283637, 16.0894502422
1.93546539391, 1.09363297484, 1.64609875007, 0.835881570008, 2.83000018647, 1.08332344298, 3.24997540893, 1.26000097262, 1.14000030561, 1.57464639671, 2.77844077463, 1.02239102131, 3.04000079668, 1.0601864132, 0.903901283406, 1.00000083278, 1.00000046663, 1.00753167566, 6.28186008044, 0.94444832897, 1.00000018708, 96.2137255595, 1.07942735003, 3.31400240483, 0.984117764576, 3.29000041337, 1.0000001443, 57.8383108286, 10.1967075439
4.8409161573, 1.03527157257, 1.38001518681, 0.924904630906, 2.83000056089, 1.17863982578, 3.01560756161, 1.26000090532, 1.1400009857, 3.16825763635, 2.49489129314, 0.880167054471, 3.04000060493, 1.09057716784, 0.947851570706, 1.00000097376, 1.00000069385, 1.10493106293, 7.01504181927, 0.96475074795, 1.00000040651, 117.460827948, 0.846921350947, 1.52676060711, 0.973025994041, 3.29000067373, 1.00000009404, 114.022431109, 11.0569090976
1.1641945378, 1.10221700331, 1.48040942827, 0.84384722413, 2.83000060659, 0.939897793978, 3.95737398774, 1.26000065389, 1.14000031986, 3.06141119146, 2.29565308598, 1.03858853886, 3.04000063705, 1.05245012579, 0.894250417014, 1.00000039119, 1.00000022876, 1.06890295977, 4.17870176191, 0.969012830195, 1.0000006555, 97.8196008507, 1.04596963922, 3.20013585928, 1.01269403471, 3.29000031862, 1.00000093502, 199.570961779, 14.8006780184
4.12990270346, 1.10536667372, 1.59687530738, 0.830385609628, 2.83000001721, 1.00590324312, 3.74139923689, 1.26000022711, 1.14000094447, 2.99926425332, 2.67257036594, 0.976564259135, 3.04000065496, 1.04174213523, 1.01384293037, 1.00000000913, 1.00000025438, 1.01075443478, 7.16295480098, 0.963183082551, 1.00000081023, 103.514921732, 1.08189094387, 4.70430421186, 0.981746965135, 3.29000042595, 1.00000025537, 193.692739247, 18.217973358
1.50264676444, 1.08035636903, 1.41117082921, 0.852739427736, 2.83000089394, 0.963141152844, 3.153560781, 1.2600002873, 1.14000037596, 2.05579643953, 2.03766042188, 1.04396056589, 3.04000054213, 1.03193970884, 1.01197337661, 1.00000022599, 1.00000042833, 1.07432023206, 6.69616686527, 0.936847809034, 1.0000001166, 112.311214409, 0.945640330277, 5.99899080674, 0.952900369751, 3.29000058, 1.00000003279, 190.511644142, 19.0423714145
3.08902072066, 1.02206545472, 1.67729481556, 0.805446755028, 2.8300006942, 0.906245966498, 2.94931031172, 1.26000077491, 1.14000023581, 2.16855090896, 1.59665589122, 1.09721564144, 3.04000011985, 1.08259849645, 0.999364590749, 1.00000008978, 1.00000004543, 1.01538092257, 7.45365351448, 0.951585793926, 1.00000091013, 90.9407604388, 0.871390816428, 1.65877047868, 0.993969572982, 3.29000021525, 1.00000089387, 159.484798559, 24.2465877821
1.562879026, 1.01692680804, 1.38643374897, 0.833517453354, 2.83000091805, 0.992345918099, 4.85572114166, 1.26000021351, 1.14000056687, 3.33237605382, 2.57361092678, 1.0753579285, 3.04000030258, 1.03685201329, 0.800355747322, 1.00000086073, 1.00000080993, 1.09499711905, 5.23851757511, 0.950312661799, 1.00000036841, 97.1679410259, 0.996621402956, 1.80634857906, 0.971353643889, 3.29000049497, 1.00000051262, 277.070290734, 14.9873969646
2.6858936248, 1.08782593405, 1.70399002168, 0.972289087237, 2.83000036354, 1.12003568946, 4.53772319894, 1.26000001929, 1.14000033994, 1.51636488317, 3.08214972569, 1.0918164898, 3.04000087162, 1.09244830351, 0.945376820761, 1.00000016651, 1.00000004228, 1.0936684178, 7.6527914913, 0.995977141503, 1.00000012405, 92.828906439, 1.02156420835, 2.89133876719, 1.00049107749, 3.29000025304, 1.00000068402, 197.389811872, 18.8761741778
4.54896362731, 1.03560130542, 1.69802386849, 0.876056640181, 2.83000040366, 1.02428884559, 3.62276175118, 1.26000089717, 1.14000088991, 2.88475758515, 2.41432613945, 1.04245869288, 3.04000035231, 1.01620024121, 1.05695107346, 1.00000065123, 1.0000008446, 1.07404986774, 8.11219571833, 0.946361518999, 1.00000018815, 84.3643340187, 0.902062712809, 1.81405150811, 1.0195940128, 3.29000006167, 1.00000002081, 320.453516394, 15.0441932911
1.57309640415, 1.01630104275, 1.46889515719, 0.835652895747, 2.83000087841, 1.16911047933, 3.28827932575, 1.26000024324, 1.14000019095, 2.47219043851, 1.91994568026, 0.9011276821, 3.04000053801, 1.01245090508, 0.812448822494, 1.00000051372, 1.00000097567, 1.03952420202, 7.954246844, 0.92845761078, 1.000000799, 79.0095347671, 0.960376462643, 5.85465439994, 1.0127488991, 3.29000030662, 1.00000035726, 288.035845766, 15.7824899968
3.51562065911, 1.01594237413, 1.36974836341, 0.800476376379, 2.83000096642, 1.18681680241, 5.33961310031, 1.26000033834, 1.14000065625, 3.29851902519, 2.32915790942, 0.992680841368, 3.04000058262, 1.05094554964, 1.04748567721, 1.00000078032, 1.00000041129, 1.0891697963, 8.05153769926, 0.988373395838, 1.00000035417, 114.00417552, 0.885319779007, 5.68069983855, 0.963724745168, 3.29000052392, 1.00000029995, 379.031731521, 15.4364560645
4.54896362731, 1.03560130542, 1.69802386849, 0.876056640181, 2.83000040366, 1.02428884559, 3.62276175118, 1.26000089717, 1.14000088991, 2.88475758515, 2.41432613945, 1.04245869288, 3.04000035231, 1.01620024121, 0.992416426655, 1.00000076494, 1.0000008446, 1.07404986774, 8.75749564309, 0.946361518999, 1.00000018815, 94.3006411556, 0.902062712809, 1.81405150811, 1.03548928799, 3.29000006167, 1.00000002081, 397.278806878, 15.6124952079
4.01478455835, 1.10748636, 1.65981746326, 0.822067902339, 2.83000073309, 0.944172981384, 3.68082794145, 1.26000056286, 1.14000008032, 3.15847659877, 1.92934283169, 0.900907450336, 3.0400001146, 1.022054053, 0.781141380166, 1.00000017513, 1.00000072255, 1.0287061976, 8.76669043237, 0.918381031228, 1.00000085654, 81.4677390811, 0.965642869321, 1.84833665245, 0.957216125718, 3.29000089635, 1.00000094179, 314.25171198, 17.7769088377
4.42810447333, 1.06074819602, 1.3896726153, 0.8244585312, 2.83000090555, 1.02253482247, 1.73078470816, 1.2600007001, 1.14000055659, 2.80807969894, 1.93891530108, 0.947540443197, 3.04000015696, 1.11005270964, 0.78141578783, 1.00000064858, 1.00000048617, 1.01075443478, 3.175234828, 0.979247541419, 1.00000060954, 87.0816216467, 0.841543803654, 4.20218969511, 1.01855586623, 3.29000086856, 1.00000029397, 259.959386213, 19.9163386952
2.9403978193, 1.09349852391, 1.69589502248, 0.992253967682, 2.83000059549, 0.98641177471, 5.58399681255, 1.26000058105, 1.14000028967, 2.95856784852, 3.05466461739, 0.987553469273, 3.04000009886, 1.05600412351, 1.08932157314, 1.00000007983, 1.00000097781, 1.0514017103, 8.06803335734, 0.984254806956, 1.0000008445, 111.623105254, 0.917025149848, 2.4669845061, 1.06524842122, 3.29000038653, 1.00000021864, 206.863461023, 24.8343122509
1.93658301376, 1.0214486883, 1.56454876662, 0.978163163498, 2.83000012427, 0.899054886319, 3.28958547638, 1.26000014573, 1.14000098266, 1.51264360692, 2.99910814082, 1.0749094776, 3.04000066036, 1.10089764035, 0.913884481187, 1.00000058156, 1.00000079233, 1.09382335329, 3.63455561144, 0.951287364455, 1.00000055904, 96.1222938203, 0.883678923563, 3.69638754745, 1.00251550756, 3.29000051182, 1.00000042007, 410.599296447, 16.5406184996
3.54389766624, 1.11520739385, 1.37948476592, 0.954924617451, 2.83000005172, 1.05844917069, 2.82684128777, 1.26000032739, 1.14000029604, 2.21366325467, 1.60647205981, 0.90705105184, 3.04000014645, 1.01846831126, 0.833212247491, 1.00000022584, 1.00000090509, 1.08900200533, 5.81429228088, 0.985908803567, 1.00000012295, 107.164866119, 0.914837963309, 4.89117134316, 1.05378747228, 3.29000024384, 1.00000019931, 286.753674704, 20.0897984526
3.30379223368, 1.10817821045, 1.60848220682, 0.909048469463, 2.8300004329, 0.977410088009, 4.94612956945, 1.26000068242, 1.1400009926, 2.60492556003, 1.98317393488, 1.04504280418, 3.04000023926, 1.00999400709, 0.791569422209, 1.00000019659, 1.00000093895, 1.03687005498, 7.91831000033, 0.911261128502, 1.0000005145, 118.716315734, 1.00642916036, 5.62413678156, 0.99901358432, 3.29000081943, 1.00000060493, 289.793132365, 20.8731811457
2.14679752344, 1.08919821931, 1.39234829954, 0.840708483818, 2.83000036644, 1.11067403666, 2.74132966484, 1.26000090072, 1.14000086719, 2.09611580052, 1.87223681156, 1.00992091291, 3.04000051904, 1.07053986172, 1.05996563827, 1.00000059306, 1.00000042914, 1.00274254583, 3.78331211501, 0.954340577878, 1.00000033273, 97.7610534065, 1.01283386866, 4.89072982105, 1.04861211872, 3.29000057735, 1.00000004157, 375.617323824, 19.4870577578
3.75916182412, 1.08814470519, 1.71671383866, 0.994431694171, 2.83000012112, 1.01031288833, 3.36150176261, 1.26000064364, 1.1400007655, 1.40329238593, 2.99141446091, 1.03827594732, 3.04000086977, 1.04359380193, 0.943553053092, 1.00000047167, 1.00000095127, 1.02189199122, 9.67968039439, 0.947062959514, 1.00000096743, 94.5971195335, 0.968211710761, 1.16695039736, 1.05456701713, 3.29000013078, 1.00000041221, 292.904793715, 21.1786977377
5.16623514864, 1.01615144514, 1.3859645896, 0.874920223097, 2.83000058285, 0.910353881094, 2.82704630686, 1.26000051283, 1.14000085191, 3.10821406695, 2.03256607826, 0.95542591627, 3.04000094734, 1.04879536277, 0.996268678132, 1.00000029821, 1.00000050694, 1.04357244393, 9.53932748913, 0.96792920875, 1.00000041758, 85.0248761185, 0.873067778151, 2.01064935307, 1.01412973282, 3.29000000562, 1.00000093018, 765.811902687, 18.6566284028
2.72329607855, 1.02963021131, 1.38992148095, 0.861573153243, 2.83000079374, 0.943286047296, 3.0468840689, 1.2600001913, 1.14000005255, 2.07120630074, 2.49710145742, 1.07827005042, 3.04000077077, 1.07834878062, 0.94622211237, 1.00000050065, 1.00000053111, 1.10253841338, 3.88769588154, 0.929906087258, 1.0000009597, 103.814927667, 0.843043483596, 2.61530741048, 0.977168481487, 3.29000007559, 1.00000024071, 660.486873184, 18.9126110116
2.50637887177, 1.09383789142, 1.71561946417, 0.966692837671, 2.83000025283, 1.0713930663, 1.31924995056, 1.26000095505, 1.14000091471, 1.92417986603, 2.02716093005, 0.947665322296, 3.0400000297, 1.06059032469, 0.990707907023, 1.00000004707, 1.00000003993, 1.05366152229, 4.28335492968, 0.920498574731, 1.00000022662, 119.630696856, 0.978662006393, 3.48734715939, 0.965597710074, 3.29000029287, 1.00000014897, 297.069756526, 28.5092104092
4.83832825403, 1.0770853983, 1.53039971139, 0.854358669929, 2.83000007279, 1.10435325589, 1.20030979217, 1.26000077763, 1.14000098549, 3.24772032449, 2.44550783095, 0.889918465645, 3.04000071649, 1.116202429, 1.08324725618, 1.00000033359, 1.00000082307, 1.02944642336, 3.79039005413, 0.922157708172, 1.00000066937, 110.52841146, 0.914229419263, 1.12860816437, 0.999851332064, 3.29000039701, 1.0000000147, 693.533239975, 19.3408047231
2.00599266135, 1.06231156569, 1.46441134482, 0.914236616357, 2.83000094587, 0.955556929634, 1.04056531431, 1.26000086663, 1.14000062928, 3.39034245506, 2.04734386239, 0.916624570034, 3.04000033273, 1.11975578053, 1.03924968575, 1.00000075659, 1.00000096358, 1.08547806436, 3.1544271235, 0.987917415658, 1.00000011873, 84.7605097181, 1.07073942812, 5.52596222632, 1.03774208027, 3.29000015744, 1.00000059188, 944.077271219, 19.2810962723
5.54840080152, 1.13829291045, 1.41781613294, 0.913657558026, 2.83000091966, 0.989544870845, 2.95915063518, 1.26000015044, 1.14000008166, 1.38225442505, 2.79868348249, 0.940503964684, 3.04000080385, 1.10566215194, 1.07875699915, 1.00000079946, 1.00000018934, 1.03780641427, 8.21430926964, 0.952050836801, 1.00000087158, 84.9457044533, 0.958570998368, 2.80601865944, 1.05559994271, 3.29000047895, 1.00000034001, 507.257786283, 20.1178480062
2.93994813417, 1.10380791397, 1.67092409465, 0.822869350175, 2.83000028143, 1.0026728348, 3.67256549337, 1.26000047217, 1.14000081, 1.5588010266, 2.05779264521, 1.08087254929, 3.04000092555, 1.09435623695, 0.840442155952, 1.00000044725, 1.00000070997, 1.07997736714, 9.93942522338, 0.934232818316, 1.00000074016, 76.3075713344, 1.0296645482, 1.37460529237, 1.01088979533, 3.29000076507, 1.00000076359, 358.72003623, 30.6514858637
4.96699956482, 1.04740983256, 1.46791781364, 0.89178953084, 2.83000091614, 1.07489617564, 3.86924664776, 1.26000093005, 1.1400006516, 2.96773516062, 1.87535937518, 0.921561679304, 3.04000087123, 1.08123281459, 0.896644187459, 1.00000072803, 1.00000007665, 1.01256581295, 4.34929421135, 0.939490587887, 1.00000072323, 115.439209924, 1.04958231701, 1.85918674495, 1.03718734738, 3.29000051721, 1.00000005379, 855.166465351, 19.8795571203
5.72709069749, 1.10332647132, 1.48732094872, 0.801683027657, 2.83000055589, 0.968957857717, 3.17839217307, 1.26000060853, 1.14000077515, 2.91205419927, 1.69533991589, 0.982650947746, 3.04000099252, 1.086051976, 1.0448656135, 1.00000058247, 1.00000033817, 1.08442058152, 6.16241911658, 0.910131773908, 1.00000091533, 101.540089926, 1.04540801164, 2.89825846606, 0.993193180846, 3.29000045825, 1.00000031729, 530.590037671, 21.2261287844
1.83938265905, 1.02563340382, 1.49878281488, 0.890615734529, 2.83000098541, 1.15957696602, 3.65968636108, 1.260000721, 1.14000023727, 3.2359699134, 2.81719765108, 1.03760105648, 3.04000063882, 1.01760226127, 0.79174132596, 1.00000098609, 1.00000026243, 1.09380114362, 5.42155085338, 0.984490250667, 1.00000038227, 93.3551489405, 0.992107241985, 2.74448359055, 0.964921985704, 3.29000003538, 1.00000005304, 610.471072823, 21.7525826402
3.51562065911, 1.01594237413, 1.36974836341, 0.800476376379, 2.83000096642, 1.18681680241, 5.33961310031, 1.26000033834, 1.14000065625, 2.96574451691, 2.32915790942, 0.992680841368, 3.04000058262, 1.05094554964, 1.04748567721, 1.00000078032, 1.00000041129, 1.0891697963, 8.05153769926, 0.988373395838, 1.00000035417, 114.00417552, 0.885319779007, 1.62717940834, 0.963724745168, 3.29000052392, 1.00000029995, 657.189953621, 21.5659424424
2.20299956117, 1.10287555016, 1.52088808343, 0.83338417588, 2.8300002591, 0.969783007075, 3.49471644118, 1.26000003286, 1.14000087359, 2.02898731326, 3.03989301505, 1.03588023955, 3.04000062072, 1.00607661497, 1.03553720032, 1.00000085659, 1.00000067372, 1.02442812294, 4.17625854753, 0.994298970761, 1.00000031965, 109.002775587, 0.902236908982, 3.50525217686, 1.03115477817, 3.29000004575, 1.0000008428, 453.424929032, 32.2381744038
3.22375770913, 1.05104695525, 1.56433321964, 0.858086682212, 2.83000058325, 1.13313672534, 4.13416958364, 1.26000002663, 1.14000079452, 3.09838735435, 1.61440647064, 1.07376573933, 3.04000058159, 1.08157467973, 1.04329822171, 1.00000072726, 1.00000000432, 1.08277609893, 4.37722296748, 0.936274862399, 1.0000002981, 103.855746863, 0.985455043324, 1.91351237346, 1.05658081227, 3.29000061197, 1.00000034897, 569.461481817, 25.3158763817
2.96018646077, 1.11332818095, 1.35251706805, 0.982522324411, 2.83000064734, 1.08151374705, 5.24142063703, 1.26000068918, 1.14000043127, 2.05038541494, 2.60818692582, 0.883353419641, 3.04000021949, 1.01421304513, 0.896347129714, 1.00000033833, 1.00000088176, 1.00028093581, 8.27572761981, 0.94220298744, 1.00000090591, 90.947404305, 0.945345635764, 5.02084826089, 1.00170249233, 3.29000047142, 1.00000096592, 1099.66983748, 21.0182730324
3.62106237448, 1.13607224427, 1.60466785397, 0.862841130658, 2.83000040372, 0.962713386638, 2.42347268582, 1.26000062038, 1.14000015073, 2.17613290476, 2.99697255632, 1.09653767859, 3.04000041192, 1.07059486363, 0.854649081241, 1.0000008588, 1.00000071943, 1.04166062238, 3.81102671856, 0.979999097024, 1.00000012172, 95.364331835, 0.944164907376, 5.179281793, 1.00040852723, 3.29000099827, 1.00000065826, 684.853270153, 22.1132661638
5.54281088363, 1.11199831701, 1.49802504558, 0.807690350178, 2.83000059719, 0.928953152916, 2.19866093965, 1.26000025627, 1.14000085778, 1.80314819155, 1.62627817161, 1.00525470447, 3.0400001881, 1.05564575971, 1.08316478744, 1.00000022576, 1.00000019043, 1.04945650772, 6.89507256937, 0.975926701835, 1.00000084108, 123.662686666, 0.936792938962, 1.17843492452, 0.954505108774, 3.29000045102, 1.00000015037, 635.824023857, 26.1110371479
5.80688557036, 1.04997536803, 1.62421255251, 0.953398049755, 2.83000006097, 0.93345759684, 3.67022703448, 1.26000085361, 1.14000006875, 1.50571774002, 1.88017041206, 0.925989037166, 3.04000070855, 1.00568858511, 0.873051331766, 1.00000024309, 1.00000077107, 1.05543033653, 8.44815943154, 0.921515171145, 1.00000075998, 76.7565957131, 1.04989056083, 2.43575787356, 0.956378639985, 3.29000088484, 1.00000013387, 629.498762501, 27.6987647411
3.1409669158, 1.06143582879, 1.45058344127, 0.821872393135, 2.83000058237, 1.02017296511, 3.09069290334, 1.26000007696, 1.14000087369, 2.05263831546, 3.06034740954, 0.999582170762, 3.04000011669, 1.00167970591, 1.04467332267, 1.00000012105, 1.00000054904, 1.07975149924, 7.89055850347, 0.992639495665, 1.00000024037, 118.871813021, 1.01800885486, 1.31303926797, 1.02253862926, 3.29000000618, 1.00000021401, 607.021339031, 35.6895539216
1.35838340012, 1.10600896593, 1.5499823622, 0.857766083144, 2.8300004891, 1.03425838127, 4.58837346109, 1.26000046045, 1.1400004405, 1.68203244009, 1.62841105819, 1.04200747267, 3.04000033727, 1.05593840943, 0.804501702703, 1.00000064913, 1.00000081011, 1.03699045394, 7.78643863496, 0.997032755453, 1.00000036501, 77.446451831, 0.896667047823, 3.70527432833, 1.03276987132, 3.29000038647, 1.00000081771, 816.200661481, 23.3290129581
1.54781470248, 1.05578788629, 1.35666418819, 0.823863699894, 2.83000078626, 1.1890936514, 1.73130229511, 1.26000049099, 1.1400003422, 2.81135506105, 2.98264041712, 0.968787971019, 3.04000017623, 1.05738385869, 0.791276552078, 1.00000091579, 1.00000049308, 1.00379777863, 5.37596038959, 0.983163662677, 1.00000093078, 75.0642534806, 0.921576850654, 1.92414063446, 1.06811528674, 3.29000079533, 1.00000020763, 807.917878871, 23.3824570768
4.74142785781, 1.10874717442, 1.69606428654, 0.811122281585, 2.83000032691, 1.06556732627, 3.52391353406, 1.26000037133, 1.14000048527, 2.18107348487, 2.51645725814, 0.893226819252, 3.04000085566, 1.03903245713, 1.00767114961, 1.00000055447, 1.00000020399, 1.04076447241, 3.56310610244, 0.940009046827, 1.00000084109, 107.532230443, 0.861315859868, 1.71096181511, 0.998990484577, 3.29000075918, 1.00000057253, 1017.46315426, 21.8974745543
3.10900076828, 1.01401986909, 1.60538761859, 0.968127010879, 2.83000005483, 0.982440896448, 5.19138773364, 1.26000001021, 1.1400009521, 1.93304615097, 2.95038241184, 0.898916048387, 3.04000029151, 1.02715269355, 0.937263376249, 1.00000023291, 1.00000088664, 1.10300493588, 3.29392785618, 0.933668484872, 1.00000030211, 94.4240811951, 1.04606437831, 4.06632499102, 1.04927254655, 3.29000022312, 1.00000030151, 1057.87524335, 22.0550567857
5.59114657591, 1.05350932255, 1.40062384549, 0.862279121722, 2.83000096617, 0.933613746568, 5.72462792448, 1.26000044841, 1.14000080775, 2.59719055883, 2.38382441583, 1.02016339359, 3.04000075304, 1.10362302185, 0.781352398988, 1.00000001285, 1.00000000793, 1.02803784463, 7.10645089918, 0.957972912546, 1.0000007346, 100.358807887, 1.01311439079, 5.00801688621, 0.972595142567, 3.29000042161, 1.00000082675, 1176.92980316, 21.9227662245
4.49325286784, 1.05693224527, 1.37733555722, 0.923942422748, 2.8300008455, 1.00585855602, 4.27171187534, 1.2600005913, 1.14000066619, 2.53612856929, 1.74738533998, 1.04693040096, 3.04000027052, 1.05600732367, 0.887944876457, 1.00000035736, 1.00000067291, 1.00761192272, 5.6268567759, 0.999239840089, 1.00000077784, 119.623732945, 1.06465669394, 1.63138608582, 1.00310333624, 3.29000084485, 1.00000090952, 1062.99623948, 22.3138507645
2.85154463997, 1.09020811477, 1.40424226518, 0.926305733753, 2.83000026887, 0.983114431575, 4.29820354965, 1.26000050786, 1.1400007924, 2.83890365064, 3.0551080866, 0.943757810023, 3.04000074863, 1.10236813644, 0.79174132596, 1.00000080763, 1.00000096702, 1.0904226094, 9.26977216341, 0.91976594632, 1.00000068765, 98.5027675009, 0.99506073262, 5.33496029953, 0.983828392211, 3.29000098035, 1.00000004494, 860.706965402, 24.2893155065
2.85154463997, 1.09020811477, 1.40424226518, 0.926305733753, 2.83000014069, 0.983114431575, 4.29820354965, 1.26000050786, 1.1400007924, 2.83890365064, 3.0551080866, 0.929942000127, 3.04000034922, 1.10236813644, 0.897674454802, 1.00000080763, 1.0000003766, 1.0904226094, 9.26977216341, 0.91976594632, 1.00000068765, 98.5027675009, 0.99506073262, 5.33496029953, 0.983828392211, 3.29000098035, 1.00000027945, 675.888986892, 38.6848663927
1.6900243562, 1.08747835868, 1.43282774226, 0.879705332456, 2.83000028163, 1.14863148495, 1.91042651043, 1.26000057229, 1.14000032982, 1.43715883013, 3.01588452396, 0.923004264126, 3.04000095812, 1.05657904593, 0.851605796535, 1.00000028132, 1.0000008709, 1.05680810248, 7.15648870127, 0.987682310163, 1.00000098188, 112.515221033, 0.949330596905, 1.60049223588, 0.951959705191, 3.29000035397, 1.00000074473, 1095.92128496, 22.945206825
3.47043372645, 1.03606863463, 1.39721595277, 0.891433726606, 2.83000071189, 1.03000653919, 5.0731528376, 1.26000036048, 1.14000010086, 2.48956853639, 1.77515442149, 0.924083851315, 3.04000024454, 1.04651664025, 0.857453244726, 1.0000002548, 1.00000059176, 1.08586929164, 6.13554949942, 0.910808633393, 1.00000097452, 107.878206838, 0.92600845932, 4.77354074884, 0.996358531809, 3.29000028836, 1.00000047525, 881.340813934, 24.2949375629
5.19184920042, 1.06198357202, 1.49486904683, 0.993930414098, 2.83000036518, 0.871334312921, 4.73770122257, 1.26000095699, 1.1400005229, 2.84384201467, 2.50114105655, 1.04904281569, 3.04000051776, 1.02708598899, 0.883834346729, 1.00000026412, 1.00000056778, 1.0121094373, 4.57487932876, 0.99572822428, 1.00000044921, 94.1376197382, 0.842422036402, 5.29894427083, 1.05100959913, 3.29000015456, 1.00000062365, 984.184655211, 24.2897239781
4.49325286784, 1.05693224527, 1.37733555722, 0.923942422748, 2.8300008455, 1.00585855602, 4.27171187534, 1.2600005913, 1.14000066619, 2.53612856929, 1.74738533998, 1.04693040096, 3.04000055176, 1.01538696242, 0.887944876457, 1.00000084843, 1.00000067291, 1.00761192272, 5.6268567759, 0.999239840089, 1.00000077784, 119.623732945, 1.06465669394, 1.63138608582, 1.00310333624, 3.29000084485, 1.00000090952, 716.662019411, 37.4166590509
2.1714644002, 1.05931131791, 1.3536769145, 0.936908126088, 2.83000088772, 1.17322212415, 4.55799577554, 1.26000094921, 1.14000051628, 1.33077121834, 3.05509075342, 1.03205568397, 3.0400002655, 1.07779782005, 0.828398692086, 1.00000014066, 1.00000050026, 1.03485644183, 7.37902252009, 0.94295903767, 1.00000099556, 120.236381498, 1.08863178488, 3.73294039737, 1.04175479513, 3.2900001483, 1.00000098627, 703.471284049, 38.1549401874
1.83938265905, 1.02563340382, 1.49878281488, 0.945178399211, 2.83000098541, 1.15957696602, 3.65968636108, 1.26000033219, 1.14000023727, 3.2359699134, 2.81719765108, 1.03760105648, 3.04000063882, 1.01760226127, 0.897674454802, 1.00000098609, 1.00000026243, 1.09380114362, 5.42155085338, 0.984490250667, 1.00000038227, 93.3551489405, 0.992107241985, 2.74448359055, 0.964921985704, 3.29000003538, 1.00000005304, 1384.06436973, 23.0579888008
3.22375770913, 1.05104695525, 1.49839410185, 0.858086682212, 2.83000058325, 1.13313672534, 4.13416958364, 1.26000000326, 1.14000079452, 3.09838735435, 1.61440647064, 1.07376573933, 3.04000058159, 1.08157467973, 1.04329822171, 1.00000072726, 1.00000000091, 1.08277609893, 4.37722296748, 0.95486857383, 1.0000002981, 103.855746863, 0.985455043324, 1.91351237346, 1.05658081227, 3.29000061197, 1.00000069064, 1216.47175675, 23.1133960891
3.70104516114, 1.0770853983, 1.53039971139, 0.854358669929, 2.83000007279, 1.10435325589, 1.20030979217, 1.26000040783, 1.14000098549, 3.12772697186, 2.44550783095, 0.889918465645, 3.04000071649, 1.116202429, 1.08324725618, 1.00000036842, 1.00000082307, 1.02944642336, 3.79039005413, 0.922157708172, 1.00000066937, 110.52841146, 0.914229419263, 1.12860816437, 1.03275061115, 3.29000039701, 1.0000000147, 777.606681264, 38.323190919
4.96699956482, 1.04740983256, 1.46791781364, 0.89178953084, 2.83000091614, 1.07489617564, 3.86924664776, 1.26000093005, 1.1400006516, 1.76092357623, 1.87535937518, 0.903800938354, 3.04000087123, 1.08123281459, 0.896644187459, 1.00000072803, 1.00000007665, 1.01256581295, 4.34929421135, 0.939490587887, 1.00000072323, 115.439209924, 1.04958231701, 1.95249259373, 1.03718734738, 3.29000051721, 1.00000060746, 800.567771581, 39.3835422109
1.6900243562, 1.08747835868, 1.43282774226, 0.879705332456, 2.83000028163, 1.14863148495, 1.91042651043, 1.26000057229, 1.14000032982, 1.43715883013, 3.01588452396, 0.923004264126, 3.04000022608, 1.05657904593, 0.851605796535, 1.00000028132, 1.0000008709, 1.05680810248, 5.23921890379, 0.987682310163, 1.00000098188, 112.515221033, 0.949330596905, 1.60049223588, 0.951959705191, 3.29000035397, 1.00000074473, 943.050095641, 28.1335518069
4.8409161573, 1.03527157257, 1.38001518681, 0.924904630906, 2.83000056089, 1.17863982578, 3.01560756161, 1.26000090532, 1.1400009857, 2.98262968078, 2.70392371555, 0.880415836859, 3.04000060493, 1.09057716784, 0.947851570706, 1.00000097376, 1.00000069385, 1.10493106293, 7.01504181927, 0.96475074795, 1.00000040651, 117.460827948, 0.904018305333, 1.52676060711, 0.973025994041, 3.29000067373, 1.00000009404, 889.037575194, 29.3130762555
3.01318396214, 1.03490553046, 1.62646098366, 0.857845510433, 2.83000015253, 1.05263957316, 5.37145404672, 1.2600003095, 1.140000667, 1.41291992766, 2.87273580388, 1.09305615289, 3.04000052344, 1.11546946981, 0.904212548682, 1.00000061562, 1.00000064036, 1.07976283833, 4.07139959588, 0.987312588011, 1.00000011043, 106.20615948, 1.04170362991, 3.964456468, 1.02145261952, 3.29000085722, 1.00000014913, 829.874953247, 38.3079172071
5.54081638047, 1.02890590827, 1.50277293028, 0.993953775437, 2.83000038786, 0.873400752827, 5.68816160459, 1.26000048058, 1.14000016545, 2.98256396231, 1.71394767234, 0.996209597663, 3.04000004406, 1.04155937235, 0.789026097004, 1.00000064881, 1.0000002034, 1.01768820485, 6.14881561116, 0.956949131659, 1.00000080475, 97.2596592426, 0.858076359939, 1.49554890486, 1.03293171878, 3.29000090074, 1.00000031236, 1095.90492775, 25.1844433039
4.42810447333, 1.06074819602, 1.3896726153, 0.8244585312, 2.83000090555, 1.02253482247, 1.73078470816, 1.2600007001, 1.14000015208, 2.80807969894, 1.93891530108, 0.947540443197, 3.04000015696, 1.11005270964, 0.78141578783, 1.00000064858, 1.00000013015, 1.08752343951, 3.175234828, 0.979247541419, 1.00000060954, 87.0816216467, 0.905024932991, 4.20218969511, 1.01855586623, 3.29000086856, 1.00000029397, 865.663070806, 38.0630337505
5.03562690791, 1.02243824796, 1.39847004893, 0.95849829442, 2.83000014918, 0.968700926933, 2.47950064702, 1.26000051317, 1.14000031414, 2.60012023972, 2.37504714472, 1.02200124127, 3.04000095857, 1.03378442267, 1.00087320408, 1.00000025746, 1.00000011871, 1.0140980142, 9.75403482812, 0.95142847404, 1.00000041236, 82.1536611886, 0.855871344003, 2.21265783236, 0.951071480861, 3.29000034405, 1.00000093071, 957.969645807, 29.360778562
4.15970007875, 1.01474095632, 1.46881128316, 0.914465072854, 2.83000008885, 0.862137324174, 3.82265538127, 1.26000088952, 1.140000248, 1.41503725731, 2.86635969434, 0.917381340211, 3.04000043238, 1.08588935864, 0.804655827395, 1.00000065446, 1.00000097727, 1.03133033085, 3.55234345477, 0.954467146261, 1.00000029128, 122.04094612, 1.05992986599, 3.96059657281, 1.00143884115, 3.29000075563, 1.00000071769, 1125.57936782, 25.2624705279
4.42736350994, 1.12332252632, 1.6644896622, 0.829221158037, 2.83000029727, 0.958662257765, 4.88390204119, 1.26000053934, 1.14000045374, 3.56427343218, 2.83935151655, 0.9570098083, 3.04000011201, 1.08527777144, 0.838704796245, 1.00000015439, 1.00000096389, 1.08926871176, 4.13816500861, 0.922125722615, 1.00000001715, 83.7501197979, 0.929378930474, 1.58340159468, 1.01420430885, 3.29000063373, 1.00000019904, 1570.02912195, 24.5823612568
1.562879026, 1.01692680804, 1.65486554227, 0.833517453354, 2.83000091805, 0.992345918099, 4.85572114166, 1.26000021351, 1.14000056687, 3.33237605382, 2.57361092678, 1.0753579285, 3.04000030258, 1.03685201329, 0.800355747322, 1.00000086073, 1.00000081011, 1.09499711905, 5.23851757511, 0.950312661799, 1.00000036841, 97.1679410259, 0.915609721065, 1.80634857906, 0.971353643889, 3.29000038647, 1.00000051262, 1559.29414988, 24.7378609096
4.60896615543, 1.01750350589, 1.69944240403, 0.8336707861, 2.83000091073, 1.15895794707, 2.08672017092, 1.26000039125, 1.14000050215, 2.30299024783, 1.87181668008, 1.06530385114, 3.04000087093, 1.05374362868, 0.901561700636, 1.00000026796, 1.00000014759, 1.01834543835, 9.59214603497, 0.952640305154, 1.00000093236, 83.3879115506, 0.879081916061, 3.398629427, 1.04538044463, 3.29000062204, 1.00000073929, 1706.50205274, 24.6413816661
5.8477012793, 1.03637982549, 1.374118575, 0.926828398123, 2.83000004604, 1.13106098816, 4.01999040451, 1.26000016215, 1.14000088133, 2.90324460037, 2.79502686063, 0.992382735743, 3.04000055435, 1.11455588524, 1.0271655274, 1.00000057102, 1.00000033575, 1.07153149627, 5.6206539487, 0.929058050644, 1.00000008266, 75.774794935, 0.88511128358, 4.75390541192, 1.06202843503, 3.29000031555, 1.00000012578, 912.491612953, 41.7975176282
5.54281088363, 1.11199831701, 1.49802504558, 0.807690350178, 2.83000059719, 0.928953152916, 2.19866093965, 1.2600001872, 1.14000065685, 1.80314819155, 2.60275184877, 1.00525470447, 3.0400001881, 1.05564575971, 1.08316478744, 1.00000022576, 1.00000002779, 1.04945650772, 6.89507256937, 0.975926701835, 1.00000084108, 123.662686666, 0.936792938962, 1.17843492452, 0.954505108774, 3.29000045102, 1.00000037367, 1073.90438727, 30.0870712499
4.33619782752, 1.00424643925, 1.54260285085, 0.885280949569, 2.83000022342, 1.11807717951, 4.67731520775, 1.26000096169, 1.14000000416, 3.66685869329, 1.88637686899, 1.07747364082, 3.04000038482, 1.05539209349, 0.900935080383, 1.00000046805, 1.00000096043, 1.10832340625, 7.6152773355, 0.937178956978, 1.00000081577, 105.008816826, 1.04753291974, 4.97509676694, 1.05523203828, 3.29000024446, 1.00000087682, 1766.63805618, 25.0275267145
3.42393868603, 1.09400189895, 1.41571732134, 0.919567973985, 2.83000050714, 1.17650274234, 3.62814155682, 1.26000090233, 1.14000053204, 2.50821538711, 2.70041515275, 0.892032316948, 3.04000098587, 1.06381263109, 0.85932429109, 1.0000000454, 1.0000001122, 1.03125195744, 6.78910650702, 0.993116842666, 1.00000045663, 117.495880233, 1.020771632, 1.16322051058, 0.978353044728, 3.2900001154, 1.00000024287, 2096.74130561, 25.0147737417
1.15830899563, 1.00702021005, 1.48966657024, 0.881031380472, 2.83000034969, 1.00546451689, 5.96028408555, 1.2600003996, 1.14000051865, 3.70124831504, 2.76614225846, 0.998847937291, 3.04000017782, 1.10400507764, 0.979193655515, 1.00000013857, 1.00000026487, 1.01818701639, 4.90951004704, 0.979385008193, 1.00000047807, 113.270383595, 0.891358442807, 1.36302094401, 0.957363716416, 3.29000084813, 1.0000000875, 1230.25230376, 26.7704983697
1.90200322328, 1.01408266348, 1.66350450157, 0.917660775413, 2.83000019107, 1.03755076883, 3.17410082592, 1.2600009208, 1.1400008922, 3.15833905469, 2.90401361353, 1.07274691306, 3.04000044304, 1.01998966969, 0.825403130532, 1.00000088191, 1.00000037802, 1.09308379911, 3.12401233747, 0.962357301775, 1.00000080764, 85.1578532311, 1.07155243328, 1.07142660108, 1.00418967513, 3.29000046916, 1.00000032496, 1614.27189999, 25.6184795219
1.94405765579, 1.08412130012, 1.54333545299, 0.85889687506, 2.8300007308, 0.885393470076, 3.35605716685, 1.26000036508, 1.14000006357, 2.51175988719, 1.72602190436, 0.999425621532, 3.04000095388, 1.02277779309, 0.863092864023, 1.0000008825, 1.00000026568, 1.07891629218, 8.82199498587, 0.965071037601, 1.00000074332, 95.255740391, 1.03859283077, 5.07532794966, 1.01662224546, 3.29000017124, 1.00000064276, 1327.97484019, 27.7349304933
4.10313510613, 1.07938471002, 1.50134667257, 0.971763911326, 2.83000041323, 0.928591320793, 5.97194247203, 1.26000030441, 1.14000046223, 3.44556569433, 2.60300396934, 1.03195778869, 3.04000082641, 1.09930619072, 1.02312267161, 1.00000022087, 1.0000007393, 1.05298286135, 4.86239711986, 0.960856578633, 1.00000050044, 84.1270417558, 0.91139251166, 4.88403927975, 1.01698920774, 3.29000026043, 1.00000040429, 1604.89091841, 26.6589816446
3.10900076828, 1.01401986909, 1.60538761859, 0.968127010879, 2.83000005483, 0.982440896448, 5.19138773364, 1.26000001021, 1.1400009521, 1.93304615097, 2.80985295161, 0.898916048387, 3.04000029151, 1.02715269355, 0.850488165789, 1.00000023291, 1.00000088664, 1.10300493588, 3.29392785618, 0.933668484872, 1.00000030211, 94.4240811951, 1.04606437831, 4.06632499102, 1.04927254655, 3.29000022312, 1.00000030151, 1858.24738576, 25.7029874389
5.8477012793, 1.03637982549, 1.49029397895, 0.926828398123, 2.83000008558, 1.13106098816, 4.01999040451, 1.26000016215, 1.14000088133, 2.90324460037, 2.79502686063, 0.992382735743, 3.04000055435, 1.11455588524, 1.0271655274, 1.00000057102, 1.00000033575, 1.07153149627, 5.6206539487, 0.929058050644, 1.00000012172, 75.774794935, 0.86899096556, 4.75390541192, 1.06202843503, 3.29000031555, 1.00000012578, 1193.49022097, 31.0290620771
1.1641945378, 1.10221700331, 1.48040942827, 0.84384722413, 2.83000060659, 0.939897793978, 3.95737398774, 1.26000065389, 1.14000031986, 3.06141119146, 2.29565308598, 1.03858853886, 3.04000052105, 1.05245012579, 0.820761858376, 1.00000039119, 1.00000022876, 1.06890295977, 4.17870176191, 0.969012830195, 1.00000077322, 97.8196008507, 1.04596963922, 3.20013585928, 1.01269403471, 3.29000031862, 1.00000093502, 2044.58870857, 26.2481080267
1.25328019453, 1.07167101793, 1.62971189213, 0.883567252223, 2.83000081839, 0.998738860717, 5.0542387067, 1.26000081734, 1.14000022907, 1.85242053645, 2.13163498751, 1.01121037253, 3.04000083085, 1.01950602567, 1.03440205124, 1.00000085662, 1.0000009935, 1.09477102853, 5.13113105112, 0.971498545637, 1.00000032154, 77.4208703795, 0.893189038782, 2.61824142696, 0.981970608173, 3.29000001326, 1.00000001584, 1638.6549883, 28.0550426473
5.19578008617, 1.10748636, 1.65981746326, 0.822067902339, 2.83000073309, 0.944172981384, 3.68082794145, 1.26000056286, 1.14000005538, 3.15847659877, 3.10928851499, 0.900907450336, 3.0400001146, 1.022054053, 0.780253007966, 1.00000017513, 1.00000072255, 1.0287061976, 8.76669043237, 0.918381031228, 1.00000085654, 81.4677390811, 0.965642869321, 1.84833665245, 0.957216125718, 3.29000089635, 1.00000094179, 1431.48190175, 29.4349812992
5.73985339207, 1.01296979758, 1.4306645896, 0.932866867116, 2.83000073161, 1.17102461448, 5.42997448766, 1.26000031525, 1.14000062919, 1.46383909029, 2.94633978206, 0.935487621991, 3.04000044405, 1.02774802193, 0.795337820321, 1.00000026626, 1.00000070607, 1.06765642, 9.18379796495, 0.93394076495, 1.00000079859, 96.0476422874, 0.891428453021, 2.91856551359, 1.04091269224, 3.29000064569, 1.00000085985, 1460.2965097, 29.5642125815
4.54155797698, 1.13779928016, 1.67644202109, 0.920519296285, 2.83000011065, 0.881210457083, 5.86806771964, 1.26000097991, 1.14000051759, 2.331790243, 1.56624757189, 0.936669784142, 3.04000098966, 1.02422814062, 1.00306469337, 1.00000054575, 1.00000069988, 1.09148359035, 7.62918010516, 0.916757812798, 1.0000009292, 77.8886291459, 1.01386485864, 3.78176071251, 1.0524567933, 3.29000046142, 1.00000042046, 1290.43260271, 32.968057037
2.84358667302, 1.08049670498, 1.64929881674, 0.905126568559, 2.83000046812, 1.07980102094, 3.02986655091, 1.26000010727, 1.14000069124, 3.53877502018, 2.92134826916, 1.01089481654, 3.04000058552, 1.09460197225, 1.05052348461, 1.00000002853, 1.00000000074, 1.02457410099, 6.17378620594, 0.984963899963, 1.00000039388, 87.6808922605, 0.969804916167, 5.63539343475, 1.04052493904, 3.29000017725, 1.00000044867, 2169.39810044, 26.8790031627
4.83832825403, 1.03663724168, 1.4477152001, 0.822188495618, 2.83000072528, 0.915729571901, 1.26114245609, 1.26000082693, 1.14000079743, 3.58636323746, 2.32869176626, 0.927230324515, 3.04000016671, 1.00848155655, 0.972047250821, 1.0000006546, 1.00000006237, 1.07071565757, 5.31630175361, 0.973354721962, 1.00000033107, 79.4385796682, 0.967655153171, 2.76633212599, 0.999851332064, 3.29000095195, 1.00000006678, 1135.23490428, 40.706766954
3.62106237448, 1.13607224427, 1.60466785397, 0.862841130658, 2.83000040372, 0.962713386638, 2.42347268582, 1.26000062038, 1.14000015073, 2.17613290476, 2.99697255632, 1.06923961645, 3.04000041192, 1.07059486363, 0.854649081241, 1.0000008588, 1.00000071943, 1.04166062238, 3.81102671856, 0.979999097024, 1.00000008266, 95.364331835, 0.944164907376, 5.179281793, 1.00040852723, 3.29000099827, 1.00000065826, 1132.66928602, 41.7364258444
4.0593919249, 1.07600145962, 1.37839541952, 0.857594502949, 2.83000060987, 0.867615091295, 5.31267300837, 1.26000042855, 1.14000039269, 3.61653791934, 2.08288368296, 1.05664883726, 3.04000079364, 1.02484640613, 0.966568057554, 1.00000084556, 1.00000077559, 1.03719609317, 4.745757892, 0.940009046827, 1.00000083738, 101.288216505, 0.853172654927, 3.49923690748, 0.998501823703, 3.29000078908, 1.00000016618, 2177.2013014, 27.3834473592
4.40829560463, 1.02350428232, 1.54559194154, 0.915884877824, 2.83000049585, 0.896937498849, 2.15312261223, 1.2600004404, 1.1400003564, 3.56758975934, 2.06866902133, 1.01973377352, 3.04000023244, 1.01460034273, 0.927531561257, 1.00000030557, 1.00000069574, 1.02502976428, 6.72998134669, 0.911294993332, 1.00000016876, 82.1172646014, 1.01534262569, 5.5875193319, 0.975331517985, 3.29000026648, 1.00000080655, 2189.42835579, 27.063563805
2.1714644002, 1.05931131791, 1.38653937643, 0.936908126088, 2.83000088772, 0.930402309258, 4.55799577554, 1.26000094921, 1.14000051628, 1.33077121834, 3.05509075342, 1.03205568397, 3.04000051693, 1.07779782005, 0.828398692086, 1.00000014066, 1.00000050026, 1.03485644183, 7.37902252009, 0.94295903767, 1.00000099556, 120.236381498, 1.08863178488, 3.73294039737, 1.04175479513, 3.2900001483, 1.00000098627, 1678.55148461, 28.5436637046
1.02423596977, 1.08377726065, 1.69772800675, 0.808006364502, 2.83000091321, 0.911274327737, 1.02984142022, 1.26000064794, 1.14000089681, 2.58748678798, 1.77274108018, 0.958481815854, 3.04000096978, 1.0327511471, 0.802973948511, 1.00000011323, 1.00000004301, 1.03244835864, 7.35247341438, 0.995735410785, 1.00000043609, 78.5563558118, 0.848669103919, 2.72720552307, 0.970546807469, 3.29000053533, 1.00000019589, 1584.53535359, 29.4581028923
1.00690100023, 1.12782659211, 1.63698331682, 0.867480231816, 2.83000043245, 1.18339150793, 4.78306141959, 1.26000041825, 1.140000077, 1.56746009918, 2.20990828249, 0.961253911672, 3.0400002105, 1.10246288107, 1.0261203043, 1.00000018661, 1.00000083729, 1.1039515166, 4.12440071828, 0.944932153436, 1.00000067743, 105.299675998, 0.951566150552, 3.47183789508, 0.994500948119, 3.29000084165, 1.00000030189, 2295.50291383, 27.2279549216
4.94968016755, 1.02855036596, 1.57305416817, 0.858548100178, 2.83000059627, 1.02862990112, 4.75513755872, 1.26000063127, 1.14000044242, 3.08993717155, 1.76693785625, 1.02541272035, 3.04000014006, 1.03440907339, 0.920117799944, 1.000000606, 1.00000037938, 1.03698809318, 5.52547553853, 0.941164567908, 1.0000004, 97.0295159103, 1.06231858896, 4.70016317547, 0.952014917382, 3.29000068734, 1.00000058188, 1421.3537193, 34.3272932406
4.27501949218, 1.01545313141, 1.65925560419, 0.938235395152, 2.83000005854, 1.18888072546, 5.79007570031, 1.260000858, 1.14000066016, 3.2771905068, 2.3933759239, 1.06418315551, 3.04000018882, 1.05600732367, 0.85398952287, 1.00000032236, 1.00000078536, 1.05102762195, 8.09647096138, 0.979993103676, 1.00000046768, 93.192443575, 0.887694479915, 3.59344899023, 1.02486533985, 3.29000001418, 1.00000089276, 1182.16324207, 45.8152426676
3.47043372645, 1.03606863463, 1.39721595277, 0.891433726606, 2.83000063043, 0.976007600967, 5.0731528376, 1.26000090283, 1.14000010086, 2.25900193052, 1.77515442149, 0.924083851315, 3.04000024454, 1.04651664025, 0.857453244726, 1.0000002548, 1.00000059176, 1.08586929164, 6.13554949942, 0.910808633393, 1.00000062278, 107.878206838, 0.92600845932, 4.77354074884, 0.996358531809, 3.29000028836, 1.00000047525, 2513.76879846, 27.7075989297
2.04729386237, 1.05624451157, 1.49059005768, 0.965645916329, 2.83000093318, 1.07520126793, 5.11615781721, 1.26000058566, 1.14000090599, 2.96569669806, 1.90240272268, 0.88476590045, 3.04000065816, 1.09250161579, 0.95861725226, 1.00000015466, 1.00000054807, 1.00369057863, 9.31755682023, 0.957805393186, 1.00000029751, 112.74710191, 1.05992986599, 4.45152267229, 0.99876434537, 3.2900008391, 1.00000078449, 1783.88549244, 29.1333337265
4.04915726448, 1.00434011913, 1.37666283562, 0.972380421587, 2.8300002056, 0.938675817922, 3.15808741701, 1.26000007736, 1.14000047877, 2.09862499831, 1.69743814972, 1.00712843088, 3.04000004393, 1.11526214656, 0.819619905537, 1.00000094324, 1.00000098258, 1.05602571353, 9.8811240136, 0.972056945862, 1.00000021405, 123.720031664, 0.880932366424, 1.93737916634, 1.00943955059, 3.29000079318, 1.00000055231, 1556.62727939, 34.3183476837
2.96018646077, 1.11332818095, 1.35251706805, 0.982522324411, 2.83000064734, 0.978676687344, 5.24142063703, 1.26000068918, 1.14000043127, 2.05038541494, 2.60818692582, 0.892029203901, 3.04000021949, 1.01421304513, 0.851222943084, 1.00000033833, 1.00000055667, 1.00028093581, 8.27572761981, 0.94220298744, 1.00000090591, 90.947404305, 0.945345635764, 5.02084826089, 1.00170249233, 3.29000047142, 1.00000096592, 1631.37853941, 29.5972834245
4.23476917735, 1.07134244611, 1.36931708149, 0.905284303227, 2.83000052876, 1.14648200965, 2.05049189301, 1.26000002504, 1.14000073976, 2.43728561952, 2.60275184877, 0.944971351085, 3.04000035837, 1.05836540707, 0.903335437575, 1.00000073201, 1.00000060063, 1.00823613686, 7.65268273998, 0.915895300045, 1.00000003926, 88.7902684593, 1.05433898918, 4.06102921314, 1.04735439282, 3.29000018898, 1.00000076431, 2479.89770158, 28.2386006909
3.63196513484, 1.08271926903, 1.60353924891, 0.908849675038, 2.83000005105, 0.86518579887, 1.6121576724, 1.26000045908, 1.14000081209, 1.6812636124, 2.27875150718, 0.967615512661, 3.04000046785, 1.04420543059, 0.901886138906, 1.00000059618, 1.00000091733, 1.04955214228, 6.35840843414, 0.919788400114, 1.00000063456, 90.9370406003, 0.946141452933, 1.65913074432, 0.999557019576, 3.29000053542, 1.00000012021, 2563.34450449, 28.1735746895
1.99546577918, 1.01655898515, 1.56715602446, 0.840160517162, 2.83000048003, 0.924653257371, 5.19163827, 1.26000044841, 1.1400009805, 1.62021043129, 1.90000203397, 0.883977878344, 3.04000075304, 1.11977272466, 0.84909284978, 1.00000084561, 1.00000039292, 1.0572872624, 8.32446065451, 0.938934391945, 1.00000048757, 107.158562121, 0.946612384812, 4.18605855666, 0.977035836427, 3.29000055309, 1.00000034148, 1354.17719544, 46.8902784513
2.9403978193, 1.09349852391, 1.69589502248, 0.992253967682, 2.83000059549, 0.98641177471, 5.58399681255, 1.26000018189, 1.14000028967, 2.95856784852, 3.01065632964, 0.987553469273, 3.04000009886, 1.05600412351, 1.08932157314, 1.00000007983, 1.00000097781, 1.0514017103, 7.36463423797, 0.984254806956, 1.0000008445, 111.623105254, 0.917025149848, 2.4669845061, 1.06524842122, 3.29000038653, 1.00000021864, 1389.49319481, 45.1578173344
