0.104845607442, 0.824587484112, 7.99888878327, 0.519807470926, 87.1327602574, 3.38504837504, 0.06447447748, 1.80809545221, 6.42507323377, 0.0153567136351, 0.0
0.221577520989, 1.1783509383, 6.93166752306, 0.403384040996, 79.4554906507, 3.03232711651, 1.26400219963, 1.59459429613, 20.3080411446, 0.036119010476, 0.52
0.221577520989, 1.1783509383, 6.93166752306, 0.403384040996, 79.4554906507, 3.03232711651, 1.26400219963, 1.59459429613, 20.3080411446, 0.0429004142964, 0.0
0.104845607442, 0.824587484112, 7.99888878327, 0.519807470926, 87.1327602574, 3.38504837504, 0.06447447748, 1.80809545221, 6.42507323377, 0.0377643518438, 0.529411764706
0.104845607442, 1.17590107421, 7.99888878327, 0.519807470926, 87.1327602574, 3.38504837504, 0.0337137566541, 4.75290777083, 30.9268486681, 0.0361923791745, 0.565217391304
0.622503115037, 0.967590768774, 5.14531610056, 0.618900638972, 1.26269464109, 1.66199319306, 0.536352122851, 1.43031118181, 13.0008238858, 0.0439323048212, 0.263157894737
0.710864310884, 1.06347713043, 4.15099534534, 0.651942803064, 15.6991962835, 43.9864756408, 0.997512620858, 3.54200768267, 4.39246552219, 0.050911205388, 0.0
0.104845607442, 1.1783509383, 6.93166752306, 0.403384040996, 72.002719553, 3.03232711651, 1.26400219963, 1.59459429613, 20.3080411446, 0.0506333852217, 0.596638655462
0.458082117353, 1.18628574075, 3.69189754444, 0.555437720542, 49.271810116, 1.9612217937, 2.50036050756, 1.26218336521, 33.3349596761, 0.0532768324203, 0.072
0.302583273272, 1.02658494948, 9.62169044524, 0.58063035152, 94.6417995392, 2.78234689908, 3.20523988584, 0.446237371083, 2.34759755214, 0.0529941774304, 0.260162601626
0.101936845912, 1.1861185226, 7.00227286487, 0.415307491892, 63.9384717464, 20.2850916193, 2.88713037162, 4.32426477081, 17.5628054199, 0.0813932768522, 0.0352941176471
0.106607387686, 1.17595648574, 4.86215022876, 0.670487760206, 79.5929752342, 20.1364158888, 3.81523594303, 0.550997514148, 22.2962760851, 0.0818439693073, 0.0
0.458082117353, 1.18628574075, 3.69189754444, 0.555437720542, 49.271810116, 1.9612217937, 2.50036050756, 1.26218336521, 33.3349596761, 0.0524859212748, 0.280575539568
0.302583273272, 1.02658494948, 9.62169044524, 0.58063035152, 94.6417995392, 2.78234689908, 3.20523988584, 0.446237371083, 2.34759755214, 0.0560559866931, 0.22061482821
0.259387171511, 0.913328900982, 8.14996478333, 0.56678138683, 66.1492056827, 7.30855851934, 3.70001200231, 3.76647438334, 21.3408670077, 0.0906716237086, 0.0
0.880675055278, 0.967590768774, 4.45058061645, 0.691045918665, 1.26269464109, 1.66199319306, 2.49782023869, 1.43031118181, 24.1574392869, 0.0814005726989, 0.216216216216
0.418594494566, 1.0426558298, 2.81756702466, 0.599574520433, 63.2596516799, 2.86020953578, 1.91745808913, 3.45708684459, 43.2347522351, 0.08307007499, 0.0526315789474
0.880675055278, 0.967590768774, 5.14531610056, 0.618900638972, 1.26269464109, 1.66199319306, 0.536352122851, 1.43031118181, 24.1574392869, 0.0626971823445, 0.461538461538
0.221577520989, 1.1783509383, 6.93166752306, 0.403384040996, 79.4554906507, 3.03232711651, 1.26400219963, 1.59459429613, 20.3080411446, 0.0636118658586, 0.467741935484
0.644194815291, 1.08065368066, 3.43900639996, 0.480664566016, 5.82431221206, 3.12721920373, 0.182399098251, 4.47708674854, 37.3386753071, 0.0907188725988, 0.0
0.418594494566, 1.0426558298, 2.81756702466, 0.599574520433, 63.2596516799, 2.86020953578, 2.49782023869, 3.45708684459, 43.2347522351, 0.0847501714359, 0.152866242038
0.100258605685, 1.1861185226, 7.00227286487, 0.415307491892, 75.1287842398, 20.2850916193, 2.88714582512, 2.20624383163, 25.1917650696, 0.101040458835, 0.0
0.353720556925, 0.851781915158, 8.36922708777, 0.570505924638, 50.5234554177, 8.96262401702, 1.5517618239, 1.86696325865, 18.3726219363, 0.101100063041, 0.0
0.221577520989, 0.824587484112, 7.99888878327, 0.519807470926, 79.4554906507, 3.38504837504, 0.06447447748, 1.9987236642, 6.42507323377, 0.0843770533163, 0.294117647059
0.571891013276, 0.880468557699, 2.02429526675, 0.447119373495, 81.9247136953, 3.12721920373, 0.526158812722, 4.41606528961, 7.25992781601, 0.10627148225, 0.0
0.571891013276, 0.880468557699, 2.02429526675, 0.447119373495, 81.9247136953, 3.12721920373, 0.526158812722, 4.41606528961, 7.25992781601, 0.0850102289507, 0.470588235294
0.217733916186, 0.98645143844, 4.43947248556, 0.553943060307, 93.2917372508, 18.5754765049, 1.9569235814, 4.35390554873, 24.4403238722, 0.124461389806, 0.0
0.895378431572, 1.16820991149, 2.25004935748, 0.545793803926, 97.9554881997, 2.78636470766, 3.1856056014, 4.47863704072, 5.48101201618, 0.110455984875, 0.0173697270471
0.258599877829, 0.834853408356, 3.70953527613, 0.664061878198, 22.5101405843, 26.612318974, 0.362953093174, 2.89396208548, 25.8018636576, 0.144614786032, 0.0
0.351253291538, 0.900958944838, 5.73814462647, 0.639940241639, 60.4869840876, 12.0135104096, 3.32632500356, 2.13645740054, 28.8643860903, 0.158749391975, 0.0
0.302583273272, 1.13959552205, 9.62169044524, 0.58063035152, 94.6417995392, 2.78234689908, 3.20523988584, 0.446237371083, 2.34759755214, 0.095645251936, 0.631974248927
0.353720556925, 0.851781915158, 8.36922708777, 0.570505924638, 2.34649346771, 8.96262401702, 1.5517618239, 2.33860717558, 18.3726219363, 0.139906942985, 0.037037037037
0.394787974119, 0.998864118906, 9.16339840337, 0.665854075408, 60.1205552332, 22.6334113186, 0.402635099222, 4.80652049579, 25.8008151283, 0.188464975513, 0.0
0.292862514807, 0.970882552625, 2.1196467173, 0.489195241066, 6.96809807241, 5.98785738062, 2.51858454728, 2.04228495981, 6.59277439534, 0.11366891367, 0.165094339623
0.180107398439, 0.885278576748, 6.01030725656, 0.678698306883, 65.4187732675, 39.0497857182, 0.210959863597, 2.33860717558, 22.806113517, 0.200900796277, 0.0
0.292862514807, 0.970882552625, 2.1196467173, 0.489195241066, 6.96809807241, 5.98785738062, 2.51858454728, 2.04228495981, 6.59277439534, 0.11665285119, 0.219178082192
0.880675055278, 0.967590768774, 5.14531610056, 0.691045918665, 1.26269464109, 1.66199319306, 1.91745808913, 1.43031118181, 24.1574392869, 0.109548128252, 0.285714285714
0.465666416439, 0.883955165468, 2.16761623089, 0.656094781772, 99.0800611149, 13.1219197698, 2.46133818024, 3.70636521335, 18.6636454704, 0.210079413872, 0.0
0.418594494566, 1.0426558298, 2.81756702466, 0.599574520433, 63.2596516799, 2.86020953578, 2.49782023869, 3.45708684459, 43.2347522351, 0.107072470132, 0.448275862069
0.312089071693, 1.04503830474, 6.66677896097, 0.430003303068, 38.6234382137, 7.29288027741, 3.12859965774, 4.21664053367, 4.26095397654, 0.129623725703, 0.218181818182
0.458082117353, 1.08065368066, 3.43900639996, 0.480664566016, 5.82431221206, 3.12721920373, 0.182399098251, 0.890331135486, 37.3386753071, 0.142229970257, 0.1875
0.180107398439, 0.885278576748, 6.01030725656, 0.664061878198, 65.4187732675, 43.0294149204, 0.210959863597, 2.33860717558, 22.806113517, 0.247981697445, 0.0
0.180107398439, 1.15041772889, 3.15725054505, 0.503494031843, 38.6234382137, 7.55723578531, 0.702785031376, 3.84738525995, 3.60202765795, 0.113435679864, 0.384615384615
0.312089071693, 1.04503830474, 6.66677896097, 0.430003303068, 35.6389266325, 7.29288027741, 3.12859965774, 4.21664053367, 4.26095397654, 0.143964400347, 0.207407407407
0.880374523617, 1.15041772889, 3.15725054505, 0.503494031843, 38.6234382137, 7.55723578531, 2.74703597323, 3.84738525995, 3.60202765795, 0.213684128786, 0.0344827586207
0.293400785756, 0.872817529091, 4.04052808144, 0.619935878051, 56.7020180479, 22.8740216111, 0.355975815148, 2.86502265038, 15.020751859, 0.251657729561, 0.0
0.286487290115, 1.19663339246, 3.08759688542, 0.578556582231, 28.2506598096, 11.221197332, 2.12460775643, 2.32269043249, 17.2527578186, 0.178320411094, 0.0841121495327
0.425674466917, 0.934934087512, 5.72330038466, 0.623113099015, 52.3165420728, 16.2572068081, 2.94414705362, 0.714129349754, 30.8262844827, 0.270770396733, 0.0
0.180107398439, 1.15041772889, 3.15725054505, 0.503494031843, 38.6234382137, 7.55723578531, 0.702785031376, 0.992473039889, 3.60202765795, 0.139602867882, 0.272727272727
0.541455179774, 1.13959552205, 9.62169044524, 0.55269885547, 94.6417995392, 2.78234689908, 3.20523988584, 4.35390554873, 12.7928928487, 0.124500514269, 0.288201160542
0.353720556925, 0.851781915158, 8.36922708777, 0.570505924638, 50.5234554177, 8.96262401702, 1.5517618239, 1.86696325865, 18.3726219363, 0.16655587897, 0.181818181818
0.292862514807, 0.970882552625, 2.1196467173, 0.409837126885, 31.128093012, 5.98785738062, 1.88190561119, 2.04228495981, 1.98661773729, 0.122658593634, 0.553846153846
0.805263376144, 1.17083915211, 2.80488920206, 0.520408004237, 81.3962725033, 10.3618439495, 2.62665428335, 3.71820356096, 26.7827827563, 0.272740682223, 0.0
0.217733916186, 1.11013183579, 7.21162365095, 0.64114169549, 57.7306206396, 16.1312154176, 1.03013564374, 2.526104548, 8.72763404326, 0.190881622864, 0.142857142857
0.465666416439, 0.883955165468, 2.16761623089, 0.656094781772, 99.0800611149, 13.1219197698, 2.46133818024, 3.70636521335, 18.6636454704, 0.255315026756, 0.0314960629921
0.264625454548, 0.833599233672, 2.0815498374, 0.613459581062, 53.517896576, 12.6814649828, 3.99191989158, 1.79501489202, 24.2560781503, 0.166276229386, 0.202
0.259387171511, 0.913328900982, 8.14996478333, 0.440983764453, 66.1492056827, 7.30855851934, 3.70001200231, 3.76647438334, 21.3408670077, 0.136355654202, 0.317290552585
0.493551623374, 1.01265323337, 9.93638658143, 0.684049779937, 65.3863545295, 33.796299306, 0.860058513908, 3.02008334792, 26.3434628843, 0.283439963423, 0.0
0.107146517764, 0.913328900982, 8.84335161083, 0.669827846527, 57.6706624403, 34.1581766933, 1.45711709705, 1.8182306704, 28.7886700551, 0.207391341585, 0.0909090909091
0.755047262182, 0.913109060159, 8.08578887525, 0.570471239353, 91.8097046291, 19.2343931499, 0.643335502501, 3.48817223904, 43.5978868189, 0.283626694479, 0.0
0.212399056247, 0.841133503015, 7.72123706308, 0.54258742369, 88.3595110211, 11.5420616526, 0.343090673889, 2.37784139161, 42.5360845528, 0.208889147218, 0.111111111111
0.259387171511, 1.15309205871, 8.14996478333, 0.440983764453, 15.4186331023, 7.30855851934, 3.70001200231, 1.59719616475, 21.3408670077, 0.139468154833, 0.530612244898
0.644194815291, 1.18628574075, 3.69189754444, 0.555437720542, 49.271810116, 1.9612217937, 2.50036050756, 1.26218336521, 33.3349596761, 0.137062616546, 0.571929824561
0.232391032972, 1.0643131362, 8.44053254239, 0.560200489266, 34.7197506292, 46.0578430972, 2.46640653534, 1.22516261306, 23.2151501436, 0.318812840745, 0.0
0.264625454548, 0.833599233672, 8.6060543495, 0.613459581062, 53.517896576, 12.6814649828, 2.23765970549, 1.79501489202, 24.2560781503, 0.159064904839, 0.245161290323
0.716156649521, 1.14314382398, 6.30231829923, 0.571566666881, 38.2446775436, 18.6830993209, 1.46603192239, 1.81749662237, 31.5724853233, 0.326808199165, 0.0
0.107146517764, 1.06257570174, 8.84335161083, 0.669827846527, 57.6706624403, 14.725926971, 1.45711709705, 1.8182306704, 28.7886700551, 0.143320721063, 0.52380952381
0.340916588006, 0.987406629768, 8.47104377338, 0.680056897471, 41.7840811194, 43.2133753112, 2.49342518282, 4.1533741056, 7.42419977576, 0.340143800674, 0.0
0.178550438564, 0.8720902849, 7.33546320704, 0.520489864957, 98.8951840849, 24.7652342676, 3.53884665481, 2.84830876831, 12.668531939, 0.230572347121, 0.111111111111
0.353599502492, 0.999551180078, 3.70040001157, 0.576062789082, 8.58292711435, 20.4664832313, 1.15454531942, 4.93044570055, 12.709833273, 0.251727329403, 0.0769230769231
0.755047262182, 0.913109060159, 8.08578887525, 0.570471239353, 91.8097046291, 19.2343931499, 0.643335502501, 1.0669245838, 43.5978868189, 0.348575785238, 0.0
0.286487290115, 1.19659646423, 3.08759688542, 0.578556582231, 28.2506598096, 37.3856383826, 2.12460775643, 3.09040589025, 17.2527578186, 0.352666433613, 0.0
0.398491273315, 1.15584923284, 8.38482397042, 0.652903924468, 11.4017081896, 28.9320810679, 3.24036740315, 2.89396208548, 15.0762996345, 0.350322036087, 0.0042194092827
0.212399056247, 0.841133503015, 3.08759688542, 0.54258742369, 88.3595110211, 16.6238339295, 2.12460775643, 2.1047606602, 42.5360845528, 0.207734123658, 0.213197969543
0.15274647922, 1.15022438759, 5.30351924369, 0.669134755053, 34.9740739358, 42.6936128247, 1.70685807113, 1.53429500237, 17.9198741314, 0.251425350288, 0.12
0.307976619617, 1.16581996072, 2.72597408344, 0.449194858997, 50.1754699659, 31.3016389921, 2.22462041351, 1.55512372348, 4.37844785019, 0.340764564247, 0.0285714285714
0.394787974119, 0.976298555669, 9.16339840337, 0.573828989305, 60.1205552332, 22.6334113186, 0.402635099222, 4.80652049579, 25.8008151283, 0.283411423041, 0.0588235294118
0.759933840388, 0.830984105348, 4.75247699056, 0.658003657313, 1.11580062936, 12.1395324286, 3.93747487281, 1.12735079659, 2.20598334334, 0.278769129016, 0.0671378091873
0.164056668801, 0.945508888369, 8.97584552165, 0.541376027158, 86.9475538783, 16.6130248004, 0.760808546255, 2.6524885293, 29.6639502473, 0.147705306854, 0.5625
0.782026920221, 0.890846015906, 9.55685944068, 0.515400445014, 80.061062382, 12.2936551943, 0.194692132087, 4.34801319113, 16.7727793747, 0.379281289373, 0.0
0.617766795135, 1.00170869462, 6.2076422125, 0.553190030572, 39.160215679, 25.33298752, 2.79160171209, 0.429765760234, 15.5471568766, 0.377471023058, 0.0114942528736
0.880600690352, 0.854713754757, 9.51980843101, 0.532096248879, 51.5637217558, 18.6728920687, 0.575110306825, 4.29243948137, 34.368195797, 0.424125551041, 0.0
0.349597613523, 1.03391607792, 8.14295436267, 0.478828569204, 71.5182758372, 47.1802379963, 3.38071047632, 4.68142831924, 31.4196045209, 0.416669456054, 0.00302114803625
0.100258605685, 1.1861185226, 7.00227286487, 0.415307491892, 75.1287842398, 20.2850916193, 2.88714582512, 2.20624383163, 25.1917650696, 0.16939007418, 0.313043478261
0.593800313659, 1.12503715771, 9.76127287749, 0.559555290281, 54.5988033039, 24.2975905858, 3.24356756035, 4.21341117293, 4.04255387468, 0.351555258418, 0.0286885245902
0.716156649521, 1.14314382398, 6.30231829923, 0.571566666881, 38.2446775436, 18.6830993209, 1.46603192239, 1.81749662237, 31.5724853233, 0.427757081532, 0.0
0.107146517764, 0.913109060159, 8.08578887525, 0.570471239353, 55.4857957618, 19.2343931499, 0.643335502501, 3.48817223904, 43.5978868189, 0.164863301226, 0.529411764706
0.594811208956, 0.980261725449, 4.39506900802, 0.51187771128, 20.1691488768, 7.984017024, 3.03754368173, 4.74097213857, 10.0556567133, 0.258461585625, 0.111764705882
0.425674466917, 1.1421016589, 3.26298793707, 0.672572880483, 74.6580835278, 41.653836449, 0.917332588719, 4.85190504057, 33.1251991181, 0.429726948118, 0.0
0.458082117353, 1.18628574075, 3.69189754444, 0.555437720542, 49.271810116, 4.70803717318, 2.50036050756, 1.26218336521, 33.3349596761, 0.166855909827, 0.488888888889
0.292862514807, 0.970882552625, 2.1196467173, 0.489195241066, 6.96809807241, 5.98785738062, 1.88190561119, 2.04228495981, 6.59277439534, 0.183164583122, 0.442307692308
0.759749034979, 0.972104074486, 6.05479326244, 0.494658845505, 91.53986458, 25.426673946, 1.70575959273, 1.60041646889, 28.8188139517, 0.435510280011, 0.0
0.314150213415, 1.15077028611, 5.50854698694, 0.546544856439, 19.5786387447, 20.9393784831, 1.88190561119, 1.47811511194, 8.08257562987, 0.267959286954, 0.122807017544
0.425674466917, 1.06347713043, 3.26298793707, 0.632456343066, 74.6580835278, 41.653836449, 0.997512620858, 4.85190504057, 33.1251991181, 0.442268594063, 0.0
0.880675055278, 1.0426558298, 2.81756702466, 0.599574520433, 63.2596516799, 2.86020953578, 2.49782023869, 3.45708684459, 43.2347522351, 0.192682850241, 0.29797979798
0.716156649521, 1.14314382398, 6.30231829923, 0.571566666881, 38.2446775436, 33.898698856, 1.46603192239, 4.47863704072, 33.4927409243, 0.443916489427, 0.0
0.293400785756, 0.872817529091, 4.04052808144, 0.619935878051, 56.7020180479, 22.8740216111, 0.355975815148, 2.86502265038, 15.020751859, 0.446598260299, 0.0
0.353599502492, 0.999551180078, 2.44645012817, 0.576062789082, 8.58292711435, 20.4664832313, 3.00648213796, 4.93044570055, 12.709833273, 0.306767991367, 0.0799031476998
0.101936845912, 1.1861185226, 7.00227286487, 0.415307491892, 63.9384717464, 20.2850916193, 2.88713037162, 1.879545414, 17.5628054199, 0.180790631386, 0.649171270718
0.277103758182, 0.904488430325, 8.45856625569, 0.684980456403, 37.3007144862, 25.6021697632, 0.625869854886, 2.54835288785, 37.8111298917, 0.257346315098, 0.166666666667
