3.87466832717, 1.27886386254, 0.994724083414, 0.939534609283, 5.43120759811, 1.09985851402, 3.25221467328, 0.8431926783, 0.931054305452, 4.32203086992, 3.2593782349, 1.13801926396, 4.03016684502, 1.14250802166, 0.922385995051, 1.19136697944, 1.02196033127, 1.01961234465, 4.13571741285, 1.09903521224, 0.871492378519, 406.273918926, 1.18389810105, 3.59989319314, 1.1657555849, 5.24181268042, 1.03691125109, 55.0904920561, 8.86762838223
2.74001666164, 1.32579217569, 1.04344807489, 1.01912795356, 6.74435842838, 0.919753401566, 1.80169096787, 1.16785093345, 1.0326884006, 1.27507141201, 7.38637049947, 1.05317931104, 1.44083398795, 0.877416060661, 0.785888208053, 1.53615063687, 1.08964376896, 0.964987819432, 5.85529352455, 1.04029082725, 0.786463912415, 265.430152405, 0.976034837541, 5.38682407451, 1.07748548013, 3.56645720815, 1.04797208719, 35.6008161054, 10.7798352315
2.42768493769, 1.39565960131, 0.835589231775, 1.203782995, 1.76030425982, 0.757928764277, 2.33689512331, 0.895020500494, 1.0619171716, 5.78343731911, 7.31242442111, 1.10230453811, 2.24481164567, 1.24206172715, 0.915975380348, 1.61889030127, 1.09745790677, 0.989013926691, 9.68087705083, 0.920034370216, 0.977872042218, 392.983034889, 0.921662780054, 5.73290976443, 1.19381720601, 1.60363626208, 1.21036277766, 19.024867172, 12.1884108182
2.43350842755, 1.10139098163, 0.757974209674, 1.14928859324, 2.07772515313, 0.882568357855, 3.52210402476, 0.966095389618, 0.917069534375, 5.46992658382, 3.08002063064, 0.829956049592, 2.14478196821, 0.874706454655, 1.06784883521, 1.16521994085, 1.00596847173, 0.973651143923, 7.04286778, 1.03940852519, 0.938622867389, 237.497200881, 0.847551687254, 1.78324700435, 1.21316076766, 1.38776166232, 0.95187630145, 81.7313897912, 9.79548548829
4.96988274674, 1.23855223502, 1.60669199599, 0.895320417865, 1.8485921407, 1.14103062545, 3.95331062552, 0.961655972845, 0.960097105685, 2.19732255808, 5.24520122224, 1.13517557904, 3.72390180718, 1.06922548801, 0.931368554328, 1.15941651036, 1.16034757066, 0.983976252291, 5.80815018134, 1.01832347879, 0.82845828791, 373.785937778, 0.973156664984, 3.37572337683, 1.04770246239, 5.38571750512, 1.21447327029, 71.4705328595, 11.1821830492
2.42768493769, 1.42710771149, 0.835589231775, 1.11703727635, 1.76030425982, 0.757928764277, 2.33689512331, 0.895020500494, 1.0619171716, 5.78343731911, 7.31242442111, 0.944926095043, 2.24481164567, 1.24206172715, 0.915975380348, 1.61889030127, 1.09745790677, 0.990119449401, 9.68087705083, 0.920034370216, 0.977872042218, 392.983034889, 0.90108324007, 5.73290976443, 1.19381720601, 1.60363626208, 1.21036277766, 62.8953045995, 18.5879088743
1.30934788898, 1.40316387062, 1.39076567877, 1.09930311893, 6.45940772376, 1.04771875898, 3.23094648319, 1.24171128822, 0.926886471896, 3.61375496483, 2.85158247862, 0.870055512415, 1.95693845596, 0.991264353583, 1.01408908294, 1.08885947709, 1.10905460638, 1.19808689683, 3.25125386819, 0.922321028192, 0.794752890768, 321.512351633, 0.967807545295, 1.70438875779, 0.967387078841, 1.2334896061, 1.27288829581, 93.7123449382, 14.8102233958
5.18567372839, 1.28315586742, 0.933929079306, 1.11703727635, 5.9821804932, 1.11014741729, 2.77475349418, 1.10149795785, 1.1246649114, 4.31323578484, 3.75277823642, 0.944926095043, 2.20150455196, 1.16468391043, 0.999063645265, 1.27590905335, 1.05377116965, 1.11529240517, 6.33272888181, 1.14202837361, 0.972443304581, 17.8155054495, 1.00248791205, 2.48189539826, 1.15352588187, 3.77191249628, 0.94726963112, 111.806834434, 12.6358593514
5.53992569251, 1.10201734925, 1.62709882134, 0.970970793317, 6.82088128342, 1.0691806595, 1.48663268347, 1.12941634509, 1.12347760728, 3.93465920052, 6.09223804923, 1.13388018104, 1.07312432684, 1.19892590074, 1.01087600133, 1.23981825929, 1.09117961774, 0.861705435933, 3.90614789941, 1.0530139276, 0.931102312789, 257.640144848, 1.00263677566, 4.53894604216, 1.20685343767, 1.79846758183, 0.887504243871, 112.757259169, 12.7600309033
2.41628804479, 1.08591333023, 0.748945398665, 1.04224723493, 6.73514894322, 0.833428923352, 4.32911913941, 1.14409827914, 1.07609568357, 1.72820603573, 7.33654464374, 1.17479375105, 4.61613486307, 0.964103581061, 0.825153424744, 1.40076259453, 1.01196787117, 1.10648276255, 6.68441418327, 1.04762973411, 0.892140780906, 298.162034618, 0.995346489913, 4.18968625802, 1.16275900649, 2.89216081924, 1.06438505559, 117.723833696, 13.5365484087
4.83378081492, 1.36787562936, 1.53541024557, 1.05373616092, 4.41128356752, 1.12011146363, 1.93451113235, 0.855416779376, 1.02293089629, 6.14342005948, 3.56087707132, 0.840437406851, 1.5802656153, 1.19977053686, 0.801196626476, 1.54142827792, 1.09462027923, 0.907874491437, 7.12730913857, 0.912153916117, 0.797568472461, 184.364380585, 0.892185915457, 5.48984234374, 1.13307594571, 1.19954559337, 1.14704414941, 202.869300242, 18.9302401463
4.29527894134, 1.07983218181, 1.22945163929, 1.13738666587, 5.99284332171, 1.07671358698, 3.4614901024, 0.875475830643, 0.935251220042, 2.10279770677, 7.54276163759, 0.86738270541, 3.4252352726, 1.12702167063, 0.857972329261, 1.35793928496, 1.11239727674, 1.21858301126, 6.57856303993, 0.982667395684, 0.918539671507, 296.929092077, 1.14889541105, 4.21043990873, 1.22536443365, 3.97614637871, 1.26345931893, 138.00909389, 21.85317735
5.80576975631, 1.4191849693, 1.51314645848, 1.04447732714, 6.80415333627, 0.75006885533, 2.00530585265, 1.19343493655, 1.04936500987, 3.1633739393, 2.75903759628, 0.886359476324, 2.2907607691, 1.16222118374, 0.840479961102, 1.29457959481, 1.08453742008, 0.811399158755, 5.12685375088, 1.15639633484, 0.846687752526, 394.992440901, 1.17843133434, 2.58513121901, 0.975775590534, 3.74632000625, 1.24020831882, 310.861694698, 14.6195635716
4.08700154085, 1.19176637204, 1.6848737601, 1.08848538282, 5.2967248707, 0.817521022918, 5.15490929991, 0.999956833831, 1.06166918284, 2.28638200341, 2.81198830208, 0.885396110992, 3.47503410273, 1.22405843261, 0.920210491127, 1.18062991586, 1.11416822101, 1.16628582883, 8.74775134928, 1.00268799738, 0.965363426575, 128.36457435, 1.1222116402, 5.65293162643, 1.2126604319, 3.11781919675, 1.04159040428, 203.723686009, 15.7095371381
1.30934788898, 1.40316387062, 1.39076567877, 1.09930311893, 6.45940772376, 1.04771875898, 3.23094648319, 1.24171128822, 0.926886471896, 3.34044856418, 2.85158247862, 0.870055512415, 1.95693845596, 0.991264353583, 1.01408908294, 1.08885947709, 1.06598045121, 1.19808689683, 3.25125386819, 0.922321028192, 0.794752890768, 321.512351633, 0.967807545295, 2.12803415876, 0.967387078841, 1.2334896061, 1.27288829581, 154.236569679, 23.9526381215
4.1415568528, 1.33832308532, 1.28976790588, 1.00985575512, 2.09473683171, 1.15299770267, 3.36957049747, 0.95704683177, 1.08910288371, 3.71129038466, 7.23269950985, 0.825883204012, 4.50140957358, 1.23089302909, 1.0517449921, 1.01629900575, 1.08114370031, 1.08295247403, 9.184229298, 0.911849230865, 0.999006843875, 8.0308050279, 0.933696837352, 3.15556814496, 1.13579997483, 2.28428783376, 0.87675983657, 313.260406795, 14.9483393171
3.7651401728, 1.08114725851, 1.4819156927, 0.83909233804, 6.98078324646, 0.920767003213, 4.963456646, 0.993606067978, 1.10942880293, 6.01104851231, 6.60044857207, 0.901449007645, 3.65341355251, 1.28678977339, 0.833387282919, 1.27000909111, 1.10991897697, 1.09610595709, 8.33540721302, 0.950450518361, 0.99847570573, 224.305465146, 1.145934314, 4.05928903574, 1.11507331654, 2.80073436859, 1.0210664643, 238.4190272, 15.9229013555
1.87000969342, 1.27271572513, 1.46842541137, 0.969844446651, 6.75983715135, 0.987294805919, 2.46262591802, 1.0085048336, 1.11958134276, 1.24389666205, 4.10638372894, 1.16730567931, 2.77991733699, 0.996347932662, 1.04794609315, 1.10252169544, 1.07198464836, 1.05510673096, 9.17901787955, 1.05638727212, 0.793499946707, 114.8975763, 1.0800472948, 2.36643106896, 1.22132309265, 4.41147048303, 1.05999339273, 200.279338353, 25.3021032801
1.65379244687, 1.40025508082, 1.57452505416, 0.818753142329, 4.27645409946, 0.825257876671, 3.37317251796, 1.19150653414, 1.05619616041, 2.01639094379, 5.04458240314, 0.936345333458, 4.08980700806, 1.21834195715, 0.883455833945, 1.53019303922, 1.1397008281, 0.834966969481, 7.30778304515, 0.921318714192, 0.960067527548, 130.365863814, 1.15997932551, 4.04520798114, 1.09176362746, 2.86894337055, 0.907738026355, 437.363241082, 15.7903752251
4.18686426058, 1.33832308532, 1.28976790588, 1.00985575512, 2.09473683171, 1.15299770267, 3.36957049747, 0.95704683177, 1.08910288371, 3.71129038466, 7.23269950985, 0.825883204012, 4.50140957358, 1.23089302909, 1.0517449921, 1.01629900575, 1.08114370031, 1.08295247403, 9.184229298, 0.911849230865, 0.999006843875, 7.30046582292, 0.933696837352, 3.15556814496, 1.13579997483, 2.28428783376, 0.87675983657, 396.591187489, 15.8902814928
3.24099811668, 1.37746316551, 0.836054267338, 0.965342049632, 6.77136377692, 1.17717614515, 2.4452792934, 1.00342230641, 0.927945292889, 5.7085633494, 2.91674648447, 1.04188064473, 4.60346033696, 0.989350710406, 0.838468516209, 1.01556247884, 1.0952852669, 1.14986909032, 3.83894991015, 1.15200455104, 0.815803768679, 391.269672218, 1.00297955303, 4.57758203314, 1.10016561708, 3.18408049641, 0.978650132031, 391.412619631, 16.4246427232
3.91962411588, 1.29329118336, 1.47577590587, 0.945201140119, 5.04738765098, 0.977545490091, 2.53618851475, 0.957194470804, 1.02093368192, 4.96236652583, 6.08349469225, 0.920270067881, 1.17344864534, 0.89124900036, 1.02542131125, 1.54770152748, 1.08161829666, 1.04954845646, 4.47322433563, 1.10537241873, 0.822318771673, 303.229830934, 0.877485691308, 4.97245129913, 1.06044686596, 4.45782638473, 1.09888489138, 255.054367971, 16.4927394503
5.77057116677, 1.12564555953, 0.994724083414, 1.18153160494, 2.13226156475, 0.95889671331, 2.10759971933, 0.968058172347, 0.941876526621, 2.96151579686, 2.79039952017, 0.921582194206, 2.05843097682, 0.950828731058, 0.822831549696, 1.36302247341, 1.11242857277, 1.20705244908, 6.81877770193, 1.17775289756, 0.872169854461, 163.440646179, 1.00335590949, 2.37343742399, 1.16601994912, 1.13799898629, 0.93580674507, 228.865245749, 27.0180973301
1.08398842604, 1.31627544727, 1.18943922222, 0.820269945293, 5.53461504797, 1.03782556855, 3.26931846399, 1.01997108351, 0.939951460063, 4.90199589547, 7.33590294646, 0.987059805737, 1.4899889619, 0.846116554314, 1.04985623951, 1.21036025111, 1.0874158079, 0.886982437506, 4.12381203076, 0.974029823592, 0.98544235529, 306.112689527, 1.18466541932, 5.51226270048, 1.12467586427, 4.81194496284, 1.23945967475, 279.236052072, 17.3028840331
5.79941806249, 1.29681022523, 1.08755276171, 1.1589315456, 6.13367080794, 0.949802203862, 5.17569479323, 0.905098358273, 1.05916987469, 3.13297523246, 4.03014842008, 0.976029015389, 4.383490895, 1.06796698077, 0.991740470011, 1.34592490141, 1.07184396075, 0.898135485406, 8.1654593739, 1.18271105879, 0.817911270133, 108.077007756, 1.13654604759, 2.55045686515, 1.22203267252, 4.46952335184, 0.899155998094, 265.67723876, 20.2552483239
5.91978690295, 1.12564555953, 1.70450258521, 1.18139445792, 2.13226156475, 0.95889671331, 2.8852713592, 0.968058172347, 0.941876526621, 2.96151579686, 2.79039952017, 0.921582194206, 2.31820446887, 0.950828731058, 0.822831549696, 1.32425136092, 1.0746752349, 1.20705244908, 6.81877770193, 1.17775289756, 0.872169854461, 163.440646179, 1.13654604759, 5.3478575382, 1.16601994912, 1.87393803322, 1.11428437844, 297.146813685, 16.9183047913
5.91978690295, 1.12564555953, 0.963902965998, 1.18139445792, 2.13226156475, 0.95889671331, 2.8852713592, 0.968058172347, 0.941876526621, 2.96151579686, 2.79039952017, 0.921582194206, 2.31820446887, 0.950828731058, 0.822831549696, 1.32425136092, 1.0746752349, 1.20705244908, 6.81877770193, 1.17775289756, 0.872169854461, 163.440646179, 1.051574639, 2.37343742399, 1.16601994912, 1.87393803322, 0.93580674507, 399.310642057, 16.5940575514
1.0093264256, 1.42449751059, 1.0858963791, 1.18015981017, 4.71198927565, 0.91620252287, 2.44246173918, 0.996162698056, 1.11311458722, 2.50312568803, 3.41572731089, 1.03742729456, 3.91911516729, 1.23747279463, 0.840515321358, 1.16610185281, 1.00645399509, 0.978089552789, 3.07848426905, 0.941530767196, 0.956292914154, 61.6483657006, 1.09864371459, 5.73862543774, 1.1185640635, 3.02921648202, 1.18790864517, 282.85715963, 28.4394667397
1.0885679879, 1.42083929815, 1.61694635377, 1.21836348198, 2.22236237518, 1.13134872975, 3.14707635397, 1.1400787161, 0.926964555414, 3.09803730728, 6.96881481458, 0.917058808947, 4.76809011537, 1.16037102737, 1.04555285318, 1.45105337395, 1.03541000271, 1.09893471008, 3.76391745375, 1.18114410715, 0.79245672573, 401.718373031, 0.974698468456, 2.18587072419, 1.09400833924, 3.99834606933, 1.09077279659, 307.488335051, 21.5383195427
2.96557721387, 1.22878310592, 0.883478793749, 1.0617061776, 2.93016518814, 0.886489664512, 5.20468919471, 1.16256960203, 0.962059970368, 5.98688426406, 3.66103241665, 0.848173628377, 3.82566770691, 1.20020805816, 1.03856784392, 1.14762851371, 1.1626538254, 0.855846296499, 8.46967887104, 1.14605359687, 0.856018288016, 100.951326633, 0.910359321397, 4.82289223764, 1.13622779973, 5.18308555699, 1.29157760117, 317.363949134, 17.6131118988
2.41628804479, 1.08591333023, 0.748945398665, 1.04224723493, 6.73514894322, 0.833428923352, 4.32911913941, 1.14409827914, 1.07609568357, 1.72820603573, 7.33654464374, 1.17174321333, 1.5802656153, 0.964103581061, 0.825153424744, 1.40076259453, 1.01196787117, 1.10648276255, 7.92632554308, 1.04762973411, 0.892140780906, 298.162034618, 0.995346489913, 5.14738955392, 1.16275900649, 2.89216081924, 1.06438505559, 433.602173814, 17.2473257405
5.61573742646, 1.30735449703, 1.68613816123, 0.853747552706, 4.95532805012, 1.11014741729, 2.72140117635, 1.20546827986, 1.04664340581, 4.95005819419, 5.51433879668, 0.915143734855, 1.49522566497, 0.968124323303, 0.798651793518, 1.56882654175, 1.1486645765, 0.928628536938, 9.42199870021, 1.00351781888, 0.994030068242, 347.748304599, 1.0738270273, 4.91999445271, 1.18786896927, 4.12791271574, 1.09899668443, 465.570903621, 16.8564988962
1.65379244687, 1.40025508082, 1.57452505416, 0.818753142329, 4.27645409946, 0.825257876671, 3.37317251796, 1.19150653414, 1.05619616041, 2.01639094379, 5.04458240314, 0.936345333458, 4.00595063668, 1.21834195715, 0.883455833945, 1.53019303922, 1.1397008281, 0.834966969481, 7.30778304515, 0.932137567491, 0.960067527548, 130.365863814, 1.15997932551, 4.04520798114, 0.990567599028, 1.13799898629, 0.970965083668, 503.580900005, 16.6992687076
3.7651401728, 1.08114725851, 1.4819156927, 0.83909233804, 6.98078324646, 0.920767003213, 4.963456646, 0.993606067978, 1.10942880293, 6.01104851231, 6.60044857207, 0.901449007645, 3.65341355251, 1.28678977339, 0.833387282919, 1.27000909111, 1.10991897697, 1.09610595709, 8.33540721302, 0.950450518361, 0.772999548753, 224.305465146, 1.145934314, 4.05928903574, 1.11507331654, 2.80073436859, 0.981764833887, 304.855128923, 28.6341490186
1.40555320254, 1.03405641737, 1.01480907893, 0.928764341592, 2.82935544535, 1.18948710287, 2.32045365304, 0.953227820109, 1.03118868551, 2.32726252913, 1.60893192192, 1.00167437004, 1.71412919043, 0.995834459386, 0.785252621117, 1.24939119212, 1.01168980018, 1.1590635105, 8.88890714077, 1.00582069336, 0.861668118061, 231.166118884, 1.17830315587, 5.41986543516, 1.10127083012, 5.12661371365, 1.02503798116, 289.750779635, 29.8287360371
1.60129209903, 1.35824648818, 1.57452505416, 0.818753142329, 4.27645409946, 0.825257876671, 3.37317251796, 1.19150653414, 1.05619616041, 2.01639094379, 5.04458240314, 1.02056684978, 4.08980700806, 1.0948723234, 0.883455833945, 1.53019303922, 1.16720515681, 0.834966969481, 7.30778304515, 0.971103037383, 0.960067527548, 100.810860862, 1.15997932551, 4.04520798114, 1.09176362746, 2.86894337055, 0.907738026355, 309.500658524, 28.5367410206
5.50317151705, 1.38964786519, 1.3668088056, 1.17767000334, 6.8016766031, 0.995605433075, 1.97788679745, 0.95309879714, 0.917318097872, 3.92254370057, 2.96241947773, 1.0346079082, 3.96459728345, 1.25398495713, 0.832674030183, 1.23718363132, 1.02437106189, 1.02959716407, 4.06772221468, 0.934185341428, 0.894783946364, 236.235431812, 0.938740308645, 4.25948292664, 1.00241844151, 1.06590057479, 0.959795219127, 376.202078133, 21.1047457799
4.89739114276, 1.16008941692, 0.731377576773, 1.01312308346, 6.86571035969, 1.1038586886, 5.98137695588, 1.15154125685, 0.961522802199, 2.4500189973, 4.67582843255, 1.00448933191, 3.70490265135, 1.15731735682, 0.963934137492, 1.141693307, 1.04464883686, 1.2118156574, 8.53366083144, 1.11671716717, 0.772999548753, 205.828358189, 0.898841197291, 5.73259618046, 1.0740118525, 3.16425182038, 0.949136863617, 344.542676805, 22.3496797315
5.87416191829, 1.31572785109, 1.24525887737, 1.06592516744, 4.86621132002, 1.00087592541, 4.58760301115, 0.820845069929, 1.01095477586, 1.53176773639, 6.28686499851, 0.890505714366, 1.53844319061, 0.975067035549, 1.05486924384, 1.0855486651, 1.1066214885, 1.04401907806, 9.98671431831, 1.16614612564, 0.919936378976, 314.810466223, 1.17285737496, 1.80853285223, 1.22612726844, 1.74950087882, 1.26054734172, 412.12160842, 17.6394937336
4.59964630257, 1.06850112754, 1.14810692023, 1.00274131795, 4.85890388929, 0.812706538233, 5.14705506483, 0.950669223498, 1.0640353983, 4.1249611151, 5.5424172477, 0.912494911875, 3.65912813991, 0.8610735653, 0.787073557811, 1.35340250864, 1.06088206135, 1.07998021902, 8.92713513626, 0.910153571797, 0.819023256443, 66.7537120062, 0.893441445159, 2.91696409939, 1.14542942372, 1.53615297009, 1.19254492401, 346.738732337, 21.6323172743
2.59360295856, 1.38478707329, 1.33063440903, 0.927741171165, 6.8061797661, 1.01111728499, 5.11847700682, 1.01056416177, 0.914989015331, 1.70672880992, 6.41863988455, 0.988236471382, 4.84073167338, 0.89687978157, 1.07972300051, 1.47872969299, 1.14410108149, 0.923248637795, 6.7827695965, 1.021522605, 0.770161203291, 139.723544495, 1.05936296918, 3.48715735815, 0.993449540562, 1.37111508469, 0.952422565216, 506.182478884, 17.1267464752
2.20257062164, 1.07800882244, 1.08654794535, 1.11692996218, 1.55063134698, 0.881052685643, 5.7156601011, 1.10821754143, 0.909758313568, 3.09511276392, 2.80135250784, 0.890699113369, 1.43233723276, 0.856561832629, 0.875058911546, 1.51902707216, 1.0946997609, 1.1386495302, 7.00431796392, 1.01092968406, 0.922852264336, 30.0020697111, 1.19617131873, 2.12104769408, 1.06460222573, 4.6639870403, 1.27314317212, 305.473758485, 30.9778620097
1.97388569221, 1.25783945933, 1.50105736214, 1.12002270936, 4.27901527747, 1.18772402668, 4.3570963532, 1.19872555493, 1.01393089303, 4.76987499371, 5.36529967937, 0.900319381346, 1.85689886974, 1.12443191118, 0.935227934961, 1.50386283052, 1.0542812347, 1.06951630741, 5.86458457698, 1.03681741219, 0.790628942482, 197.145567892, 0.874736255072, 2.58800031065, 1.07816099987, 4.2634073315, 1.19254492401, 318.725305637, 29.8933270957
2.17076592371, 1.22672857535, 1.56253436684, 1.16518368549, 2.07715230398, 1.1725910244, 2.30385842565, 1.06734216542, 0.96602847899, 3.52365815862, 6.56602648444, 0.923499280868, 4.7979571362, 1.18513597619, 0.868603821934, 1.32985513977, 1.05981099215, 0.984888140962, 6.26598707629, 1.049826223, 0.92652376854, 173.400444535, 1.09201421562, 2.75551740445, 1.08672832765, 5.44886898661, 0.984656095413, 448.137560033, 19.2001368732
3.01106788088, 1.41265860853, 1.65223758118, 0.858607300281, 4.32921751413, 0.804807661982, 3.10033113828, 1.10956618612, 1.11027281742, 1.49443980204, 6.77182703683, 1.01667370152, 4.73624922928, 1.23194681528, 0.925885225642, 1.21817877288, 1.10921802935, 1.18557429193, 4.99078369808, 1.10987523995, 0.778903153156, 402.994604298, 0.962327152578, 3.16463866939, 1.06401781484, 2.27239360778, 0.887215611205, 427.67674058, 23.1651166998
1.87000969342, 1.27271572513, 1.46842541137, 0.969844446651, 6.75983715135, 0.987294805919, 2.46262591802, 1.0085048336, 1.11958134276, 1.24389666205, 4.10638372894, 1.16730567931, 2.77991733699, 0.996347932662, 1.04794609315, 1.10252169544, 1.07198464836, 1.05510673096, 9.17901787955, 1.05638727212, 0.793499946707, 114.8975763, 1.15997932551, 2.36643106896, 1.04232656399, 4.41147048303, 1.05999339273, 525.152081746, 17.9953807456
2.9979233121, 1.10201734925, 1.62709882134, 0.970970793317, 6.82088128342, 1.0691806595, 1.48663268347, 1.12941634509, 1.12347760728, 3.93465920052, 6.09223804923, 0.959695758527, 1.07312432684, 1.19892590074, 0.947784345592, 1.23981825929, 1.09117961774, 0.861705435933, 3.90614789941, 1.0530139276, 0.931102312789, 257.640144848, 1.00263677566, 4.53894604216, 1.20685343767, 1.79846758183, 0.887504243871, 350.834839376, 30.5692742129
3.48768058005, 1.31080730779, 1.73411207927, 1.06456704873, 4.45514957455, 0.892997531849, 1.1556055151, 1.01904141637, 1.01111383134, 4.66323418968, 2.41574250287, 0.843094495947, 2.56770317675, 1.07445500072, 0.898649329452, 1.27423809717, 1.07025521491, 1.21624983504, 4.41858571008, 0.991672008102, 0.982757788683, 57.4110186782, 1.1992296743, 4.97853725042, 1.00900985777, 4.62310650182, 1.12002281016, 352.51657734, 30.1776167364
2.9979233121, 1.10201734925, 1.73766898833, 0.970970793317, 6.82088128342, 1.08197073508, 1.48663268347, 1.12941634509, 1.12347760728, 3.93465920052, 6.09223804923, 0.959695758527, 4.06820453125, 1.19892590074, 0.947784345592, 1.23981825929, 1.09117961774, 0.861705435933, 5.91522383743, 1.0530139276, 0.931102312789, 257.640144848, 1.00263677566, 4.53894604216, 1.20685343767, 1.79846758183, 0.887504243871, 481.178955848, 19.5452060523
4.26173057557, 1.39383250287, 0.965539251625, 0.812851315691, 4.32639677569, 1.03691808896, 1.17593384411, 1.1830448922, 1.08585495277, 4.26016876099, 2.5153679805, 1.19799440807, 2.82477354957, 0.947550455589, 1.06923410952, 1.54823172561, 1.14618585075, 0.853835375719, 4.7310078605, 1.16445911132, 0.894655488502, 92.3821434465, 0.893650477925, 1.14945902772, 1.20018919299, 1.02288725391, 0.989771184926, 470.237370383, 19.8462088325
3.56621699691, 1.31368678029, 0.820767769615, 1.19236999964, 3.57430753336, 1.01051780341, 1.61624717537, 0.887707518243, 1.13109401273, 3.32453302088, 3.33240913766, 1.13388018104, 2.68847122294, 0.944194743613, 1.07550163336, 1.40938527886, 1.14302855054, 1.20926173749, 8.08012753361, 0.937136148991, 0.912010627739, 269.120688357, 1.10693461842, 2.96197510917, 0.993391909446, 3.828112628, 0.997570634325, 606.435681036, 18.3107521469
3.48768058005, 1.31080730779, 1.73411207927, 1.06456704873, 4.45514957455, 0.892997531849, 1.1556055151, 1.01904141637, 1.01111383134, 4.66323418968, 2.41574250287, 0.843094495947, 4.99376050149, 0.93937560605, 0.982271930982, 1.27423809717, 1.07025521491, 1.21624983504, 4.41858571008, 0.991672008102, 0.982757788683, 57.4110186782, 1.1992296743, 4.97853725042, 1.00900985777, 4.62310650182, 1.12002281016, 380.365455918, 31.2769755869
2.19129464745, 1.21782719536, 1.03828753479, 0.823763394005, 2.22405463525, 0.732037870327, 4.50010668542, 0.845102170512, 0.970101971817, 5.24192281465, 7.51989775955, 1.18150774064, 2.14660833332, 1.15627240484, 1.03705347794, 1.27744602227, 1.03042651898, 0.99930786359, 5.50786249832, 1.01113597696, 0.991554033958, 322.982323126, 1.0162259782, 5.15655813755, 0.999002320158, 2.7108325417, 1.22209176533, 393.253501614, 30.186511782
3.82973205053, 1.31393601773, 0.916031358593, 1.05275052132, 3.48857071866, 1.18976233779, 2.86667274197, 1.04420066211, 1.12061122071, 2.48747231144, 6.06269295264, 0.969409391273, 4.38474181623, 1.22320531276, 0.797742939247, 1.44652417476, 1.0208556578, 0.860439197673, 7.97759990915, 1.04878823125, 0.961437600593, 338.709715245, 1.03255705183, 1.93915959929, 1.1366413561, 1.73599688929, 1.1910882874, 477.297996292, 20.2561674136
1.59011672996, 1.1938017157, 1.507931225, 0.842065974773, 6.55525645302, 0.764161175875, 1.45897808736, 1.20192486112, 0.92518664429, 2.4500189973, 5.85115506236, 0.891893415256, 3.72134454926, 1.28291965205, 0.809346662227, 1.62555442956, 1.08628608014, 0.928944669684, 6.74360228464, 1.14823020019, 0.92348118209, 342.948421866, 1.02157407641, 3.63332934209, 0.954404007633, 2.43657380539, 1.28080943594, 472.695598176, 23.8972890129
5.77641385003, 1.24086686077, 1.04970133976, 1.14946387643, 4.81537399075, 1.18611873754, 5.38951548848, 0.906974398749, 1.12480400487, 4.06507500664, 3.33711296359, 1.17224490003, 2.42027465093, 0.900205785181, 1.01918911499, 1.35008747329, 1.14400098075, 0.840863472833, 9.10043066265, 1.12208587882, 0.77653126396, 101.358825298, 0.855484574898, 3.26521931852, 1.06782528712, 1.84907788029, 1.09995523221, 649.853827406, 19.0362069828
2.19129464745, 1.21782719536, 1.03828753479, 0.823763394005, 2.22405463525, 0.732037870327, 4.50010668542, 0.845102170512, 0.970101971817, 3.79601639683, 7.51989775955, 1.18150774064, 2.34791802408, 1.15627240484, 1.03705347794, 1.27744602227, 1.07524563258, 0.99930786359, 5.50786249832, 1.01113597696, 0.991554033958, 260.017487371, 1.0162259782, 5.15655813755, 0.999002320158, 2.7108325417, 1.22209176533, 660.710632769, 18.4066867841
3.64483208611, 1.42499988568, 1.17802360713, 1.14774944309, 1.86684091014, 0.777173342564, 5.95357717365, 1.22754334282, 0.942660689168, 5.50400076972, 2.53316842724, 0.932860101225, 4.03016684502, 0.92941476523, 0.887625687931, 1.32164650742, 1.01790352993, 0.939995799126, 4.39069969094, 1.18400038536, 0.849410099532, 67.9697149506, 0.840841284306, 4.53828387556, 1.16745252998, 3.478655073, 1.03794009359, 459.920393482, 30.8940192519
1.85047880019, 1.34735007469, 1.29703855539, 1.06336849747, 2.22289227122, 0.769367953994, 5.77780443981, 1.06663089065, 0.940734451456, 3.50506532678, 7.63577902615, 0.810462309158, 1.61838476904, 1.07478881429, 0.926967717155, 1.42397001332, 1.08085774221, 1.12560035552, 9.35121858878, 1.0771377049, 0.793063636191, 101.157120372, 1.09167412469, 2.96197510917, 1.061742378, 4.24179106668, 1.12862818938, 449.265754811, 33.1359777136
5.89089486586, 1.36176554073, 1.62458552163, 1.18580128164, 5.11238979184, 0.8738914606, 5.53958318883, 0.918908869092, 1.06030876783, 5.68877457798, 2.74442994282, 1.03513127719, 4.39947032451, 1.24840252342, 1.01017492828, 1.25512175048, 1.15754527557, 0.947354519416, 3.3849505226, 1.03966073851, 0.894789994451, 170.432488042, 1.04112697124, 5.26485442527, 0.963906431514, 4.61130169191, 1.00628094231, 553.025987015, 20.5247370202
2.41628804479, 1.08591333023, 0.748945398665, 1.04224723493, 6.73514894322, 0.833428923352, 4.32911913941, 1.14409827914, 1.07609568357, 1.72820603573, 7.33654464374, 1.17479375105, 4.61613486307, 1.2664843595, 0.825153424744, 1.40076259453, 1.05172060208, 0.961007831035, 6.68441418327, 1.04762973411, 0.925458720314, 298.162034618, 0.962067153717, 4.18968625802, 1.16275900649, 2.89216081924, 0.877600706461, 489.388076529, 25.5492452401
4.89739114276, 1.2990394445, 0.731377576773, 1.01312308346, 6.86571035969, 1.1038586886, 5.98137695588, 1.15154125685, 0.961522802199, 1.26905771033, 6.77632697807, 1.00448933191, 3.70490265135, 1.15731735682, 0.963934137492, 1.141693307, 1.05406180635, 1.2118156574, 8.53366083144, 1.11671716717, 0.772999548753, 205.828358189, 0.898841197291, 5.73259618046, 1.0740118525, 3.16425182038, 0.949136863617, 668.051882199, 19.2157910628
5.40125294597, 1.10993821029, 1.14911257469, 1.19911850597, 5.64893763063, 0.938549526415, 2.70753038221, 1.05911546142, 1.13831420113, 4.72538918563, 2.70967948173, 1.02056684978, 4.19342013926, 1.18513597619, 0.916748499514, 1.37814880059, 1.07871981985, 0.956370961569, 9.12669689953, 1.12970855249, 0.897169544434, 100.810860862, 1.07986591243, 5.58826905322, 0.999104243951, 4.88175975498, 1.07715243474, 472.06573016, 32.1480288364
2.20257062164, 1.07800882244, 1.08654794535, 1.11692996218, 1.55063134698, 0.97179686931, 5.7156601011, 1.10821754143, 0.909758313568, 3.09511276392, 2.80135250784, 0.890699113369, 1.43233723276, 0.856561832629, 0.875058911546, 1.51902707216, 1.08375782675, 1.1386495302, 4.34102699238, 1.03472894148, 0.922852264336, 30.0020697111, 1.19617131873, 2.12104769408, 1.06460222573, 4.6639870403, 1.27314317212, 458.646795825, 33.2226768917
2.56024147002, 1.12568201525, 1.27083212276, 0.866761080684, 6.56519691497, 1.01879481448, 1.41621926141, 0.936756914573, 1.11675970572, 1.72919747126, 5.59792149533, 0.902729416109, 1.92464216486, 0.964103581061, 0.961863581886, 1.49612841109, 1.01196787117, 0.886885807843, 6.68441418327, 0.942774128777, 0.919690889748, 273.968900962, 0.928855163353, 3.17468454255, 1.07189250124, 2.89216081924, 1.06438505559, 577.653378851, 21.1354635003
3.87466832717, 1.40981217486, 0.963902965998, 0.939534609283, 5.43120759811, 1.09985851402, 3.25221467328, 0.8431926783, 0.942383760982, 4.32203086992, 3.2593782349, 1.13801926396, 4.03016684502, 1.24269479105, 0.922385995051, 1.19136697944, 1.0702941865, 1.01961234465, 4.13571741285, 1.09903521224, 0.871492378519, 406.273918926, 1.18389810105, 3.59989319314, 1.1657555849, 5.05217328376, 1.03691125109, 559.443651598, 26.0260033673
4.26173057557, 1.39383250287, 0.965539251625, 0.812851315691, 4.32639677569, 1.03691808896, 1.17593384411, 1.1830448922, 1.08585495277, 5.25951994721, 2.5153679805, 1.19799440807, 1.46809075767, 0.947550455589, 1.06923410952, 1.54823172561, 1.14618585075, 0.853835375719, 8.88890714077, 1.16445911132, 0.894655488502, 92.3821434465, 0.893650477925, 1.14945902772, 1.22971176822, 1.02288725391, 0.989771184926, 746.663786251, 19.2358042978
3.87434111047, 1.23736742677, 1.06168939573, 0.954215535861, 6.10913320895, 0.876864372384, 4.64405755665, 0.843386219013, 1.09169356558, 5.8429342038, 5.27323897073, 1.02217881722, 4.99376050149, 1.08140196809, 1.04780490104, 1.2457330668, 1.06738986226, 0.924054454999, 3.88262998762, 1.04164424352, 0.88366525842, 177.105235874, 1.02374927891, 1.78163634213, 1.09176362746, 3.85703764771, 1.08564344518, 771.722194256, 19.2331829708
5.80471530295, 1.22596113114, 0.78943477835, 0.945201140119, 6.42918414744, 0.714300267143, 2.53618851475, 0.957194470804, 1.09210926644, 2.79657185824, 6.08349469225, 1.1051203636, 1.12790860097, 1.20725676765, 1.02542131125, 1.37126057665, 1.08161829666, 1.04954845646, 4.47322433563, 1.10537241873, 0.822318771673, 164.429007111, 0.877485691308, 4.97245129913, 1.06044686596, 4.57832463986, 1.09888489138, 681.071898045, 19.3359504323
1.80755295364, 1.29067150576, 1.18768665087, 0.867873349835, 3.96228436829, 0.977545490091, 5.57357575366, 0.946150988475, 0.937541781675, 5.4764781627, 6.13572592104, 0.920270067881, 3.99684629775, 0.876226530311, 1.01653398345, 1.54267494304, 1.07764815527, 1.00815344951, 8.93957949849, 1.17620429989, 0.931647562316, 298.043637604, 1.02184448273, 4.16949682625, 1.0761316702, 5.40006426562, 0.888035702722, 513.511101899, 33.84639502
1.08398842604, 1.31627544727, 1.18943922222, 0.820269945293, 5.53461504797, 1.03782556855, 3.26931846399, 0.896767583006, 0.939951460063, 4.90199589547, 7.33590294646, 0.987059805737, 1.60384920489, 0.846116554314, 1.04985623951, 1.21036025111, 1.0874158079, 0.84456400195, 5.76020084618, 0.974029823592, 0.98544235529, 370.74305105, 1.18466541932, 5.51226270048, 1.12467586427, 3.99834606933, 1.23945967475, 588.399735165, 21.269877251
1.59011672996, 1.1938017157, 1.507931225, 0.842065974773, 6.55525645302, 0.764161175875, 1.45897808736, 1.20192486112, 0.92518664429, 2.4500189973, 5.85115506236, 0.891893415256, 3.72134454926, 1.28291965205, 0.809346662227, 1.62555442956, 1.08628608014, 0.948051983698, 6.74360228464, 1.14823020019, 0.92348118209, 336.231132109, 1.02157407641, 3.63332934209, 0.954404007633, 2.75716888997, 1.19301179458, 587.465582962, 26.1985627532
5.53033325215, 1.32822096378, 1.09489780631, 0.971943333971, 2.00484762205, 0.937296000063, 3.147328139, 0.862583144998, 0.90938320918, 5.25797326723, 5.24951656517, 1.19387770134, 4.5499352828, 1.02049424119, 0.969487294332, 1.33799696625, 1.04048467265, 0.859431309672, 7.74854069831, 1.12623700499, 0.901035239357, 299.16528923, 1.02152154256, 3.19912982363, 1.12569857565, 2.25988603154, 1.12432382894, 795.110638477, 19.2566696159
1.47400029138, 1.33727199492, 1.63654128224, 1.19712971977, 3.74037287709, 1.13581716276, 3.31464686958, 1.00636584717, 1.13821290404, 2.5802620678, 2.23207748557, 1.03263982806, 1.86257058516, 1.11943159877, 1.06153314269, 1.41893236296, 1.07814911773, 0.843397018059, 4.9682687677, 1.17745320017, 0.897066059524, 10.7814975069, 0.876167329481, 4.00470668776, 1.01639470862, 4.03099239354, 1.28367403015, 737.277199187, 19.6385936199
1.08398842604, 1.12564555953, 0.994724083414, 1.18139445792, 2.13226156475, 0.95889671331, 3.24455334889, 0.968058172347, 0.941876526621, 2.96151579686, 2.79039952017, 0.921582194206, 3.28678963284, 0.950828731058, 0.822831549696, 1.36302247341, 1.11242857277, 1.20705244908, 6.81877770193, 1.17775289756, 0.820367105891, 163.440646179, 1.051574639, 1.96606471038, 1.16601994912, 1.55312658853, 0.93580674507, 560.45586098, 33.8939540963
2.94613276329, 1.1655846059, 1.18768665087, 0.867873349835, 3.96228436829, 0.977545490091, 5.57357575366, 0.946150988475, 1.03621193293, 3.82508112638, 6.13572592104, 0.920270067881, 3.99684629775, 0.89124900036, 1.01653398345, 1.54267494304, 1.07764815527, 1.00815344951, 8.93957949849, 1.17620429989, 0.931647562316, 298.043637604, 0.895120494, 4.16949682625, 1.0761316702, 5.40006426562, 0.888035702722, 526.188438817, 34.0467488574
1.01902972721, 1.42449751059, 1.0858963791, 1.2089039888, 4.71198927565, 0.91620252287, 2.44246173918, 1.13320981067, 1.11659980921, 2.50312568803, 3.41572731089, 1.03742729456, 3.91911516729, 0.965041930917, 0.840515321358, 1.16610185281, 1.00645399509, 0.978089552789, 3.07848426905, 0.941530767196, 0.956292914154, 236.235431812, 1.09864371459, 5.73862543774, 1.1185640635, 1.06590057479, 1.18790864517, 671.392631375, 21.5554241787
3.56621699691, 1.31368678029, 0.820767769615, 1.19236999964, 3.57430753336, 1.01051780341, 1.61624717537, 0.887707518243, 1.13109401273, 3.32453302088, 4.14679288395, 1.13388018104, 2.68847122294, 0.944194743613, 0.821697700102, 1.40938527886, 1.14302855054, 1.20926173749, 8.08012753361, 0.937136148991, 0.912010627739, 269.120688357, 1.10693461842, 4.16038145922, 0.993391909446, 3.828112628, 0.997570634325, 601.841661804, 26.806374877
1.21266171684, 1.18161193635, 1.68670944612, 1.18131750494, 6.71105792193, 0.977655452648, 3.26892023851, 1.09189655579, 1.04872091363, 5.75458717906, 1.58951681805, 0.844816786016, 2.75100883306, 0.811481739035, 1.03711604505, 1.47193644585, 1.04575596609, 0.838458162281, 3.76936131284, 0.98837201031, 0.930373305443, 117.355184535, 0.963938149123, 5.56999938082, 1.03906675575, 3.55120269738, 1.0315963568, 865.604551805, 19.377792504
5.43692470143, 1.40058857453, 1.10275683144, 0.827165312375, 3.77690876816, 1.06523805924, 1.81759432499, 1.08368438838, 1.04957195842, 6.14173269226, 2.25435288433, 0.856719526186, 2.77307155687, 1.10056110742, 0.982116287643, 1.28800022561, 1.09931834703, 0.933395471431, 7.23246569171, 0.918084890949, 0.798085656448, 85.4140139629, 0.900919061726, 1.39098885261, 0.988124922671, 1.05338963731, 0.949798324968, 769.134089946, 20.1038365891
5.79727356637, 1.39383250287, 0.965539251625, 0.927426278187, 4.13706735638, 1.03691808896, 3.2399571715, 1.1830448922, 1.08585495277, 4.26016876099, 2.5153679805, 0.939360712025, 1.22839971487, 0.947550455589, 1.06923410952, 1.28800022561, 1.14618585075, 0.853835375719, 4.7310078605, 1.16445911132, 0.894655488502, 92.3821434465, 0.893650477925, 1.14945902772, 1.07031613609, 1.02288725391, 0.989771184926, 774.932276086, 19.706310254
1.65379244687, 1.40025508082, 1.57452505416, 0.818753142329, 4.27645409946, 0.825257876671, 3.37317251796, 1.19150653414, 1.05619616041, 2.01639094379, 5.04458240314, 0.936345333458, 4.08980700806, 1.21834195715, 0.883455833945, 1.53019303922, 1.1397008281, 0.834966969481, 7.30778304515, 0.921318714192, 0.960067527548, 130.365863814, 1.0800472948, 4.04520798114, 1.09176362746, 2.86894337055, 0.907738026355, 532.148201954, 34.6140522432
5.43692470143, 1.40058857453, 1.10275683144, 0.827165312375, 3.77690876816, 1.06523805924, 1.81759432499, 1.08368438838, 1.04957195842, 6.14173269226, 2.25435288433, 0.856719526186, 2.77307155687, 1.10056110742, 0.952699261156, 1.28800022561, 1.09931834703, 0.842858286338, 5.3412597829, 0.918084890949, 0.798085656448, 85.4140139629, 0.900919061726, 1.85162544231, 0.988124922671, 1.05338963731, 0.949798324968, 732.574782424, 21.6988122968
5.42444810968, 1.32817844676, 1.03161438369, 0.82291430216, 3.77931945959, 1.06595011034, 4.75076823132, 1.0425019964, 1.10748286134, 2.5558591143, 3.90794905455, 1.13834486958, 3.46257043313, 1.25748512783, 0.824811812158, 1.09356330423, 1.15762953559, 0.846043150575, 5.18883987202, 1.0314546046, 0.880221021829, 202.426568132, 1.15564512666, 5.78832473267, 1.09712484477, 4.34101634661, 1.18451917707, 695.628748309, 22.1405390702
4.01562950671, 1.19176637204, 1.6848737601, 1.08848538282, 5.2967248707, 0.817521022918, 5.15490929991, 0.999956833831, 1.06166918284, 2.28638200341, 2.81198830208, 0.885396110992, 2.46616319527, 1.18880648615, 0.86993618352, 1.18062991586, 1.11416822101, 1.22629800555, 8.74775134928, 1.00268799738, 0.965363426575, 128.36457435, 1.1222116402, 5.65293162643, 1.2126604319, 3.11781919675, 1.04159040428, 650.803069341, 27.1332360518
5.53992569251, 1.10201734925, 1.62709882134, 0.843935995645, 6.82088128342, 1.0691806595, 1.48663268347, 1.12941634509, 1.12347760728, 3.93465920052, 6.09223804923, 1.02184499912, 1.07312432684, 1.19892590074, 1.01087600133, 1.23981825929, 1.09117961774, 0.861705435933, 3.03890709639, 1.0530139276, 0.931102312789, 257.640144848, 1.00263677566, 4.53894604216, 1.20685343767, 1.31617481919, 0.887504243871, 670.407234069, 27.0984893245
5.80576975631, 1.23818769885, 1.51314645848, 1.04447732714, 6.79373068057, 0.776941765814, 2.00530585265, 1.19343493655, 1.08432489174, 3.1633739393, 2.75903759628, 0.81892946523, 4.50140957358, 1.057760927, 0.936550546667, 1.29457959481, 1.08453742008, 0.811399158755, 5.12685375088, 1.15639633484, 0.999006843875, 399.276416434, 1.17565635967, 5.65856904056, 0.975775590534, 3.74632000625, 1.24020831882, 805.517982715, 20.7880673341
3.87434111047, 1.23736742677, 1.06168939573, 0.954215535861, 6.10913320895, 0.876864372384, 4.64405755665, 1.04907838433, 1.09169356558, 5.8429342038, 5.27323897073, 1.02217881722, 4.99376050149, 1.08140196809, 1.04780490104, 1.2457330668, 1.06738986226, 0.924054454999, 3.88262998762, 1.04164424352, 0.878663443388, 177.105235874, 1.02374927891, 1.78163634213, 0.990567599028, 3.85703764771, 1.1568236791, 848.220090556, 20.0438970954
2.74001666164, 1.32579217569, 1.04344807489, 1.01912795356, 6.74435842838, 0.919753401566, 1.80169096787, 1.07658883584, 1.0326884006, 1.27507141201, 7.38637049947, 1.05317931104, 1.44083398795, 0.877416060661, 0.785888208053, 1.58962230007, 1.08964376896, 0.964987819432, 5.85529352455, 1.04029082725, 0.95235779146, 279.71646751, 0.976034837541, 5.38682407451, 1.07748548013, 3.56645720815, 1.04797208719, 548.525946614, 35.5366459866
1.08398842604, 1.31627544727, 1.16671677761, 0.820269945293, 5.53461504797, 0.761409427617, 3.26931846399, 1.01997108351, 0.939951460063, 4.90199589547, 7.33590294646, 1.04156125132, 1.4899889619, 0.820739841269, 1.04794609315, 1.49625872081, 1.0874158079, 0.886982437506, 4.12381203076, 0.974029823592, 0.98544235529, 306.112689527, 1.18466541932, 5.51226270048, 1.12467586427, 4.2129101745, 1.23945967475, 728.205442654, 23.9973385345
5.40125294597, 1.10993821029, 1.14911257469, 1.19911850597, 5.64893763063, 0.938549526415, 2.70753038221, 1.05911546142, 1.13831420113, 4.72538918563, 2.70967948173, 1.02056684978, 4.19342013926, 1.16725488186, 0.916748499514, 1.37814880059, 1.07871981985, 0.956370961569, 8.16809579633, 1.12970855249, 0.975896931137, 100.810860862, 1.07986591243, 5.58826905322, 0.999104243951, 4.88175975498, 1.07715243474, 742.961622084, 23.4245087764
5.89089486586, 1.28784386842, 1.38172901861, 1.19299775972, 1.6750361781, 0.8738914606, 1.6925310265, 1.09862979649, 0.975382817925, 3.3217635884, 2.75079216886, 1.09861456962, 3.01883929751, 0.83985235563, 0.821329292473, 1.170021443, 1.14595767678, 0.811430213235, 5.70734820428, 1.11019391577, 0.800207247331, 242.09183525, 1.17047049417, 1.29512004224, 1.23300303221, 4.22386539729, 1.26256903971, 775.00778405, 22.2814747851
5.87416191829, 1.31572785109, 1.24525887737, 1.06592516744, 4.86621132002, 1.00087592541, 4.58760301115, 0.820845069929, 1.01095477586, 1.53176773639, 6.28686499851, 0.890505714366, 1.53844319061, 0.975067035549, 1.05486924384, 1.0855486651, 1.1066214885, 1.04401907806, 9.98671431831, 1.16614612564, 0.919936378976, 314.810466223, 1.17285737496, 1.80853285223, 1.22954448249, 1.74950087882, 1.26054734172, 694.078840848, 28.8028180777
5.53033325215, 1.32822096378, 1.09489780631, 0.971943333971, 2.00484762205, 0.937296000063, 3.147328139, 0.862583144998, 0.90938320918, 5.25797326723, 5.24951656517, 1.19387770134, 4.5499352828, 1.02316646106, 0.969487294332, 1.33799696625, 1.08579198104, 0.859431309672, 7.74854069831, 1.12623700499, 0.901035239357, 299.16528923, 1.02152154256, 3.19912982363, 1.12569857565, 3.27081198858, 1.12432382894, 819.238429128, 20.9387729367
3.48768058005, 1.31080730779, 1.73411207927, 1.06456704873, 4.45514957455, 0.892997531849, 1.1556055151, 1.01904141637, 1.01111383134, 4.66323418968, 2.41574250287, 0.843094495947, 4.99376050149, 0.93937560605, 0.982271930982, 1.27423809717, 1.07025521491, 1.21624983504, 4.41858571008, 0.991672008102, 0.982757788683, 34.2423783398, 1.1992296743, 4.97853725042, 1.00900985777, 4.62310650182, 1.28080943594, 919.766540529, 20.1641878613
5.80471530295, 1.22596113114, 0.78943477835, 0.945201140119, 6.42918414744, 0.714300267143, 2.53618851475, 0.957194470804, 1.09210926644, 4.96236652583, 6.08349469225, 1.1051203636, 1.17344864534, 1.20725676765, 1.02542131125, 1.54770152748, 1.08161829666, 1.04954845646, 4.47322433563, 1.10537241873, 0.822318771673, 164.429007111, 0.877485691308, 4.97245129913, 1.06044686596, 4.45782638473, 1.09888489138, 608.608803115, 37.5162989895
1.97388569221, 1.25783945933, 1.50105736214, 1.06246159435, 4.27901527747, 1.18772402668, 4.3570963532, 1.19872555493, 1.01393089303, 4.76987499371, 5.36529967937, 0.898093727318, 1.85689886974, 1.19477714064, 0.935227934961, 1.50386283052, 1.0542812347, 1.06951630741, 3.78262606862, 1.03681741219, 0.771318007784, 197.145567892, 0.874736255072, 2.58800031065, 1.07816099987, 4.2634073315, 1.19254492401, 996.813097338, 20.4637574295
5.77641385003, 1.24086686077, 1.04970133976, 1.14946387643, 4.81537399075, 1.18611873754, 5.38951548848, 0.906974398749, 1.12480400487, 4.06507500664, 3.33711296359, 1.17224490003, 2.42027465093, 0.900205785181, 1.01918911499, 1.35008747329, 1.14400098075, 0.840863472833, 9.10043066265, 1.01092968406, 0.77653126396, 101.358825298, 0.855484574898, 3.26521931852, 1.06782528712, 1.58430322838, 1.09995523221, 758.532088805, 23.7935207387
2.80467537789, 1.10139098163, 0.73534130887, 1.14928859324, 2.07772515313, 1.08803546219, 3.52210402476, 0.966095389618, 0.960097105685, 5.46992658382, 3.08002063064, 0.829956049592, 2.14478196821, 0.874706454655, 1.06784883521, 1.16521994085, 1.00596847173, 0.973651143923, 7.04286778, 1.03940852519, 0.938622867389, 237.497200881, 0.847551687254, 1.78324700435, 1.21316076766, 1.38776166232, 0.95187630145, 650.809375411, 35.6617628318
4.1415568528, 1.33832308532, 1.28976790588, 1.00985575512, 1.95734151113, 1.15021581943, 3.36957049747, 0.95704683177, 1.08910288371, 3.71129038466, 7.23269950985, 0.825883204012, 4.50140957358, 1.23089302909, 1.01932695891, 1.01629900575, 1.08114370031, 1.08295247403, 9.184229298, 0.911849230865, 0.999006843875, 8.0308050279, 0.933696837352, 3.15556814496, 1.0432395066, 2.28428783376, 0.87675983657, 829.840442433, 23.3496596571
