3.44600582574, 1.02379909777, 1.72853724486, 1.00000095681, 5.64765389878, 1.0607403552, 4.73456900966, 1.26000083474, 1.0000005561, 5.79027416226, 3.89273718631, 1.0913799712, 3.8017790703, 1.0987733635, 1.01133231347, 1.16795882686, 1.0538817565, 1.07282511648, 5.4991939408, 1.00000066455, 1.00000021477, 77.3386499285, 1.0311658771, 3.98618014977, 0.996022270817, 3.82738939919, 0.870000881863, 12.5603243741, 3.75335120643
4.43355404901, 1.37775838283, 1.41900020563, 1.00000077213, 5.72219969139, 1.05316985505, 1.70408598355, 1.26000087172, 1.00000080624, 5.31023604301, 5.55342647058, 1.0896314491, 1.29790705292, 1.06009309767, 1.01378032823, 1.3112014576, 1.08485432178, 0.923098668734, 8.12439134144, 1.00000035265, 1.00000098882, 100.768088626, 1.07270139035, 3.56646894135, 1.06915669792, 3.98266186954, 0.87000074791, 43.4913193679, 2.68096514745
2.9895760976, 1.14946788253, 1.7360813288, 1.00000097593, 6.00514090209, 1.16431438014, 4.96914943518, 1.2600001576, 1.00000042954, 5.43381014586, 6.02503450098, 1.09186552498, 2.11649020374, 1.0968949591, 1.01999484429, 1.0307464039, 1.01317276234, 0.913436717039, 6.8528965995, 1.00000046129, 1.00000098827, 93.8180834579, 0.955126352975, 5.35617627118, 1.05417750905, 3.90136464656, 0.870000546277, 919.754839375, 0.0
3.09407126768, 1.34778217365, 1.57325375082, 1.00000059305, 4.81062988223, 1.01092607696, 1.65440408903, 1.26000056731, 1.00000058385, 5.23773847693, 4.79812216545, 1.08111783921, 2.14158784622, 1.03906196747, 1.06180630959, 1.19594430972, 1.16385495525, 0.979545356859, 7.37573898077, 1.0000000353, 1.00000068574, 118.006868034, 1.07057193855, 2.82793305837, 1.04577206959, 4.09442773872, 0.870000128869, 367.851101519, 1.34048257373
1.55271278004, 1.23390382754, 1.53034583728, 1.00000066778, 6.53018431618, 1.00094088264, 4.5620995263, 1.26000086642, 1.00000016416, 5.57324674971, 6.00346797098, 1.07151813326, 1.46214400036, 1.05403879529, 1.03455527192, 1.00427871272, 1.16189300773, 1.08048004095, 9.31850452893, 1.00000043401, 1.00000015818, 88.9011105998, 0.972681126109, 3.6148452836, 0.988912429177, 3.33133466473, 0.870000557193, 58.0171084406, 2.14477211796
4.57995246587, 1.07370143597, 1.51467434668, 1.00000057031, 4.27782060756, 1.06180656902, 3.03313011211, 1.26000046809, 1.00000098194, 5.86692553129, 3.5966425475, 1.0570780391, 1.32480798141, 1.11115693292, 1.05002774716, 1.57784065867, 1.02634847784, 1.01508455191, 6.90725803964, 1.00000011431, 1.00000016044, 114.169809696, 1.05551256284, 3.10654519774, 1.0660157036, 4.22542164472, 0.870000631738, 378.149775667, 0.268096514745
4.09113787638, 1.06138170787, 1.63014816494, 1.00000096929, 5.61097170488, 1.13303229828, 5.41693497675, 1.26000023152, 1.00000051148, 6.19213581856, 4.63211774751, 1.07833301425, 3.59564042461, 1.08767276639, 1.0729122879, 1.02152575843, 1.05246344932, 1.0568956242, 7.43418009471, 1.00000035677, 1.00000014887, 113.511257035, 0.991515434147, 5.78707168961, 1.05358942343, 4.05892741226, 0.870000211184, 201.135613855, 2.68096514745
1.04538686537, 1.33901117945, 1.35088400488, 1.00000038725, 5.09509212322, 1.18525508528, 2.71270819265, 1.26000048447, 1.00000030067, 6.01188928223, 4.02664277036, 1.01147134328, 1.09215497307, 1.10340403951, 1.00961517452, 1.09804009343, 1.11613096522, 1.03133938848, 7.65002841751, 1.00000065256, 1.00000014543, 81.5544797007, 0.931754665901, 4.29278373924, 1.06472885383, 4.18327062765, 0.870000541541, 481.524537853, 0.536193029491
1.73516735158, 1.16525214763, 1.66207621987, 1.00000033532, 4.84330907417, 1.07733970388, 2.94583993033, 1.26000018155, 1.00000033642, 5.51054832544, 5.74929291166, 1.09654651403, 3.25836341563, 1.08363107176, 1.04201839705, 1.12607511048, 1.11430637557, 0.975807866933, 7.11085888849, 1.00000067346, 1.0000009281, 111.553473403, 0.913822174017, 1.84198480762, 1.01978479362, 3.49366368852, 0.870000172546, 468.35382213, 0.804289544236
5.97832685947, 1.35655977143, 1.59140011884, 1.00000036584, 6.79200421061, 1.07220037506, 5.4364171555, 1.26000056557, 1.00000036516, 5.25073267511, 5.52830350725, 1.04244485361, 3.4479155563, 1.09329223317, 1.02105742088, 1.46312521643, 1.07328669809, 0.9245842925, 4.53046783849, 1.00000010206, 1.00000064654, 91.1901693522, 0.942287151113, 1.31943186799, 0.959486683774, 4.09222217507, 0.870000744153, 2162.85412393, 0.0
2.592778559, 1.18671974605, 1.35791569652, 1.0000003665, 5.57780335601, 1.01200395007, 3.60310780753, 1.26000037326, 1.00000018301, 5.18127906443, 3.29080244533, 1.01607410154, 2.12649832499, 1.00818852408, 1.00447383575, 1.03592144564, 1.10031341345, 0.996702770607, 4.98692015339, 1.00000000255, 1.00000050362, 96.4580753751, 0.980964519811, 4.87955949457, 1.00448718044, 3.61924301068, 0.870000145641, 145.734575772, 3.75335120643
4.36877634792, 1.23394610192, 1.66398218316, 1.00000046119, 6.05165927508, 1.04217714834, 4.39636898612, 1.26000042484, 1.00000055353, 5.33704564433, 6.06984150199, 1.01142308062, 3.78233621871, 1.03543952634, 1.00605088301, 1.14156397152, 1.14095076126, 1.05541475683, 3.02348865722, 1.00000085617, 1.00000040697, 85.0054297772, 1.0062532956, 2.5964267515, 0.968407323536, 4.05113070962, 0.870000497842, 233.330714766, 2.68096514745
2.01975813319, 1.03193487368, 1.56174953477, 1.00000031201, 6.67720509715, 1.02931219709, 1.0775102453, 1.26000030594, 1.00000021471, 6.09953247734, 3.18194836836, 1.09697420779, 3.78474578722, 1.03140252485, 1.00985467677, 1.5383385498, 1.13631232298, 0.933299899422, 6.65269841934, 1.00000001453, 1.00000083997, 97.5417735615, 0.96846499624, 5.39076992393, 0.958928044504, 3.72525187672, 0.870000515644, 455.031506618, 1.60857908847
2.85058142895, 1.15801485293, 1.45508845247, 1.00000010333, 6.63340562835, 1.15703737083, 5.41187101754, 1.26000056823, 1.000000002, 5.23794703811, 4.41481204272, 1.01522426818, 3.95578932873, 1.11396452083, 1.00776754637, 1.42941237991, 1.07823908212, 1.02453950978, 6.61159689609, 1.00000040926, 1.00000055511, 87.0251396287, 0.951444507378, 2.58261942905, 1.06757147061, 3.97106215632, 0.870000211772, 262.368511528, 2.68096514745
3.30782335633, 1.21739551385, 1.71111267451, 1.0000003244, 4.37705010235, 1.1715923337, 5.31930544006, 1.26000078932, 1.00000077329, 6.14578498679, 4.4286614248, 1.0748428029, 3.84978397377, 1.0525643807, 1.02672228262, 1.01780849061, 1.13345935795, 0.970731543135, 5.11445077215, 1.00000044342, 1.00000001577, 103.610341282, 0.913886838484, 3.2331522634, 0.970130822932, 3.76745980828, 0.870000633525, 2959.05699579, 0.0
5.14857857631, 1.34847114553, 1.43731238767, 1.0000003137, 4.99123470687, 1.15618559868, 4.09252454392, 1.26000023558, 1.0000000286, 5.46699410803, 3.97473575289, 1.07425451494, 2.33385338044, 1.02854884711, 1.03850937916, 1.01000231897, 1.16042114478, 1.01834943441, 8.49365023043, 1.00000009693, 1.00000019202, 95.1513998117, 1.00126592594, 3.07836367326, 0.987668426044, 4.24867574085, 0.870000019688, 548.621261517, 0.536193029491
3.66212843199, 1.41024744399, 1.39792751343, 1.00000013817, 5.44385657675, 1.11493615964, 3.69815432515, 1.26000089077, 1.00000064835, 5.00150947457, 3.81761263209, 1.05334962951, 3.33813063996, 1.0348257275, 1.02967422839, 1.37843695122, 1.05103687545, 1.08572853835, 9.01637233356, 1.00000073133, 1.00000094874, 112.157106655, 1.08881225466, 5.44326939761, 0.964987870462, 3.45310526921, 0.870000094508, 372.925902569, 3.21715817694
4.30301805522, 1.15319180717, 1.73934637201, 1.00000044222, 6.15640383427, 1.06953769563, 5.3651808141, 1.26000023212, 1.00000097087, 5.87647677536, 3.32821044721, 1.01504940556, 3.58247422662, 1.0110195717, 1.05305121096, 1.00410968575, 1.08785322989, 0.948956955767, 8.62035079781, 1.00000015363, 1.00000073852, 87.5995797783, 0.935525058542, 1.56668300788, 1.01213941715, 3.65665435978, 0.870000864206, 4873.15395425, 0.0
3.69994056183, 1.02812366979, 1.4726271068, 1.00000003918, 4.83925614064, 1.02752034886, 3.17983905829, 1.26000080918, 1.00000007741, 5.11885379475, 4.04259163543, 1.03698447015, 2.32842117221, 1.02231302944, 1.07831396862, 1.62321337969, 1.1348890203, 0.920797208984, 8.92184608793, 1.00000078409, 1.00000017686, 83.456557879, 0.942868524588, 5.46643195509, 0.958213364867, 4.06313330753, 0.870000403763, 2303.49669434, 0.268096514745
4.07879180852, 1.41024744399, 1.39792751343, 1.00000011059, 5.44385657675, 1.11493615964, 3.69815432515, 1.26000089077, 1.00000064835, 5.00150947457, 3.81761263209, 1.05334962951, 3.33813063996, 1.0348257275, 1.02967422839, 1.37843695122, 1.05103687545, 1.08572853835, 9.01637233356, 1.00000073133, 1.00000094874, 112.157106655, 1.08881225466, 5.44326939761, 0.964987870462, 3.45310526921, 0.870000094508, 5365.74981448, 0.0
2.75770754918, 1.0311149966, 1.64674945646, 1.00000043871, 6.73631088767, 1.18462483877, 4.03522439371, 1.26000043178, 1.0000004834, 5.46567629415, 5.59440758338, 1.03510323109, 2.23549382042, 1.11233207719, 1.01208302475, 1.04912030293, 1.07961937138, 0.960168392146, 8.37435288924, 1.00000077367, 1.00000062607, 117.303864881, 1.03075016776, 4.73404932961, 1.05749095064, 3.29199814838, 0.870000484261, 2766.57941025, 0.268096514745
1.81787225288, 1.4205705856, 1.40025993521, 1.00000018658, 5.33878807758, 1.18475411285, 1.39511743689, 1.26000005018, 1.00000016529, 5.58708200115, 3.77423123389, 1.00860910419, 1.32262300553, 1.0504559784, 1.01189796614, 1.30333003105, 1.08158407898, 1.00458641905, 5.9144815693, 1.00000051654, 1.00000023424, 116.274792809, 0.99355754082, 2.06678474234, 1.01927517708, 3.71137628334, 0.870000531379, 8716.03730971, 0.0
3.37985535677, 1.1594969001, 1.65500272924, 1.00000030944, 5.7362722842, 1.09899701637, 2.9777176538, 1.26000064879, 1.00000057638, 5.86454263477, 5.41730307166, 1.0611214189, 1.23923695719, 1.00272756175, 1.06604104983, 1.13043078448, 1.16462143952, 0.976134985863, 9.47707473284, 1.00000095536, 1.00000019706, 75.3682602675, 1.05846431381, 1.89765834417, 1.04102127098, 3.53961716033, 0.870000210549, 1555.39783535, 0.536193029491
4.20662521218, 1.2049770916, 1.4742031555, 1.00000029103, 5.03519445223, 1.0573648311, 2.76936241143, 1.26000020598, 1.00000075864, 5.49578488093, 6.99651933237, 1.08462196124, 1.88617204085, 1.11878595869, 1.07966626325, 1.10230075926, 1.14733569379, 1.08323416429, 8.62035079781, 1.00000047535, 1.00000027117, 92.8528999393, 1.05406182592, 2.74077321568, 1.00959480568, 3.9135127262, 0.870000946543, 883.481687727, 1.34048257373
1.35540146647, 1.40836201673, 1.49889525544, 1.00000002113, 6.69647687716, 1.17960042178, 5.27765431708, 1.2600000502, 1.00000062824, 5.71405341754, 5.18984722663, 1.09644603548, 3.71644020245, 1.10376697964, 1.07068254059, 1.49368954425, 1.00893537147, 0.98866465696, 4.27087519032, 1.00000066305, 1.00000090702, 81.0014131218, 1.03023664076, 3.08275119732, 0.993051894904, 3.44132412473, 0.870000776051, 9449.07579549, 0.0
2.13468597689, 1.0523174156, 1.58892197912, 1.00000002611, 6.49659074616, 1.15351266639, 4.3096960887, 1.26000054775, 1.00000065622, 5.16102117961, 6.49701716928, 1.09173993094, 1.34453472237, 1.03390982905, 1.02444046605, 1.49690489641, 1.13098012897, 1.06762304372, 7.53844000114, 1.00000043588, 1.00000054487, 108.324645598, 1.06491410079, 5.82326862972, 1.02284695201, 4.26718613743, 0.870000855101, 395.293204003, 5.09383378016
4.36877634792, 1.23394610192, 1.66398218316, 1.00000046119, 6.05165927508, 1.04060122331, 4.39636898612, 1.26000042484, 1.00000055353, 5.33704564433, 3.65160332563, 1.08665984863, 3.78233621871, 1.03543952634, 1.00605088301, 1.14156397152, 1.1141437369, 1.05541475683, 3.02348865722, 1.00000085617, 1.00000040697, 85.0054297772, 1.0062532956, 2.5964267515, 0.968407323536, 3.46709600946, 0.870000497842, 9713.43757274, 0.0
4.01810668549, 1.40836201673, 1.49889525544, 1.00000002113, 6.69647687716, 1.17960042178, 5.27765431708, 1.2600000502, 1.00000062824, 5.71405341754, 5.18984722663, 1.09644603548, 3.71644020245, 1.10376697964, 1.07068254059, 1.49368954425, 1.00893537147, 1.08668274026, 4.27087519032, 1.00000066305, 1.00000090702, 81.0014131218, 1.03023664076, 3.08275119732, 0.993051894904, 3.98809828606, 0.870000776051, 1060.96944498, 0.804289544236
1.97836676962, 1.17356858411, 1.66039032257, 1.00000012054, 6.21047221928, 1.13056880576, 2.13891672283, 1.26000018, 1.00000007784, 5.0161609904, 4.28053299446, 1.03940509405, 3.33502950916, 1.11018174198, 1.0048363743, 1.41722161198, 1.02770598027, 1.06138811437, 8.9983668758, 1.0000001787, 1.00000084886, 112.455637998, 0.989128962935, 4.07981009473, 0.960404069815, 3.88430391748, 0.870000466265, 1869.05382311, 0.536193029491
3.33830767934, 1.00408517118, 1.57570407063, 1.00000049079, 5.05227586594, 1.03793506132, 3.32451357131, 1.26000031585, 1.00000009206, 5.47428646568, 7.03947330657, 1.07476003882, 2.94254915153, 1.03940718465, 1.06767442574, 1.35553446408, 1.11936119683, 0.922945909248, 7.87806914368, 1.00000020131, 1.00000037858, 99.0979960715, 1.07662667101, 2.41762697304, 0.965551966454, 3.5512005799, 0.870000653727, 605.106463773, 1.60857908847
3.47584489963, 1.36976890577, 1.38721396135, 1.0000007914, 6.36872621191, 1.08429075055, 3.14423132202, 1.26000007542, 1.00000025084, 5.84607525489, 3.20551317356, 1.09876656799, 1.07270658296, 1.01876424662, 1.0038147457, 1.04049679242, 1.12974853141, 0.999474731669, 3.54849528702, 1.00000041232, 1.00000020926, 85.5276199379, 1.03359752558, 1.79709825483, 0.990368614172, 3.76524134659, 0.870000749523, 10704.1402754, 0.0
2.92761589245, 1.31713953548, 1.35830526199, 1.00000096242, 5.15599036418, 1.07284695325, 3.95943179558, 1.26000087932, 1.00000005457, 5.25849923654, 7.65172182048, 1.09524744304, 1.88617204085, 1.10998601854, 1.07944792816, 1.55296951523, 1.05178953778, 0.927637412954, 6.07544997306, 1.00000069747, 1.00000017234, 92.1117381514, 1.08962367784, 3.12993119125, 1.01234163408, 3.4317300086, 0.87000084543, 3304.06816884, 0.268096514745
5.25567587723, 1.09579036938, 1.54057997277, 1.00000038914, 5.80934589487, 1.17616388109, 2.18307684682, 1.26000058445, 1.00000036794, 6.18865543052, 5.30779753272, 1.00033969411, 2.05387203716, 1.10456510482, 1.08003137197, 1.43907959058, 1.1650056002, 1.00564542941, 9.87273958697, 1.00000026761, 1.00000020457, 123.59233643, 1.04026431242, 5.31663617857, 0.958042975604, 3.42081233565, 0.870000051558, 655.207642567, 1.60857908847
3.44600582574, 1.02379909777, 1.72853724486, 1.00000095681, 5.64765389878, 1.0607403552, 3.9023865046, 1.26000083474, 1.0000005561, 5.79027416226, 3.89273718631, 1.0913799712, 3.94909130891, 1.0987733635, 1.03224444187, 1.16795882686, 1.0538817565, 1.07282511648, 5.4991939408, 1.00000066455, 1.00000021477, 77.3386499285, 1.0311658771, 3.98618014977, 1.00702869426, 3.82738939919, 0.870000881863, 10812.2125897, 0.0
1.25263113781, 1.17484102946, 1.52500474546, 1.00000026514, 5.8682916224, 1.10604303278, 2.58465492055, 1.26000003378, 1.00000093847, 5.04641910221, 7.5999954283, 1.04919048852, 3.30915372282, 1.03842157673, 1.07314087661, 1.38910171857, 1.14449135109, 0.987713485512, 8.16602697544, 1.00000000574, 1.00000064375, 103.495209088, 1.05475644298, 4.75131482209, 1.02265307043, 3.95237270126, 0.870000478126, 1955.53307984, 0.536193029491
1.56211954068, 1.0888292858, 1.49043041748, 1.00000012359, 5.76919738715, 1.0225048204, 4.30196929582, 1.26000063936, 1.00000021451, 5.24298845549, 5.8105662643, 1.04071873813, 3.00356227267, 1.02102252741, 1.08523588368, 1.50970902432, 1.10596404281, 1.0984640944, 7.35267980156, 1.0000007687, 1.00000090458, 81.4512082136, 1.03399927866, 2.52122883598, 1.00302066257, 3.94674197032, 0.870000366835, 11139.453547, 0.0
1.97836676962, 1.17356858411, 1.66039032257, 1.00000012054, 6.21047221928, 1.13056880576, 4.40409685384, 1.26000018, 1.00000007784, 5.08263710003, 4.28053299446, 1.03940509405, 4.00725386669, 1.11018174198, 1.0048363743, 1.41722161198, 1.02770598027, 1.06138811437, 8.9983668758, 1.0000001787, 1.00000084886, 112.455637998, 0.989128962935, 4.07981009473, 0.960404069815, 3.88430391748, 0.870000466265, 827.160767642, 1.87667560322
1.00066307932, 1.00520890789, 1.55036106395, 1.00000047543, 4.29068671985, 1.06034582478, 1.44826211291, 1.26000064437, 1.00000056507, 6.1607191933, 6.12526043052, 1.03490548353, 1.8936468031, 1.02565791372, 1.01653749515, 1.35680188574, 1.09148480486, 1.00031912931, 9.65117824872, 1.0000008373, 1.00000075307, 120.136665319, 0.952546668978, 1.80064514022, 0.970805461131, 4.08654542512, 0.870000959307, 15089.9289702, 0.0
1.94529199208, 1.37267821556, 1.45508845247, 1.00000095349, 6.32090436673, 1.16450558831, 2.19882020304, 1.26000052427, 1.00000035624, 6.11114822797, 6.39620301424, 1.06887110604, 1.07709231239, 1.10988646462, 1.00776754637, 1.5969633601, 1.02173750598, 1.02802432113, 7.40701069692, 1.00000048701, 1.00000095343, 79.8422094348, 1.05375432801, 3.76904462677, 1.01032875157, 3.87699762712, 0.870000347805, 1740.19585938, 0.804289544236
5.25567587723, 1.09579036938, 1.54057997277, 1.00000038914, 5.80934589487, 1.17616388109, 2.18307684682, 1.26000058445, 1.00000036794, 6.18865543052, 5.30779753272, 1.00033969411, 2.05387203716, 1.10456510482, 1.08003137197, 1.43907959058, 1.166684814, 1.00564542941, 9.87273958697, 1.00000017329, 1.00000020457, 123.59233643, 1.04026431242, 5.31663617857, 0.958042975604, 3.42081233565, 0.870000051558, 15890.9330413, 0.0
5.40615463595, 1.21635161168, 1.5504950716, 1.00000036175, 6.41947211896, 1.08426625325, 1.96992116521, 1.26000032304, 1.00000000408, 4.97041745294, 3.84570932828, 1.01209677319, 3.95313184876, 1.01745124163, 1.05567233008, 1.30187036692, 1.11774768351, 1.06510551299, 5.95394235294, 1.00000060952, 1.00000011119, 105.14314478, 1.03492282156, 3.32832545299, 1.01636184931, 3.42438315163, 0.870000698814, 2021.39084114, 0.536193029491
1.01864634196, 1.07364738008, 1.47889980603, 1.00000030548, 5.58548779096, 1.04498318943, 5.52930395573, 1.26000054775, 1.0000001476, 5.01203595171, 5.6484367849, 1.05096001684, 1.34453472237, 1.00855635144, 1.03430576892, 1.43309350754, 1.14543033338, 1.10749202557, 6.54279681874, 1.00000084402, 1.00000003845, 81.6426194375, 0.977967839828, 3.33915698064, 0.957916295453, 3.30539794338, 0.870000132078, 5342.50305458, 0.268096514745
1.97836676962, 1.17356858411, 1.66039032257, 1.00000012054, 6.21047221928, 1.13056880576, 2.13891672283, 1.26000018, 1.00000007784, 5.30188271034, 4.28053299446, 1.03940509405, 3.33502950916, 1.11018174198, 1.00544629595, 1.00532995624, 1.02770598027, 1.06138811437, 8.9983668758, 1.00000077255, 1.00000050346, 81.0014131218, 0.989128962935, 4.07981009473, 0.960404069815, 3.88430391748, 0.870000466265, 17727.9140969, 0.0
1.97836676962, 1.17356858411, 1.39752596183, 1.00000012054, 6.21047221928, 1.13056880576, 4.40409685384, 1.26000036128, 1.00000005457, 5.08263710003, 3.15683330279, 1.03940509405, 4.02314496234, 1.11018174198, 1.02397199089, 1.41722161198, 1.02770598027, 1.06138811437, 8.9983668758, 1.0000001787, 1.00000084886, 93.7843301889, 0.989128962935, 4.07981009473, 0.960404069815, 3.88430391748, 0.870000738617, 17804.4728566, 0.0
2.58338779861, 1.24147672318, 1.73852109142, 1.00000036175, 6.41947211896, 1.02816045912, 3.67655667237, 1.26000032304, 1.00000000408, 4.97041745294, 3.6604124674, 1.09942417995, 3.95313184876, 1.01745124163, 1.05567233008, 1.35286032008, 1.11774768351, 1.06510551299, 6.1734224711, 1.00000060952, 1.00000011119, 105.14314478, 1.07998113486, 3.32832545299, 1.01636184931, 3.42438315163, 0.870000698814, 1796.2547191, 1.07238605898
4.43355404901, 1.37775838283, 1.41900020563, 1.00000077213, 5.72219969139, 1.05316985505, 1.70408598355, 1.26000087172, 1.00000080624, 5.31023604301, 5.55342647058, 1.0896314491, 1.29790705292, 1.06009309767, 1.01378032823, 1.3112014576, 1.08485432178, 0.923098668734, 8.12439134144, 1.00000035265, 1.00000098882, 100.768088626, 1.07270139035, 3.56646894135, 1.06915669792, 3.98266186954, 0.87000074791, 164185.737621, 0.0
1.47409963082, 1.01987810574, 1.39752596183, 1.00000007966, 4.59921817697, 1.10974449254, 1.31809723138, 1.26000030661, 1.00000027212, 5.86676679089, 7.06623506155, 1.06181241178, 2.00308660244, 1.05538503519, 1.02397199089, 1.51054392253, 1.04023942408, 0.92763931493, 9.4065614916, 1.00000042588, 1.00000018107, 101.880918516, 0.949784555544, 5.28398632384, 0.981026073409, 3.6241749864, 0.870000544952, 7046.95934097, 0.268096514745
3.09407126768, 1.34778217365, 1.57325375082, 1.00000059305, 4.81062988223, 1.04993948318, 1.65440408903, 1.26000056731, 1.00000074171, 5.23773847693, 4.79812216545, 1.08111783921, 1.3795023676, 1.03906196747, 1.06180630959, 1.19594430972, 1.16385495525, 0.979545356859, 7.37573898077, 1.0000000353, 1.00000068574, 118.006868034, 1.08484271728, 2.82793305837, 1.04577206959, 4.36230968079, 0.870000128869, 7069.0476598, 0.268096514745
3.68898830209, 1.29457307619, 1.6015169605, 1.00000095495, 4.61092284652, 1.05955630749, 4.57734690808, 1.26000051642, 1.00000089171, 5.08239085158, 6.02531385263, 1.03310218504, 3.04376071543, 1.07338390161, 1.06407699628, 1.32615616775, 1.08713864733, 1.03280816349, 5.68803006508, 1.00000092404, 1.00000017855, 80.0895922387, 0.972573461929, 1.96121414668, 1.03399406036, 4.17717038862, 0.870000063869, 2298.70848675, 0.536193029491
5.14857857631, 1.34847114553, 1.43731238767, 1.0000003137, 4.99123470687, 1.15618559868, 4.09252454392, 1.26000023558, 1.0000000286, 5.40072541354, 3.97473575289, 1.07425451494, 2.33385338044, 1.02854884711, 1.05568261158, 1.01000231897, 1.16491887741, 1.01834943441, 8.49365023043, 1.00000009693, 1.00000019202, 95.1513998117, 1.00126592594, 3.07836367326, 0.987668426044, 4.24867574085, 0.870000019688, 8084.25724558, 0.268096514745
1.09380909739, 1.40260683467, 1.47542879427, 1.00000003027, 6.67329058365, 1.15294071693, 3.50171572657, 1.26000015257, 1.00000053197, 5.09550211178, 6.63203650614, 1.03673165216, 1.18278180867, 1.07158169566, 1.05202459449, 1.02993389074, 1.07507534625, 1.00512323763, 7.6580560826, 1.00000030949, 1.00000083473, 93.9557647998, 1.0247711011, 3.3606531244, 0.968192510579, 3.62727572847, 0.870000096176, 8707.89389438, 0.268096514745
5.97832685947, 1.35655977143, 1.59140011884, 1.00000036584, 6.79200421061, 1.07220037506, 5.4364171555, 1.26000056557, 1.00000036516, 5.25073267511, 4.56484427168, 1.04244485361, 3.4479155563, 1.04125026855, 1.02105742088, 1.46312521643, 1.07328669809, 0.9245842925, 4.45700117392, 1.00000015365, 1.00000064654, 91.1901693522, 0.942287151113, 1.31943186799, 0.959486683774, 4.09222217507, 0.870000744153, 1360.91591851, 1.87667560322
1.47409963082, 1.01987810574, 1.39752596183, 1.00000056569, 4.59921817697, 1.10974449254, 1.31809723138, 1.26000030661, 1.00000027212, 5.86676679089, 7.06623506155, 1.00601642349, 2.00308660244, 1.05538503519, 1.02397199089, 1.51054392253, 1.04023942408, 0.92763931493, 9.4065614916, 1.00000042588, 1.00000018107, 101.880918516, 0.949784555544, 5.28398632384, 0.981026073409, 3.6241749864, 0.870000493159, 1655.99875857, 1.60857908847
1.81787225288, 1.07364738008, 1.40025993521, 1.00000018658, 5.33878807758, 1.15440201281, 1.39511743689, 1.26000005018, 1.00000016529, 5.58708200115, 3.77423123389, 1.00860910419, 1.32262300553, 1.0504559784, 1.01189796614, 1.30333003105, 1.08158407898, 1.00458641905, 3.98250825417, 1.00000051654, 1.00000023424, 116.274792809, 0.99355754082, 2.06678474234, 1.01927517708, 3.71137628334, 0.870000531379, 1081.41317264, 2.14477211796
1.08123018756, 1.30690368108, 1.62183838247, 1.00000004916, 4.96468153119, 1.06331073515, 2.29840932633, 1.26000067461, 1.00000013085, 5.2512729023, 6.11443122837, 1.0036013638, 2.94945722654, 1.11662765354, 1.0529373154, 1.17139494641, 1.10499153935, 0.955219523426, 3.12191651492, 1.00000017329, 1.00000070914, 111.748666726, 0.913421223425, 5.08364313303, 1.05907551026, 3.91639216357, 0.870000952368, 2363.86970496, 0.536193029491
2.33155817996, 1.27785168982, 1.62995518446, 1.00000057812, 4.93125448182, 1.08606073627, 3.88375390947, 1.2600004594, 1.00000033164, 5.52425724663, 4.56546163098, 1.05239110368, 3.40633368848, 1.00748683977, 1.08776267514, 1.62650672945, 1.0610718467, 1.02227497737, 9.08835379773, 1.00000073592, 1.00000075602, 88.6116307796, 0.939048930601, 1.3511453556, 1.01423627774, 4.32545558243, 0.870000662807, 2237.5080265, 0.804289544236
3.33830767934, 1.02379909777, 1.57570407063, 1.00000049079, 6.46858893867, 1.03793506132, 3.32451357131, 1.26000034573, 1.00000009206, 5.47428646568, 7.17594483299, 1.07476003882, 2.94254915153, 1.03940718465, 1.06767442574, 1.35553446408, 1.11936119683, 0.922945909248, 7.87806914368, 1.00000020131, 1.00000037858, 99.0979960715, 1.07662667101, 2.41762697304, 1.0188248829, 3.5512005799, 0.870000653727, 2424.32734936, 0.536193029491
2.75770754918, 1.0311149966, 1.64674945646, 1.00000043871, 6.73631088767, 1.18462483877, 4.03522439371, 1.26000043178, 1.0000004834, 5.46567629415, 5.59440758338, 1.03510323109, 2.23549382042, 1.11233207719, 1.01208302475, 1.28063601804, 1.07961937138, 0.960168392146, 8.37435288924, 1.00000077367, 1.00000062607, 117.303864881, 1.03075016776, 4.73404932961, 1.05024553599, 3.29199814838, 0.870000484261, 2206.24492793, 1.07238605898
3.49479025247, 1.03360528297, 1.70364420713, 1.00000040563, 4.34185568003, 1.18758763436, 2.40532274034, 1.26000006304, 1.0000005425, 5.00464582556, 5.20510372119, 1.0414136707, 2.55246737353, 1.05489378221, 1.06392499718, 1.09380692522, 1.11124129372, 0.988095252194, 6.30824957684, 1.00000052689, 1.00000094166, 102.143270898, 0.964492132202, 3.70186331601, 0.971275363261, 4.30901600361, 0.870000778993, 1801.11032864, 1.60857908847
4.09113787638, 1.06138170787, 1.63014816494, 1.00000096929, 5.61097170488, 1.13303229828, 5.41693497675, 1.26000023152, 1.00000051148, 6.19213581856, 4.63211774751, 1.07299595131, 3.59564042461, 1.09761385039, 1.06139670803, 1.02152575843, 1.05246344932, 1.01821766839, 7.43418009471, 1.00000035677, 1.00000014887, 113.511257035, 0.991515434147, 5.78707168961, 1.05358942343, 4.05892741226, 0.870000211184, 2740.48409269, 0.536193029491
2.26103212924, 1.23649338768, 1.389317763, 1.00000098074, 6.67134972044, 1.08817774542, 2.4905520979, 1.26000050419, 1.00000018278, 4.99275609047, 7.21024121056, 1.04616920196, 2.57304010644, 1.10661298188, 1.05228923255, 1.03893847348, 1.14853045472, 0.974002290849, 6.24969432811, 1.00000024131, 1.00000065327, 109.744303762, 1.07107357495, 1.97957063077, 0.996022270817, 3.53925689546, 0.870000484927, 11847.4248054, 0.268096514745
3.69994056183, 1.02812366979, 1.4726271068, 1.00000003918, 5.70129169948, 1.02752034886, 3.17983905829, 1.26000080918, 1.00000007741, 5.05570356669, 4.04259163543, 1.03698447015, 2.32842117221, 1.02231302944, 1.07831396862, 1.62321337969, 1.1348890203, 0.920797208984, 8.92184608793, 1.00000078409, 1.00000017686, 83.456557879, 0.942868524588, 5.46643195509, 0.958213364867, 4.2752031198, 0.870000403763, 1728.45236589, 2.14477211796
1.94529199208, 1.33901117945, 1.35088400488, 1.00000004967, 5.09509212322, 1.1469790503, 2.71270819265, 1.26000048447, 1.00000030067, 5.53219641837, 4.02664277036, 1.01147134328, 1.09215497307, 1.10340403951, 1.00961517452, 1.09804009343, 1.11613096522, 1.03133938848, 7.65002841751, 1.00000065256, 1.00000014543, 76.4669172547, 0.931754665901, 4.29278373924, 1.06472885383, 4.18327062765, 0.870000541541, 1138.53107469, 4.28954423592
3.68898830209, 1.29457307619, 1.6015169605, 1.00000095495, 4.61092284652, 1.05955630749, 4.57734690808, 1.26000051642, 1.00000089171, 5.08239085158, 6.02531385263, 1.03310218504, 3.04376071543, 1.07338390161, 1.06407699628, 1.32615616775, 1.08713864733, 1.03280816349, 5.68803006508, 1.00000092404, 1.00000017855, 80.0895922387, 0.972573461929, 1.96121414668, 0.953849647448, 4.17717038862, 0.870000063869, 1231.74107416, 5.09383378016
3.98756912238, 1.11952314496, 1.54616513208, 1.00000053341, 4.6428404709, 1.08653222211, 3.90094585537, 1.26000073978, 1.0000004607, 5.40551605924, 5.03433657504, 1.067827074, 1.12284182665, 1.03644031055, 1.03894385806, 1.11036358927, 1.14701125993, 0.965216966607, 8.62826091588, 1.00000003866, 1.00000068756, 76.30588118, 0.964686263833, 1.94316427586, 0.959373854828, 3.76889373936, 0.870000430659, 1253.75273678, 6.70241286863
2.6588464737, 1.33901117945, 1.35088400488, 1.00000004967, 5.09509212322, 1.18525508528, 2.71270819265, 1.26000048447, 1.00000030067, 5.53219641837, 4.02664277036, 1.01147134328, 1.09215497307, 1.10340403951, 1.00961517452, 1.09804009343, 1.11613096522, 1.03133938848, 7.65002841751, 1.00000065256, 1.00000014543, 81.5544797007, 0.931754665901, 4.29278373924, 1.06472885383, 4.18327062765, 0.870000541541, 2773.48614291, 0.536193029491
5.18433133687, 1.00520890789, 1.55036106395, 1.0000009126, 4.84141091767, 1.16918442359, 4.68260096743, 1.26000098801, 1.00000048545, 5.68304328201, 5.93231754642, 1.07707832018, 1.65695833205, 1.00255743443, 1.04018095735, 1.24527845059, 1.12276250819, 0.941120290586, 3.98032058229, 1.00000030155, 1.00000066478, 114.74339399, 1.08301474845, 2.67289675407, 1.00717548476, 3.68029129062, 0.870000670824, 1613.05539385, 3.48525469169
3.12474682073, 1.29497072739, 1.63116837204, 1.00000022392, 5.57137832288, 1.02072697368, 5.94983274698, 1.26000066943, 1.00000005654, 5.51432859954, 3.52458147868, 1.00706342144, 2.6587878536, 1.10449659547, 1.03455407441, 1.52899280047, 1.16467231728, 1.06874861222, 7.00077941875, 1.00000087688, 1.00000063927, 96.0660074141, 1.07497033291, 2.17498777636, 0.983640134472, 4.11190737824, 0.870000114289, 2775.66782087, 0.536193029491
1.80993393114, 1.30064124254, 1.46842813115, 1.00000036206, 4.3614643864, 1.02245246015, 2.16011003455, 1.26000096457, 1.00000065722, 5.33897619214, 6.42881141833, 1.05207039231, 2.51334462085, 1.04368733162, 1.08233250855, 1.00127399329, 1.1385302358, 0.943413362015, 8.32961950235, 1.00000088806, 1.00000056685, 99.4226462171, 1.06547392385, 3.75417972167, 0.973060456504, 3.81597014991, 0.870000911209, 1571.13674646, 6.97050938338
4.38172177215, 1.32235521033, 1.59696871494, 1.00000050175, 4.85833347408, 1.11347414092, 3.77357157668, 1.26000076902, 1.0000009098, 5.35342912373, 7.78388728435, 1.02565265414, 2.34330709602, 1.01818988777, 1.07966626325, 1.04912030293, 1.12883388014, 1.10667955823, 8.99582302733, 1.00000001334, 1.00000027117, 92.8528999393, 1.04573228229, 5.39646468288, 0.965578056438, 3.80393086516, 0.870000038689, 2661.38852151, 0.804289544236
3.16660335156, 1.30116319754, 1.69472615288, 1.00000073986, 5.8974081238, 1.09579708435, 5.36136486231, 1.26000093341, 1.0000005036, 5.82691240947, 6.91415236489, 1.02723166472, 2.96798694381, 1.09329223317, 1.03109450528, 1.46600456599, 1.0840805392, 1.07480374462, 5.00736287244, 1.00000010206, 1.00000007582, 85.5276199379, 1.07196683368, 2.31395114632, 1.06040343008, 4.19958447191, 0.870000125948, 2137.51848319, 1.60857908847
3.98756912238, 1.11952314496, 1.54616513208, 1.00000053341, 4.6428404709, 1.08653222211, 3.90094585537, 1.26000073978, 1.0000004607, 5.40551605924, 5.03433657504, 1.067827074, 1.12284182665, 1.03644031055, 1.03894385806, 1.11036358927, 1.14701125993, 0.965216966607, 8.62826091588, 1.00000003866, 1.00000068756, 76.30588118, 0.964686263833, 1.94316427586, 0.959373854828, 3.76889373936, 0.870000430659, 2668.73090699, 0.804289544236
1.97836676962, 1.17356858411, 1.66039032257, 1.00000012054, 6.21047221928, 1.13056880576, 4.40409685384, 1.26000018, 1.00000005457, 5.08263710003, 3.15683330279, 1.03940509405, 4.02314496234, 1.11018174198, 1.0048363743, 1.41722161198, 1.02770598027, 1.06138811437, 8.9983668758, 1.0000001787, 1.00000084886, 112.455637998, 0.989128962935, 4.07981009473, 0.960404069815, 3.88430391748, 0.870000466265, 5108.74417237, 0.536193029491
1.47409963082, 1.01987810574, 1.66039032257, 1.00000056569, 4.59921817697, 1.10974449254, 3.24711339867, 1.26000030661, 1.00000027212, 5.86676679089, 7.06623506155, 1.00601642349, 2.00308660244, 1.05538503519, 1.0048363743, 1.46948669751, 1.04023942408, 0.92763931493, 9.6048893709, 1.00000042588, 1.00000018107, 101.880918516, 0.949784555544, 5.28398632384, 0.981026073409, 3.6241749864, 0.870000493159, 1917.03026798, 2.68096514745
2.58338779861, 1.24147672318, 1.73414310095, 1.00000036175, 6.41947211896, 1.02816045912, 3.67655667237, 1.26000032304, 1.00000000408, 4.97041745294, 3.6604124674, 1.09942417995, 3.95313184876, 1.01745124163, 1.05567233008, 1.35286032008, 1.14066650491, 0.982201138373, 6.1734224711, 1.00000060952, 1.00000011119, 105.14314478, 1.07998113486, 3.32832545299, 1.01636184931, 3.42438315163, 0.870000698814, 2574.11279069, 1.34048257373
3.37985535677, 1.1594969001, 1.65500272924, 1.00000018136, 5.7362722842, 1.01541094874, 2.9777176538, 1.26000005752, 1.00000057638, 5.86454263477, 5.41730307166, 1.0611214189, 1.76301649934, 1.06833751801, 1.06604104983, 1.13043078448, 1.14265882842, 0.976134985863, 9.47707473284, 1.00000095536, 1.00000019706, 75.3682602675, 1.05846431381, 3.1817441654, 1.04102127098, 3.31415240987, 0.870000210549, 5139.78281797, 0.536193029491
1.04538686537, 1.33901117945, 1.35088400488, 1.00000038725, 5.09509212322, 1.18525508528, 2.71270819265, 1.26000048447, 1.00000030067, 6.01188928223, 4.02664277036, 1.01147134328, 1.09215497307, 1.10340403951, 1.00961517452, 1.09804009343, 1.11613096522, 1.03133938848, 7.65002841751, 1.00000065256, 1.00000014543, 81.5544797007, 0.931754665901, 4.29278373924, 1.06472885383, 4.18327062765, 0.870000541541, 1949.56801926, 3.21715817694
3.04414349922, 1.01710334377, 1.43401826313, 1.00000076372, 6.75187322148, 1.15218396998, 3.07898132714, 1.26000033234, 1.00000003757, 6.06412073508, 3.58880812023, 1.03765119367, 2.92571832673, 1.00757697385, 1.06057096615, 1.48232292475, 1.09897701851, 1.02253912699, 5.2425386497, 1.00000086962, 1.00000094771, 94.6984243809, 1.03260608177, 1.06993505114, 0.980024175534, 3.58808440486, 0.870000320961, 5152.53499775, 0.536193029491
4.30301805522, 1.15319180717, 1.73934637201, 1.00000035666, 6.15640383427, 1.06953769563, 5.3651808141, 1.26000023212, 1.00000097087, 5.87647677536, 3.32821044721, 1.01504940556, 3.58247422662, 1.0110195717, 1.05305121096, 1.00410968575, 1.08785322989, 0.978033649006, 8.62035079781, 1.00000015363, 1.00000034763, 87.5995797783, 0.935525058542, 1.56668300788, 1.01213941715, 3.65665435978, 0.870000864206, 5238.21014708, 0.536193029491
3.30782335633, 1.21739551385, 1.71111267451, 1.0000003244, 4.37705010235, 1.1715923337, 5.31930544006, 1.26000078932, 1.00000077329, 6.14578498679, 4.4286614248, 1.07741172169, 3.84978397377, 1.0525643807, 1.02672228262, 1.01780849061, 1.13345935795, 0.970731543135, 7.43418009471, 1.00000035058, 1.00000001577, 103.610341282, 0.913886838484, 5.78707168961, 0.970130822932, 3.76745980828, 0.870000494058, 1992.70573002, 2.68096514745
2.37670219817, 1.11445684301, 1.52362275412, 1.00000048368, 4.51598096825, 1.08176281678, 1.76716625843, 1.26000055132, 1.0000007669, 5.07314449213, 5.84575119364, 1.03813007365, 3.33065884073, 1.03807870284, 1.01069762753, 1.5002922862, 1.1006212179, 0.961580304729, 3.19054274179, 1.00000036365, 1.00000030315, 86.5729695128, 1.04404904135, 4.78470845951, 1.0261248561, 3.34998298059, 0.870000795014, 1977.32078191, 3.21715817694
2.59787467744, 1.04095595164, 1.550647927, 1.00000013575, 4.24711555605, 1.1440770246, 5.98811530083, 1.26000003068, 1.00000048226, 5.41070549758, 6.81108121588, 1.05486034727, 3.78703623048, 1.03998777163, 1.05987482864, 1.21116605181, 1.0047520336, 1.05517685558, 5.27088168379, 1.00000041726, 1.00000061595, 111.175624006, 0.954876561337, 1.65977379182, 1.06414413734, 4.13221737559, 0.870000861601, 2075.45563163, 2.68096514745
3.54157002024, 1.41225155429, 1.52172423015, 1.00000031423, 6.99759132724, 1.10910387915, 5.66641452293, 1.26000030876, 1.00000072886, 4.98737269066, 4.51032682234, 1.033698853, 2.50742103454, 1.00648664247, 1.02393543285, 1.53828616222, 1.08948185614, 1.01509102521, 8.84031332174, 1.00000075672, 1.00000037722, 90.6747137713, 0.927400992442, 5.67974407545, 1.03888479452, 4.16129742346, 0.870000211254, 2755.05904489, 1.34048257373
3.16660335156, 1.30116319754, 1.69472615288, 1.00000073986, 5.8974081238, 1.09579708435, 5.36136486231, 1.26000093341, 1.00000098446, 5.82691240947, 6.91415236489, 1.02723166472, 2.96798694381, 1.03894862588, 1.03109450528, 1.46600456599, 1.08206055523, 1.07480374462, 5.00736287244, 1.00000015365, 1.00000005104, 85.5276199379, 1.07196683368, 2.31395114632, 1.06040343008, 4.19958447191, 0.870000125948, 6829.81883172, 0.536193029491
4.35347769131, 1.24342264854, 1.34936675733, 1.00000063346, 6.38927737739, 1.06853265244, 1.44826211291, 1.26000015996, 1.00000094674, 6.09975261121, 5.52411440169, 1.01948786, 2.45717414898, 1.05644320893, 1.05538473214, 1.09528957335, 1.09148480486, 1.0520492207, 4.37083311545, 1.00000006097, 1.00000099546, 114.359935363, 1.0072575256, 1.80064514022, 1.06825620626, 3.46417178531, 0.870000336122, 3907.02199654, 0.804289544236
3.62936402317, 1.02992398151, 1.46492434123, 1.00000040563, 4.34185568003, 1.17646740081, 3.88375390947, 1.26000016706, 1.0000005425, 5.04641910221, 5.20510372119, 1.0414136707, 1.8565589191, 1.05489378221, 1.06392499718, 1.09380692522, 1.11124129372, 0.988095252194, 6.10389449533, 1.00000052689, 1.00000094166, 102.143270898, 0.964492132202, 3.70186331601, 0.971275363261, 4.30901600361, 0.87000087976, 2007.58708914, 4.55764075067
4.36877634792, 1.23394610192, 1.66398218316, 1.00000046119, 6.05165927508, 1.04217714834, 4.39636898612, 1.26000042484, 1.00000055353, 5.33704564433, 4.39286287586, 1.08665984863, 3.78233621871, 1.03543952634, 1.00605088301, 1.14156397152, 1.09804397955, 1.05541475683, 3.02348865722, 1.00000085617, 1.00000040697, 85.0054297772, 1.0062532956, 2.5964267515, 0.968407323536, 4.05113070962, 0.870000497842, 4860.88766069, 0.804289544236
5.0488441314, 1.07892425818, 1.57723975095, 1.00000052848, 4.60890939798, 1.15090305331, 4.0552621643, 1.26000016862, 1.00000066822, 5.18385840057, 3.82654396428, 1.04642130138, 3.81082539438, 1.06645316546, 1.03554904162, 1.1017113515, 1.08288151212, 0.960062584327, 8.97407076444, 1.00000091248, 1.00000006444, 101.488668907, 1.04800089689, 2.59868877609, 1.05163961709, 4.33063277703, 0.87000049252, 3217.90444924, 1.07238605898
1.25263113781, 1.17484102946, 1.52500474546, 1.00000033681, 5.8682916224, 1.10604303278, 2.58465492055, 1.26000003378, 1.00000093847, 5.04641910221, 7.5999954283, 1.04919048852, 3.30915372282, 1.03842157673, 1.07314087661, 1.38910171857, 1.14449135109, 0.987713485512, 8.16602697544, 1.00000001251, 1.00000064375, 103.495209088, 1.05475644298, 4.75131482209, 1.02265307043, 3.95237270126, 0.870000478126, 7986.55727601, 0.536193029491
2.64796637846, 1.14555794783, 1.4150121781, 1.0000000707, 4.71693383576, 1.17015942602, 3.96356234427, 1.26000014374, 1.00000027674, 5.13955101475, 3.49605227473, 1.04128028371, 1.55341097693, 1.02408007927, 1.0140675907, 1.19104367158, 1.08966620997, 1.04898195198, 4.10404363013, 1.00000095603, 1.00000003855, 87.2598433145, 0.963327461202, 2.6937631839, 1.00867040287, 4.13944007427, 0.870000902456, 2333.97763766, 2.14477211796
2.17271698815, 1.40260683467, 1.47542879427, 1.00000003027, 6.67329058365, 1.15294071693, 3.50171572657, 1.26000015257, 1.00000053197, 5.09550211178, 6.63203650614, 1.03673165216, 1.18278180867, 1.07158169566, 1.05202459449, 1.02993389074, 1.07507534625, 0.946385884103, 7.6580560826, 1.00000030949, 1.00000060214, 93.9557647998, 1.0247711011, 3.3606531244, 0.968192510579, 3.62727572847, 0.870000096176, 2549.05695743, 1.87667560322
4.84206005277, 1.14305953233, 1.53273658816, 1.0000001835, 6.96603626637, 1.0485278118, 4.43352120005, 1.2600003652, 1.00000015647, 6.13749651684, 3.47093176067, 1.01854538454, 3.28404879706, 1.10864881399, 1.04818448568, 1.11185328192, 1.10520948547, 1.09113223024, 5.25207199653, 1.00000036456, 1.00000084939, 86.783708974, 0.976119495373, 1.4681035239, 0.990152443226, 4.03762990689, 0.870000176838, 3692.50337909, 1.07238605898
5.90995488359, 1.06138170787, 1.65034483086, 1.00000096929, 5.61097170488, 1.13303229828, 5.41693497675, 1.26000071044, 1.00000042882, 6.19213581856, 4.63211774751, 1.07833301425, 3.59564042461, 1.08767276639, 1.0729122879, 1.05146398662, 1.01731288464, 1.0568956242, 5.11445077215, 1.00000035677, 1.00000014887, 113.511257035, 0.991515434147, 3.2331522634, 1.05358942343, 4.05940105533, 0.870000211184, 2080.9397931, 5.63002680965
3.47584489963, 1.36976890577, 1.38721396135, 1.0000007914, 6.36872621191, 1.08429075055, 3.14423132202, 1.26000007542, 1.00000025084, 5.84607525489, 3.20551317356, 1.09876656799, 1.07270658296, 1.04861453769, 1.007225585, 1.04049679242, 1.12974853141, 0.999474731669, 4.00299565556, 1.00000041232, 1.00000020926, 79.2195555975, 1.03359752558, 1.79709825483, 0.990368614172, 3.76524134659, 0.870000749523, 8420.42213584, 0.536193029491
4.91194447506, 1.1975218271, 1.48054062989, 1.00000093988, 4.79225949407, 1.09149388418, 5.49006330346, 1.26000034629, 1.00000081699, 5.28190517028, 4.64827480348, 1.08407297895, 1.67697830672, 1.10698072332, 1.03519247229, 1.07237794093, 1.16196159695, 0.918293064958, 7.15080400328, 1.00000087117, 1.0000000847, 79.3382912382, 1.08002264293, 1.09694047517, 1.00305338404, 3.88781463903, 0.870000658849, 3821.81906744, 1.07238605898
5.97832685947, 1.35655977143, 1.59140011884, 1.00000036584, 6.79200421061, 1.07220037506, 5.4364171555, 1.26000056557, 1.00000036516, 5.25073267511, 4.56484427168, 1.04244485361, 3.4479155563, 1.09329223317, 1.02105742088, 1.46312521643, 1.07328669809, 0.9245842925, 4.45700117392, 1.00000010206, 1.00000064654, 91.1901693522, 0.942287151113, 1.31943186799, 0.959486683774, 4.09222217507, 0.870000744153, 3146.33346732, 1.34048257373
5.90995488359, 1.06138170787, 1.65034483086, 1.00000096929, 5.61097170488, 1.13303229828, 5.41693497675, 1.26000071044, 1.00000042882, 6.19213581856, 4.63211774751, 1.07833301425, 2.26475494877, 1.08767276639, 1.0729122879, 1.05146398662, 1.01731288464, 1.0568956242, 5.11445077215, 1.00000035677, 1.00000028246, 113.511257035, 0.938990505865, 3.2331522634, 1.05943235841, 4.05940105533, 0.870000211184, 4545.35467096, 1.07238605898
4.20662521218, 1.05188373637, 1.4742031555, 1.00000029103, 5.03519445223, 1.0573648311, 2.76936241143, 1.26000052518, 1.00000075864, 5.49578488093, 3.65160332563, 1.08462196124, 1.88617204085, 1.11878595869, 1.07966626325, 1.10230075926, 1.14733569379, 1.08323416429, 8.62035079781, 1.00000047535, 1.00000027117, 92.8528999393, 1.05406182592, 2.74077321568, 1.00959480568, 3.9135127262, 0.870000946543, 9087.37774877, 0.536193029491
3.11128560441, 1.35479658129, 1.69036190825, 1.00000044345, 5.80028288092, 1.08773841287, 2.99699391633, 1.26000001876, 1.00000081453, 5.49816758417, 5.92202637889, 1.0663864212, 2.12832763831, 1.09964359387, 1.07669938199, 1.2706861711, 1.14009888027, 0.991590228148, 7.51040564782, 1.00000094443, 1.00000055245, 101.138709991, 1.08950356364, 1.91950971263, 1.0385163003, 3.63328156694, 0.870000235391, 2462.18049015, 2.41286863271
3.47584489963, 1.36976890577, 1.38721396135, 1.0000007914, 6.36872621191, 1.08429075055, 3.14423132202, 1.26000007542, 1.00000025084, 5.23773847693, 3.20551317356, 1.09876656799, 1.07270658296, 1.01876424662, 1.0038147457, 1.09879737799, 1.12974853141, 0.999474731669, 7.37573898077, 1.00000041232, 1.00000020926, 85.5276199379, 1.03359752558, 1.79709825483, 0.990368614172, 3.76524134659, 0.870000749523, 9351.29498005, 0.536193029491
