0.168152356818, 1.0932116661, 2.20647457966, 0.734124601484, 80.0561200511, 5.97841298098, 0.299688374007, 1.64653068752, 19.0496721564, 0.00407081612791, 0.0
0.113008463795, 0.850703736206, 7.29721182156, 0.793783210932, 86.0248844229, 5.84889588389, 0.868369832989, 2.6811771397, 11.0208406806, 0.00898947338409, 0.0
0.140614323573, 0.879847820103, 2.02243373952, 0.886840793019, 88.6050380836, 4.03176190634, 1.19886286426, 3.36614544908, 19.5509973992, 0.0094924981239, 0.0
0.14017043067, 1.13657340442, 7.47724759828, 0.85807321538, 99.7203450273, 1.54458175103, 0.298562448943, 0.424701060911, 16.9425900323, 0.00979690083877, 0.0
0.199696760003, 1.02560696962, 6.17079449416, 0.716138349129, 90.35008859, 1.13213632454, 1.49616776732, 1.43056257199, 14.8106180237, 0.0098542180198, 0.0
0.14017043067, 1.13657340442, 7.47724759828, 0.85807321538, 99.7203450273, 1.54458175103, 1.64880763118, 0.424701060911, 16.9425900323, 0.0109587343592, 0.0
0.197079756355, 0.872071080049, 2.80370965148, 0.617874524613, 91.455050687, 1.68723808492, 0.0900945405407, 2.91259733887, 17.94418131, 0.0114702690854, 0.0
0.152373238838, 0.995401982281, 3.8153972062, 0.654581359144, 94.3889484712, 1.48860353306, 0.965094958572, 1.13184071694, 15.2791680948, 0.0110041189906, 0.142857142857
0.128113540667, 0.995492874393, 7.55733021329, 0.690230173373, 91.7193312005, 2.22068737436, 1.37527176399, 4.14575569412, 17.7559957103, 0.0129182771734, 0.0
0.120227055068, 0.904759723663, 4.27580349369, 0.775787549874, 81.7135890962, 3.09493907196, 0.595128829888, 0.740934951796, 12.8452671521, 0.0122887499891, 0.1
0.137283028829, 1.14530864727, 4.61544745824, 0.914238237146, 87.3084032127, 1.54159125458, 1.26271695712, 0.206274685074, 16.3115435004, 0.0127682506966, 0.125
0.153619898294, 0.995492874393, 7.32841393596, 0.690230173373, 91.7193312005, 2.22068737436, 1.37527176399, 4.14575569412, 17.7559957103, 0.0146560814958, 0.0
0.169063792832, 1.03587631157, 7.52946850166, 0.665110933111, 93.2308943183, 1.98926854774, 1.99339246611, 4.1999775042, 19.9937914186, 0.0148141315239, 0.0
0.184586334379, 1.03437541015, 5.26773338515, 0.942370318159, 89.1533623118, 1.69569960681, 0.565302952284, 2.85603089019, 11.7372524151, 0.0158049334105, 0.0
0.122504355295, 1.11796597181, 2.35141380769, 0.624461179801, 88.2046070505, 2.00337215137, 1.35575521125, 2.48804649859, 10.3203218621, 0.0138467243632, 0.236842105263
0.101952114421, 0.840883081792, 2.13592410827, 0.722660502841, 90.5706885596, 1.38406944034, 0.213106429961, 1.49123887473, 19.9621323372, 0.0131070996149, 0.5
0.124865990146, 0.912485741983, 5.76968439944, 0.735360920841, 82.2117889985, 3.41847995934, 1.24174275704, 2.57981093925, 14.2956390708, 0.0165722440782, 0.0
0.134329883334, 0.935186808999, 5.56126035097, 0.650784825921, 98.9973470944, 2.61172846161, 0.570863042081, 3.32086382546, 12.8062828073, 0.0175636227587, 0.0
0.114443019212, 1.01264079746, 5.24580880978, 0.892401414128, 86.2122607473, 1.49753109009, 1.98239434004, 3.48053291921, 19.5425648752, 0.0155811459189, 0.277777777778
0.101952114421, 1.02064365187, 2.13592410827, 0.722660502841, 84.1936729973, 1.38406944034, 0.213106429961, 1.49123887473, 11.0770680427, 0.0155755425914, 0.607142857143
0.120227055068, 0.904759723663, 4.27580349369, 0.775787549874, 81.7135890962, 3.09493907196, 0.595128829888, 0.740934951796, 12.8452671521, 0.0178491430178, 0.0
0.163563662287, 1.19250411872, 6.18490708771, 0.79194081644, 98.6050603216, 2.51620431744, 1.72921174178, 0.573664036593, 12.7795071964, 0.0183730310352, 0.0
0.155755646154, 1.14670870601, 2.53030818742, 0.830014034046, 99.0732079373, 1.61612996216, 1.428812887, 1.70057494604, 19.1044386716, 0.0161657319362, 0.426470588235
0.114347992277, 1.23396882321, 4.87359469871, 0.927737638391, 93.6583748918, 3.88655430169, 1.13964800291, 4.2211353934, 17.66121259, 0.019278342303, 0.0
0.100398596306, 0.893091785302, 7.53127311699, 0.704742938399, 89.7448559619, 3.46159813328, 1.7515854819, 2.0863746747, 16.5895731533, 0.0196115151751, 0.0
0.144663350601, 1.24477107156, 2.43353796112, 0.941075715114, 93.805197343, 3.06741365818, 0.0722901966953, 0.0643174063247, 15.0532420808, 0.0179259372903, 0.25
0.140614323573, 0.879847820103, 2.02243373952, 0.886840793019, 88.6050380836, 4.03176190634, 1.19886286426, 3.36614544908, 19.5509973992, 0.0196827223664, 0.0
0.141930360592, 1.03679825225, 3.84071586251, 0.609342687465, 81.7434018691, 6.51438760712, 0.0169145508239, 2.44074698866, 16.6597686052, 0.019270270721, 0.142857142857
0.114347992277, 1.23396882321, 4.87359469871, 0.927737638391, 96.7845968323, 3.88655430169, 1.13964800291, 4.2211353934, 17.66121259, 0.019728149126, 0.0
0.140901837118, 0.865199173233, 6.94852573409, 0.916817836645, 80.9611290631, 6.31669690451, 0.492191889568, 0.822709716433, 15.8730773848, 0.0241846149658, 0.0
0.184939301221, 0.985698758251, 7.06897964072, 0.792068276545, 89.9805094781, 2.06058025704, 1.43917816162, 3.20384582355, 12.3374850608, 0.0205051700532, 0.0441176470588
0.153619898294, 1.12526461467, 7.32841393596, 0.929745333141, 83.5403586809, 3.63439716668, 0.177204723495, 1.54740204996, 15.050494768, 0.0206436428552, 0.0833333333333
0.117936953696, 0.967472162833, 4.48465718074, 0.839622029328, 94.3963360813, 4.81442906538, 1.72203135624, 1.93954315601, 10.4131480167, 0.0290272507153, 0.0
0.165884617101, 1.08599045009, 2.58548458843, 0.715369558182, 83.6398545286, 2.73958729327, 1.41400834619, 4.96567464627, 14.7379497491, 0.0291680962019, 0.0222222222222
0.113578975607, 1.01750080039, 2.92573542557, 0.921950240177, 87.6287072212, 5.59918089118, 1.91762865908, 3.49403865832, 17.8006773597, 0.0307475032822, 0.0
0.196772748277, 0.964605501986, 4.4093594902, 0.828318475051, 92.01132539, 5.4009424428, 0.917339546032, 4.02722644222, 16.5584477388, 0.031044861591, 0.0
0.171231469208, 0.86921897435, 7.52877182535, 0.722785782077, 95.4038457186, 5.54279314917, 1.90660529542, 3.23265618359, 10.1709805184, 0.0333606893777, 0.0
0.160359195668, 1.03437541015, 5.26773338515, 0.942370318159, 89.1533623118, 1.69569960681, 1.93517993568, 2.85603089019, 11.7372524151, 0.021624430146, 0.210526315789
0.18466913329, 0.871095563593, 2.13612715619, 0.814502303433, 94.5838560332, 7.49099586111, 0.24313284319, 1.30698490009, 19.0099863852, 0.0358466884286, 0.0
0.100331661951, 0.985698758251, 5.29413398676, 0.792068276545, 89.9805094781, 2.06058025704, 1.43917816162, 3.20384582355, 12.3374850608, 0.022489952113, 0.229508196721
0.121004882219, 0.988041505136, 4.84120209357, 0.787966135297, 98.9329301048, 5.68685507131, 1.73342532652, 4.04662870328, 18.7211601395, 0.0365602759116, 0.0
0.127930135666, 0.917048416981, 6.08302020007, 0.625007683335, 88.1823695124, 1.54475475177, 1.22076434923, 2.28188427689, 19.423462933, 0.0211675879154, 0.352941176471
0.114931362922, 1.11111822276, 6.82192608838, 0.830532677835, 98.6162102607, 8.3042798583, 1.71970050229, 3.19865906133, 18.5210799229, 0.0401478966109, 0.0
0.122504355295, 1.11796597181, 2.35141380769, 0.624461179801, 88.2046070505, 2.00337215137, 1.35575521125, 2.48804649859, 10.3203218621, 0.0261886459847, 0.234234234234
0.163156561134, 0.917493304266, 5.51555647269, 0.855919233366, 83.8064909206, 5.69122509989, 1.82633250636, 3.47871192833, 18.6531165359, 0.0409893383415, 0.0
0.176275907318, 0.926963626288, 6.23716991831, 0.783784255844, 82.1616656766, 2.40839618826, 0.874140857321, 4.66235977826, 15.0195526951, 0.0292711230906, 0.185185185185
0.151727466858, 1.10653963427, 4.7455549282, 0.721931955782, 90.6541632084, 6.16531446767, 0.970455722089, 2.217025167, 17.1052730884, 0.0306222875107, 0.166666666667
0.141635449612, 1.02064365187, 2.99133897428, 0.924890256737, 84.1936729973, 2.26265533495, 1.66767557139, 4.6476125582, 11.0770680427, 0.0318564021187, 0.137931034483
0.164992756576, 0.918501696808, 7.42625778805, 0.81627028596, 86.7456653756, 1.73359839449, 0.621915564259, 1.94110397326, 13.1053595814, 0.0238449504775, 0.392857142857
0.176275907318, 0.926963626288, 6.23716991831, 0.783784255844, 82.1616656766, 2.40839618826, 0.874140857321, 4.66235977826, 15.0195526951, 0.0376495367091, 0.0714285714286
0.109007015261, 1.2389964703, 2.48924576721, 0.731474279723, 86.894621629, 8.12425421753, 1.14404558616, 0.249292480537, 13.4844756825, 0.038425676021, 0.0666666666667
0.180770427368, 1.18206493013, 5.89212868879, 0.83060336609, 88.677154024, 6.92346003959, 0.35745292753, 1.844238544, 12.2529358142, 0.0422999073576, 0.0
0.199800857928, 1.18843993342, 4.24438369287, 0.793034650769, 81.4571005986, 4.25055230715, 0.277338622925, 3.13393278602, 18.3495405624, 0.042358225568, 0.0
0.161220093497, 1.02222165547, 6.98495723066, 0.698915124479, 88.8854104629, 8.15353880876, 1.01141923002, 1.82771133526, 13.3968674648, 0.0444957113424, 0.0
0.130718360432, 1.05959905891, 3.97360958068, 0.744327080063, 88.6080706732, 3.70856292984, 1.18029476999, 1.21630346299, 14.1938685802, 0.0310858420451, 0.176470588235
0.127930135666, 0.917048416981, 2.48742916246, 0.625007683335, 85.5357313335, 1.54475475177, 1.22076434923, 2.28188427689, 19.423462933, 0.0279245642817, 0.472972972973
0.168152356818, 1.0932116661, 2.20647457966, 0.734124601484, 80.0561200511, 5.97841298098, 0.299688374007, 1.64653068752, 19.0496721564, 0.0451268742061, 0.0
0.109911340535, 1.1906734979, 6.35536944542, 0.678633387085, 97.6287998022, 8.24864356138, 1.90149223132, 2.63576508456, 15.5109923763, 0.0393814031579, 0.117647058824
0.108345347765, 0.982101059323, 3.92725748313, 0.693411297019, 93.5020055856, 9.17138256253, 1.35285003296, 1.7580873361, 15.5077943199, 0.0456416163022, 0.0
0.156539866101, 0.842803504865, 4.66550422493, 0.756987525006, 98.9082726665, 4.92867809957, 0.298562448943, 0.6354112208, 13.3247321131, 0.0296815157034, 0.333333333333
0.12614383639, 1.19680510239, 4.30595358665, 0.893077509093, 87.7574745521, 8.94572823599, 0.649439664837, 3.53120149559, 18.4048812146, 0.0458132413122, 0.0
0.162865281505, 0.977949376463, 6.09778764631, 0.712281617852, 98.6390840436, 3.36663138464, 0.283601660723, 3.28397033976, 10.7577719827, 0.0323033089203, 0.222222222222
0.199696760003, 1.02560696962, 6.17079449416, 0.716138349129, 90.35008859, 1.13213632454, 1.49616776732, 1.43056257199, 14.8106180237, 0.0300338476409, 0.424657534247
0.114443019212, 1.01264079746, 5.24580880978, 0.892401414128, 86.2122607473, 4.305345119, 1.98239434004, 3.48053291921, 19.5425648752, 0.042315418017, 0.0945945945946
0.155755646154, 1.14670870601, 2.53030818742, 0.830014034046, 99.0732079373, 1.61612996216, 1.428812887, 1.70057494604, 15.0223197626, 0.0293712171178, 0.534090909091
0.193529913623, 0.964605501986, 2.43449845716, 0.828318475051, 92.01132539, 9.06658489421, 1.33108546131, 4.02722644222, 16.5584477388, 0.0466583849727, 0.0
0.198142290931, 0.85029908166, 5.43934034929, 0.768588452029, 99.0095558187, 3.8140231178, 1.8736800774, 3.93198933207, 19.6901445311, 0.0418624943827, 0.12
0.137283028829, 1.14530864727, 4.61544745824, 0.914238237146, 87.3084032127, 5.71784862682, 1.26271695712, 0.206274685074, 16.3115435004, 0.0470878638028, 0.0
0.12794190224, 1.0551336041, 3.53299284921, 0.601768600059, 95.2173443452, 9.12806553075, 0.0293563074858, 3.88284200289, 15.0223197626, 0.0480601844174, 0.0
0.197223013945, 1.04653793283, 7.98483329287, 0.829168019209, 93.7657537653, 2.38684778459, 0.929741942938, 0.0578188466265, 11.8990822967, 0.0434912661876, 0.111111111111
0.113008463795, 0.850703736206, 7.29721182156, 0.793783210932, 88.6133431789, 5.83974129328, 0.868369832989, 2.6811771397, 11.0208406806, 0.0482347574304, 0.0
0.124516203134, 1.24810764287, 4.71850922146, 0.720759769682, 90.1686225414, 3.1105532766, 0.075600533119, 4.52511007116, 14.5943683031, 0.0311755257546, 0.352941176471
0.109835621716, 1.19250411872, 6.40324523347, 0.79194081644, 98.6050603216, 2.51620431744, 1.72921174178, 0.573664036593, 11.1359250993, 0.0340173925619, 0.238805970149
0.111983572943, 1.10962558404, 6.63258848099, 0.934539208669, 87.6945886592, 8.24933104324, 0.438117976969, 4.24535461108, 11.4675330514, 0.0505983005886, 0.0
0.100398596306, 0.893091785302, 7.53127311699, 0.704742938399, 93.4034709646, 3.46159813328, 1.7515854819, 2.0863746747, 16.4625801674, 0.0396072453095, 0.196428571429
0.121004882219, 1.03679825225, 3.84071586251, 0.609342687465, 81.7434018691, 6.36038200165, 0.839488087958, 2.44074698866, 13.8060695764, 0.0550343557897, 0.0
0.105780497258, 1.10189099966, 4.58506223312, 0.72449422501, 95.6606619137, 3.92882150383, 0.914104898038, 2.57149225152, 17.8307292561, 0.032246042659, 0.384615384615
0.164992756576, 0.918501696808, 7.42625778805, 0.81627028596, 86.7456653756, 1.73359839449, 0.621915564259, 1.94110397326, 13.1053595814, 0.034396091675, 0.25
0.101453019875, 0.946838278782, 5.17400574237, 0.83609505318, 84.0898050324, 8.36897793292, 0.84245746785, 0.323999864798, 16.6006353356, 0.0558774710112, 0.0
0.196801779813, 0.86557152005, 7.77799336649, 0.694577298598, 84.115618176, 5.18698422424, 0.920687480096, 2.76959891125, 13.657354207, 0.0566671928254, 0.0
0.156539866101, 0.842803504865, 4.66550422493, 0.756987525006, 98.9082726665, 4.92867809957, 1.64880763118, 0.6354112208, 13.3247321131, 0.0478344920319, 0.0909090909091
0.183312642969, 1.22098290523, 4.76104035622, 0.827222132335, 98.4560221863, 8.37926540783, 1.56133283217, 1.36428638395, 13.9836818564, 0.0682125542636, 0.0
0.180807181557, 0.955279839848, 3.44956460295, 0.873278527907, 93.5041721411, 4.85465666081, 1.80041316747, 0.898432542953, 12.1745086607, 0.0509200478331, 0.0697674418605
0.184627672729, 0.976695321923, 5.43242414353, 0.825600857894, 97.9227834238, 9.90970073537, 0.0663545042022, 0.052221722967, 17.218695029, 0.0693502467483, 0.0
0.134245812922, 0.979140330233, 3.23939292599, 0.725501927404, 82.2597748055, 9.46136768121, 0.531114776226, 4.41711259971, 10.7858836241, 0.0751791398494, 0.0
0.172375868359, 1.24477107156, 2.43353796112, 0.941075715114, 93.805197343, 1.00645741057, 0.374724334025, 0.0643174063247, 15.0532420808, 0.0341137885014, 0.461538461538
0.183312642969, 1.22098290523, 4.76104035622, 0.827222132335, 98.4560221863, 8.37926540783, 1.56133283217, 1.36428638395, 13.9836818564, 0.0754787793922, 0.0
0.147055530181, 1.0839949888, 6.44306575925, 0.634201205617, 84.1008224858, 8.50806261836, 1.66532793441, 0.235154636637, 11.9631925908, 0.0739041372075, 0.0416666666667
0.190738042647, 1.1767931716, 5.59839595092, 0.884987622487, 84.5381503109, 6.266049482, 0.189223582962, 2.78747144792, 10.1940778659, 0.0851446682017, 0.0
0.179075021507, 0.889203730737, 7.66929198416, 0.728912699151, 84.9985838429, 9.69414905903, 0.475222371007, 3.41236893726, 17.7717455719, 0.0930611421944, 0.0
0.120978791782, 1.07362657124, 3.6493401122, 0.752324708101, 98.2901406913, 8.87022441, 1.57986128168, 1.28914186898, 13.1847579176, 0.0754166769434, 0.025
0.134245812922, 0.979140330233, 3.23939292599, 0.725501927404, 82.2597748055, 9.46136768121, 0.531114776226, 4.41711259971, 10.7858836241, 0.0939236605301, 0.0
0.195416314294, 0.968847680772, 2.84527549418, 0.804754536003, 93.7815484778, 9.62958359576, 0.179695690438, 3.41236893726, 14.3897509109, 0.103659872501, 0.0
0.161277360378, 1.08190367672, 5.47323540799, 0.912100785548, 86.951236151, 9.07663416661, 1.17977600113, 0.927436541771, 19.5473779229, 0.110475074892, 0.0
0.105780497258, 0.9523011045, 4.58506223312, 0.89041132296, 95.6606619137, 3.92882150383, 0.914104898038, 2.57149225152, 17.8307292561, 0.0376826756319, 0.354838709677
0.179075021507, 0.889203730737, 7.66929198416, 0.728912699151, 84.9985838429, 9.69414905903, 0.475222371007, 4.83262754958, 17.7717455719, 0.128177626886, 0.0
0.184586334379, 1.24288655248, 4.00366982788, 0.784350382362, 93.1231456496, 9.94925034707, 0.565302952284, 0.0647400947828, 15.2963681111, 0.137611308743, 0.0
0.169063792832, 1.03587631157, 7.52946850166, 0.665110933111, 93.2308943183, 1.98926854774, 1.4424040469, 4.1999775042, 19.4246687473, 0.037674515657, 0.460317460317
0.165884617101, 1.08599045009, 2.58548458843, 0.715369558182, 83.6398545286, 7.76276919251, 1.41400834619, 4.96567464627, 13.6771130831, 0.0875347760232, 0.047619047619
0.108002190064, 1.18840393423, 7.78551200357, 0.626355876017, 91.0052571767, 3.52982928507, 0.0579224326486, 0.650997521661, 16.350400203, 0.0467833287274, 0.142857142857
