0.101952114421, 1.02064365187, 2.13592410827, 0.722660502841, 95.6606619137, 1.38406944034, 0.719628571779, 1.49123887473, 11.0770680427, -2.22044604925e-16, 0.142857142857
0.101034417609, 1.02064365187, 2.13592410827, 0.893077509093, 97.4113441599, 2.22068737436, 0.213106429961, 3.28397033976, 17.7559957103, 0.000984714065376, 0.0
0.101952114421, 1.02064365187, 5.24580880978, 0.827326637952, 84.1936729973, 1.38406944034, 0.243816372933, 1.30798728014, 11.0770680427, 0.000706812226469, 0.4
0.137283028829, 1.14530864727, 2.07019804505, 0.781342772144, 87.3084032127, 1.54159125458, 0.801677890821, 2.57981093925, 16.3848601851, 0.00185111478829, 0.0
0.100026660136, 1.02064365187, 6.64125706485, 0.722660502841, 90.5706885596, 1.38406944034, 0.213106429961, 1.1096132094, 16.3019971284, 0.00101608047576, 0.142857142857
0.137283028829, 1.14530864727, 5.24580880978, 0.864822658535, 87.3084032127, 1.54159125458, 0.0968656815419, 2.57981093925, 16.3848601851, 0.0023693826367, 0.0
0.199696760003, 1.10641195114, 6.17079449416, 0.716138349129, 90.35008859, 1.13213632454, 0.808497357673, 1.43056257199, 10.516790941, 0.0019204859715, 0.333333333333
0.100026660136, 1.02560696962, 5.24580880978, 0.888319858114, 90.5706885596, 1.15282281743, 0.82390517244, 1.1096132094, 15.8392780975, 0.00273856048317, 0.0
0.11474647922, 1.2586114414, 7.36061992912, 0.949138924718, 99.7203450273, 1.0049117831, 1.13964800291, 2.5585074698, 17.66121259, 0.00291829723064, 0.0
0.137283028829, 0.840037376981, 6.17079449416, 0.781342772144, 90.35008859, 1.38406944034, 0.213106429961, 2.13297419182, 14.8106180237, 0.00275845681615, 0.3
0.1045703648, 0.840883081792, 2.13592410827, 0.876298018278, 84.1936729973, 1.49753109009, 0.213106429961, 1.49123887473, 11.0770680427, 0.00294966422223, 0.0
0.113008463795, 1.13657340442, 7.47724759828, 0.896056279233, 99.7203450273, 1.0049117831, 1.64880763118, 0.424701060911, 16.9425900323, 0.00329416167786, 0.0
0.101952114421, 1.14530864727, 5.281097529, 0.827326637952, 87.3084032127, 1.49753109009, 0.213106429961, 1.49123887473, 16.3115435004, 0.00332801224702, 0.0
0.10353984412, 1.2586114414, 7.36061992912, 0.949138924718, 99.7203450273, 1.0049117831, 0.213106429961, 2.5585074698, 19.5425648752, 0.00352035201548, 0.0
0.100026660136, 1.02064365187, 5.24580880978, 0.687626737286, 90.5706885596, 1.38406944034, 0.213106429961, 2.48804649859, 14.7486306116, 0.00363408330358, 0.0
0.100026660136, 1.02064365187, 5.24580880978, 0.687626737286, 90.5706885596, 1.38406944034, 0.213106429961, 2.48804649859, 16.3019971284, 0.00370388953544, 0.0
0.105445710389, 1.14670870601, 5.26773338515, 0.830014034046, 86.7456653756, 1.35940109391, 0.621915564259, 1.94110397326, 11.4441864853, 0.00375410272647, 0.0
0.101952114421, 1.02064365187, 2.13592410827, 0.892401414128, 87.3084032127, 1.38406944034, 0.719628571779, 1.49123887473, 11.0770680427, 0.00387220282343, 0.0
0.101952114421, 1.02064365187, 2.13592410827, 0.722660502841, 95.6606619137, 1.01569648007, 0.213106429961, 1.49123887473, 11.0770680427, 0.00389615577412, 0.0
0.100026660136, 1.13071634739, 5.24580880978, 0.827326637952, 99.3001090886, 1.38406944034, 0.213106429961, 1.1096132094, 10.117283322, 0.00404802858052, 0.0
0.100026660136, 1.25054338468, 7.36061992912, 0.949138924718, 99.7203450273, 1.0049117831, 0.213106429961, 2.5585074698, 17.66121259, 0.00405605016392, 0.0
0.168152356818, 1.0932116661, 2.20647457966, 0.734124601484, 80.0561200511, 5.97841298098, 0.299688374007, 1.64653068752, 19.0496721564, 0.00407081612791, 0.0
0.168152356818, 1.0932116661, 2.20647457966, 0.734124601484, 80.0561200511, 1.0364786609, 0.299688374007, 1.64653068752, 19.9570623224, 0.00413623556838, 0.0
0.113008463795, 0.945423207809, 2.0712086453, 0.7148852389, 99.7203450273, 1.00035940377, 0.213106429961, 0.424701060911, 16.9425900323, 0.00414672936767, 0.0
0.101952114421, 0.916524026083, 5.24580880978, 0.687626737286, 90.5706885596, 1.38406944034, 0.213106429961, 2.48804649859, 16.3115435004, 0.00410536086035, 0.454545454545
0.113008463795, 1.13657340442, 7.47724759828, 0.7148852389, 99.7203450273, 1.0010638357, 1.64880763118, 0.424701060911, 16.9425900323, 0.00426732558789, 0.0
0.100026660136, 1.02560696962, 5.24580880978, 0.644452367711, 90.5706885596, 1.15282281743, 0.82390517244, 1.1096132094, 12.9386276202, 0.00439555376146, 0.0
0.114443019212, 1.01264079746, 4.46782092689, 0.892401414128, 86.2122607473, 1.49753109009, 1.98239434004, 0.424701060911, 14.0251612727, 0.00442560732783, 0.0384615384615
0.113008463795, 0.974736848619, 5.24580880978, 0.793783210932, 99.7203450273, 1.0049117831, 1.32348684028, 0.424701060911, 14.0251612727, 0.00445573295984, 0.0
0.14017043067, 1.07317438238, 7.06897964072, 0.792068276545, 89.9805094781, 1.60361140552, 1.43917816162, 4.31353389446, 10.9704060285, 0.00460666599832, 0.0
0.100026660136, 1.02064365187, 5.24580880978, 0.722660502841, 90.5706885596, 1.38406944034, 0.213106429961, 1.1096132094, 16.3019971284, 0.00440517335921, 0.3
0.100026660136, 1.02064365187, 5.47344802378, 0.892401414128, 90.5706885596, 1.38406944034, 0.213106429961, 3.8195573889, 16.3019971284, 0.00458863841239, 0.0909090909091
0.10353984412, 1.01264079746, 5.24580880978, 0.892401414128, 86.2122607473, 1.49753109009, 1.72203135624, 3.8195573889, 19.5425648752, 0.0046879904703, 0.0
0.100026660136, 1.2586114414, 7.36061992912, 0.949138924718, 99.7203450273, 1.0049117831, 0.213106429961, 2.5585074698, 17.66121259, 0.00481934546992, 0.0
0.100026660136, 1.02064365187, 5.24580880978, 0.900345874523, 90.5706885596, 1.38406944034, 0.213106429961, 3.8195573889, 16.3019971284, 0.00487378840379, 0.0
0.100026660136, 1.01264079746, 5.24580880978, 0.892401414128, 86.2122607473, 1.49753109009, 1.72203135624, 3.8195573889, 17.66121259, 0.00490488866077, 0.0
0.168152356818, 1.02064365187, 2.20647457966, 0.722660502841, 80.0561200511, 1.38406944034, 1.32736167743, 1.1096132094, 16.3019971284, 0.00493114144293, 0.0
0.136155271489, 1.02064365187, 2.13592410827, 0.722660502841, 84.1936729973, 1.38406944034, 0.213106429961, 1.49123887473, 11.0770680427, 0.00492731254178, 0.0833333333333
0.114443019212, 1.01264079746, 4.46782092689, 0.892401414128, 86.2122607473, 1.21175839523, 1.98239434004, 0.424701060911, 14.0251612727, 0.00498900562656, 0.0
0.101952114421, 1.02064365187, 2.13592410827, 0.722660502841, 95.6606619137, 1.38406944034, 0.719628571779, 1.49123887473, 11.0770680427, 0.0050269278302, 0.0
0.155490362284, 1.13657340442, 5.76968439944, 0.722660502841, 91.7464762202, 1.38406944034, 0.576579120705, 0.424701060911, 16.9425900323, 0.00506717146648, 0.0
0.101952114421, 1.02064365187, 2.13592410827, 0.722660502841, 95.6606619137, 1.01569648007, 0.213106429961, 1.49123887473, 11.0770680427, 0.00511326338288, 0.0
0.100026660136, 1.02560696962, 5.24580880978, 0.644452367711, 90.5706885596, 1.15282281743, 0.82390517244, 1.1096132094, 15.8392780975, 0.00499671787651, 0.181818181818
0.137283028829, 1.13657340442, 6.17079449416, 0.7148852389, 99.7203450273, 1.0010638357, 1.24015644418, 0.424701060911, 16.9425900323, 0.00515274062454, 0.0
0.14017043067, 0.918501696808, 7.42625778805, 0.81627028596, 86.7456653756, 1.73359839449, 0.621915564259, 1.94110397326, 16.9425900323, 0.00515813741212, 0.0
0.10087761319, 1.02064365187, 2.13592410827, 0.766203065786, 95.6606619137, 1.12308717079, 0.213106429961, 0.424701060911, 14.0251612727, 0.0051587180829, 0.0
0.100026660136, 1.02064365187, 6.64125706485, 0.722660502841, 90.5706885596, 1.04211549897, 0.82390517244, 1.1096132094, 16.3019971284, 0.00508831476221, 0.214285714286
0.113008463795, 0.945423207809, 7.47724759828, 0.7148852389, 99.7203450273, 1.00035940377, 1.64880763118, 0.424701060911, 16.9425900323, 0.00520847830743, 0.0
0.10087761319, 0.840883081792, 2.0712086453, 0.722660502841, 90.5706885596, 1.38406944034, 0.213106429961, 1.49123887473, 16.3019971284, 0.00524532596919, 0.0
0.100012438282, 1.02064365187, 6.64125706485, 0.722660502841, 90.5706885596, 1.04211549897, 0.82390517244, 1.1096132094, 16.3019971284, 0.00527332227814, 0.0
0.116489430251, 1.05642863793, 6.17079449416, 0.677146020544, 80.0561200511, 1.10775592666, 1.2254013876, 1.64653068752, 14.8106180237, 0.00535710521292, 0.0
0.1045703648, 0.840883081792, 2.13592410827, 0.876298018278, 84.1936729973, 1.49753109009, 0.213106429961, 1.49123887473, 11.0770680427, 0.00538108598229, 0.0
0.155755646154, 1.14670870601, 2.53030818742, 0.830014034046, 99.0732079373, 1.06608033463, 1.428812887, 3.11873570545, 19.1044386716, 0.00538687910742, 0.0
0.101952114421, 1.02064365187, 2.13592410827, 0.722660502841, 95.6606619137, 1.38406944034, 0.201601347089, 1.49123887473, 16.3019971284, 0.00521983995423, 0.3
0.101952114421, 0.895868716592, 2.13592410827, 0.750220834789, 87.3084032127, 1.38406944034, 0.719628571779, 1.49123887473, 11.0770680427, 0.00552563740722, 0.0
0.101952114421, 1.02064365187, 5.24580880978, 0.654450754318, 84.1936729973, 1.02586664408, 0.243816372933, 1.30798728014, 15.8392780975, 0.00524371086485, 0.578947368421
0.14017043067, 1.13657340442, 4.87359469871, 0.85807321538, 99.7203450273, 1.54458175103, 1.64880763118, 0.424701060911, 16.9425900323, 0.00565678202885, 0.0
0.113008463795, 0.945423207809, 2.13592410827, 0.7148852389, 99.7485327836, 1.00035940377, 1.64880763118, 0.424701060911, 15.0213024557, 0.00573072434665, 0.0
0.161258879122, 1.02064365187, 2.39028723062, 0.876298018278, 84.1936729973, 1.43737310644, 0.0968656815419, 1.49123887473, 15.469817679, 0.00574342217, 0.0
0.137283028829, 1.14530864727, 5.24580880978, 0.864822658535, 87.3084032127, 1.54159125458, 0.801677890821, 2.57981093925, 16.3848601851, 0.00575587669207, 0.0
0.113008463795, 0.974736848619, 5.24580880978, 0.892401414128, 99.7203450273, 1.0049117831, 1.98239434004, 0.424701060911, 14.0251612727, 0.00576177554407, 0.0
0.100026660136, 1.02064365187, 7.31243684503, 0.722660502841, 90.5706885596, 1.15282281743, 0.82390517244, 0.0880948462852, 16.3019971284, 0.00581368789161, 0.0
0.14017043067, 1.01264079746, 4.93628579727, 0.750651045133, 86.2122607473, 1.49753109009, 1.98239434004, 1.64653068752, 19.5425648752, 0.00592049771648, 0.0
0.114443019212, 1.02560696962, 6.17079449416, 0.892401414128, 80.0561200511, 1.10775592666, 1.64880763118, 3.48053291921, 14.8106180237, 0.00590288885694, 0.0819672131148
0.100026660136, 1.0932116661, 5.24580880978, 0.722660502841, 85.3156946739, 1.02586664408, 0.213106429961, 2.6051915286, 15.8392780975, 0.00599915456492, 0.0
0.118944110489, 1.11796597181, 2.35141380769, 0.624461179801, 88.2046070505, 2.00337215137, 1.29401495997, 2.48804649859, 10.3203218621, 0.00600041061768, 0.0
0.100026660136, 1.02064365187, 6.64125706485, 0.722660502841, 90.5706885596, 1.38406944034, 0.213106429961, 1.1096132094, 16.3019971284, 0.00603919781913, 0.0
0.113008463795, 1.13657340442, 7.47724759828, 0.793783210932, 99.7203450273, 1.0049117831, 1.32348684028, 0.424701060911, 14.0251612727, 0.00604029802638, 0.0
0.113008463795, 1.13657340442, 7.47724759828, 0.948026600283, 99.7203450273, 1.0049117831, 1.64880763118, 0.424701060911, 16.9425900323, 0.00607184005224, 0.0
0.113008463795, 0.974736848619, 5.24580880978, 0.892401414128, 99.7203450273, 1.0049117831, 1.98239434004, 0.424701060911, 12.8482934032, 0.00613932335623, 0.0
0.10087761319, 1.05642863793, 2.0712086453, 0.722660502841, 90.5706885596, 1.38406944034, 0.213106429961, 1.49123887473, 14.8106180237, 0.00585111755974, 0.416666666667
0.114443019212, 1.01264079746, 4.93628579727, 0.892401414128, 86.2122607473, 1.49753109009, 1.98239434004, 3.48053291921, 19.5425648752, 0.00615062477274, 0.0
0.14017043067, 1.02560696962, 6.17079449416, 0.750651045133, 80.0561200511, 1.10775592666, 1.64880763118, 1.64653068752, 14.8106180237, 0.00616198958896, 0.0
0.114443019212, 1.01264079746, 4.46782092689, 0.892401414128, 86.2122607473, 1.21175839523, 1.98239434004, 0.424701060911, 14.0251612727, 0.00621294840795, 0.0
0.101952114421, 1.02064365187, 2.13592410827, 0.892401414128, 87.3084032127, 1.38406944034, 0.719628571779, 1.49123887473, 11.0770680427, 0.00611757075416, 0.166666666667
0.114443019212, 1.01264079746, 4.93628579727, 0.892401414128, 86.2122607473, 1.49753109009, 0.662485759034, 3.48053291921, 19.5425648752, 0.00622175896273, 0.0
0.114443019212, 1.01264079746, 4.46782092689, 0.892401414128, 86.2122607473, 1.49753109009, 1.98239434004, 0.424701060911, 14.0251612727, 0.00637999735799, 0.0
0.113008463795, 0.974736848619, 5.24580880978, 0.892401414128, 99.7203450273, 1.0049117831, 1.98239434004, 0.424701060911, 14.0251612727, 0.00631117991615, 0.0697674418605
0.10087761319, 0.988879498967, 2.13592410827, 0.766203065786, 95.6606619137, 7.12976305712, 0.213106429961, 0.424701060911, 14.0251612727, 0.00605465890436, 0.333333333333
0.101034417609, 1.02064365187, 2.13592410827, 0.893077509093, 97.4113441599, 2.22068737436, 0.213106429961, 3.28397033976, 17.7559957103, 0.00639277137033, 0.0
0.101952114421, 1.02064365187, 5.24580880978, 0.722660502841, 84.1936729973, 1.38406944034, 1.22076434923, 1.30798728014, 11.0770680427, 0.00642850122959, 0.0
0.101952114421, 1.14530864727, 5.24580880978, 0.827326637952, 87.3084032127, 1.49753109009, 0.213106429961, 1.49123887473, 16.3115435004, 0.00645340235899, 0.0
0.10087761319, 1.02064365187, 2.13592410827, 0.722660502841, 91.4938517638, 3.52081256977, 0.213106429961, 1.49123887473, 14.0251612727, 0.00607588196191, 0.538461538462
0.101952114421, 1.02064365187, 2.07019804505, 0.722660502841, 84.1936729973, 1.38406944034, 1.22076434923, 1.30798728014, 11.0770680427, 0.00657647651738, 0.0
0.137283028829, 1.14530864727, 4.61544745824, 0.781342772144, 87.3084032127, 1.54159125458, 1.26271695712, 2.57981093925, 16.3115435004, 0.0066162235593, 0.0
0.10087761319, 1.02064365187, 2.13592410827, 0.665936974649, 95.6606619137, 1.12308717079, 0.213106429961, 0.424701060911, 14.0251612727, 0.00615868299338, 0.333333333333
0.137283028829, 0.840037376981, 6.17079449416, 0.781342772144, 90.35008859, 1.38406944034, 0.213106429961, 2.13297419182, 13.1536415521, 0.00617667152399, 0.3
0.114443019212, 1.02560696962, 4.37675904035, 0.892401414128, 80.0561200511, 1.06563948553, 1.98239434004, 3.48053291921, 19.5425648752, 0.00656042915081, 0.075
0.136155271489, 1.02064365187, 2.13592410827, 0.722660502841, 84.1936729973, 1.04401792592, 0.213106429961, 1.21356975325, 11.0770680427, 0.00663151357861, 0.0
0.114443019212, 1.01264079746, 4.46782092689, 0.892401414128, 86.2122607473, 1.21175839523, 1.98239434004, 0.424701060911, 11.0770680427, 0.00664141713237, 0.0
0.101952114421, 1.02064365187, 2.13592410827, 0.722660502841, 87.3084032127, 1.38406944034, 0.719628571779, 1.49123887473, 11.0770680427, 0.00672650364695, 0.0
0.136155271489, 1.02064365187, 2.13592410827, 0.722660502841, 84.1936729973, 1.38406944034, 0.213106429961, 1.49123887473, 14.9210602734, 0.00640658112722, 0.2
0.10087761319, 1.02064365187, 2.13592410827, 0.722660502841, 95.6606619137, 1.38406944034, 0.213106429961, 1.49123887473, 16.3019971284, 0.00680726086413, 0.0
0.114443019212, 1.01264079746, 4.46782092689, 0.892401414128, 86.2122607473, 1.49753109009, 1.98239434004, 0.424701060911, 14.0251612727, 0.00677069927515, 0.037037037037
0.113008463795, 1.13657340442, 7.47724759828, 0.948026600283, 99.8015219885, 1.0049117831, 1.64880763118, 0.424701060911, 16.9425900323, 0.00686400643003, 0.0357142857143
0.101952114421, 1.14950762647, 4.54835312733, 0.722660502841, 95.6606619137, 1.38406944034, 0.213106429961, 1.49123887473, 11.0770680427, 0.00695221858166, 0.0
0.136155271489, 1.02064365187, 2.13592410827, 0.722660502841, 84.1936729973, 1.04401792592, 0.213106429961, 1.21356975325, 11.0770680427, 0.00698185748048, 0.0
0.101952114421, 1.02064365187, 5.24580880978, 0.827326637952, 84.1936729973, 1.49753109009, 0.213106429961, 1.49123887473, 11.0770680427, 0.00700542065758, 0.0
0.100026660136, 0.916524026083, 5.24580880978, 0.687626737286, 90.5706885596, 1.38406944034, 0.213106429961, 2.48804649859, 16.3115435004, 0.00703554147836, 0.0
0.161258879122, 1.02064365187, 2.93076394455, 0.876298018278, 84.1936729973, 1.43737310644, 0.0968656815419, 1.49123887473, 15.469817679, 0.00706460598886, 0.0
