0.101952114421, 1.02064365187, 2.13592410827, 0.722660502841, 95.6606619137, 1.38406944034, 0.719628571779, 1.49123887473, 11.0770680427, -2.22044604925e-16, 0.142857142857
0.101034417609, 1.02064365187, 2.13592410827, 0.893077509093, 97.4113441599, 2.22068737436, 0.213106429961, 3.28397033976, 17.7559957103, 0.000984714065376, 0.0
0.101952114421, 1.02064365187, 5.24580880978, 0.827326637952, 84.1936729973, 1.38406944034, 0.243816372933, 1.30798728014, 11.0770680427, 0.000706812226469, 0.4
0.114443019212, 1.01264079746, 4.93628579727, 0.892401414128, 86.2122607473, 1.49753109009, 0.17871824969, 0.854406656471, 19.5425648752, 0.00107170958507, 0.0
0.100026660136, 1.02064365187, 6.64125706485, 0.722660502841, 90.5706885596, 1.38406944034, 0.213106429961, 1.1096132094, 16.3019971284, 0.00101608047576, 0.142857142857
0.100026660136, 1.13071634739, 5.24580880978, 0.928428146595, 99.7203450273, 1.38406944034, 0.213106429961, 1.1096132094, 10.8362314469, 0.0017309470567, 0.0
0.101952114421, 1.02064365187, 2.13592410827, 0.722660502841, 95.6606619137, 1.38406944034, 0.201601347089, 1.49123887473, 16.3019971284, 0.00157793448756, 0.142857142857
0.137283028829, 1.14530864727, 2.07019804505, 0.781342772144, 87.3084032127, 1.54159125458, 0.801677890821, 2.57981093925, 16.3848601851, 0.00185111478829, 0.0
0.100000929313, 1.02064365187, 5.24580880978, 0.722660502841, 90.5706885596, 1.38406944034, 0.213106429961, 1.1096132094, 16.3019971284, 0.00217681449112, 0.0
0.101952114421, 0.916524026083, 5.24580880978, 0.687626737286, 90.5706885596, 1.38406944034, 0.213106429961, 2.71380844027, 16.3115435004, 0.00233535436614, 0.0
0.199696760003, 1.10641195114, 6.17079449416, 0.716138349129, 90.35008859, 1.13213632454, 0.808497357673, 1.43056257199, 10.516790941, 0.0019204859715, 0.333333333333
0.137283028829, 1.14530864727, 5.24580880978, 0.864822658535, 87.3084032127, 1.54159125458, 0.0968656815419, 2.57981093925, 16.3848601851, 0.0023693826367, 0.0
0.100026660136, 1.2586114414, 7.36061992912, 0.949138924718, 99.7203450273, 1.0049117831, 0.213106429961, 2.5585074698, 17.66121259, 0.00241708738456, 0.0
0.100002733625, 0.939923197617, 5.281097529, 0.949138924718, 99.3001090886, 1.0049117831, 1.64740431282, 1.1096132094, 18.954259221, 0.00255896423926, 0.0
0.100012126184, 1.13657340442, 7.47724759828, 0.793783210932, 99.7203450273, 1.0049117831, 1.32348684028, 0.424701060911, 10.0708732435, 0.00264672205719, 0.0
0.100026660136, 1.02560696962, 5.24580880978, 0.888319858114, 90.5706885596, 1.15282281743, 0.82390517244, 1.1096132094, 15.8392780975, 0.00273856048317, 0.0
0.11474647922, 1.2586114414, 7.36061992912, 0.949138924718, 99.7203450273, 1.0049117831, 1.13964800291, 2.5585074698, 17.66121259, 0.00291829723064, 0.0
0.1045703648, 0.840883081792, 2.13592410827, 0.876298018278, 84.1936729973, 1.49753109009, 0.213106429961, 1.49123887473, 11.0770680427, 0.00294966422223, 0.0
0.137283028829, 0.840037376981, 6.17079449416, 0.781342772144, 90.35008859, 1.38406944034, 0.213106429961, 2.13297419182, 14.8106180237, 0.00275845681615, 0.3
0.113008463795, 1.13657340442, 7.47724759828, 0.896056279233, 99.7203450273, 1.0049117831, 1.64880763118, 0.424701060911, 16.9425900323, 0.00329416167786, 0.0
0.101952114421, 1.14530864727, 5.281097529, 0.827326637952, 87.3084032127, 1.49753109009, 0.213106429961, 1.49123887473, 16.3115435004, 0.00332801224702, 0.0
0.141913945524, 1.01264079746, 4.93628579727, 0.644452367711, 86.2122607473, 1.49753109009, 0.17871824969, 1.1096132094, 19.5425648752, 0.00326208895275, 0.333333333333
0.100026660136, 1.05635633022, 7.36061992912, 0.949138924718, 99.3001090886, 1.0049117831, 0.213106429961, 2.5585074698, 18.954259221, 0.00334203874218, 0.0
0.113008463795, 0.974736848619, 5.24580880978, 0.892401414128, 99.7203450273, 1.0049117831, 1.98239434004, 0.424701060911, 12.8482934032, 0.0034890800712, 0.0
0.10353984412, 1.2586114414, 7.36061992912, 0.949138924718, 99.7203450273, 1.0049117831, 0.213106429961, 2.5585074698, 19.5425648752, 0.00352035201548, 0.0
0.100012438282, 1.02064365187, 6.64125706485, 0.722660502841, 90.5706885596, 1.04211549897, 0.763690391341, 1.1096132094, 16.3019971284, 0.00358825437542, 0.0
0.100026660136, 1.02064365187, 5.24580880978, 0.687626737286, 90.5706885596, 1.38406944034, 0.213106429961, 2.48804649859, 14.7486306116, 0.00363408330358, 0.0
0.100026660136, 1.02064365187, 5.24580880978, 0.687626737286, 90.5706885596, 1.38406944034, 0.213106429961, 2.48804649859, 16.3019971284, 0.00370388953544, 0.0
0.105445710389, 1.14670870601, 5.26773338515, 0.830014034046, 86.7456653756, 1.35940109391, 0.621915564259, 1.94110397326, 11.4441864853, 0.00375410272647, 0.0
0.105445710389, 1.14670870601, 2.46441002428, 0.830014034046, 90.5706885596, 1.35940109391, 0.621915564259, 2.48804649859, 11.4441864853, 0.00376141709342, 0.0
0.101952114421, 1.02064365187, 2.13592410827, 0.892401414128, 87.3084032127, 1.38406944034, 0.719628571779, 1.49123887473, 11.0770680427, 0.00387220282343, 0.0
0.101952114421, 1.02064365187, 2.13592410827, 0.722660502841, 95.6606619137, 1.01569648007, 0.213106429961, 1.49123887473, 11.0770680427, 0.00389615577412, 0.0
0.116489430251, 1.05642863793, 6.17079449416, 0.677146020544, 80.0561200511, 1.10775592666, 1.2254013876, 1.64653068752, 11.0770680427, 0.00396124721726, 0.0
0.10353984412, 1.2586114414, 7.36061992912, 0.949138924718, 98.8382237439, 1.0049117831, 0.213106429961, 2.5585074698, 16.3019971284, 0.00403392260537, 0.0
0.100026660136, 1.13071634739, 5.24580880978, 0.827326637952, 99.3001090886, 1.38406944034, 0.213106429961, 1.1096132094, 10.117283322, 0.00404802858052, 0.0
0.100026660136, 1.25054338468, 7.36061992912, 0.949138924718, 99.7203450273, 1.0049117831, 0.213106429961, 2.5585074698, 17.66121259, 0.00405605016392, 0.0
0.168152356818, 1.0932116661, 2.20647457966, 0.734124601484, 80.0561200511, 5.97841298098, 0.299688374007, 1.64653068752, 19.0496721564, 0.00407081612791, 0.0
0.100026660136, 1.02560696962, 5.24580880978, 0.644452367711, 90.5706885596, 1.15282281743, 0.82390517244, 1.1096132094, 15.8392780975, 0.0040952286216, 0.0
0.168152356818, 1.0932116661, 2.20647457966, 0.734124601484, 80.0561200511, 1.0364786609, 0.299688374007, 1.64653068752, 19.9570623224, 0.00413623556838, 0.0
0.113008463795, 0.945423207809, 2.0712086453, 0.7148852389, 99.7203450273, 1.00035940377, 0.213106429961, 0.424701060911, 16.9425900323, 0.00414672936767, 0.0
0.10087761319, 1.02064365187, 3.38935577858, 0.766203065786, 95.6606619137, 1.12308717079, 0.213106429961, 1.1096132094, 19.6131322252, 0.00423289250193, 0.0
0.101952114421, 0.916524026083, 5.24580880978, 0.687626737286, 90.5706885596, 1.38406944034, 0.213106429961, 2.48804649859, 16.3115435004, 0.00410536086035, 0.454545454545
0.137283028829, 1.14530864727, 5.24580880978, 0.864822658535, 87.3084032127, 1.54159125458, 0.801677890821, 2.57981093925, 14.0251612727, 0.00425591899349, 0.0
0.114443019212, 1.01264079746, 4.93628579727, 0.892401414128, 84.1936729973, 1.38406944034, 0.17871824969, 0.854406656471, 19.5425648752, 0.00421409437765, 0.142857142857
0.113008463795, 1.13657340442, 7.47724759828, 0.7148852389, 99.7203450273, 1.0010638357, 1.64880763118, 0.424701060911, 16.9425900323, 0.00426732558789, 0.0
0.100026660136, 1.05635633022, 7.36061992912, 0.949138924718, 99.3001090886, 1.0049117831, 0.213106429961, 2.5585074698, 12.8482934032, 0.00431873946648, 0.0
0.100026660136, 1.13657340442, 7.47724759828, 0.713402792387, 90.5706885596, 1.00101202435, 0.887215576885, 0.0228507273133, 15.0213024557, 0.00425562064583, 0.153846153846
0.100026660136, 1.02560696962, 5.24580880978, 0.644452367711, 90.5706885596, 1.15282281743, 0.82390517244, 1.1096132094, 12.9386276202, 0.00439555376146, 0.0
0.114443019212, 1.01264079746, 4.93628579727, 0.892401414128, 86.2122607473, 1.49753109009, 0.17871824969, 3.48053291921, 19.5425648752, 0.00440903440697, 0.0
0.114443019212, 1.01264079746, 4.46782092689, 0.892401414128, 86.2122607473, 1.49753109009, 1.98239434004, 0.424701060911, 14.0251612727, 0.00442560732783, 0.0384615384615
0.113008463795, 0.974736848619, 5.24580880978, 0.793783210932, 99.7203450273, 1.0049117831, 1.32348684028, 0.424701060911, 14.0251612727, 0.00445573295984, 0.0
0.100026660136, 1.02560696962, 5.24580880978, 0.644452367711, 90.5706885596, 1.15282281743, 0.82390517244, 1.1096132094, 15.8392780975, 0.00449014394161, 0.0
0.100026660136, 1.02064365187, 5.24580880978, 0.722660502841, 90.5706885596, 1.38406944034, 0.213106429961, 1.1096132094, 16.3019971284, 0.00440517335921, 0.3
0.129731115348, 1.02560696962, 7.36061992912, 0.949138924718, 97.4085534858, 1.0049117831, 1.13964800291, 0.815441566729, 17.66121259, 0.00452119383965, 0.0
0.113008463795, 1.13657340442, 7.47724759828, 0.793783210932, 99.7203450273, 1.0049117831, 1.32348684028, 0.424701060911, 14.0251612727, 0.00456364012312, 0.0
0.100012438282, 1.02064365187, 6.17079449416, 0.722660502841, 90.5706885596, 1.04211549897, 1.16787965442, 1.1096132094, 19.5425648752, 0.00460215494266, 0.0
0.100026660136, 1.02064365187, 5.47344802378, 0.892401414128, 90.5706885596, 1.38406944034, 0.213106429961, 3.8195573889, 16.3019971284, 0.00458863841239, 0.0909090909091
0.14017043067, 1.07317438238, 7.06897964072, 0.792068276545, 89.9805094781, 1.60361140552, 1.43917816162, 4.31353389446, 10.9704060285, 0.00460666599832, 0.0
0.101952114421, 1.02064365187, 2.13592410827, 0.722660502841, 95.6606619137, 1.01569648007, 0.213106429961, 0.424701060911, 11.0770680427, 0.00450464237978, 0.2
0.137283028829, 1.14530864727, 2.07019804505, 0.781342772144, 87.3084032127, 1.54159125458, 0.801677890821, 2.57981093925, 16.3848601851, 0.00461071432369, 0.0
0.100012438282, 1.02064365187, 6.64125706485, 0.722660502841, 90.5706885596, 1.04211549897, 1.16787965442, 1.1096132094, 19.5425648752, 0.00461406939512, 0.0
0.14017043067, 1.02560696962, 6.17079449416, 0.750651045133, 80.0561200511, 1.10775592666, 1.98239434004, 1.64653068752, 14.8106180237, 0.00467633944735, 0.0
0.10353984412, 1.01264079746, 5.24580880978, 0.892401414128, 86.2122607473, 1.49753109009, 1.72203135624, 3.8195573889, 19.5425648752, 0.0046879904703, 0.0
0.100026660136, 1.2586114414, 7.36061992912, 0.949138924718, 99.7203450273, 1.0049117831, 0.213106429961, 2.5585074698, 17.66121259, 0.00481934546992, 0.0
0.100026660136, 1.13071634739, 5.24580880978, 0.827326637952, 99.7203450273, 1.38406944034, 0.213106429961, 1.1096132094, 10.117283322, 0.00477612583766, 0.0833333333333
0.100026660136, 1.02064365187, 5.24580880978, 0.900345874523, 90.5706885596, 1.38406944034, 0.213106429961, 3.8195573889, 16.3019971284, 0.00487378840379, 0.0
0.100026660136, 1.01264079746, 5.24580880978, 0.892401414128, 86.2122607473, 1.49753109009, 1.72203135624, 3.8195573889, 17.66121259, 0.00490488866077, 0.0
0.168152356818, 1.02064365187, 2.20647457966, 0.722660502841, 80.0561200511, 1.38406944034, 1.32736167743, 1.1096132094, 16.3019971284, 0.00493114144293, 0.0
0.138731654035, 1.05635633022, 7.36061992912, 0.949138924718, 99.3001090886, 1.00287864888, 0.213106429961, 2.5585074698, 18.954259221, 0.00494129256712, 0.0
0.136155271489, 1.02064365187, 2.13592410827, 0.722660502841, 84.1936729973, 1.38406944034, 0.213106429961, 1.49123887473, 11.0770680427, 0.00492731254178, 0.0833333333333
0.100020763677, 1.25054338468, 7.36061992912, 0.949138924718, 99.7203450273, 1.0049117831, 0.213106429961, 2.5585074698, 17.66121259, 0.00494434516927, 0.0
0.114443019212, 1.01264079746, 4.46782092689, 0.892401414128, 86.2122607473, 1.21175839523, 1.98239434004, 0.424701060911, 14.0251612727, 0.00498900562656, 0.0
0.101952114421, 1.14530864727, 7.47724759828, 0.663404001061, 87.3084032127, 1.38406944034, 0.213106429961, 1.49123887473, 16.3115435004, 0.0049994913951, 0.0
0.101952114421, 1.02064365187, 2.13592410827, 0.722660502841, 95.6606619137, 1.38406944034, 0.719628571779, 1.49123887473, 11.0770680427, 0.0050269278302, 0.0
0.113008463795, 1.13657340442, 7.47724759828, 0.675964928937, 99.7203450273, 1.0010638357, 1.64880763118, 0.424701060911, 16.9425900323, 0.00500451108708, 0.0384615384615
0.155490362284, 1.13657340442, 5.76968439944, 0.722660502841, 91.7464762202, 1.38406944034, 0.576579120705, 0.424701060911, 16.9425900323, 0.00506717146648, 0.0
0.113008463795, 0.945423207809, 7.47724759828, 0.7148852389, 99.7203450273, 1.04211549897, 1.64880763118, 0.424701060911, 16.9425900323, 0.00506756515572, 0.0
0.113008463795, 0.945423207809, 2.13592410827, 0.832918521134, 99.7485327836, 1.00035940377, 1.64880763118, 0.424701060911, 15.0213024557, 0.00511089309889, 0.0
0.101952114421, 1.02064365187, 2.13592410827, 0.722660502841, 95.6606619137, 1.01569648007, 0.213106429961, 1.49123887473, 11.0770680427, 0.00511326338288, 0.0
0.100026660136, 1.05635633022, 5.281097529, 0.949138924718, 99.3001090886, 1.0049117831, 1.64740431282, 2.5585074698, 18.954259221, 0.00510535305537, 0.0408163265306
0.100026660136, 1.02560696962, 5.24580880978, 0.644452367711, 90.5706885596, 1.15282281743, 0.82390517244, 1.1096132094, 15.8392780975, 0.00499671787651, 0.181818181818
0.137283028829, 1.13657340442, 6.17079449416, 0.7148852389, 99.7203450273, 1.0010638357, 1.24015644418, 0.424701060911, 16.9425900323, 0.00515274062454, 0.0
0.14017043067, 0.918501696808, 7.42625778805, 0.81627028596, 86.7456653756, 1.73359839449, 0.621915564259, 1.94110397326, 16.9425900323, 0.00515813741212, 0.0
0.10087761319, 1.02064365187, 2.13592410827, 0.766203065786, 95.6606619137, 1.12308717079, 0.213106429961, 0.424701060911, 14.0251612727, 0.0051587180829, 0.0
0.100026660136, 1.02560696962, 5.24580880978, 0.644452367711, 90.5706885596, 1.0010638357, 1.64880763118, 1.1096132094, 12.9386276202, 0.00517965647478, 0.0
0.113008463795, 0.945423207809, 7.47724759828, 0.7148852389, 99.7203450273, 1.00035940377, 1.64880763118, 0.424701060911, 16.9425900323, 0.00520847830743, 0.0
0.10087761319, 0.840883081792, 2.0712086453, 0.722660502841, 90.5706885596, 1.38406944034, 0.213106429961, 1.49123887473, 16.3019971284, 0.00524532596919, 0.0
0.100026660136, 1.02064365187, 6.64125706485, 0.722660502841, 90.5706885596, 1.04211549897, 0.82390517244, 1.1096132094, 16.3019971284, 0.00508831476221, 0.214285714286
0.100012438282, 1.02064365187, 6.64125706485, 0.722660502841, 90.5706885596, 1.04211549897, 0.82390517244, 1.1096132094, 16.3019971284, 0.00527332227814, 0.0
0.113008463795, 0.945423207809, 2.13592410827, 0.832918521134, 99.7485327836, 1.00035940377, 1.64880763118, 0.424701060911, 15.0213024557, 0.00531599093594, 0.0
0.116489430251, 1.05642863793, 6.17079449416, 0.677146020544, 80.0561200511, 1.10775592666, 1.2254013876, 1.64653068752, 14.8106180237, 0.00535710521292, 0.0
0.100026660136, 1.13657340442, 7.47724759828, 0.722660502841, 90.5706885596, 1.0049117831, 0.213106429961, 0.373087844177, 16.3019971284, 0.00519148960669, 0.1
0.1045703648, 0.840883081792, 2.13592410827, 0.876298018278, 84.1936729973, 1.49753109009, 0.213106429961, 1.49123887473, 11.0770680427, 0.00538108598229, 0.0
0.155755646154, 1.14670870601, 2.53030818742, 0.830014034046, 99.0732079373, 1.06608033463, 1.428812887, 3.11873570545, 19.1044386716, 0.00538687910742, 0.0
0.113008463795, 0.945423207809, 2.13592410827, 0.832918521134, 99.7485327836, 1.00035940377, 1.64880763118, 0.424701060911, 15.0213024557, 0.00552456305062, 0.0
0.14017043067, 1.02560696962, 6.64125706485, 0.750651045133, 80.0561200511, 1.10775592666, 1.16787965442, 1.64653068752, 14.8106180237, 0.00552539312707, 0.0
0.101952114421, 0.895868716592, 2.13592410827, 0.750220834789, 87.3084032127, 1.38406944034, 0.719628571779, 1.49123887473, 11.0770680427, 0.00552563740722, 0.0
0.100026660136, 1.02064365187, 6.64125706485, 0.722660502841, 88.2046070505, 1.38406944034, 1.29401495997, 1.1096132094, 16.3019971284, 0.00559725817891, 0.0
0.14017043067, 1.13657340442, 4.87359469871, 0.85807321538, 99.7203450273, 1.54458175103, 1.64880763118, 0.424701060911, 16.9425900323, 0.00565678202885, 0.0
0.113008463795, 0.945423207809, 2.13592410827, 0.7148852389, 99.7485327836, 1.00035940377, 1.64880763118, 0.424701060911, 15.0213024557, 0.00573072434665, 0.0
