0.168152356818, 1.0932116661, 2.20647457966, 0.734124601484, 80.0561200511, 5.97841298098, 0.299688374007, 1.64653068752, 19.0496721564, 0.00407081612791, 0.0
0.101952114421, 1.02064365187, 5.24580880978, 0.827326637952, 84.1936729973, 1.49753109009, 0.213106429961, 1.49123887473, 11.0770680427, 0.00700542065758, 0.0
0.10087761319, 0.840883081792, 2.13592410827, 0.722660502841, 90.5706885596, 1.38406944034, 0.213106429961, 1.49123887473, 16.3019971284, 0.00744682117361, 0.0
0.134329883334, 0.935186808999, 5.56126035097, 0.650784825921, 98.9973470944, 2.61172846161, 0.408711747116, 3.32086382546, 14.2956390708, 0.00887206682989, 0.142857142857
0.127930135666, 0.917048416981, 6.08302020007, 0.764041048293, 88.1823695124, 1.54475475177, 1.22076434923, 2.28188427689, 19.423462933, 0.008884009802, 0.0
0.113008463795, 0.850703736206, 7.29721182156, 0.793783210932, 86.0248844229, 5.84889588389, 0.868369832989, 2.6811771397, 11.0208406806, 0.00898947338409, 0.0
0.14017043067, 1.13657340442, 7.47724759828, 0.948026600283, 99.7203450273, 1.0049117831, 1.64880763118, 0.424701060911, 16.9425900323, 0.00914029880062, 0.0
0.140614323573, 0.879847820103, 2.02243373952, 0.886840793019, 88.6050380836, 4.03176190634, 1.19886286426, 3.36614544908, 19.5509973992, 0.0094924981239, 0.0
0.118944110489, 1.11796597181, 2.35141380769, 0.624461179801, 88.2046070505, 2.00337215137, 1.35575521125, 2.48804649859, 10.3203218621, 0.00969558464427, 0.0
0.14017043067, 1.13657340442, 7.47724759828, 0.85807321538, 99.7203450273, 1.54458175103, 0.298562448943, 0.424701060911, 16.9425900323, 0.00979690083877, 0.0
0.168152356818, 1.0932116661, 2.20647457966, 0.734124601484, 80.0561200511, 1.0364786609, 0.299688374007, 1.64653068752, 19.0496721564, 0.00979809267806, 0.0
0.199696760003, 1.02560696962, 6.17079449416, 0.716138349129, 90.35008859, 1.13213632454, 1.49616776732, 1.43056257199, 14.8106180237, 0.0098542180198, 0.0
0.124516203134, 1.24810764287, 4.71850922146, 0.720759769682, 84.9447773529, 3.1105532766, 0.868369832989, 4.52511007116, 14.5943683031, 0.0103420838674, 0.0
0.176275907318, 0.918501696808, 7.42625778805, 0.925021806315, 86.7456653756, 1.73359839449, 0.874140857321, 1.94110397326, 13.1053595814, 0.0103068930679, 0.428571428571
0.114443019212, 0.965888771492, 2.13592410827, 0.892401414128, 86.2122607473, 1.38406944034, 1.98239434004, 3.48053291921, 19.5425648752, 0.0104039215545, 0.117647058824
0.181959163764, 0.926963626288, 6.23716991831, 0.81627028596, 82.1616656766, 2.40839618826, 0.621915564259, 4.66235977826, 15.0195526951, 0.0104646700984, 0.0
0.14017043067, 1.13657340442, 7.47724759828, 0.85807321538, 99.7203450273, 1.54458175103, 1.64880763118, 0.424701060911, 16.9425900323, 0.0109587343592, 0.0
0.164992756576, 0.918501696808, 7.42625778805, 0.81627028596, 86.7456653756, 1.73359839449, 0.621915564259, 1.94110397326, 13.1053595814, 0.0112405799347, 0.0
0.197079756355, 0.872071080049, 2.80370965148, 0.617874524613, 91.455050687, 1.68723808492, 0.0900945405407, 2.91259733887, 17.94418131, 0.0114702690854, 0.0
0.152373238838, 0.995401982281, 3.8153972062, 0.654581359144, 94.3889484712, 1.48860353306, 0.965094958572, 1.13184071694, 15.2791680948, 0.0110041189906, 0.142857142857
0.105780497258, 1.10189099966, 4.58506223312, 0.72449422501, 95.6606619137, 3.92882150383, 0.914104898038, 2.57149225152, 16.3848601851, 0.0117319218591, 0.0
0.120227055068, 0.904759723663, 4.27580349369, 0.775787549874, 81.7135890962, 3.09493907196, 0.595128829888, 0.740934951796, 12.8452671521, 0.0122887499891, 0.1
0.169063792832, 1.03587631157, 6.78239156784, 0.665110933111, 93.2308943183, 1.98926854774, 1.4424040469, 4.1999775042, 19.4246687473, 0.0123913247478, 0.0
0.128113540667, 0.995492874393, 7.55733021329, 0.690230173373, 91.7193312005, 2.22068737436, 1.37527176399, 4.14575569412, 17.7559957103, 0.0129182771734, 0.0
0.124865990146, 0.912485741983, 5.76968439944, 0.735360920841, 82.2117889985, 3.41847995934, 1.24174275704, 2.57981093925, 12.8062828073, 0.0136744265843, 0.0
0.137283028829, 1.14530864727, 4.61544745824, 0.914238237146, 87.3084032127, 1.54159125458, 1.26271695712, 0.206274685074, 16.3115435004, 0.0127682506966, 0.125
0.153619898294, 0.995492874393, 7.32841393596, 0.690230173373, 91.7193312005, 2.22068737436, 1.37527176399, 4.14575569412, 17.7559957103, 0.0146560814958, 0.0
0.169063792832, 1.03587631157, 7.52946850166, 0.665110933111, 93.2308943183, 1.98926854774, 1.99339246611, 4.1999775042, 19.9937914186, 0.0148141315239, 0.0
0.101952114421, 0.840883081792, 2.13592410827, 0.722660502841, 90.5706885596, 1.38406944034, 0.213106429961, 1.49123887473, 19.9621323372, 0.0131070996149, 0.5
0.114347992277, 1.23396882321, 4.87359469871, 0.927737638391, 93.6583748918, 1.61612996216, 1.13964800291, 2.5585074698, 17.66121259, 0.0148887972748, 0.0
0.122504355295, 1.11796597181, 2.35141380769, 0.624461179801, 88.2046070505, 2.00337215137, 1.35575521125, 2.48804649859, 10.3203218621, 0.0138467243632, 0.236842105263
0.184586334379, 1.03437541015, 5.26773338515, 0.942370318159, 89.1533623118, 1.69569960681, 0.565302952284, 2.85603089019, 11.7372524151, 0.0158049334105, 0.0
0.124865990146, 0.912485741983, 5.76968439944, 0.735360920841, 82.2117889985, 3.41847995934, 1.24174275704, 2.57981093925, 14.2956390708, 0.0165722440782, 0.0
0.134329883334, 0.935186808999, 5.56126035097, 0.650784825921, 98.9973470944, 2.61172846161, 0.570863042081, 3.32086382546, 12.8062828073, 0.0175636227587, 0.0
0.120227055068, 0.904759723663, 4.27580349369, 0.775787549874, 81.7135890962, 3.09493907196, 0.595128829888, 0.740934951796, 12.8452671521, 0.0178491430178, 0.0
0.172375868359, 1.24477107156, 3.38839243437, 0.941075715114, 93.805197343, 1.00645741057, 0.374724334025, 0.0643174063247, 12.5104871684, 0.0152182082153, 0.277777777778
0.114443019212, 1.01264079746, 5.24580880978, 0.892401414128, 86.2122607473, 1.49753109009, 1.98239434004, 3.48053291921, 19.5425648752, 0.0155811459189, 0.277777777778
0.101952114421, 1.02064365187, 2.13592410827, 0.722660502841, 84.1936729973, 1.38406944034, 0.213106429961, 1.49123887473, 11.0770680427, 0.0155755425914, 0.607142857143
0.165884617101, 1.08599045009, 2.58548458843, 0.715369558182, 94.3963360813, 2.73958729327, 1.41400834619, 4.96567464627, 14.7379497491, 0.0179994733594, 0.0
0.155755646154, 1.14670870601, 2.53030818742, 0.830014034046, 99.0732079373, 1.61612996216, 1.428812887, 1.70057494604, 19.1044386716, 0.0161657319362, 0.426470588235
0.163563662287, 1.19250411872, 6.18490708771, 0.79194081644, 98.6050603216, 2.51620431744, 1.72921174178, 0.573664036593, 12.7795071964, 0.0183730310352, 0.0
0.199696760003, 1.02560696962, 6.17079449416, 0.716138349129, 90.35008859, 1.13213632454, 1.49616776732, 1.43056257199, 14.8106180237, 0.017211869327, 0.3
0.105780497258, 0.9523011045, 4.58506223312, 0.949750329443, 95.6606619137, 3.92882150383, 0.914104898038, 2.57149225152, 17.8307292561, 0.0185849898974, 0.0
0.114347992277, 1.23396882321, 4.87359469871, 0.927737638391, 93.6583748918, 3.88655430169, 1.13964800291, 4.2211353934, 17.66121259, 0.019278342303, 0.0
0.144663350601, 1.24477107156, 2.43353796112, 0.941075715114, 93.805197343, 3.06741365818, 0.0722901966953, 0.0643174063247, 15.0532420808, 0.0179259372903, 0.25
0.100398596306, 0.893091785302, 7.53127311699, 0.704742938399, 89.7448559619, 3.46159813328, 1.7515854819, 2.0863746747, 16.5895731533, 0.0196115151751, 0.0
0.140614323573, 0.879847820103, 2.02243373952, 0.886840793019, 88.6050380836, 4.03176190634, 1.19886286426, 3.36614544908, 19.5509973992, 0.0196827223664, 0.0
0.114347992277, 1.23396882321, 4.87359469871, 0.927737638391, 96.7845968323, 3.88655430169, 1.13964800291, 4.2211353934, 17.66121259, 0.019728149126, 0.0
0.141930360592, 1.03679825225, 3.84071586251, 0.609342687465, 81.7434018691, 6.51438760712, 0.0169145508239, 2.44074698866, 16.6597686052, 0.019270270721, 0.142857142857
0.184939301221, 0.985698758251, 7.06897964072, 0.792068276545, 89.9805094781, 2.06058025704, 1.43917816162, 3.20384582355, 12.3374850608, 0.0205051700532, 0.0441176470588
0.165884617101, 1.08599045009, 2.97475556226, 0.715369558182, 83.6398545286, 3.52982928507, 1.41400834619, 4.96567464627, 13.6771130831, 0.0220291810903, 0.0
0.153619898294, 1.12526461467, 7.32841393596, 0.929745333141, 83.5403586809, 3.63439716668, 0.177204723495, 1.54740204996, 15.050494768, 0.0206436428552, 0.0833333333333
0.120227055068, 1.04887988123, 4.27580349369, 0.690230173373, 81.7135890962, 4.8290056503, 0.595128829888, 0.740934951796, 12.8452671521, 0.0224946097202, 0.0
0.162865281505, 1.19680510239, 6.09778764631, 0.893077509093, 98.6390840436, 3.36663138464, 1.11430044241, 3.28397033976, 10.7577719827, 0.022522804468, 0.0
0.184586334379, 1.03587631157, 7.52946850166, 0.665110933111, 93.2308943183, 1.98926854774, 1.99339246611, 2.85603089019, 19.9937914186, 0.0222693361627, 0.0952380952381
0.140901837118, 0.865199173233, 6.94852573409, 0.916817836645, 80.9611290631, 6.31669690451, 0.492191889568, 0.822709716433, 15.8730773848, 0.0241846149658, 0.0
0.121004882219, 0.988041505136, 4.84120209357, 0.787966135297, 98.9329301048, 5.68685507131, 1.73342532652, 4.04662870328, 17.9847458988, 0.026730969857, 0.0
0.151727466858, 1.10653963427, 4.7455549282, 0.924890256737, 94.3808728906, 2.26265533495, 1.95167377463, 2.217025167, 16.8491237785, 0.0205756681079, 0.220779220779
0.117936953696, 0.967472162833, 4.48465718074, 0.839622029328, 94.3963360813, 4.81442906538, 1.72203135624, 1.93954315601, 10.4131480167, 0.0290272507153, 0.0
0.160359195668, 1.03437541015, 5.26773338515, 0.942370318159, 89.1533623118, 1.69569960681, 1.93517993568, 2.85603089019, 11.7372524151, 0.021624430146, 0.210526315789
0.165884617101, 1.08599045009, 2.58548458843, 0.715369558182, 83.6398545286, 2.73958729327, 1.41400834619, 4.96567464627, 14.7379497491, 0.0291680962019, 0.0222222222222
0.113578975607, 1.01750080039, 2.92573542557, 0.921950240177, 87.6287072212, 5.59918089118, 1.91762865908, 3.49403865832, 17.8006773597, 0.0307475032822, 0.0
0.130718360432, 0.917048416981, 2.48742916246, 0.744327080063, 84.9274376673, 1.54475475177, 1.22076434923, 2.28188427689, 19.6469596813, 0.0202307599725, 0.412698412698
0.114347992277, 1.23396882321, 4.87359469871, 0.927737638391, 96.7845968323, 3.88655430169, 1.11630004768, 4.2211353934, 17.66121259, 0.0221604423753, 0.171428571429
0.123239025987, 0.995492874393, 4.61544745824, 0.932121458856, 87.3084032127, 2.22068737436, 1.4669124833, 0.206274685074, 16.3115435004, 0.0211061518139, 0.26
0.196772748277, 0.964605501986, 4.4093594902, 0.828318475051, 92.01132539, 5.4009424428, 0.917339546032, 4.02722644222, 16.5584477388, 0.031044861591, 0.0
0.171231469208, 0.86921897435, 7.52877182535, 0.722785782077, 95.4038457186, 5.54279314917, 1.90660529542, 3.23265618359, 10.1709805184, 0.0333606893777, 0.0
0.127930135666, 0.917048416981, 6.08302020007, 0.625007683335, 88.1823695124, 1.54475475177, 1.22076434923, 2.28188427689, 19.423462933, 0.0211675879154, 0.352941176471
0.113578975607, 1.01750080039, 2.92573542557, 0.921950240177, 87.6287072212, 5.59918089118, 1.91762865908, 3.49403865832, 17.8006773597, 0.0344945103496, 0.0
0.100331661951, 0.985698758251, 5.29413398676, 0.792068276545, 89.9805094781, 2.06058025704, 1.43917816162, 3.20384582355, 12.3374850608, 0.022489952113, 0.229508196721
0.109007015261, 1.2389964703, 2.48924576721, 0.731474279723, 86.894621629, 8.79871779745, 1.14404558616, 0.249292480537, 13.4844756825, 0.0347921981601, 0.0
0.155755646154, 1.14670870601, 2.53030818742, 0.830014034046, 99.0732079373, 1.61612996216, 1.428812887, 1.70057494604, 15.0223197626, 0.0219613740488, 0.486486486486
0.100041986735, 0.893091785302, 7.53127311699, 0.704742938399, 93.4034709646, 3.46159813328, 1.7515854819, 2.0863746747, 16.4625801674, 0.0234690138016, 0.178571428571
0.197223013945, 1.0551336041, 7.99650770673, 0.829168019209, 95.2173443452, 9.12806553075, 0.0293563074858, 3.88284200289, 15.0223197626, 0.0352378703836, 0.0
0.18466913329, 0.871095563593, 2.13612715619, 0.814502303433, 94.5838560332, 7.49099586111, 0.24313284319, 1.30698490009, 19.0099863852, 0.0358466884286, 0.0
0.180807181557, 0.955279839848, 3.44956460295, 0.873278527907, 93.5041721411, 4.85465666081, 0.0663545042022, 1.76884579265, 12.1745086607, 0.0275817034477, 0.142857142857
0.160359195668, 0.86921897435, 5.26773338515, 0.942370318159, 89.1533623118, 1.69569960681, 1.71237235606, 2.85603089019, 11.7372524151, 0.0256505214662, 0.188405797101
0.121004882219, 0.988041505136, 4.84120209357, 0.787966135297, 98.9329301048, 5.68685507131, 1.73342532652, 4.04662870328, 18.7211601395, 0.0365602759116, 0.0
0.114931362922, 1.11111822276, 6.82192608838, 0.830532677835, 98.6162102607, 8.3042798583, 1.71970050229, 3.19865906133, 18.5210799229, 0.0401478966109, 0.0
0.141635449612, 1.02064365187, 2.99133897428, 0.924890256737, 84.1936729973, 2.26265533495, 1.66767557139, 4.6476125582, 11.0770680427, 0.0318564021187, 0.137931034483
0.171231469208, 1.03437541015, 7.52877182535, 0.722785782077, 99.24228094, 5.54279314917, 1.90660529542, 3.23265618359, 10.1709805184, 0.0406459584048, 0.0
0.122504355295, 1.11796597181, 2.35141380769, 0.624461179801, 88.2046070505, 2.00337215137, 1.35575521125, 2.48804649859, 10.3203218621, 0.0261886459847, 0.234234234234
0.151727466858, 1.10653963427, 4.7455549282, 0.721931955782, 90.6541632084, 6.16531446767, 0.970455722089, 2.217025167, 17.1052730884, 0.0306222875107, 0.166666666667
0.163156561134, 0.917493304266, 5.51555647269, 0.855919233366, 83.8064909206, 5.69122509989, 1.82633250636, 3.47871192833, 18.6531165359, 0.0409893383415, 0.0
0.176275907318, 0.926963626288, 6.23716991831, 0.783784255844, 82.1616656766, 2.40839618826, 0.874140857321, 4.66235977826, 15.0195526951, 0.0376495367091, 0.0714285714286
0.109007015261, 1.2389964703, 2.48924576721, 0.731474279723, 86.894621629, 8.12425421753, 1.14404558616, 0.249292480537, 13.4844756825, 0.038425676021, 0.0666666666667
0.180770427368, 1.18206493013, 5.89212868879, 0.83060336609, 88.677154024, 6.92346003959, 0.35745292753, 1.844238544, 12.2529358142, 0.0422999073576, 0.0
0.176275907318, 0.926963626288, 6.23716991831, 0.783784255844, 82.1616656766, 2.40839618826, 0.874140857321, 4.66235977826, 15.0195526951, 0.0292711230906, 0.185185185185
0.164992756576, 0.918501696808, 7.42625778805, 0.81627028596, 86.7456653756, 1.73359839449, 0.621915564259, 1.94110397326, 13.1053595814, 0.0238449504775, 0.392857142857
0.199800857928, 1.18843993342, 4.24438369287, 0.793034650769, 81.4571005986, 4.25055230715, 0.277338622925, 3.13393278602, 18.3495405624, 0.042358225568, 0.0
0.199696760003, 1.02560696962, 6.17079449416, 0.716138349129, 90.35008859, 1.00389290338, 1.49616776732, 1.43056257199, 14.8106180237, 0.0235583265516, 0.554545454545
0.153619898294, 1.12526461467, 7.06897964072, 0.929745333141, 83.5403586809, 3.63439716668, 0.177204723495, 1.54740204996, 15.050494768, 0.0239473228539, 0.636363636364
0.161220093497, 1.02222165547, 6.98495723066, 0.698915124479, 88.8854104629, 8.15353880876, 1.01141923002, 1.82771133526, 13.3968674648, 0.0444957113424, 0.0
0.109919318217, 1.14530864727, 7.32841393596, 0.690230173373, 91.7193312005, 1.54159125458, 1.9017308008, 4.14575569412, 17.7559957103, 0.0258361537848, 0.361111111111
0.130718360432, 1.05959905891, 3.97360958068, 0.744327080063, 88.6080706732, 3.70856292984, 1.18029476999, 1.21630346299, 14.1938685802, 0.0310858420451, 0.176470588235
0.168152356818, 1.0932116661, 2.20647457966, 0.734124601484, 80.0561200511, 5.97841298098, 0.299688374007, 1.64653068752, 19.0496721564, 0.0451268742061, 0.0
0.163156561134, 0.917493304266, 5.51555647269, 0.855919233366, 83.8064909206, 5.69122509989, 0.874140857321, 3.47871192833, 18.6531165359, 0.0278391350146, 0.272727272727
0.108345347765, 0.982101059323, 3.92725748313, 0.693411297019, 93.5020055856, 9.17138256253, 1.35285003296, 1.7580873361, 15.5077943199, 0.0456416163022, 0.0
0.180731598372, 0.889203730737, 5.59839595092, 0.884987622487, 84.5381503109, 6.266049482, 0.189223582962, 2.78747144792, 10.1940778659, 0.0414360856688, 0.0909090909091
0.12614383639, 1.19680510239, 4.30595358665, 0.893077509093, 87.7574745521, 8.94572823599, 0.649439664837, 3.53120149559, 18.4048812146, 0.0458132413122, 0.0
