0.168152356818, 1.0932116661, 2.20647457966, 0.734124601484, 80.0561200511, 5.97841298098, 0.299688374007, 1.64653068752, 19.0496721564, 0.00407081612791, 0.0
0.136155271489, 1.02064365187, 2.13592410827, 0.722660502841, 84.1936729973, 1.38406944034, 0.213106429961, 1.49123887473, 11.0770680427, 0.00492731254178, 0.0833333333333
0.113008463795, 1.13657340442, 7.47724759828, 0.793783210932, 99.7203450273, 1.0049117831, 1.32348684028, 0.424701060911, 14.0251612727, 0.00604029802638, 0.0
0.114443019212, 1.01264079746, 4.93628579727, 0.892401414128, 86.2122607473, 1.49753109009, 1.98239434004, 3.48053291921, 19.5425648752, 0.00615062477274, 0.0
0.137283028829, 1.14530864727, 4.61544745824, 0.781342772144, 87.3084032127, 1.54159125458, 1.26271695712, 2.57981093925, 16.3115435004, 0.0066162235593, 0.0
0.101952114421, 1.02064365187, 5.24580880978, 0.827326637952, 84.1936729973, 1.49753109009, 0.213106429961, 1.49123887473, 11.0770680427, 0.00700542065758, 0.0
0.101952114421, 1.02064365187, 2.13592410827, 0.722660502841, 95.6606619137, 1.38406944034, 0.213106429961, 1.49123887473, 11.0770680427, 0.0073609826301, 0.0
0.10087761319, 0.840883081792, 2.13592410827, 0.722660502841, 90.5706885596, 1.38406944034, 0.213106429961, 1.49123887473, 16.3019971284, 0.00744682117361, 0.0
0.105728725999, 1.03587631157, 7.53127311699, 0.690230173373, 91.7193312005, 2.22068737436, 1.37527176399, 4.14575569412, 17.7559957103, 0.007616445246, 0.0
0.141930360592, 1.12635185431, 6.09778764631, 0.893077509093, 98.6390840436, 3.36663138464, 0.0169145508239, 3.28397033976, 16.6597686052, 0.00799656484191, 0.0
0.127930135666, 0.917048416981, 6.08302020007, 0.764041048293, 88.1823695124, 1.54475475177, 1.22076434923, 2.28188427689, 19.423462933, 0.008884009802, 0.0
0.134329883334, 0.935186808999, 5.56126035097, 0.650784825921, 98.9973470944, 2.61172846161, 0.408711747116, 3.32086382546, 14.2956390708, 0.00887206682989, 0.142857142857
0.136155271489, 1.22175199438, 2.13592410827, 0.722660502841, 84.1936729973, 1.38406944034, 0.213106429961, 1.49123887473, 11.0770680427, 0.00842339550514, 0.166666666667
0.113008463795, 0.850703736206, 7.29721182156, 0.793783210932, 86.0248844229, 5.84889588389, 0.868369832989, 2.6811771397, 11.0208406806, 0.00898947338409, 0.0
0.14017043067, 1.13657340442, 7.47724759828, 0.948026600283, 99.7203450273, 1.0049117831, 1.64880763118, 0.424701060911, 16.9425900323, 0.00914029880062, 0.0
0.168152356818, 1.02560696962, 6.17079449416, 0.750651045133, 80.0561200511, 1.13213632454, 1.49616776732, 1.64653068752, 14.8106180237, 0.00914855325929, 0.0
0.140614323573, 0.879847820103, 2.02243373952, 0.886840793019, 88.6050380836, 4.03176190634, 1.19886286426, 3.36614544908, 19.5509973992, 0.0094924981239, 0.0
0.155755646154, 1.14670870601, 2.53030818742, 0.830014034046, 99.0732079373, 1.61612996216, 1.428812887, 3.11873570545, 19.1044386716, 0.00953673317628, 0.0
0.118944110489, 1.11796597181, 2.35141380769, 0.624461179801, 88.2046070505, 2.00337215137, 1.35575521125, 2.48804649859, 10.3203218621, 0.00969558464427, 0.0
0.14017043067, 1.13657340442, 7.47724759828, 0.85807321538, 99.7203450273, 1.54458175103, 0.298562448943, 0.424701060911, 16.9425900323, 0.00979690083877, 0.0
0.168152356818, 1.0932116661, 2.20647457966, 0.734124601484, 80.0561200511, 1.0364786609, 0.299688374007, 1.64653068752, 19.0496721564, 0.00979809267806, 0.0
0.169063792832, 0.918501696808, 7.42625778805, 0.81627028596, 86.7456653756, 1.68800891587, 1.99339246611, 1.94110397326, 13.1053595814, 0.00980500062965, 0.0
0.199696760003, 1.02560696962, 6.17079449416, 0.716138349129, 90.35008859, 1.13213632454, 1.49616776732, 1.43056257199, 14.8106180237, 0.0098542180198, 0.0
0.100026660136, 1.02064365187, 5.24580880978, 0.722660502841, 90.5706885596, 1.38406944034, 0.213106429961, 1.1096132094, 16.3019971284, 0.00983886476362, 0.0526315789474
0.124516203134, 1.24810764287, 4.71850922146, 0.720759769682, 84.9447773529, 3.1105532766, 0.868369832989, 4.52511007116, 14.5943683031, 0.0103420838674, 0.0
0.181959163764, 0.926963626288, 6.23716991831, 0.81627028596, 82.1616656766, 2.40839618826, 0.621915564259, 4.66235977826, 15.0195526951, 0.0104646700984, 0.0
0.14017043067, 1.13657340442, 7.47724759828, 0.85807321538, 99.7203450273, 1.54458175103, 1.64880763118, 0.424701060911, 16.9425900323, 0.0109587343592, 0.0
0.120227055068, 1.19680510239, 6.09778764631, 0.893077509093, 98.6390840436, 3.36663138464, 0.372893828054, 3.28397033976, 10.7577719827, 0.0101947334726, 0.2
0.114443019212, 0.965888771492, 2.13592410827, 0.892401414128, 86.2122607473, 1.38406944034, 1.98239434004, 3.48053291921, 19.5425648752, 0.0104039215545, 0.117647058824
0.176275907318, 0.918501696808, 7.42625778805, 0.925021806315, 86.7456653756, 1.73359839449, 0.874140857321, 1.94110397326, 13.1053595814, 0.0103068930679, 0.428571428571
0.151727466858, 1.10653963427, 5.76103315322, 0.924890256737, 94.3808728906, 2.26265533495, 1.95167377463, 2.217025167, 16.8491237785, 0.0110019512359, 0.0
0.164992756576, 0.918501696808, 7.42625778805, 0.81627028596, 86.7456653756, 1.73359839449, 0.621915564259, 1.94110397326, 13.1053595814, 0.0112405799347, 0.0
0.169063792832, 0.995492874393, 7.52946850166, 0.665110933111, 93.2308943183, 1.68800891587, 1.99339246611, 4.1999775042, 19.9937914186, 0.0113566266895, 0.0
0.199696760003, 1.0932116661, 6.17079449416, 0.716138349129, 90.35008859, 1.13213632454, 1.49616776732, 1.43056257199, 14.8106180237, 0.0113650491426, 0.0
0.152373238838, 0.995401982281, 3.8153972062, 0.654581359144, 94.3889484712, 1.48860353306, 0.965094958572, 1.13184071694, 15.2791680948, 0.0110041189906, 0.142857142857
0.121004882219, 0.988041505136, 5.26773338515, 0.787966135297, 98.9329301048, 1.69569960681, 1.73342532652, 4.04662870328, 18.7211601395, 0.0114312681901, 0.0
0.197079756355, 0.872071080049, 2.80370965148, 0.617874524613, 91.455050687, 1.68723808492, 0.0900945405407, 2.91259733887, 17.94418131, 0.0114702690854, 0.0
0.101952114421, 1.0932116661, 5.24580880978, 0.827326637952, 91.3509681805, 1.49753109009, 0.213106429961, 1.64653068752, 11.0770680427, 0.0117034275919, 0.0
0.105780497258, 1.10189099966, 4.58506223312, 0.72449422501, 95.6606619137, 3.92882150383, 0.914104898038, 2.57149225152, 16.3848601851, 0.0117319218591, 0.0
0.181959163764, 0.926963626288, 6.37285560853, 0.81627028596, 82.1616656766, 2.40839618826, 0.621915564259, 4.66235977826, 15.0195526951, 0.0118307108658, 0.0
0.105681556872, 1.23396882321, 4.87359469871, 0.927737638391, 93.8985633506, 1.61612996216, 1.13964800291, 2.5585074698, 17.66121259, 0.011816159947, 0.0625
0.128113540667, 0.904759723663, 7.55733021329, 0.690230173373, 91.7193312005, 2.22068737436, 1.37527176399, 4.14575569412, 17.7559957103, 0.0121132178105, 0.0
0.169063792832, 1.03587631157, 6.78239156784, 0.665110933111, 93.2308943183, 1.98926854774, 1.4424040469, 4.1999775042, 19.4246687473, 0.0123913247478, 0.0
0.113626398478, 0.988041505136, 5.26773338515, 0.787966135297, 98.9329301048, 1.69569960681, 1.73342532652, 4.04662870328, 18.7211601395, 0.0119843808116, 0.0816326530612
0.137283028829, 1.02064365187, 4.61544745824, 0.781342772144, 87.3084032127, 1.54159125458, 1.26271695712, 2.57981093925, 16.3115435004, 0.0129177420312, 0.0
0.172375868359, 1.24477107156, 3.38839243437, 0.715369558182, 93.805197343, 1.00645741057, 1.14059314595, 0.0643174063247, 12.5104871684, 0.0119491352116, 0.128205128205
0.128113540667, 0.995492874393, 7.55733021329, 0.690230173373, 91.7193312005, 2.22068737436, 1.37527176399, 4.14575569412, 17.7559957103, 0.0129182771734, 0.0
0.199696760003, 1.02560696962, 6.17079449416, 0.716138349129, 90.35008859, 1.00389290338, 1.49616776732, 0.704727706392, 14.8106180237, 0.0127272478964, 0.0666666666667
0.155755646154, 1.14670870601, 2.53030818742, 0.830014034046, 99.0732079373, 1.61612996216, 1.428812887, 3.11873570545, 19.1044386716, 0.012588910991, 0.0789473684211
0.120227055068, 0.904759723663, 4.27580349369, 0.775787549874, 81.7135890962, 3.09493907196, 0.595128829888, 0.740934951796, 12.8452671521, 0.0122887499891, 0.1
0.124865990146, 0.912485741983, 5.76968439944, 0.735360920841, 82.2117889985, 3.41847995934, 1.24174275704, 2.57981093925, 12.8062828073, 0.0136744265843, 0.0
0.128113540667, 0.995492874393, 7.55733021329, 0.690230173373, 91.5455324191, 2.22068737436, 1.37527176399, 4.1999775042, 17.7559957103, 0.014010571706, 0.0
0.113008463795, 0.917048416981, 6.08302020007, 0.619326826635, 88.1823695124, 1.54475475177, 1.22076434923, 2.28188427689, 19.423462933, 0.0126022043645, 0.0983606557377
0.153619898294, 0.995492874393, 7.32841393596, 0.690230173373, 91.7193312005, 2.22068737436, 1.37527176399, 4.14575569412, 17.7559957103, 0.0146560814958, 0.0
0.181959163764, 0.926963626288, 6.23716991831, 0.729177485911, 86.2122607473, 1.38406944034, 0.621915564259, 4.66235977826, 15.0195526951, 0.012678498314, 0.111111111111
0.169063792832, 1.03587631157, 7.52946850166, 0.665110933111, 93.2308943183, 1.98926854774, 1.99339246611, 4.1999775042, 19.9937914186, 0.0148141315239, 0.0
0.114347992277, 1.23396882321, 4.87359469871, 0.927737638391, 93.6583748918, 1.61612996216, 1.13964800291, 2.5585074698, 17.66121259, 0.0148887972748, 0.0
0.14017043067, 1.13657340442, 7.47724759828, 0.85807321538, 99.7203450273, 1.54458175103, 1.64880763118, 0.424701060911, 16.9425900323, 0.0140448138854, 0.0731707317073
0.137283028829, 1.14530864727, 4.61544745824, 0.914238237146, 87.3084032127, 1.54159125458, 1.26271695712, 0.206274685074, 16.3115435004, 0.0127682506966, 0.125
0.101952114421, 0.840883081792, 2.13592410827, 0.876298018278, 84.1936729973, 1.49753109009, 0.213106429961, 1.49123887473, 11.0770680427, 0.0124135059973, 0.4
0.105780497258, 0.9523011045, 4.58506223312, 0.949750329443, 95.6606619137, 3.92882150383, 0.914104898038, 2.57149225152, 17.8307292561, 0.0154342447391, 0.0
0.184586334379, 1.03437541015, 5.26773338515, 0.942370318159, 89.1533623118, 1.69569960681, 0.565302952284, 2.85603089019, 11.7372524151, 0.0158049334105, 0.0
0.144663350601, 1.24477107156, 2.43353796112, 0.941075715114, 93.805197343, 3.06741365818, 0.0722901966953, 3.22758189661, 15.0532420808, 0.0139250661781, 0.1
0.168152356818, 1.01264079746, 4.93628579727, 0.892401414128, 82.1305574819, 1.49753109009, 1.98239434004, 3.48053291921, 19.5425648752, 0.0149234024716, 0.0652173913043
0.124865990146, 0.912485741983, 5.76968439944, 0.735360920841, 82.2117889985, 3.41847995934, 1.24174275704, 2.57981093925, 14.2956390708, 0.0165722440782, 0.0
0.161258879122, 1.03587631157, 7.52946850166, 0.665110933111, 91.7464762202, 1.16076010644, 1.99339246611, 2.85603089019, 15.8730773848, 0.0144464756715, 0.0952380952381
0.10087761319, 0.82090643789, 5.43053844871, 0.722660502841, 90.5706885596, 1.38406944034, 0.0495603396828, 1.49123887473, 16.3019971284, 0.0127579583756, 0.55
0.184939301221, 0.985698758251, 3.84071586251, 0.792068276545, 89.9805094781, 2.06058025704, 1.43917816162, 3.20384582355, 12.3374850608, 0.0166796531313, 0.0
0.165884617101, 1.08599045009, 2.58548458843, 0.715369558182, 83.6398545286, 2.73958729327, 1.41400834619, 4.96567464627, 14.7379497491, 0.0175042017775, 0.0
0.124865990146, 0.912485741983, 5.76968439944, 0.735360920841, 81.174729983, 3.41847995934, 1.24174275704, 2.57981093925, 14.2956390708, 0.0175088351358, 0.0
0.101952114421, 0.840883081792, 2.13592410827, 0.722660502841, 90.5706885596, 1.38406944034, 0.213106429961, 1.49123887473, 19.9621323372, 0.0131070996149, 0.5
0.134329883334, 0.935186808999, 5.56126035097, 0.650784825921, 98.9973470944, 2.61172846161, 0.570863042081, 3.32086382546, 12.8062828073, 0.0175636227587, 0.0
0.122504355295, 1.11796597181, 2.35141380769, 0.624461179801, 88.2046070505, 2.00337215137, 1.35575521125, 2.48804649859, 10.3203218621, 0.0138467243632, 0.236842105263
0.197079756355, 0.872071080049, 2.58548458843, 0.617874524613, 84.4156534675, 2.73958729327, 0.0900945405407, 0.0318704713219, 17.94418131, 0.0176324774613, 0.0
0.14017043067, 1.13657340442, 7.47724759828, 0.85807321538, 99.7203450273, 1.54458175103, 1.64880763118, 0.424701060911, 14.4380224416, 0.0139880543395, 0.2
0.120227055068, 1.19680510239, 6.09778764631, 0.893077509093, 98.6390840436, 3.36663138464, 1.11430044241, 3.28397033976, 10.7577719827, 0.0177191228694, 0.0
0.120227055068, 0.904759723663, 4.27580349369, 0.775787549874, 81.7135890962, 3.09493907196, 0.595128829888, 0.740934951796, 12.8452671521, 0.0178491430178, 0.0
0.148709506073, 0.904759723663, 4.27580349369, 0.775787549874, 81.7135890962, 3.09493907196, 0.595128829888, 0.740934951796, 12.8452671521, 0.0152694328056, 0.111111111111
0.181959163764, 0.943520785922, 5.51918302156, 0.729177485911, 86.9083790266, 1.38406944034, 0.621915564259, 4.66235977826, 15.0195526951, 0.0144267206081, 0.222222222222
0.165884617101, 1.08599045009, 2.58548458843, 0.715369558182, 94.3963360813, 2.73958729327, 1.41400834619, 4.96567464627, 14.7379497491, 0.0179994733594, 0.0
0.199696760003, 1.02560696962, 6.17079449416, 0.716138349129, 99.7203450273, 1.13213632454, 1.49616776732, 1.43056257199, 14.8106180237, 0.0142367538048, 0.458333333333
0.114443019212, 1.0932116661, 2.20647457966, 0.734124601484, 80.0561200511, 5.97841298098, 1.12704356549, 1.07072843656, 19.0496721564, 0.0182380602265, 0.0
0.163563662287, 1.19250411872, 6.18490708771, 0.79194081644, 98.6050603216, 2.51620431744, 1.72921174178, 0.573664036593, 12.7795071964, 0.0183730310352, 0.0
0.10087761319, 0.840883081792, 2.13592410827, 0.722660502841, 90.5706885596, 1.38406944034, 0.213106429961, 1.49123887473, 16.3019971284, 0.0144882578341, 0.612903225806
0.105780497258, 0.9523011045, 4.58506223312, 0.949750329443, 95.6606619137, 3.92882150383, 0.914104898038, 2.57149225152, 17.8307292561, 0.0185849898974, 0.0
0.14017043067, 1.13657340442, 7.47724759828, 0.85807321538, 99.7203450273, 1.54458175103, 1.64880763118, 0.424701060911, 16.9425900323, 0.0156916118813, 0.125
0.114347992277, 1.23396882321, 4.87359469871, 0.927737638391, 93.6583748918, 3.88655430169, 1.13964800291, 4.2211353934, 17.66121259, 0.019278342303, 0.0
0.153619898294, 1.03587631157, 7.32841393596, 0.690230173373, 91.7193312005, 2.22068737436, 1.37527176399, 4.14575569412, 17.7559957103, 0.0195711395657, 0.0
0.100398596306, 0.893091785302, 7.53127311699, 0.704742938399, 89.7448559619, 3.46159813328, 1.7515854819, 2.0863746747, 16.5895731533, 0.0196115151751, 0.0
0.172375868359, 1.24477107156, 3.38839243437, 0.941075715114, 93.805197343, 1.00645741057, 0.374724334025, 0.0643174063247, 12.5104871684, 0.0152182082153, 0.277777777778
0.140614323573, 0.879847820103, 2.02243373952, 0.886840793019, 88.6050380836, 4.03176190634, 1.19886286426, 3.36614544908, 19.5509973992, 0.0196827223664, 0.0
0.114347992277, 1.23396882321, 4.87359469871, 0.927737638391, 96.7845968323, 3.88655430169, 1.13964800291, 4.2211353934, 17.66121259, 0.019728149126, 0.0
0.117936953696, 0.967472162833, 4.48465718074, 0.839622029328, 90.3488166038, 4.81442906538, 1.72203135624, 1.93954315601, 10.4131480167, 0.0198569214727, 0.0
0.114443019212, 1.01264079746, 5.24580880978, 0.892401414128, 86.2122607473, 1.49753109009, 1.98239434004, 3.48053291921, 19.5425648752, 0.0155811459189, 0.277777777778
0.176275907318, 0.918501696808, 7.42625778805, 0.925021806315, 86.2122607473, 1.73359839449, 1.98239434004, 3.48053291921, 13.1053595814, 0.0201493167447, 0.0192307692308
0.124865990146, 0.912485741983, 5.76968439944, 0.735360920841, 87.1041693172, 3.41847995934, 1.24174275704, 0.206274685074, 15.4639257624, 0.02099321049, 0.0
0.101952114421, 1.02064365187, 2.13592410827, 0.722660502841, 84.1936729973, 1.38406944034, 0.213106429961, 1.49123887473, 11.0770680427, 0.0155755425914, 0.607142857143
0.114347992277, 1.23396882321, 4.87359469871, 0.927737638391, 84.9274376673, 3.88655430169, 1.22076434923, 4.2211353934, 18.6541801076, 0.0203007854423, 0.0422535211268
0.176275907318, 0.918501696808, 7.42625778805, 0.925021806315, 86.7456653756, 1.73359839449, 0.874140857321, 1.94110397326, 18.0310340567, 0.0211780131356, 0.0
0.184939301221, 0.985698758251, 7.06897964072, 0.792068276545, 89.9805094781, 2.06058025704, 1.43917816162, 3.20384582355, 12.3374850608, 0.0205051700532, 0.0441176470588
