0.168152356818, 1.0932116661, 2.20647457966, 0.734124601484, 80.0561200511, 5.97841298098, 0.299688374007, 1.64653068752, 19.0496721564, 0.00407081612791, 0.0
0.100026660136, 1.02064365187, 6.64125706485, 0.722660502841, 90.5706885596, 1.38406944034, 0.213106429961, 1.1096132094, 16.3019971284, 0.00101608047576, 0.142857142857
0.137283028829, 0.840037376981, 6.17079449416, 0.781342772144, 90.35008859, 1.38406944034, 0.213106429961, 2.13297419182, 14.8106180237, 0.00275845681615, 0.3
0.113008463795, 1.13657340442, 7.47724759828, 0.7148852389, 99.7203450273, 1.0010638357, 1.64880763118, 0.424701060911, 16.9425900323, 0.00426732558789, 0.0
0.10353984412, 1.01264079746, 5.24580880978, 0.892401414128, 86.2122607473, 1.49753109009, 1.72203135624, 3.8195573889, 19.5425648752, 0.0046879904703, 0.0
0.114443019212, 1.01264079746, 4.46782092689, 0.892401414128, 86.2122607473, 1.49753109009, 1.98239434004, 0.424701060911, 14.0251612727, 0.00442560732783, 0.0384615384615
0.168152356818, 1.02064365187, 2.20647457966, 0.722660502841, 80.0561200511, 1.38406944034, 1.32736167743, 1.1096132094, 16.3019971284, 0.00493114144293, 0.0
0.136155271489, 1.02064365187, 2.13592410827, 0.722660502841, 84.1936729973, 1.38406944034, 0.213106429961, 1.49123887473, 11.0770680427, 0.00492731254178, 0.0833333333333
0.101952114421, 1.02064365187, 2.13592410827, 0.722660502841, 95.6606619137, 1.38406944034, 0.719628571779, 1.49123887473, 11.0770680427, 0.0050269278302, 0.0
0.1045703648, 0.840883081792, 2.13592410827, 0.876298018278, 84.1936729973, 1.49753109009, 0.213106429961, 1.49123887473, 11.0770680427, 0.00538108598229, 0.0
0.14017043067, 1.13657340442, 4.87359469871, 0.85807321538, 99.7203450273, 1.54458175103, 1.64880763118, 0.424701060911, 16.9425900323, 0.00565678202885, 0.0
0.118944110489, 1.11796597181, 2.35141380769, 0.624461179801, 88.2046070505, 2.00337215137, 1.29401495997, 2.48804649859, 10.3203218621, 0.00600041061768, 0.0
0.113008463795, 1.13657340442, 7.47724759828, 0.793783210932, 99.7203450273, 1.0049117831, 1.32348684028, 0.424701060911, 14.0251612727, 0.00604029802638, 0.0
0.113008463795, 1.13657340442, 7.47724759828, 0.948026600283, 99.7203450273, 1.0049117831, 1.64880763118, 0.424701060911, 16.9425900323, 0.00607184005224, 0.0
0.114443019212, 1.01264079746, 4.93628579727, 0.892401414128, 86.2122607473, 1.49753109009, 1.98239434004, 3.48053291921, 19.5425648752, 0.00615062477274, 0.0
0.14017043067, 1.02560696962, 6.17079449416, 0.750651045133, 80.0561200511, 1.10775592666, 1.64880763118, 1.64653068752, 14.8106180237, 0.00616198958896, 0.0
0.114443019212, 1.01264079746, 4.46782092689, 0.892401414128, 86.2122607473, 1.49753109009, 1.98239434004, 0.424701060911, 14.0251612727, 0.00637999735799, 0.0
0.101952114421, 1.14530864727, 5.24580880978, 0.827326637952, 87.3084032127, 1.49753109009, 0.213106429961, 1.49123887473, 16.3115435004, 0.00645340235899, 0.0
0.101952114421, 1.02064365187, 2.07019804505, 0.722660502841, 84.1936729973, 1.38406944034, 1.22076434923, 1.30798728014, 11.0770680427, 0.00657647651738, 0.0
0.137283028829, 1.14530864727, 4.61544745824, 0.781342772144, 87.3084032127, 1.54159125458, 1.26271695712, 2.57981093925, 16.3115435004, 0.0066162235593, 0.0
0.101952114421, 1.02064365187, 5.24580880978, 0.827326637952, 84.1936729973, 1.49753109009, 0.213106429961, 1.49123887473, 11.0770680427, 0.00700542065758, 0.0
0.114443019212, 1.02560696962, 4.37675904035, 0.892401414128, 80.0561200511, 1.10775592666, 1.98239434004, 3.48053291921, 19.5425648752, 0.00700527798212, 0.063829787234
0.1045703648, 0.840883081792, 2.13592410827, 0.876298018278, 84.1936729973, 8.43490364873, 0.213106429961, 1.49123887473, 11.0770680427, 0.00717137676772, 0.0
0.101952114421, 1.02064365187, 2.13592410827, 0.722660502841, 95.6606619137, 1.38406944034, 0.719628571779, 1.49123887473, 11.0770680427, 0.00676885722086, 0.222222222222
0.100026660136, 1.02560696962, 5.24580880978, 0.722660502841, 90.5706885596, 1.13213632454, 1.49616776732, 1.1096132094, 15.8392780975, 0.00728365795387, 0.0
0.199696760003, 1.0932116661, 6.17079449416, 0.721807706604, 90.35008859, 1.13213632454, 1.99339246611, 1.43056257199, 14.8106180237, 0.00733397831306, 0.0
0.101952114421, 1.02064365187, 2.13592410827, 0.722660502841, 95.6606619137, 1.38406944034, 0.213106429961, 1.49123887473, 11.0770680427, 0.0073609826301, 0.0
0.10087761319, 0.840883081792, 2.13592410827, 0.722660502841, 90.5706885596, 1.38406944034, 0.213106429961, 1.49123887473, 16.3019971284, 0.00744682117361, 0.0
0.161258879122, 1.03587631157, 5.76968439944, 0.665110933111, 91.7464762202, 1.16076010644, 0.213106429961, 2.85603089019, 15.8730773848, 0.00729090215399, 0.142857142857
0.14017043067, 0.924823890031, 4.87359469871, 0.85807321538, 99.7203450273, 1.54458175103, 1.64880763118, 0.424701060911, 16.9425900323, 0.00755397590721, 0.0
0.105728725999, 1.03587631157, 7.53127311699, 0.690230173373, 91.7193312005, 2.22068737436, 1.37527176399, 4.14575569412, 17.7559957103, 0.007616445246, 0.0
0.120227055068, 0.904759723663, 4.27580349369, 0.64975092827, 81.7135890962, 3.09493907196, 0.595128829888, 0.740934951796, 12.8452671521, 0.0077361228048, 0.0
0.141930360592, 1.12635185431, 6.09778764631, 0.893077509093, 98.6390840436, 3.36663138464, 0.0169145508239, 3.28397033976, 16.6597686052, 0.00799656484191, 0.0
0.120005702271, 1.02560696962, 6.17079449416, 0.716138349129, 90.35008859, 1.13213632454, 1.49616776732, 1.43056257199, 14.8106180237, 0.00806083740159, 0.0
0.105681556872, 1.23396882321, 4.87359469871, 0.927737638391, 99.2162009121, 1.61612996216, 1.13964800291, 2.5585074698, 17.66121259, 0.00816525982063, 0.0
0.105445710389, 0.918501696808, 5.26773338515, 0.81627028596, 86.7456653756, 1.35940109391, 0.621915564259, 1.94110397326, 11.4441864853, 0.00824505762981, 0.0
0.155755646154, 1.14670870601, 2.53030818742, 0.830014034046, 99.0732079373, 1.61612996216, 1.428812887, 3.11873570545, 19.5621787901, 0.00832925034956, 0.0
0.113008463795, 1.13657340442, 7.47724759828, 0.948026600283, 99.7203450273, 1.0049117831, 1.32348684028, 0.424701060911, 12.9804097343, 0.00819241516014, 0.1
0.14017043067, 1.17780041585, 7.47724759828, 0.85807321538, 99.7203450273, 1.54458175103, 1.68246333532, 0.424701060911, 16.9425900323, 0.00843163661684, 0.0
0.164992756576, 0.918501696808, 7.42625778805, 0.81627028596, 86.7456653756, 1.73359839449, 0.621915564259, 1.94110397326, 13.1053595814, 0.00843312033995, 0.0
0.101952114421, 1.02064365187, 2.07019804505, 0.722660502841, 84.1936729973, 1.38406944034, 1.22076434923, 1.30798728014, 11.0770680427, 0.00837226719676, 0.0714285714286
0.121004882219, 0.988041505136, 5.26773338515, 0.787966135297, 98.9329301048, 1.69569960681, 1.73342532652, 4.04662870328, 18.7211601395, 0.00847333254506, 0.0
0.127930135666, 0.917048416981, 6.08302020007, 0.764041048293, 88.1823695124, 1.54475475177, 1.22076434923, 2.28188427689, 19.423462933, 0.008884009802, 0.0
0.136155271489, 1.22175199438, 2.13592410827, 0.722660502841, 84.1936729973, 1.38406944034, 0.213106429961, 1.49123887473, 11.0770680427, 0.00842339550514, 0.166666666667
0.113008463795, 0.850703736206, 7.29721182156, 0.793783210932, 86.0248844229, 5.84889588389, 0.868369832989, 2.6811771397, 11.0208406806, 0.00898947338409, 0.0
0.11474647922, 1.2586114414, 7.36061992912, 0.927737638391, 82.2117889985, 1.61612996216, 1.13964800291, 2.5585074698, 17.66121259, 0.00879651779172, 0.0652173913043
0.14017043067, 1.13657340442, 7.47724759828, 0.948026600283, 99.7203450273, 1.0049117831, 1.64880763118, 0.424701060911, 16.9425900323, 0.00914029880062, 0.0
0.168152356818, 1.02560696962, 6.17079449416, 0.750651045133, 80.0561200511, 1.13213632454, 1.49616776732, 1.64653068752, 14.8106180237, 0.00914855325929, 0.0
0.184939301221, 0.985698758251, 7.06897964072, 0.792068276545, 89.9805094781, 2.06058025704, 1.43917816162, 3.20384582355, 10.9704060285, 0.0091537288611, 0.0
0.134329883334, 0.935186808999, 5.56126035097, 0.650784825921, 98.9973470944, 2.61172846161, 0.408711747116, 3.32086382546, 14.2956390708, 0.00887206682989, 0.142857142857
0.14017043067, 1.16829815378, 7.47724759828, 0.85807321538, 99.7839361, 1.61612996216, 1.31037867904, 0.424701060911, 16.9425900323, 0.00915781135152, 0.0
0.199696760003, 1.02560696962, 6.17079449416, 0.726441622568, 90.35008859, 1.01659110289, 1.57733356235, 1.43056257199, 14.8106180237, 0.0091956742102, 0.0
0.10353984412, 1.03101776258, 5.24580880978, 0.892401414128, 86.2122607473, 1.49753109009, 0.213106429961, 3.8195573889, 11.0770680427, 0.00922906437844, 0.0
0.161258879122, 1.03587631157, 5.76968439944, 0.665110933111, 91.7464762202, 1.16076010644, 1.99339246611, 2.85603089019, 15.8730773848, 0.00923852010282, 0.0
0.140614323573, 0.879847820103, 2.02243373952, 0.886840793019, 88.6050380836, 4.03176190634, 1.19886286426, 3.36614544908, 19.5509973992, 0.0094924981239, 0.0
0.155755646154, 1.14670870601, 2.53030818742, 0.830014034046, 99.0732079373, 1.61612996216, 1.428812887, 3.11873570545, 19.1044386716, 0.00953673317628, 0.0
0.199696760003, 1.02560696962, 6.17079449416, 0.716138349129, 90.35008859, 1.13213632454, 1.49616776732, 1.43056257199, 14.8106180237, 0.00958017661485, 0.0
0.168152356818, 1.0932116661, 2.20647457966, 0.734124601484, 80.0561200511, 1.0364786609, 0.299688374007, 1.64653068752, 19.0496721564, 0.00915534166536, 0.52380952381
0.100026660136, 1.02064365187, 5.24580880978, 0.687626737286, 90.5706885596, 1.38406944034, 0.213106429961, 1.1096132094, 16.3019971284, 0.00969361076707, 0.0
0.118944110489, 1.11796597181, 2.35141380769, 0.624461179801, 88.2046070505, 2.00337215137, 1.35575521125, 2.48804649859, 10.3203218621, 0.00969558464427, 0.0
0.149649257514, 0.918501696808, 7.42625778805, 0.682267626525, 86.2122607473, 1.71016995975, 1.98239434004, 3.48053291921, 15.4639257624, 0.0096974326268, 0.0
0.14017043067, 1.13657340442, 7.47724759828, 0.85807321538, 99.7203450273, 1.54458175103, 0.298562448943, 0.424701060911, 16.9425900323, 0.00979690083877, 0.0
0.168152356818, 1.0932116661, 2.20647457966, 0.734124601484, 80.0561200511, 1.0364786609, 0.299688374007, 1.64653068752, 19.0496721564, 0.00979809267806, 0.0
0.169063792832, 0.918501696808, 7.42625778805, 0.81627028596, 86.7456653756, 1.68800891587, 1.99339246611, 1.94110397326, 13.1053595814, 0.00980500062965, 0.0
0.199696760003, 1.02560696962, 6.17079449416, 0.716138349129, 90.35008859, 1.13213632454, 1.49616776732, 1.43056257199, 14.8106180237, 0.0098542180198, 0.0
0.100026660136, 1.02064365187, 5.24580880978, 0.722660502841, 90.5706885596, 1.38406944034, 0.213106429961, 1.1096132094, 16.3019971284, 0.00983886476362, 0.0526315789474
0.113626398478, 0.918501696808, 5.26773338515, 0.81627028596, 86.7456653756, 1.35940109391, 0.621915564259, 1.94110397326, 11.4441864853, 0.00962146155557, 0.581395348837
0.105728725999, 1.03587631157, 4.87359469871, 0.751368733947, 91.7193312005, 2.22068737436, 1.72664929433, 4.14575569412, 18.8546386573, 0.0100543806069, 0.0
0.128113540667, 0.904759723663, 7.55733021329, 0.690230173373, 91.7193312005, 2.22068737436, 1.37527176399, 4.14575569412, 17.7559957103, 0.0100620949611, 0.0
0.10087761319, 1.02064365187, 2.13592410827, 0.722660502841, 95.6606619137, 1.38406944034, 0.213106429961, 1.49123887473, 16.3019971284, 0.0100937792362, 0.0
0.120227055068, 1.19680510239, 4.93628579727, 0.893077509093, 80.0655089743, 3.36663138464, 0.372893828054, 0.921894650264, 10.3643705322, 0.010146687486, 0.0
0.124516203134, 1.24810764287, 4.71850922146, 0.720759769682, 84.9447773529, 3.1105532766, 0.868369832989, 4.52511007116, 14.5943683031, 0.0103420838674, 0.0
0.181959163764, 1.21806724916, 6.23716991831, 0.81627028596, 82.1616656766, 2.40839618826, 0.621915564259, 4.66235977826, 15.0195526951, 0.00992413615984, 0.1
0.155755646154, 1.14670870601, 2.53030818742, 0.830014034046, 99.0732079373, 1.61612996216, 1.428812887, 2.28188427689, 19.5621787901, 0.0104418662019, 0.0
0.113008463795, 0.974736848619, 7.47724759828, 0.793783210932, 99.7203450273, 1.0049117831, 1.32348684028, 0.424701060911, 14.0251612727, 0.0103250808664, 0.0526315789474
0.101952114421, 0.82652509737, 5.24580880978, 0.827326637952, 91.3509681805, 1.49753109009, 0.213106429961, 1.64653068752, 16.816035661, 0.00985309273013, 0.142857142857
0.181959163764, 0.926963626288, 6.23716991831, 0.81627028596, 82.1616656766, 2.40839618826, 0.621915564259, 4.66235977826, 15.0195526951, 0.0104646700984, 0.0
0.14017043067, 1.13657340442, 7.47724759828, 0.85807321538, 99.7203450273, 1.54458175103, 1.64880763118, 0.424701060911, 16.9425900323, 0.0109587343592, 0.0
0.151727466858, 1.10653963427, 5.76103315322, 0.924890256737, 94.3808728906, 2.26265533495, 1.95167377463, 2.217025167, 16.8491237785, 0.0110019512359, 0.0
0.164992756576, 0.988041505136, 6.20458680524, 0.787966135297, 98.9329301048, 1.69569960681, 1.73342532652, 4.04662870328, 12.9339865531, 0.0110217548896, 0.0
0.164992756576, 0.918501696808, 7.42625778805, 0.81627028596, 86.7456653756, 1.73359839449, 0.621915564259, 1.94110397326, 13.1053595814, 0.0112405799347, 0.0
0.169063792832, 0.995492874393, 7.52946850166, 0.665110933111, 93.2308943183, 1.68800891587, 1.99339246611, 4.1999775042, 19.9937914186, 0.0113566266895, 0.0
0.114443019212, 0.965888771492, 2.13592410827, 0.892401414128, 86.2122607473, 1.38406944034, 1.98239434004, 3.48053291921, 19.5425648752, 0.0104039215545, 0.117647058824
0.199696760003, 1.0932116661, 6.17079449416, 0.716138349129, 90.35008859, 1.13213632454, 1.49616776732, 1.43056257199, 14.8106180237, 0.0113650491426, 0.0
0.101952114421, 1.02064365187, 2.15362694234, 0.722660502841, 95.6606619137, 1.38406944034, 0.213106429961, 1.49123887473, 11.0770680427, 0.0105798913622, 0.0909090909091
0.105728725999, 1.03587631157, 7.53127311699, 0.893077509093, 91.7193312005, 2.22068737436, 0.0169145508239, 3.28397033976, 17.7559957103, 0.0114247320303, 0.0
0.120227055068, 1.19680510239, 6.09778764631, 0.893077509093, 98.6390840436, 3.36663138464, 0.372893828054, 3.28397033976, 10.7577719827, 0.0101947334726, 0.2
0.101952114421, 0.840883081792, 2.13592410827, 0.876298018278, 84.1936729973, 1.49753109009, 0.213106429961, 1.49123887473, 11.0770680427, 0.0103112164792, 0.214285714286
0.121004882219, 0.988041505136, 5.26773338515, 0.787966135297, 98.9329301048, 1.69569960681, 1.73342532652, 4.04662870328, 18.7211601395, 0.0114312681901, 0.0
0.176275907318, 0.918501696808, 7.42625778805, 0.925021806315, 86.7456653756, 1.73359839449, 0.874140857321, 1.94110397326, 13.1053595814, 0.0103068930679, 0.428571428571
0.197079756355, 0.872071080049, 2.80370965148, 0.617874524613, 91.455050687, 1.68723808492, 0.0900945405407, 2.91259733887, 17.94418131, 0.0114702690854, 0.0
0.101952114421, 1.0932116661, 5.24580880978, 0.827326637952, 91.3509681805, 1.49753109009, 0.213106429961, 1.64653068752, 11.0770680427, 0.0117034275919, 0.0
0.105780497258, 1.10189099966, 4.58506223312, 0.72449422501, 95.6606619137, 3.92882150383, 0.914104898038, 2.57149225152, 16.3848601851, 0.0117319218591, 0.0
0.137283028829, 1.14530864727, 2.07019804505, 0.781342772144, 87.3084032127, 1.54159125458, 0.801677890821, 2.57981093925, 16.3115435004, 0.0104368887411, 0.222222222222
0.181959163764, 0.926963626288, 6.37285560853, 0.81627028596, 82.1616656766, 2.40839618826, 0.621915564259, 4.66235977826, 15.0195526951, 0.0118307108658, 0.0
0.169063792832, 1.03587631157, 7.52946850166, 0.660161083255, 93.2308943183, 1.98926854774, 0.885985819407, 4.1999775042, 19.9937914186, 0.010870801232, 0.142857142857
0.128113540667, 0.904759723663, 7.55733021329, 0.690230173373, 91.7193312005, 2.22068737436, 1.37527176399, 4.14575569412, 17.7559957103, 0.0121132178105, 0.0
0.11474647922, 0.912485741983, 5.76968439944, 0.735360920841, 82.2117889985, 3.41847995934, 0.83443331854, 2.57981093925, 12.8062828073, 0.0123538120383, 0.0
0.105681556872, 1.23396882321, 4.87359469871, 0.927737638391, 93.8985633506, 1.61612996216, 1.13964800291, 2.5585074698, 17.66121259, 0.011816159947, 0.0625
0.169063792832, 1.03587631157, 6.78239156784, 0.665110933111, 93.2308943183, 1.98926854774, 1.4424040469, 4.1999775042, 19.4246687473, 0.0123913247478, 0.0
