4.32341036564, 1.39982831367, 1.22041999597, 0.995649719626, 2.03473267062, 0.717593741887, 3.12531276393, 1.00360168616, 1.07596222421, 5.79060450179, 5.37504619578, 0.852059575786, 3.92204680736, 0.893844127594, 0.808315655284, 1.36947731638, 1.01808355516, 1.20263376773, 3.62707750499, 1.14579861267, 0.894948434236, 413.729497977, 0.89465670555, 1.92794910756, 1.02492133845, 1.80725468344, 1.00939785919, 36.8222478959, 11.2082761406
1.60559576856, 1.23759254211, 1.39661780401, 1.14263147749, 3.6657052431, 1.11747222094, 3.95851897157, 0.913824783553, 0.9985517308, 4.82738726682, 3.6656565373, 0.885655715876, 4.55814293259, 1.24594834383, 0.988747238626, 1.49377773819, 1.09462027923, 0.88272839503, 8.14897399035, 0.920028698252, 0.797568472461, 340.431794595, 1.14964338252, 3.39704357827, 0.96474148211, 4.80960967353, 0.914954074711, 66.7586588054, 9.64001279393
2.9979233121, 1.10201734925, 0.820767769615, 0.970970793317, 6.82088128342, 1.0691806595, 1.48663268347, 1.12941634509, 1.12347760728, 3.93465920052, 7.06594261002, 0.959695758527, 1.07312432684, 1.19892590074, 0.947784345592, 1.23981825929, 1.09117961774, 0.861705435933, 3.90614789941, 1.0530139276, 0.931102312789, 257.640144848, 1.00263677566, 4.53894604216, 1.20685343767, 1.79846758183, 0.887504243871, 27.3158959579, 14.2343122522
1.97388569221, 1.25783945933, 1.50105736214, 1.12002270936, 4.27901527747, 1.18772402668, 4.3570963532, 1.24479144304, 1.01393089303, 4.76987499371, 5.36529967937, 0.863074582175, 1.85689886974, 1.09127565869, 0.935227934961, 1.50386283052, 1.04414363707, 1.06951630741, 5.86458457698, 1.03681741219, 0.886939961015, 197.145567892, 0.874736255072, 2.58800031065, 1.01525058361, 4.2634073315, 1.2082974872, 88.1856203181, 11.9051183194
5.30822612644, 1.24431818936, 1.0925082515, 0.830347653998, 1.93426116744, 0.905524581068, 4.78934536878, 0.896016024107, 1.0240431022, 5.57702795932, 3.07549294086, 0.979949923885, 1.62140621494, 0.988819540361, 0.92148392583, 1.13189075113, 1.14633290603, 0.918941468676, 9.90617917185, 1.01387403328, 0.969807483049, 251.764252752, 0.932623819204, 5.47768131747, 0.979912031674, 5.07027599701, 1.09267437325, 71.4784999176, 13.78803988
1.9159885408, 1.05994106422, 0.826807162579, 0.84174350211, 2.80027069435, 1.11581952241, 1.96129297834, 1.04757930447, 1.13044906406, 4.03951772934, 5.25661183047, 0.829956049592, 2.73177407474, 1.01054454357, 0.912124513402, 1.26264071048, 1.00916552084, 1.20372951755, 8.69655275637, 1.17514540953, 0.81574994676, 324.516610187, 0.939436493059, 1.61004460781, 1.14010417147, 3.93334033279, 0.936022404088, 202.910702102, 13.2779044659
3.91078928264, 1.36440342436, 0.803180149148, 0.819246136482, 1.66207717367, 0.89229658176, 2.7122628418, 0.927270499662, 1.1345695149, 6.00525954175, 2.11678867648, 1.1442076587, 2.91268989991, 1.26425883706, 0.991832013176, 1.17786692557, 1.07319307528, 0.93598270641, 8.4364543943, 1.07446895547, 0.94482923016, 199.16523464, 0.992538515, 3.58294977455, 1.11601054259, 4.78120371404, 1.16600502004, 76.7454757939, 13.8502996307
2.26995897241, 1.26846201823, 1.51981818267, 0.95228548446, 5.0295462528, 0.766993712927, 2.64995557868, 1.02766745227, 1.06546779902, 5.37853067956, 3.03497069885, 1.12138991778, 2.01463998599, 1.10501459343, 0.895448825273, 1.16107240642, 1.13914577222, 1.16501494704, 7.90570987714, 0.917561501086, 0.986152237993, 254.752778536, 0.865361016785, 5.21547917111, 1.04884320244, 1.30794547262, 1.18262715701, 222.845573736, 13.3307337275
5.40125294597, 1.23736742677, 1.06168939573, 0.954215535861, 6.10913320895, 0.876864372384, 4.64405755665, 1.04907838433, 1.09169356558, 5.8429342038, 4.32430561572, 1.02217881722, 4.99376050149, 1.08140196809, 1.04780490104, 1.2457330668, 1.06738986226, 0.924054454999, 3.48918776847, 1.04164424352, 0.878663443388, 135.502354326, 1.02374927891, 1.78163634213, 0.990567599028, 3.85703764771, 1.1568236791, 214.122868718, 13.9165950141
5.30822612644, 1.24431818936, 1.0925082515, 0.82032481019, 1.93426116744, 0.905524581068, 4.78934536878, 0.896016024107, 1.0240431022, 5.57702795932, 3.07549294086, 0.979949923885, 1.62140621494, 0.988819540361, 0.92148392583, 1.13189075113, 1.14633290603, 0.918941468676, 9.90617917185, 1.01387403328, 0.969807483049, 118.833925577, 0.932623819204, 5.47768131747, 0.979912031674, 5.07027599701, 1.09267437325, 85.0089776358, 14.0564964496
3.4918718888, 1.3070623505, 1.20944960716, 0.839662895574, 2.30912639841, 0.79199623748, 3.18923955125, 1.07066606041, 0.986831441036, 4.98074344932, 4.70271212699, 1.04768845775, 1.54738944514, 0.847388428416, 0.866517168288, 1.17897694713, 1.03429465602, 1.08533113301, 3.45107719514, 1.01541261502, 0.883321515619, 223.670131753, 1.05789990822, 3.56561817977, 1.1289321672, 2.35587987674, 1.22333536607, 107.969839966, 15.394249713
5.40125294597, 1.10993821029, 1.14911257469, 1.19911850597, 5.64893763063, 0.893744716405, 2.70753038221, 1.05911546142, 1.05321930547, 4.72538918563, 2.70967948173, 1.02056684978, 4.19342013926, 1.16725488186, 0.916748499514, 1.18351149826, 1.07604017777, 0.956370961569, 9.54274894704, 1.12970855249, 0.975896931137, 100.810860862, 1.07986591243, 5.58826905322, 0.999104243951, 5.44067815987, 1.07715243474, 163.957795362, 14.4904179448
3.87434111047, 1.23736742677, 1.06168939573, 0.954215535861, 6.10913320895, 0.876864372384, 4.64405755665, 1.04907838433, 1.09169356558, 5.8429342038, 5.27323897073, 1.02217881722, 4.99376050149, 1.08140196809, 1.04780490104, 1.2457330668, 1.06738986226, 0.924054454999, 3.88262998762, 1.04164424352, 0.878663443388, 177.105235874, 1.02374927891, 1.78163634213, 0.990567599028, 3.85703764771, 1.1568236791, 105.227176327, 20.6046959465
5.00009607582, 1.33657156484, 1.66997761892, 0.806349062422, 6.68337423322, 0.735657205472, 4.95967376842, 1.15650931993, 0.940734451456, 1.65699804735, 1.73731706153, 1.08247543901, 2.76128850907, 1.09083983374, 1.05511862999, 1.41515006841, 1.01609776902, 0.975884547524, 4.9123067926, 0.997421695878, 0.765496849164, 221.567205969, 1.04296333255, 3.47639095316, 1.18073654506, 1.60385587368, 1.28023880091, 153.611445461, 17.403514674
5.27443141919, 1.28315586742, 1.3668088056, 1.20037411968, 4.69580718403, 1.11014741729, 1.97788679745, 1.10149795785, 1.1246649114, 4.31323578484, 3.75277823642, 1.10230453811, 2.20150455196, 1.16468391043, 0.929708632579, 1.29218777032, 1.05377116965, 1.11529240517, 6.33272888181, 1.06157708464, 0.972443304581, 236.235431812, 0.991315205819, 5.48013694472, 1.15352588187, 3.77191249628, 0.884074830741, 192.971210759, 14.8042117468
5.68119598448, 1.37761663896, 1.27066561986, 0.983029502939, 6.64582743497, 0.734777603584, 1.67159415402, 1.25630356275, 1.13687000543, 1.78645664124, 3.90624359467, 1.04416268527, 5.06272881652, 1.23951479094, 0.958801881435, 1.03468341685, 1.12167841196, 0.894174617502, 6.30015755342, 1.05442482467, 0.985344034286, 349.310469969, 1.09192322202, 3.40888476234, 1.11862278131, 1.68118431164, 1.27521802913, 296.200940479, 14.5113890572
5.89089486586, 1.16550347599, 1.38172901861, 1.19299775972, 1.6750361781, 0.8738914606, 1.6925310265, 1.09862979649, 0.975382817925, 3.3217635884, 2.75079216886, 1.09861456962, 3.01883929751, 0.83985235563, 0.912026357849, 1.170021443, 1.14595767678, 0.811430213235, 5.70734820428, 1.11019391577, 0.800207247331, 242.09183525, 1.04112697124, 3.86011354814, 1.13535190559, 4.22386539729, 1.26256903971, 288.640899203, 14.6774302932
3.91078928264, 1.36440342436, 0.803180149148, 1.06769524391, 1.66207717367, 0.89229658176, 4.58272939351, 0.927270499662, 1.1345695149, 6.00525954175, 2.11678867648, 1.1442076587, 2.91268989991, 1.26425883706, 0.991832013176, 1.17786692557, 1.07319307528, 0.93598270641, 8.4364543943, 1.07446895547, 0.977362281648, 199.16523464, 0.992538515, 3.58294977455, 1.12146514493, 4.78120371404, 1.16600502004, 177.702648427, 18.7425506799
3.01106788088, 1.41265860853, 1.65223758118, 0.825273934266, 4.32921751413, 0.804807661982, 3.10033113828, 1.10956618612, 1.02962646091, 1.49443980204, 6.77182703683, 1.01667370152, 4.73624922928, 1.23194681528, 0.925885225642, 1.21817877288, 1.10921802935, 1.22079603656, 4.99078369808, 1.10987523995, 0.778903153156, 402.994604298, 0.962327152578, 3.16463866939, 1.06401781484, 2.27239360778, 0.887215611205, 318.651481331, 14.8008856489
3.55529778397, 1.39905676368, 1.64496572409, 0.876472539286, 5.90229748329, 0.831884917867, 5.26201099638, 0.988731062728, 0.968693432587, 4.96183065228, 7.41250949025, 1.0759123285, 2.34631030385, 1.04740543526, 0.980257534247, 1.0222789227, 1.00403176053, 0.890974517099, 5.1554818181, 0.940811161642, 0.960291670143, 376.557861212, 0.941134289424, 5.45844498948, 1.22861647374, 4.32775466894, 1.1308176733, 301.349122797, 17.6689394824
1.9159885408, 1.05994106422, 0.826807162579, 0.84174350211, 2.80027069435, 1.11581952241, 1.96129297834, 1.04757930447, 1.13044906406, 4.03951772934, 5.25661183047, 0.829956049592, 2.73177407474, 1.01054454357, 0.912124513402, 1.26264071048, 1.00916552084, 1.20372951755, 8.69655275637, 1.17514540953, 0.81574994676, 324.516610187, 0.843438663332, 1.61004460781, 1.14010417147, 3.93334033279, 0.936022404088, 228.865627211, 18.8892924144
2.56024147002, 1.12568201525, 1.27083212276, 0.866761080684, 6.56519691497, 1.01879481448, 1.41621926141, 0.936756914573, 1.11675970572, 1.72919747126, 5.59792149533, 0.902729416109, 1.92464216486, 0.964103581061, 0.961863581886, 1.49612841109, 1.01196787117, 0.886885807843, 7.87730274882, 0.942774128777, 0.911516119088, 273.968900962, 1.02712456988, 5.88884000808, 1.07189250124, 2.89216081924, 1.06438505559, 227.8806664, 24.9482430206
3.87466832717, 1.40981217486, 0.788834785842, 0.939534609283, 5.43120759811, 1.09985851402, 4.64251460847, 0.8431926783, 0.942383760982, 4.32203086992, 3.2593782349, 1.13801926396, 4.03016684502, 1.24269479105, 0.826866820401, 1.2710258012, 1.0702941865, 1.01961234465, 4.13571741285, 1.09903521224, 0.871492378519, 406.273918926, 1.02051706017, 3.59989319314, 1.1657555849, 5.05217328376, 1.03691125109, 388.413365828, 16.6090496353
2.17076592371, 1.17956283913, 1.56253436684, 1.16518368549, 4.10352991565, 1.1725910244, 2.30385842565, 1.06734216542, 0.96602847899, 3.52365815862, 6.56602648444, 0.923499280868, 4.7979571362, 1.18513597619, 0.781314244397, 1.32985513977, 1.03835656479, 0.984888140962, 6.26598707629, 1.049826223, 0.92652376854, 284.229842902, 1.09201421562, 2.75551740445, 1.09342230672, 5.44886898661, 1.07894776363, 432.469803782, 15.7214694081
5.71207146851, 1.32822096378, 0.837920652371, 0.971943333971, 2.00484762205, 0.964380481511, 3.147328139, 0.862583144998, 0.90938320918, 5.25797326723, 5.31922595276, 1.19387770134, 4.5499352828, 1.02316646106, 1.00856651174, 1.33799696625, 1.002486344, 1.09242541841, 7.74854069831, 1.12623700499, 0.901035239357, 299.16528923, 1.02152154256, 3.19912982363, 1.01687495233, 3.27081198858, 1.12432382894, 382.476132605, 18.9030473076
1.04552132224, 1.42449751059, 1.0858963791, 1.18015981017, 6.46699976353, 0.91620252287, 4.27465215082, 0.996162698056, 1.11311458722, 2.50312568803, 3.41572731089, 1.03742729456, 1.90036683926, 1.23747279463, 0.856406169106, 1.16610185281, 1.00645399509, 0.978089552789, 8.69795817621, 0.941530767196, 0.956292914154, 61.6483657006, 1.09864371459, 5.87548250991, 1.1185640635, 3.02921648202, 1.25147887077, 361.850479657, 24.0819909322
1.04552132224, 1.42449751059, 1.0858963791, 1.18015981017, 6.16376670663, 0.91620252287, 2.53230903173, 0.996162698056, 1.11311458722, 2.50312568803, 3.41572731089, 1.03742729456, 1.90036683926, 1.23747279463, 0.856406169106, 1.16610185281, 1.00645399509, 0.978089552789, 3.07848426905, 0.941530767196, 0.956292914154, 61.6483657006, 1.09864371459, 5.73862543774, 1.1185640635, 3.02921648202, 1.18790864517, 244.175366853, 27.5741279493
3.06002882178, 1.05393381132, 1.46880058306, 0.993709553163, 2.09299739996, 1.04173742022, 3.90230944913, 0.866610101386, 1.07982622388, 5.31168854112, 2.46726545388, 0.851903596475, 2.58036505732, 1.2666883598, 0.985052237164, 1.35291713242, 1.05468309733, 0.846286894969, 8.96807430416, 1.12034409097, 0.977298876498, 404.521022186, 1.06516923678, 5.20814664247, 0.993449540562, 1.22306734651, 1.25147887077, 259.757508102, 27.3489833335
2.9979233121, 1.055647695, 0.806399069747, 0.970970793317, 6.82088128342, 1.0691806595, 1.48663268347, 1.12941634509, 1.12347760728, 3.93465920052, 7.06594261002, 0.959695758527, 1.07312432684, 0.831784034926, 0.947784345592, 1.23981825929, 1.09117961774, 0.861705435933, 3.90614789941, 1.0530139276, 0.894948434236, 257.640144848, 1.00263677566, 4.53894604216, 1.20685343767, 1.79846758183, 0.887504243871, 431.857625581, 16.8410181481
4.61788471634, 1.00619168082, 1.53144525627, 1.02705618112, 5.28042707393, 1.14031920837, 3.16506470405, 1.1662152788, 1.0761810889, 2.76641774659, 6.41732053756, 1.13340108311, 3.89857108679, 1.20980023406, 0.987063047333, 1.37814880059, 1.04352018075, 0.904893877545, 7.77367952547, 0.979550647258, 0.973923401764, 142.040825035, 1.15182413877, 3.91813545335, 1.19874506732, 1.83213912206, 0.961485631894, 499.439523481, 16.6493175715
5.80576975631, 1.4191849693, 1.51314645848, 1.04447732714, 6.79373068057, 0.794997327034, 1.72509052343, 1.19343493655, 1.05547598045, 6.19207654873, 2.75903759628, 0.899609720656, 4.23417369022, 1.057760927, 0.936550546667, 1.29457959481, 1.08453742008, 0.811399158755, 5.12685375088, 1.15639633484, 0.846687752526, 394.992440901, 1.17565635967, 5.59861083635, 0.975775590534, 3.74632000625, 1.24020831882, 387.017292154, 19.0646316387
4.89739114276, 1.2990394445, 0.731377576773, 1.01312308346, 6.86571035969, 1.1038586886, 5.98137695588, 1.15154125685, 0.969858119085, 1.26905771033, 6.84534329723, 1.00448933191, 3.70490265135, 1.15731735682, 0.876433714351, 1.27000909111, 1.05406180635, 1.2118156574, 8.53366083144, 1.16523374084, 0.772999548753, 205.828358189, 0.898841197291, 5.73259618046, 1.0740118525, 3.16425182038, 0.949136863617, 302.298547311, 27.757899551
4.26173057557, 1.39383250287, 0.965539251625, 0.812851315691, 4.13706735638, 1.03691808896, 3.2399571715, 1.1830448922, 1.08585495277, 4.26016876099, 2.5153679805, 1.03765247212, 2.82477354957, 0.947550455589, 1.06923410952, 1.54823172561, 1.14618585075, 0.853835375719, 4.7310078605, 1.16445911132, 0.894655488502, 92.3821434465, 0.893650477925, 1.14945902772, 1.07031613609, 1.02288725391, 0.989771184926, 261.723829314, 28.5853905115
1.12890548922, 1.24464873472, 1.73411207927, 1.02805808093, 6.67514392539, 0.778199112227, 5.11755985822, 1.00202884346, 1.03367877845, 3.00524136937, 7.04136398608, 1.19167448757, 3.74156455407, 1.12106686844, 0.860859758169, 1.23754804285, 1.06990765583, 1.18034088987, 4.5221425377, 1.05001916523, 0.92379575615, 20.7491018931, 1.04765184434, 4.37870552878, 1.04458316666, 3.3824430571, 1.13951609395, 494.792599852, 18.1615554039
2.48846657767, 1.10993821029, 1.14911257469, 1.19911850597, 6.695564825, 0.938549526415, 2.70753038221, 1.05911546142, 1.13831420113, 4.72538918563, 5.73828539775, 1.02056684978, 1.11606541822, 1.16725488186, 0.916748499514, 1.37814880059, 1.07871981985, 0.956370961569, 8.16809579633, 1.12970855249, 0.981170957934, 100.810860862, 1.07986591243, 5.58826905322, 0.999104243951, 4.88175975498, 1.07715243474, 553.886245875, 16.9578959081
1.41866040142, 1.26045520271, 1.29242569779, 1.02295656137, 6.40002445184, 0.984900188118, 1.39519138531, 0.969861202213, 0.981959784459, 3.99702524974, 7.34975221482, 1.17983327411, 2.44889527409, 0.961360391508, 0.97226812166, 1.34196768315, 1.03904801277, 1.09066424757, 6.43595835619, 1.14243683276, 0.818442830948, 238.646030803, 0.850913425909, 5.15906598208, 1.1939840357, 1.6724852374, 1.20745740571, 406.876332568, 22.8788216154
5.42444810968, 1.19856795364, 1.21938633465, 0.82291430216, 3.77931945959, 1.06595011034, 4.75076823132, 1.0425019964, 1.10748286134, 2.5558591143, 3.57432743738, 1.13834486958, 3.46257043313, 1.25748512783, 0.824811812158, 1.32855091735, 1.15762953559, 0.846043150575, 5.18883987202, 1.0314546046, 0.890792785134, 202.426568132, 0.939436493059, 5.78832473267, 1.09712484477, 4.34101634661, 1.18451917707, 411.165837315, 19.5149789317
5.77641385003, 1.25084146739, 1.35467705068, 1.01582851299, 2.9192085905, 0.811873618214, 1.54559163279, 0.964584799836, 1.02216173152, 1.52829765132, 2.85954469164, 1.11450811598, 1.93079183488, 0.923805028535, 0.984275168638, 1.38949343054, 1.07047525739, 0.860049353562, 9.71261161837, 1.01092968406, 0.995741265592, 408.534652409, 0.942215859577, 1.8826026842, 1.05096762124, 1.6039962516, 1.19873081633, 311.393013322, 28.344655945
3.48768058005, 1.31080730779, 1.73411207927, 1.06456704873, 4.45514957455, 0.892997531849, 1.1556055151, 1.01904141637, 1.01111383134, 4.66323418968, 2.41574250287, 0.843094495947, 2.56770317675, 1.07445500072, 0.832238743511, 1.27423809717, 1.06738986226, 1.21624983504, 4.41858571008, 0.991672008102, 0.982757788683, 57.4110186782, 1.1992296743, 4.97853725042, 1.00900985777, 4.62310650182, 1.12002281016, 601.951005329, 17.0074174225
1.08398842604, 1.31627544727, 1.18943922222, 0.820269945293, 5.53461504797, 1.03782556855, 3.26931846399, 1.1733226351, 0.939951460063, 4.90199589547, 7.33590294646, 0.987059805737, 1.4899889619, 0.846116554314, 1.04985623951, 1.21036025111, 1.0874158079, 0.886982437506, 4.12381203076, 0.974029823592, 0.98544235529, 306.112689527, 1.18466541932, 5.51226270048, 1.12467586427, 4.81194496284, 1.23945967475, 562.33466649, 18.6712189191
1.12890548922, 1.24464873472, 1.69448507868, 1.02805808093, 6.67514392539, 0.778199112227, 5.11755985822, 1.00202884346, 1.03367877845, 3.00524136937, 7.04136398608, 1.19167448757, 3.74156455407, 1.12106686844, 0.860859758169, 1.11171302076, 1.06990765583, 1.18034088987, 4.5221425377, 1.05001916523, 0.92379575615, 20.7491018931, 1.04765184434, 3.91218781323, 1.04458316666, 5.28746983172, 1.13951609395, 409.719857214, 22.9752540039
3.13060006128, 1.25084146739, 1.35467705068, 0.867760919738, 2.9192085905, 0.811873618214, 1.54559163279, 0.964584799836, 1.02216173152, 1.52829765132, 2.85954469164, 1.11450811598, 1.93079183488, 0.923805028535, 0.984275168638, 1.38949343054, 1.07047525739, 0.860049353562, 9.71261161837, 1.01092968406, 0.995741265592, 408.534652409, 0.977046353657, 1.8826026842, 1.05096762124, 2.95636983456, 1.1671435051, 480.845916553, 19.7081564577
5.42444810968, 1.19856795364, 1.21938633465, 0.82291430216, 3.77931945959, 1.06595011034, 4.75076823132, 1.0425019964, 1.10748286134, 2.5558591143, 3.90794905455, 1.13834486958, 3.46257043313, 1.25748512783, 0.824811812158, 1.09356330423, 1.15762953559, 0.846043150575, 5.18883987202, 1.0314546046, 0.890792785134, 202.426568132, 1.15564512666, 5.78832473267, 1.09712484477, 4.34101634661, 1.18451917707, 727.704504613, 18.6641120006
1.9159885408, 1.05994106422, 0.826807162579, 0.84174350211, 2.39390011965, 1.11581952241, 1.96129297834, 1.04757930447, 1.13044906406, 4.03951772934, 5.25661183047, 0.829956049592, 2.73177407474, 1.01054454357, 0.912124513402, 1.26264071048, 1.00916552084, 1.20372951755, 8.69655275637, 1.17514540953, 0.81574994676, 324.516610187, 0.939436493059, 1.61004460781, 1.14010417147, 3.93334033279, 0.936022404088, 710.611921669, 18.9897242728
2.41628804479, 1.27246236339, 1.48590026524, 1.04224723493, 4.90803509931, 0.833428923352, 4.32911913941, 1.14409827914, 1.07609568357, 1.72820603573, 7.33654464374, 1.17479375105, 4.61613486307, 1.2664843595, 0.825153424744, 1.40076259453, 1.05172060208, 0.961007831035, 4.90902262579, 1.04762973411, 0.925458720314, 298.162034618, 0.962067153717, 4.18968625802, 1.16275900649, 2.91558221259, 0.880049067982, 443.950749813, 23.4745825734
2.41628804479, 1.05614963897, 1.48590026524, 1.04224723493, 4.90803509931, 0.833428923352, 4.32911913941, 1.14409827914, 1.07609568357, 1.72820603573, 7.33654464374, 1.17479375105, 3.64372814985, 1.2664843595, 0.825153424744, 1.40076259453, 1.05172060208, 0.961007831035, 4.90902262579, 0.955368797723, 0.925458720314, 298.162034618, 0.962067153717, 4.18968625802, 1.16275900649, 2.91558221259, 0.880049067982, 670.652205869, 20.1870403206
4.89739114276, 1.2990394445, 0.731377576773, 1.01312308346, 6.86571035969, 1.1038586886, 5.98137695588, 1.15154125685, 0.961522802199, 1.26905771033, 6.77632697807, 1.00448933191, 3.23661981685, 1.15731735682, 0.963934137492, 1.141693307, 1.05406180635, 1.2118156574, 8.53366083144, 1.11671716717, 0.772999548753, 205.828358189, 0.898841197291, 5.73259618046, 1.10712317618, 3.16425182038, 0.949136863617, 843.976714627, 19.5893699063
5.89089486586, 1.16550347599, 1.38172901861, 1.15811924444, 1.6750361781, 0.8738914606, 1.6925310265, 1.09862979649, 0.975382817925, 3.3217635884, 2.75079216886, 1.09861456962, 3.01883929751, 0.83985235563, 0.912026357849, 1.46533477393, 1.14595767678, 0.811430213235, 5.70734820428, 1.11019391577, 0.800207247331, 275.207810548, 1.04112697124, 3.86011354814, 1.13535190559, 4.22386539729, 1.26256903971, 508.978155427, 24.488154329
1.59011672996, 1.08314742463, 0.78943477835, 0.945201140119, 6.42918414744, 0.714300267143, 2.53618851475, 0.957194470804, 1.09210926644, 4.96236652583, 6.08349469225, 1.1051203636, 1.17344864534, 1.09863209832, 1.02542131125, 1.54770152748, 1.08161829666, 1.04954845646, 6.6883180376, 1.10537241873, 0.822318771673, 164.429007111, 0.877485691308, 4.97245129913, 1.06044686596, 4.45782638473, 0.99272179977, 777.591364766, 21.9759382071
5.30822612644, 1.24431818936, 1.0925082515, 0.830347653998, 1.93426116744, 0.905524581068, 4.78934536878, 0.896016024107, 1.0240431022, 5.57702795932, 3.07549294086, 0.979949923885, 1.62140621494, 0.988819540361, 0.92148392583, 1.13189075113, 1.14633290603, 0.906576596684, 9.90617917185, 1.01387403328, 0.969807483049, 251.764252752, 0.916889035751, 5.47768131747, 0.979912031674, 5.07027599701, 1.09267437325, 735.868474424, 22.0403823768
5.79941806249, 1.40472060411, 0.944658792365, 0.82909801703, 5.36248437388, 0.919169273534, 3.44060195089, 0.893564288511, 1.09594365558, 3.13297523246, 2.19960173387, 1.06932883655, 1.94773715284, 0.8785364839, 0.799263063389, 1.32327409763, 1.16919077085, 1.18719138869, 3.15873363882, 1.00416357787, 0.882644041329, 225.067167483, 1.0986414754, 5.47876748249, 1.20972720421, 2.76779348065, 1.05585973162, 894.295898269, 20.3286168245
5.77641385003, 1.25084146739, 1.35467705068, 1.14946387643, 2.9192085905, 0.811873618214, 1.54559163279, 0.964584799836, 1.02216173152, 1.52829765132, 2.85954469164, 1.11450811598, 1.93079183488, 0.923805028535, 0.984275168638, 1.38949343054, 1.07047525739, 0.860049353562, 9.71261161837, 1.01092968406, 0.995741265592, 408.534652409, 0.977046353657, 1.8826026842, 1.05096762124, 1.6039962516, 1.19873081633, 543.65614533, 25.4384987728
3.56621699691, 1.31368678029, 1.62709882134, 1.19236999964, 3.57430753336, 1.01051780341, 1.96561442689, 0.887707518243, 1.13109401273, 3.32453302088, 4.14679288395, 1.13388018104, 2.68847122294, 0.944194743613, 0.821697700102, 1.40938527886, 1.14302855054, 1.20926173749, 8.08012753361, 0.937136148991, 0.912010627739, 269.120688357, 1.10693461842, 4.16038145922, 0.993391909446, 3.828112628, 0.997570634325, 790.937148909, 22.7207951747
2.19129464745, 1.21782719536, 1.03828753479, 0.823763394005, 2.22405463525, 0.732037870327, 4.50010668542, 0.845102170512, 0.970101971817, 5.24192281465, 7.51989775955, 1.18150774064, 2.34791802408, 1.15627240484, 1.03705347794, 1.27744602227, 1.03413755514, 1.10736525835, 5.50786249832, 1.01113597696, 0.991554033958, 365.936726298, 0.995730151156, 4.514652311, 0.999002320158, 2.7108325417, 1.22209176533, 989.672957479, 20.8322532536
1.09560481878, 1.06698034521, 1.14477445035, 0.899296545027, 4.72658529481, 1.08141363451, 1.62517114726, 1.02175128375, 1.05275054178, 1.5360127139, 5.34164154794, 0.815260343068, 1.11680385168, 1.10895374513, 0.958210802326, 1.57054854192, 1.01451413014, 0.958737173495, 5.61253349391, 0.956952136572, 0.883321515619, 136.591341005, 0.995435524175, 2.95120012786, 0.96478177749, 2.19004262123, 0.962385087164, 575.845336427, 26.1464952232
1.51881304553, 1.162469388, 0.877363848516, 1.14802188386, 7.00611198956, 0.945863727604, 1.25827835731, 1.25233094232, 0.955123722692, 2.65344535986, 4.4107624932, 1.20567406502, 1.24112059784, 1.1580800327, 1.00687120085, 1.59765933851, 1.10359309592, 0.871276400124, 6.20276328739, 1.10750981427, 0.930186014106, 328.707179559, 0.973437862839, 1.33593910897, 1.02725667708, 1.12989965604, 1.07485077216, 561.417810671, 33.6548165174
5.50317151705, 1.38964786519, 0.933929079306, 1.17767000334, 6.8016766031, 0.995605433075, 2.77475349418, 0.95309879714, 0.917318097872, 3.92254370057, 2.96241947773, 1.0346079082, 1.90194367105, 1.24625381849, 0.832674030183, 1.23718363132, 1.02437106189, 1.02959716407, 4.06772221468, 0.940851964303, 0.894783946364, 53.847065011, 0.965114916737, 2.48189539826, 0.989147395738, 1.06590057479, 0.959795219127, 796.170643875, 23.9247115663
2.77123497716, 1.29681022523, 1.08755276171, 1.1589315456, 6.13367080794, 0.949802203862, 5.17569479323, 0.887865499471, 1.05916987469, 3.13297523246, 4.03014842008, 0.950629921017, 4.383490895, 1.06796698077, 0.991740470011, 1.34592490141, 1.07184396075, 0.898135485406, 8.1654593739, 1.16011223024, 0.817911270133, 108.077007756, 1.13654604759, 1.85099264004, 1.22203267252, 4.75196777317, 0.899155998094, 1117.2601456, 21.1196188238
4.32341036564, 1.39982831367, 1.22041999597, 0.995649719626, 2.03473267062, 0.717593741887, 3.12531276393, 1.16685120078, 1.07596222421, 5.79060450179, 5.37504619578, 0.852059575786, 3.92204680736, 0.893844127594, 0.808315655284, 1.36947731638, 1.01808355516, 1.20263376773, 9.85298140593, 1.14579861267, 0.894948434236, 413.729497977, 0.89465670555, 1.92794910756, 1.02492133845, 1.80725468344, 1.00939785919, 1035.39190721, 21.3797121742
1.87000969342, 1.19428411478, 1.46842541137, 1.01912795356, 6.75983715135, 0.987294805919, 2.46262591802, 1.0085048336, 1.11958134276, 1.24389666205, 4.10638372894, 1.06559536663, 2.77991733699, 0.996347932662, 1.04794609315, 1.10252169544, 1.07198464836, 1.05510673096, 9.17901787955, 1.05638727212, 0.837958090392, 114.8975763, 1.0800472948, 2.36643106896, 1.22132309265, 4.41705000307, 1.05999339273, 659.574183679, 26.7155740899
1.47400029138, 1.09673536012, 1.63654128224, 1.19712971977, 3.03663562481, 1.13581716276, 3.31464686958, 1.00636584717, 1.13821290404, 2.5802620678, 2.23207748557, 1.03263982806, 1.86257058516, 1.11943159877, 1.06153314269, 1.13807285416, 1.07814911773, 0.843397018059, 4.9682687677, 1.17745320017, 0.897066059524, 10.7814975069, 0.916889035751, 2.10281525498, 1.01639470862, 4.75970711968, 1.28367403015, 678.350392384, 26.6215996123
3.76638486099, 1.36176554073, 1.62458552163, 1.0738621257, 5.11238979184, 1.06755931838, 5.53958318883, 0.918908869092, 1.11239606314, 5.48645400056, 2.74442994282, 0.988926889724, 4.61551592206, 1.24840252342, 1.01017492828, 1.35115065037, 1.15821582112, 0.947354519416, 5.33401886964, 1.03966073851, 0.980835193515, 170.432488042, 1.17047049417, 5.26485442527, 0.963906431514, 3.41829112128, 1.00628094231, 573.027377811, 35.817453546
4.1415568528, 1.33832308532, 1.28976790588, 1.00985575512, 1.95734151113, 1.15021581943, 3.36957049747, 0.95704683177, 1.08614433204, 3.71129038466, 7.23269950985, 0.825883204012, 4.50140957358, 1.23089302909, 1.01932695891, 1.01629900575, 1.08114370031, 1.08295247403, 8.48042353671, 0.911849230865, 0.999006843875, 8.0308050279, 0.933696837352, 3.15556814496, 1.0432395066, 2.28428783376, 0.87675983657, 961.577583705, 25.2916615784
4.83378081492, 1.36787562936, 1.53541024557, 1.01582851299, 4.41128356752, 1.12011146363, 1.93451113235, 0.855416779376, 1.02293089629, 6.14342005948, 3.56087707132, 0.840437406851, 1.5802656153, 1.19977053686, 0.801196626476, 1.35259693195, 1.06246699014, 0.988310937792, 7.12730913857, 0.912153916117, 0.910797304482, 184.364380585, 0.892185915457, 4.35853319072, 1.13307594571, 1.19954559337, 1.14704414941, 1393.25992827, 22.0544963351
2.9979233121, 1.10201734925, 1.62709882134, 0.970970793317, 6.82088128342, 1.0691806595, 1.48663268347, 1.12941634509, 1.12347760728, 3.93465920052, 6.09223804923, 0.959695758527, 1.07312432684, 1.19892590074, 0.947784345592, 1.23981825929, 1.09117961774, 0.861705435933, 3.90614789941, 1.0530139276, 0.931102312789, 257.640144848, 1.00263677566, 4.53894604216, 1.20685343767, 1.79846758183, 0.887504243871, 1243.12490516, 22.1898518582
3.37201974015, 1.24970918959, 1.15509966346, 1.17867487606, 4.64437876823, 0.849705858546, 2.51198905006, 1.05776183688, 1.1258053876, 4.38596473935, 4.1673899427, 0.963725852049, 2.35091765681, 0.99280158484, 0.826134009584, 1.38742073618, 1.09406529922, 0.897075661871, 8.2917727686, 1.00166146726, 0.796160911513, 140.559289646, 1.08819990074, 1.51315403892, 0.971061197736, 1.89865605976, 1.19252412536, 1192.37847345, 24.9543441955
1.09560481878, 1.02801235617, 1.14477445035, 1.0738621257, 4.72658529481, 1.06755931838, 1.62517114726, 1.02175128375, 1.05275054178, 1.5360127139, 5.34164154794, 0.815260343068, 1.11680385168, 1.10895374513, 0.958210802326, 1.57054854192, 1.01451413014, 0.958737173495, 8.30706037604, 0.956952136572, 0.883321515619, 136.591341005, 0.995435524175, 2.95120012786, 0.96478177749, 2.19004262123, 0.962385087164, 661.222759196, 27.6571159689
3.13060006128, 1.24086686077, 1.04970133976, 0.867760919738, 4.81537399075, 1.18611873754, 5.38951548848, 0.906974398749, 1.12480400487, 4.06507500664, 3.33711296359, 1.17224490003, 2.05246636666, 0.900205785181, 1.01918911499, 1.35008747329, 1.14400098075, 0.840863472833, 9.10043066265, 1.12208587882, 0.77653126396, 123.036359967, 0.855484574898, 3.26521931852, 1.06782528712, 1.84907788029, 1.09995523221, 899.224950569, 27.3336478367
4.29527894134, 1.19293052702, 1.22945163929, 1.13738666587, 5.99284332171, 1.15632882067, 3.4614901024, 0.875475830643, 0.935251220042, 2.10279770677, 7.54276163759, 0.86738270541, 3.4252352726, 1.12702167063, 1.06923410952, 1.35793928496, 1.11239727674, 1.21858301126, 6.57856303993, 0.982667395684, 0.918539671507, 83.0646006545, 1.07636255815, 4.25712314412, 1.22536443365, 3.97614637871, 1.12608950919, 617.143585751, 36.2727036113
2.59360295856, 1.38478707329, 1.25012338391, 0.927741171165, 6.8061797661, 1.01111728499, 5.11847700682, 1.01056416177, 0.914989015331, 1.70672880992, 6.41863988455, 0.988236471382, 4.84073167338, 0.89687978157, 1.07972300051, 1.47872969299, 1.14410108149, 1.14228424641, 6.7827695965, 1.021522605, 0.770161203291, 139.723544495, 1.01440360587, 3.48715735815, 0.980901413982, 1.37111508469, 0.952422565216, 1133.50378641, 26.8122381791
2.66865580732, 1.16613468096, 1.39097373313, 1.05928616887, 6.75992131835, 0.871945167188, 2.09704464194, 1.22262672458, 0.954504065201, 3.4476625337, 6.19763828812, 1.13299177289, 1.32448580304, 1.00633453658, 1.06466900546, 1.2429637945, 1.05605704526, 1.13490150318, 8.34051316585, 1.01367698708, 0.787871066158, 168.305494025, 1.10354660788, 3.71519645682, 1.10729945905, 1.8737768341, 1.24169936793, 1141.08324013, 26.0729980126
3.87434111047, 1.10993821029, 1.14911257469, 1.19911850597, 5.64893763063, 0.893744716405, 2.70753038221, 1.05911546142, 1.05321930547, 4.72538918563, 2.70967948173, 1.02056684978, 1.99957649235, 1.16725488186, 0.916748499514, 1.18351149826, 1.07604017777, 0.956370961569, 9.9579542491, 1.12970855249, 0.975896931137, 100.810860862, 1.07986591243, 5.58826905322, 0.987957547007, 5.44067815987, 1.07715243474, 1261.7681891, 23.3484108908
3.24099811668, 1.42155267867, 0.836054267338, 0.965342049632, 6.77136377692, 0.994418514298, 2.4452792934, 0.949687910408, 0.927945292889, 5.7085633494, 2.91674648447, 1.04188064473, 2.29088339167, 0.989350710406, 0.838468516209, 1.00428025301, 1.0952852669, 0.889770388668, 3.83894991015, 1.15200455104, 0.815803768679, 391.269672218, 1.00297955303, 4.57758203314, 1.10016561708, 3.76093559459, 0.978650132031, 1245.77839206, 23.4497383254
2.20257062164, 1.07800882244, 1.08654794535, 1.11692996218, 1.55063134698, 0.97179686931, 5.7156601011, 1.10821754143, 0.909758313568, 3.09511276392, 2.80135250784, 0.890699113369, 1.43233723276, 0.856561832629, 0.875058911546, 1.51902707216, 1.08375782675, 1.1386495302, 4.34102699238, 1.03472894148, 0.922852264336, 30.0020697111, 1.19617131873, 2.12104769408, 1.06460222573, 4.6639870403, 1.27314317212, 670.746483346, 36.1882925975
4.69227271375, 1.26882058367, 0.855826999568, 1.07342153156, 5.41766114806, 0.805943665238, 4.71462114017, 1.02399524106, 1.0960994852, 4.85740450218, 4.14235919517, 0.913500451856, 3.2099599097, 1.2817414063, 0.976226305972, 1.06008330923, 1.03042651898, 0.915741997057, 3.19833341262, 1.07047016464, 0.852367877687, 78.7363862647, 1.15454784493, 2.84559480975, 1.159199018, 1.41065513332, 0.944624070784, 687.54563637, 28.0095427759
2.66865580732, 1.16613468096, 1.39097373313, 1.05928616887, 6.75992131835, 0.871945167188, 2.09704464194, 1.22262672458, 0.954504065201, 3.4476625337, 6.19763828812, 1.13299177289, 1.32448580304, 0.979159136959, 0.993701475638, 1.06221833025, 1.05605704526, 1.13490150318, 8.34051316585, 0.983564854022, 0.787871066158, 149.958488691, 1.10354660788, 3.71519645682, 1.10729945905, 1.99078487988, 1.24169936793, 1226.94883302, 26.271864871
4.89739114276, 1.2990394445, 0.731377576773, 1.01312308346, 6.86571035969, 1.1038586886, 5.98137695588, 1.15154125685, 0.961522802199, 1.26905771033, 6.84534329723, 1.00448933191, 3.70490265135, 1.15731735682, 0.876433714351, 1.27000909111, 1.05406180635, 1.2118156574, 8.53366083144, 1.16523374084, 0.772999548753, 205.828358189, 0.898841197291, 5.73259618046, 1.0740118525, 3.16425182038, 0.949136863617, 1149.03505828, 26.4168747612
3.71312479742, 1.39354697645, 1.32147646191, 0.906215947333, 1.52628230474, 0.723109090904, 5.92507355951, 1.01997108351, 0.901475507853, 6.01114106268, 3.59273315132, 1.05339018322, 1.63255810365, 1.26824101346, 0.938833530557, 1.24714925813, 1.06959245124, 1.16209140964, 8.30511085059, 1.11088207659, 0.854117020194, 161.890126358, 1.12165518924, 2.40558463498, 1.17438311311, 2.42661839444, 1.08278369724, 1528.28117804, 24.0127822801
3.36799618958, 1.10139098163, 1.1866580604, 1.14928859324, 2.07772515313, 0.882568357855, 3.52210402476, 0.966095389618, 0.917069534375, 5.46992658382, 3.08002063064, 0.828658297811, 2.14478196821, 0.874706454655, 1.06784883521, 1.29032756619, 1.03844749095, 0.973651143923, 7.04286778, 0.962023654613, 0.938622867389, 237.497200881, 0.847551687254, 1.78324700435, 1.21316076766, 1.8737768341, 0.966876234754, 1251.80347109, 26.2378356039
4.32341036564, 1.39982831367, 1.22041999597, 0.995649719626, 2.03473267062, 0.717593741887, 3.12531276393, 1.16685120078, 1.07596222421, 5.79060450179, 5.37504619578, 0.852059575786, 3.92204680736, 0.893844127594, 0.808315655284, 1.36947731638, 1.01808355516, 1.20263376773, 9.85298140593, 1.14579861267, 0.894948434236, 413.729497977, 0.89465670555, 1.92794910756, 1.02492133845, 1.80725468344, 1.00939785919, 1516.4892152, 25.6945691241
4.1415568528, 1.33832308532, 1.28976790588, 1.00985575512, 1.95734151113, 1.15021581943, 3.36957049747, 0.95704683177, 1.08614433204, 3.71129038466, 7.23269950985, 0.825883204012, 4.50140957358, 1.23089302909, 1.01932695891, 1.01629900575, 1.08114370031, 1.08295247403, 8.48042353671, 0.911849230865, 0.999006843875, 8.0308050279, 0.933696837352, 3.15556814496, 1.0432395066, 2.28428783376, 0.87675983657, 675.635425337, 38.2726359812
2.96557721387, 1.21363858617, 1.47571814827, 1.14774944309, 2.93016518814, 0.886489664512, 5.20468919471, 1.16256960203, 0.962059970368, 5.98688426406, 3.66103241665, 0.932862421146, 3.82566770691, 1.20020805816, 1.03251357501, 1.17911309356, 1.1626538254, 0.855846296499, 8.12237922328, 1.14605359687, 0.782096461411, 148.879947018, 0.910359321397, 4.82289223764, 1.13622779973, 5.18308555699, 1.29157760117, 780.504882697, 37.6363363501
2.94613276329, 1.1655846059, 1.33734188555, 0.867873349835, 3.96228436829, 0.977545490091, 5.57357575366, 0.946150988475, 1.03621193293, 3.82508112638, 6.13572592104, 0.920270067881, 3.99684629775, 0.89124900036, 1.01653398345, 1.54267494304, 1.07764815527, 1.00815344951, 8.93957949849, 1.17620429989, 0.931647562316, 298.043637604, 0.895120494, 4.16949682625, 1.0761316702, 5.40006426562, 1.05173762214, 905.668523705, 31.0851311047
3.56621699691, 1.31368678029, 1.62709882134, 1.19236999964, 1.81691566175, 1.01051780341, 1.96561442689, 1.24231914519, 1.13109401273, 3.93465920052, 6.02776373645, 1.13388018104, 2.68847122294, 0.854152705861, 0.821697700102, 1.40938527886, 1.14302855054, 1.20926173749, 8.08012753361, 0.937136148991, 0.912010627739, 269.120688357, 1.10693461842, 4.16038145922, 0.993391909446, 3.828112628, 0.997570634325, 906.63585429, 28.2937311526
1.01400417189, 1.27025715527, 1.43152710109, 1.07785220109, 6.37213794841, 1.03669382431, 3.56839184227, 0.939848175646, 0.952526296213, 6.17345761603, 2.70967948173, 0.836667921993, 2.36809256837, 1.00747584061, 0.973774839819, 1.32023075625, 1.0381474842, 1.02923155433, 9.88989493172, 1.09709835386, 0.785078187467, 158.38760569, 1.11272606696, 1.44488922129, 1.02075541856, 1.7475726104, 1.0542318821, 1238.0326912, 26.5663594327
5.61573742646, 1.37244409404, 0.916031358593, 1.05275052132, 3.48857071866, 1.12168288162, 2.86667274197, 1.04420066211, 1.12061122071, 2.48747231144, 6.87189220966, 0.969409391273, 4.38474181623, 1.22320531276, 0.797742939247, 1.44652417476, 1.0208556578, 0.860439197673, 7.97759990915, 1.04878823125, 0.872815967125, 338.709715245, 1.03255705183, 1.37735242379, 1.1366413561, 1.73599688929, 1.1910882874, 1203.21081539, 27.2236467306
2.56024147002, 1.12568201525, 1.27083212276, 0.866761080684, 6.56519691497, 1.01879481448, 1.41621926141, 0.936756914573, 1.11675970572, 1.72919747126, 5.59792149533, 0.902729416109, 1.92464216486, 0.964103581061, 0.961863581886, 1.49612841109, 1.01196787117, 0.886885807843, 6.68441418327, 0.942774128777, 0.919690889748, 273.968900962, 0.928855163353, 3.17468454255, 1.07189250124, 2.89216081924, 1.06438505559, 1529.97020663, 24.2480656733
1.59011672996, 1.1938017157, 1.507931225, 0.842065974773, 6.55525645302, 0.764161175875, 1.45897808736, 1.20192486112, 0.92518664429, 2.4500189973, 5.85115506236, 0.891893415256, 3.72134454926, 1.28291965205, 0.809346662227, 1.62555442956, 1.08628608014, 0.948051983698, 6.74360228464, 1.14823020019, 0.92348118209, 336.231132109, 1.02157407641, 3.63332934209, 0.954404007633, 2.75716888997, 1.19301179458, 1339.87539622, 26.5047986261
3.56621699691, 1.31368678029, 0.820767769615, 1.19236999964, 3.57430753336, 1.01051780341, 1.61624717537, 0.887707518243, 1.13109401273, 3.32453302088, 4.14679288395, 1.13388018104, 2.68847122294, 0.944194743613, 0.821697700102, 1.40938527886, 1.14302855054, 1.20926173749, 8.08012753361, 0.937136148991, 0.912010627739, 269.120688357, 1.10693461842, 4.16038145922, 0.993391909446, 3.828112628, 0.997570634325, 790.381678137, 38.2131030931
5.40125294597, 1.10993821029, 1.14911257469, 1.19911850597, 5.64893763063, 0.938549526415, 2.70753038221, 1.05911546142, 1.13831420113, 4.72538918563, 2.70967948173, 1.02056684978, 4.19342013926, 1.16725488186, 0.916748499514, 1.37814880059, 1.07871981985, 0.956370961569, 8.16809579633, 1.12970855249, 0.975896931137, 100.810860862, 1.07986591243, 5.58826905322, 0.999104243951, 4.88175975498, 1.07715243474, 786.806071453, 39.3807291213
4.81927988857, 1.28315586742, 1.3668088056, 1.20131954443, 4.69580718403, 1.11014741729, 2.77475349418, 1.10149795785, 1.1246649114, 4.31323578484, 3.75277823642, 1.10230453811, 2.20150455196, 1.16468391043, 0.999063645265, 1.29218777032, 1.05377116965, 1.11529240517, 5.47606342128, 1.06157708464, 0.972443304581, 236.235431812, 0.965114916737, 2.48189539826, 1.15352588187, 3.77191249628, 0.872018670112, 988.621074607, 30.8561721324
3.37201974015, 1.08323706133, 1.15509966346, 1.17867487606, 4.64437876823, 0.732789406902, 2.51198905006, 1.05776183688, 1.1258053876, 4.38596473935, 4.1673899427, 0.963725852049, 2.35091765681, 0.99280158484, 0.826134009584, 1.38742073618, 1.09406529922, 0.897075661871, 8.2917727686, 1.0510836027, 0.796160911513, 79.6939809055, 1.08819990074, 1.51315403892, 0.971061197736, 1.89865605976, 1.19252412536, 1308.34303267, 26.5992687401
5.50317151705, 1.38964786519, 0.933929079306, 1.17767000334, 6.8016766031, 1.00594035689, 2.77475349418, 0.95309879714, 0.917318097872, 3.92254370057, 2.96241947773, 1.06543237616, 1.90194367105, 1.24625381849, 0.832674030183, 1.23718363132, 1.01408431212, 1.02959716407, 4.06772221468, 0.940851964303, 0.894783946364, 53.847065011, 0.965114916737, 2.48189539826, 0.989147395738, 1.06590057479, 0.959795219127, 1255.22764839, 30.6711597794
2.44479946254, 1.09565048238, 1.01480907893, 1.04328081104, 1.92409381196, 0.858814109043, 2.26843637468, 0.978995885612, 0.911857937033, 2.32726252913, 6.88483373849, 0.851242449216, 3.34889042568, 1.07598145907, 0.88298767065, 1.2017609172, 1.16453471618, 1.10440347928, 8.90747489476, 0.985000364922, 0.770269767177, 288.108120278, 1.01174879688, 5.62645850951, 1.21913535934, 2.63719133233, 1.18960083378, 1541.17539092, 24.5087565122
5.50317151705, 1.38964786519, 0.933929079306, 1.17767000334, 6.8016766031, 0.995605433075, 1.97788679745, 0.95309879714, 0.917318097872, 3.92254370057, 2.96241947773, 1.0346079082, 3.96459728345, 1.24625381849, 0.832674030183, 1.23718363132, 1.02437106189, 1.02959716407, 4.06772221468, 0.940851964303, 0.894783946364, 53.847065011, 0.991315205819, 4.25948292664, 1.00241844151, 1.06590057479, 0.959795219127, 796.004657429, 40.9886251222
3.82973205053, 1.30735449703, 1.68613816123, 0.908967985608, 4.95532805012, 1.18976233779, 4.78302157779, 1.22821814898, 0.955557862118, 6.01114106268, 5.51433879668, 0.915143734855, 1.49522566497, 0.968124323303, 0.782110228873, 1.56882654175, 1.16279942385, 0.928628536938, 9.42199870021, 1.09092655499, 0.852915604657, 338.046250811, 1.0738270273, 5.4758246414, 1.20604801076, 4.12791271574, 1.09899668443, 1645.2717172, 24.5092909723
1.30934788898, 1.40316387062, 1.47571814827, 1.09930311893, 6.45940772376, 1.04771875898, 2.92201084752, 1.25600271656, 0.956599346255, 3.34044856418, 2.85158247862, 0.870055512415, 1.95693845596, 0.991264353583, 1.01408908294, 1.08885947709, 1.03635458964, 1.19808689683, 3.25125386819, 0.924526652314, 0.794752890768, 283.958627622, 0.967807545295, 2.12803415876, 1.1128900978, 3.96403802798, 1.27288829581, 1191.63427058, 31.3594431041
4.26173057557, 1.39383250287, 0.965539251625, 0.812851315691, 4.13706735638, 1.03691808896, 3.2399571715, 1.1830448922, 1.08585495277, 4.26016876099, 2.5153679805, 1.03765247212, 2.82477354957, 0.947550455589, 0.857972329261, 1.54823172561, 1.14618585075, 0.853835375719, 4.7310078605, 1.16445911132, 0.894655488502, 92.3821434465, 0.893650477925, 1.14945902772, 1.07031613609, 1.02288725391, 0.989771184926, 862.517715776, 38.8079199751
2.96557721387, 1.22878310592, 1.06908791538, 1.14774944309, 2.93016518814, 0.886489664512, 5.20468919471, 1.16256960203, 0.962059970368, 5.98688426406, 3.66103241665, 0.932862421146, 3.82566770691, 1.20020805816, 1.03856784392, 1.14762851371, 1.1626538254, 0.855846296499, 8.12237922328, 1.14605359687, 0.782096461411, 148.879947018, 0.910359321397, 4.82289223764, 1.13622779973, 5.18308555699, 1.29157760117, 1414.39745795, 27.4827383863
1.01400417189, 1.27025715527, 1.43152710109, 1.07785220109, 4.6054686854, 1.03669382431, 3.56839184227, 0.939848175646, 0.952526296213, 6.04370785498, 5.73828539775, 0.836667921993, 2.36809256837, 1.00747584061, 0.935453412196, 1.32023075625, 1.0381474842, 0.831346177484, 9.88989493172, 1.09709835386, 0.785078187467, 158.38760569, 1.11272606696, 1.44488922129, 1.02075541856, 1.7475726104, 1.0542318821, 1555.5984344, 26.2493623157
