2.12659768086, -0.529449828279, -0.763425889846, -1.0, 3.0, 3.0, 1.0, -1.0, 1.0, 0.0, -1.0, -0.649659436827, 0.0, -0.136870429187, 0.207134477541, 0.0, 2.0, 0.0, -1.0, -1.0, -0.948285486023, 2.8845572047, -0.715407496477, 0.3390792788, 2.0, -1.0, 1.0, -0.543442881437, 1.0, 2.0, 3.0, -1.0, -1.0, 3.0, 1.0, 1.0, -1.0, 2.0, 1.84399583712, -1.0, -1.0, -1.0, 0.0, -1.0, 2.7704644514, -1.0, 1.0, 0.0722902642389, 2.39789842843, 3.0, 95945.0, 425.0, 99590.0
2.12659768086, -0.529449828279, -0.763425889846, -1.0, 2.24391591468, 2.88646106482, 1.0, -1.0, 1.0, 0.0, -1.0, -0.736215530966, 0.0, -0.706969266853, 0.0, 0.0, 2.2217618409, 0.0, -1.0, -1.0, -0.527177815448, -1.0, -0.715407496477, -0.113295169038, 2.0, -1.0, 1.0, -0.543442881437, 1.0, 2.0, 3.0, 0.0, -1.0, 3.0, 0.573317967962, 2.92784955317, -1.0, 2.0, 1.84399583712, -0.278196873596, -0.881647520257, -1.0, 1.0, -0.233318301973, 2.7704644514, -1.0, 1.0, 0.0722902642389, 2.39789842843, 3.0, 95523.0, 431.0, 99564.0
1.88860640085, -0.529449828279, -0.763425889846, -1.0, 2.24391591468, 2.88646106482, 1.0, -1.0, 1.0, 0.0, -1.0, -0.736215530966, 0.0, -0.706969266853, 0.0, 0.0, 2.2217618409, 0.0, -1.0, -1.0, -0.638636380649, -1.0, -0.715407496477, -0.113295169038, 2.0, -1.0, 1.0, -0.543442881437, 1.0, 2.0, 3.0, 0.0, -1.0, 3.0, 0.573317967962, 2.92784955317, 3.0, 2.0, 1.84399583712, -0.278196873596, -0.881647520257, -1.0, 1.0, -0.233318301973, 2.7704644514, -1.0, 1.0, 0.0722902642389, 2.39789842843, 3.0, 95458.0, 444.0, 99553.0
-0.301031373939, 3.0, -1.0, 2.0, -1.0, 1.02917223733, -0.689503933541, -1.0, -1.0, 3.0, -0.760860697706, -0.0520507554979, 0.0, -1.0, 0.851661911101, 3.0, 1.54087555231, 1.20761915624, 1.0, -0.528257624717, 1.0, -1.0, -1.0, 0.0, 0.998590265127, 1.983639144, -1.0, 2.0, 0.777420357118, 3.0, 1.0, -0.714312353955, 2.0, -1.0, -0.359083521279, 0.0, -1.0, 3.0, 0.274578254609, 1.0, 1.70775898728, 0.0992521226143, 1.0, 0.0, 0.0, -0.018724131875, -0.740643421815, 2.30331938235, 0.0, 2.6430859904, 95066.0, 464.0, 99529.0
2.12659768086, -0.529449828279, -0.763425889846, 0.931048356075, 3.0, 3.0, 1.0, -1.0, 1.0, 1.53249586109, -1.0, -0.649659436827, 0.0, -0.539044551748, 0.207134477541, 0.0, 2.0, 0.0, -1.0, -1.0, -0.948285486023, 2.8845572047, -0.715407496477, 0.3390792788, 2.0, -1.0, 1.0, -0.587965759947, 1.0, 2.0, 3.0, -1.0, -1.0, 3.0, 1.0, 1.0, -1.0, 2.0, 1.84399583712, -1.0, -1.0, -1.0, 0.0, -1.0, 2.7704644514, 0.514831540903, -0.03110391599, 0.0722902642389, 2.39789842843, 3.0, 95859.0, 430.0, 99581.0
0.0619081588512, -0.383674184963, -1.0, -1.0, 3.0, 3.0, 0.533160899115, -1.0, 0.0624387918628, -0.335025613109, -1.0, 1.14464622198, 1.00609292349, 3.0, 0.0, 0.0, 1.72557702279, 0.770269164608, -1.0, 1.0060157848, -1.0, 1.0, 1.7692906093, -0.658043983364, -0.69269287851, -1.0, 2.66115386903, 2.0, 3.0, 1.95037055967, -1.0, 3.0, -1.0, -1.0, 2.0, 1.90303541743, 1.15661523742, -0.85770041532, 1.0, -0.75925352779, -1.0, -1.0, -0.20948914265, -1.0, -0.0682077473245, -1.0, -0.623623266849, 0.413670380376, 0.0426592537091, 3.0, 95749.0, 426.0, 99586.0
0.0877758289678, 0.0, -1.0, 3.0, 2.0, 3.0, 2.0, 0.0, -1.0, 0.756281835492, -1.0, 0.0, 3.0, -1.0, 1.0, -1.0, 0.0, 3.0, 2.0, -1.0, 0.0, -0.700386150791, -0.765322196907, 1.0, -0.213827037294, 1.0, -0.852302231049, -1.0, 0.0, -0.659755571215, -1.0, 3.0, -1.0, 3.0, 1.0, 1.0, -1.0, 2.71218521834, 1.18663187975, 3.0, 1.0, 1.0, 0.0, -0.550916999763, 2.22927732453, 2.0, 0.0, 3.0, 2.0, 0.539586406522, 95432.0, 467.0, 99511.0
0.0619081588512, -0.383674184963, -1.0, -1.0, 3.0, 3.0, 0.533160899115, -1.0, 0.0624387918628, -0.335025613109, -1.0, 1.14464622198, 1.00609292349, 3.0, 0.0, 0.0, 1.72557702279, 0.770269164608, -1.0, 1.0060157848, -1.0, 1.0, 1.7692906093, -0.658043983364, -0.69269287851, -1.0, 2.66115386903, 2.0, 3.0, 1.95037055967, -1.0, 3.0, -1.0, -1.0, 2.0, 1.90303541743, 1.15661523742, -0.85770041532, 1.0, -0.75925352779, -1.0, -1.0, -0.20948914265, -1.0, -0.0682077473245, -1.0, -0.623623266849, 0.413670380376, 0.0426592537091, 3.0, 95749.0, 426.0, 99586.0
1.2738612514, 2.0, 0.911603391585, 1.60584470059, 2.78165697769, 2.0, 3.0, -1.0, -1.0, -1.0, -1.0, -0.278422240288, 0.0, 2.0, 0.173569426115, 1.07478782909, 2.58155332178, 1.35585495178, 2.0, 2.97305495354, 0.116430309467, 1.0, -1.0, 2.55487147675, -1.0, 0.0, -1.0, -1.0, -0.779381671531, 1.0, -0.747225425147, -0.343945217691, -1.0, 0.0, 3.0, 2.34465082713, -1.0, 2.77518038809, 3.0, 0.9004776232, 0.969038002439, -1.0, -0.530123982899, -0.388504689859, 1.40754968889, -0.384994033139, 2.85971450713, -0.204435038486, 3.0, 2.0, 95088.0, 494.0, 99490.0
2.7138944534, 0.0, -1.0, 1.60584470059, 2.33686211247, 2.0, 2.0, 0.0, -1.0, 0.756281835492, -1.0, 0.912926349479, 3.0, -1.0, 1.0, -1.0, 0.0, 3.0, 2.0, -1.0, 0.0, -0.475146024608, -0.715407496477, 3.0, -0.213827037294, -0.409742889513, -1.0, -1.0, 0.0, -0.0601739196154, -1.0, 3.0, -1.0, 1.84546631671, 1.0, 1.0, 2.0, 2.71218521834, 1.18663187975, 0.9004776232, 1.0, 1.0, 2.8807742521, -0.550916999763, 1.0, 2.0, 0.0, 3.0, 2.0, 0.518531057828, 95053.0, 510.0, 99474.0
-0.828825905851, 2.0, 1.0, 1.0, 2.0, -0.338018972284, -1.0, 2.35704988615, -1.0, 0.0, -1.0, 0.0411613391393, 0.0, -1.0, 1.11534847986, 1.0, 2.0, 3.0, 0.553697809628, 1.31419258922, 0.0, -1.0, 2.0, 0.0, 1.81537103213, -1.0, 1.0, 0.254400540691, 2.0, 2.20745606938, -0.674826707997, -0.921005698564, -1.0, 0.101938840535, -0.954505224352, -1.0, -1.0, 0.0, 3.0, 0.0, 3.0, 1.0, 1.0, -0.351024715927, 3.0, 0.0, -1.0, 3.0, 3.0, -1.0, 94970.0, 465.0, 99520.0
3.0, 2.0, -0.369310192472, 1.60584470059, 1.0, 2.91460693837, 3.0, -1.0, -1.0, -1.0, -1.0, -0.278422240288, 0.921713064434, 0.0, 1.32936972485, 1.07478782909, 2.58155332178, 0.344573251056, 2.0, 0.0, 0.116430309467, -0.915954914056, -1.0, 0.525682529705, -1.0, -1.0, -1.0, -1.0, -1.0, 1.0, -0.747225425147, 2.0, -0.538095201988, 0.0, 3.0, 0.0, 3.0, 2.77518038809, 3.0, 1.02919417472, 1.77822656259, -1.0, 1.98996179763, 0.568510543062, 1.0, -1.0, -0.0166365596411, -1.0, 3.0, 2.0, 95291.0, 456.0, 99516.0
2.7138944534, 0.0, -1.0, 1.60584470059, 2.33686211247, 1.70452453492, 2.0, 0.0, -1.0, 2.6125354465, -1.0, 1.11993926949, 3.0, -1.0, 1.0, -1.0, 0.0, 3.0, 2.0, -0.546218796722, 0.0, -0.509755824309, -0.715407496477, 3.0, -0.213827037294, -0.51678038102, -1.0, -1.0, 0.0, -0.0601739196154, -0.631961736712, 1.47445081627, -1.0, 1.84546631671, 1.0, 1.0, 2.0, 2.71218521834, 1.18663187975, 0.363932220465, 1.0, 1.0, 2.92448084866, -0.550916999763, 1.0, 2.72968408993, 0.0, 3.0, 2.0, 1.0, 95256.0, 476.0, 99494.0
0.284625760564, 2.0, 1.0, 1.0, 2.0, -0.338018972284, -1.0, 2.35704988615, -1.0, -0.98057063868, -1.0, 0.0411613391393, 0.0, -1.0, 1.11534847986, 1.0, 2.0, 3.0, 0.553697809628, 1.31419258922, 0.0, -1.0, 2.0, 0.0, 1.81537103213, -1.0, 1.0, 0.254400540691, 2.0, 2.20745606938, -0.674826707997, -0.921005698564, -1.0, 0.101938840535, -0.954505224352, -1.0, -1.0, 0.0, 0.793259995341, 0.0, 3.0, 1.0, 1.0, -0.351024715927, 3.0, 0.0, -1.0, 3.0, 3.0, -1.0, 94887.0, 466.0, 99517.0
0.0877758289678, 0.0, -1.0, 3.0, 2.0, 3.0, 2.0, 0.0, -1.0, 0.756281835492, -1.0, 0.0, 3.0, -1.0, 1.0, -1.0, 0.0, 3.0, 2.0, -1.0, 0.0, -0.700386150791, -0.765322196907, 1.0, -0.213827037294, 1.0, -1.0, -1.0, 0.0, 0.0, -1.0, 3.0, -1.0, 3.0, 1.0, 1.0, -1.0, 2.71218521834, 1.18663187975, 3.0, 1.0, 1.0, 0.0, -0.550916999763, 2.22927732453, 2.0, 0.0, 3.0, 2.0, 0.539586406522, 95209.0, 479.0, 99494.0
0.615789518558, -0.447493534212, -1.0, 3.0, 1.19622116541, 2.0, 2.66606072652, 2.99405651129, -1.0, -0.227616463057, -1.0, 1.0, 3.0, -1.0, 1.39596508678, -1.0, 0.0, 3.0, 2.0, -1.0, -0.0889840445529, 2.0, 1.0, 0.0, 1.0, 1.0, -1.0, 1.18910525954, 0.0, 0.684573601081, -1.0, 3.0, -1.0, -0.00924802474967, 2.0, 1.0, -1.0, 2.71218521834, -0.33952735455, 3.0, -0.430855685164, 1.10564709076, 0.0, -1.0, 0.386995957963, 2.06211688032, 0.0, 3.0, 1.9108749344, 2.81688471356, 94748.0, 526.0, 99466.0
-1.0, 2.0, -0.31300922278, 1.0, 0.0837293254849, 1.93059124747, -1.0, 2.0, 2.6637476849, 2.19121680214, -1.0, 2.0, 0.0, -1.0, 1.23267481817, -0.575369628462, 2.57933845133, 0.304287291719, 2.77916360375, 2.99746894033, 0.0, -1.0, 2.0, 2.0, 1.0, -1.0, 1.0, 1.2361259242, 2.0, 2.0, -0.317304273428, 1.0, 0.74205749487, 0.0, 0.0, 0.270600272287, -1.0, 0.0, 3.0, 0.0, 1.63353135846, 1.0, 2.23673451946, 1.5274135558, 3.0, 0.309943107655, 0.718704400171, 3.0, 3.0, -1.0, 94475.0, 557.0, 99443.0
2.0, 1.0, 2.0, 0.0, 0.798869813212, 3.0, 3.0, -1.0, 1.0, 3.0, -1.0, 0.0, 3.0, 1.0, 3.0, 0.0, 2.0, 0.0, 2.0, 0.0, 3.0, -1.0, 2.0, 1.0, -0.47216994447, 3.0, 3.0, 3.0, 2.0, 1.0, -1.0, -1.0, 1.0, 2.0, 0.0, 1.0, -1.0, 0.663410345806, 3.0, 0.0, 1.14246976097, -1.0, 3.0, -1.0, 0.0, 0.0, 2.0, 2.0, 2.33032658826, 0.0, 94535.0, 569.0, 99436.0
3.0, 2.0, 0.911603391585, 1.60584470059, 2.78165697769, 2.0, 3.0, -1.0, -1.0, -1.0, -1.0, -0.278422240288, 0.0, 0.0, 0.0, 1.07478782909, 2.58155332178, 1.35585495178, 2.0, 2.0, 0.116430309467, 1.0, -1.0, 2.55487147675, -1.0, -1.0, -1.0, -1.0, -0.779381671531, 1.0, -0.747225425147, -0.343945217691, -1.0, 0.0, 3.0, 0.0, -1.0, 2.77518038809, 3.0, 0.9004776232, 0.969038002439, -1.0, -0.530123982899, 0.0, 1.40754968889, 0.0, 2.48120828324, -0.204435038486, 3.0, 2.0, 95060.0, 478.0, 99501.0
