0.0619081588512, 1.39077522055, -1.0, -1.0, 3.0, 3.0, -1.0, -1.0, 0.301891926717, -0.352311585366, -1.0, 1.14464622198, 0.726766330013, -1.0, 0.0, 0.0, 1.99827110731, -0.139165591271, -1.0, 0.27453675017, -1.0, 1.0, 2.63074323053, -0.658043983364, -0.69269287851, -1.0, 2.66115386903, 2.0, 3.0, -0.0041683650454, -1.0, 2.66883486371, -1.0, -1.0, 2.0, 1.90303541743, -0.714022708805, -0.85770041532, 1.0, -0.75925352779, -1.0, -1.0, -0.20948914265, -1.0, -0.0682077473245, -1.0, -0.623623266849, 0.413670380376, 2.41081321966, 3.0, 96047.0, 382.0, 99624.0
2.12659768086, -0.529449828279, -0.763425889846, -1.0, 1.25036721986, 1.0, 1.0, -1.0, 2.00821674587, 0.0, -1.0, -0.649659436827, 0.0, -0.136870429187, 0.207134477541, 2.36281569709, 2.0, 0.0, -1.0, -1.0, -0.948285486023, 2.8845572047, -0.715407496477, -0.734057089741, 2.0, -1.0, 1.0, -0.543442881437, 1.0, 2.0, 3.0, -1.0, -1.0, 0.0, 1.0, 1.0, -1.0, 2.0, 1.84399583712, -1.0, -1.0, -1.0, 0.0, -1.0, 2.7704644514, 1.60842592352, -0.998948213353, 0.0722902642389, 2.39789842843, 3.0, 95975.0, 401.0, 99608.0
2.12659768086, -0.529449828279, -0.763425889846, -1.0, 2.24391591468, 2.88646106482, 1.0, -1.0, 1.0, 0.0, -1.0, -0.736215530966, 0.0, -0.706969266853, 0.0, 0.0, 2.2217618409, 0.0, -1.0, -1.0, -0.527177815448, -1.0, -0.715407496477, -0.113295169038, 2.0, -1.0, 1.0, -0.543442881437, 1.0, 2.0, 3.0, 0.0, -1.0, 3.0, 0.573317967962, 2.92784955317, -1.0, 2.0, 1.84399583712, -0.278196873596, -0.881647520257, -1.0, 1.0, -0.233318301973, 2.7704644514, -1.0, 1.0, 0.0722902642389, 2.39789842843, 3.0, 95523.0, 431.0, 99564.0
3.0, 2.0, -0.274321570424, 2.93448557018, 2.78165697769, 1.2680314246, 3.0, -1.0, -1.0, -1.0, -1.0, -0.278422240288, -0.928067433478, 1.2459335673, 0.0, 1.07478782909, 2.58155332178, 1.35585495178, 2.10350020438, 2.0, 1.0, 1.0, -1.0, 2.01403702782, -1.0, -1.0, -1.0, -1.0, -1.0, 1.0, -0.747225425147, -0.343945217691, -1.0, -0.223975116127, 3.0, -0.800108581973, -1.0, 0.822263978421, 3.0, 2.03778259874, 0.969038002439, -1.0, -0.530123982899, 0.0, 2.55166204767, 0.0, 2.48120828324, -0.776754941594, 2.95277485446, 2.0, 95714.0, 436.0, 99552.0
2.12659768086, -0.529449828279, -0.763425889846, -1.0, 2.24391591468, 2.91527896688, -0.882022790523, -1.0, 1.0, 0.0, -1.0, -0.942722499276, 0.0, -0.706969266853, 0.0, 0.0, 2.2217618409, -0.407009322151, -1.0, -0.961357805929, -0.527177815448, -1.0, 0.661461403886, -0.113295169038, 2.0, -1.0, -1.0, -0.543442881437, 1.0, 2.0, 3.0, -0.0115708353102, -1.0, 1.27343297086, 0.573317967962, 2.92784955317, -0.192050865495, 2.0, 1.84399583712, -0.278196873596, -0.881647520257, -1.0, 1.0, -0.233318301973, 2.7704644514, -1.0, 1.0, 0.0722902642389, 2.11232369093, 3.0, 95418.0, 426.0, 99569.0
1.12064513417, 0.0, 0.0080649508496, 1.60584470059, 2.33686211247, 1.70452453492, -0.539194649406, 0.0, -1.0, 2.6125354465, -1.0, 1.11993926949, 2.21747107836, -1.0, 0.647081834916, -1.0, 1.55443103437, 3.0, 2.0, 0.463540456686, -0.655867929467, -0.509755824309, -0.715407496477, 3.0, -0.213827037294, -0.51678038102, -1.0, -1.0, 0.937994665183, -0.0601739196154, -0.631961736712, 1.47445081627, -1.0, 1.84546631671, 1.0, 1.0, 2.78481709097, 2.71218521834, 2.35708427076, 0.363932220465, 1.0, 1.0, 2.92448084866, -0.673233735757, -0.0171283766884, 2.72968408993, 0.0, 3.0, 0.302561207529, 1.29020367232, 95044.0, 475.0, 99491.0
2.7138944534, 0.0, 0.0080649508496, 1.60584470059, 2.33686211247, 1.70452453492, 0.0, 2.3842098384, -1.0, 2.6125354465, -0.943880805302, 1.11993926949, 2.21747107836, -1.0, 0.647081834916, -1.0, 0.0, 3.0, 2.0, 0.463540456686, -0.655867929467, -0.509755824309, -0.715407496477, 3.0, -0.213827037294, -0.51678038102, -1.0, -1.0, 0.937994665183, -0.0601739196154, -0.631961736712, 1.47445081627, -1.0, 1.84546631671, 1.0, 1.0, 2.78481709097, 2.71218521834, 0.45023522133, 0.363932220465, 1.0, 1.0, 0.0, -0.550916999763, -0.0171283766884, 2.72968408993, 0.0, 3.0, 1.48462433861, 1.29020367232, 94728.0, 490.0, 99477.0
3.0, 2.0, -0.369310192472, 1.60584470059, 1.0, 2.91460693837, 3.0, -1.0, -1.0, -1.0, -1.0, -0.278422240288, 0.921713064434, 0.0, 1.32936972485, 1.07478782909, 2.58155332178, 0.344573251056, 2.0, 0.0, 0.116430309467, -0.915954914056, -1.0, 0.525682529705, -1.0, -1.0, -1.0, -1.0, -1.0, 1.0, -0.747225425147, 2.0, -0.538095201988, 0.0, 3.0, 0.0, 3.0, 2.77518038809, 3.0, 1.02919417472, 1.77822656259, -1.0, -0.196888844031, 0.568510543062, 1.0, -1.0, -0.0166365596411, -1.0, 3.0, 2.0, 95211.0, 456.0, 99516.0
0.0877758289678, 0.0, -1.0, 3.0, 2.0, 2.33528943901, 2.0, 0.0, -1.0, 0.756281835492, -1.0, 0.0, 3.0, -1.0, 1.0, -1.0, 0.0, 3.0, 2.0, -1.0, 0.0, -0.700386150791, -0.788486101103, 1.0, -0.791800792693, 1.0, -0.852302231049, -1.0, -0.779381671531, -0.659755571215, -1.0, 3.0, -1.0, 3.0, 1.0, 1.0, -1.0, 2.71218521834, 1.18663187975, 2.88352274897, 1.0, 2.22670215058, 0.0, -0.550916999763, 2.22927732453, 2.0, 0.0, 3.0, 2.0, 0.539586406522, 95799.0, 441.0, 99539.0
0.0619081588512, 1.39077522055, -1.0, 0.0554456625654, 3.0, 3.0, -1.0, -1.0, 0.301891926717, -0.352311585366, -1.0, 1.14464622198, 0.726766330013, -1.0, 0.528562775228, 0.0, 1.99827110731, -0.139165591271, -1.0, 0.27453675017, 1.75113684918, 1.0, 2.63074323053, -0.658043983364, -0.69269287851, -1.0, 2.66115386903, 2.0, 3.0, -0.108242491661, -1.0, 2.66883486371, -1.0, -1.0, 2.0, 1.90303541743, -0.714022708805, -0.85770041532, 1.0, -0.75925352779, -1.0, -1.0, -0.20948914265, -1.0, -0.0682077473245, -1.0, -0.623623266849, 0.413670380376, 2.41081321966, 3.0, 95882.0, 406.0, 99602.0
2.12659768086, -0.529449828279, -0.763425889846, -1.0, 1.25036721986, 1.0, 1.0, -1.0, 1.92642475135, 0.0, -1.0, -0.649659436827, 0.0, -0.136870429187, 0.207134477541, 1.22588982193, 2.0, 0.0, -1.0, -1.0, -0.948285486023, 2.8845572047, -0.715407496477, 0.3390792788, 2.0, -1.0, 1.0, -0.543442881437, 1.0, 2.0, 3.0, -1.0, -1.0, 3.0, 1.0, 1.0, -1.0, 2.0, 1.84399583712, -1.0, -1.0, -1.0, 0.0, -1.0, 2.7704644514, 1.60842592352, -0.998948213353, 0.0722902642389, 2.39789842843, 3.0, 95851.0, 416.0, 99592.0
0.0619081588512, -0.383674184963, -1.0, -1.0, 3.0, 3.0, 0.533160899115, -1.0, 0.0624387918628, -0.811669981845, -1.0, 1.14464622198, 1.00609292349, 3.0, 0.0, -0.78661233, 1.72557702279, 0.770269164608, -1.0, 1.0060157848, -1.0, 1.0, 1.83447964969, -0.658043983364, -0.69269287851, -1.0, 2.66115386903, 0.0, 3.0, 1.95037055967, -1.0, 3.0, -1.0, -1.0, 2.99669628464, 2.75359527277, 1.15661523742, -0.85770041532, -0.4010165839, -0.75925352779, -0.854853601533, -0.545322828808, -0.20948914265, -1.0, -0.0682077473245, -1.0, -0.623623266849, 0.413670380376, 0.616154525361, 3.0, 95990.0, 399.0, 99603.0
2.1310361438, -0.88819824502, -0.149177235387, 1.0, 1.0, 3.0, 0.0, 3.0, -0.55855048789, 2.77849786695, -1.0, 1.0, 1.53403601613, -1.0, 0.0, 1.0, 0.0, 0.0, 0.0, -1.0, 2.0, -1.0, -1.0, 2.0, 3.0, 1.621477106, -1.0, 0.0, 0.0204538810998, 2.67459352023, -0.698344698878, -0.0633293727173, -1.0, -0.799792606206, 1.83882494286, 2.92784955317, 2.0, 2.0, 1.30431360971, 1.96619027097, 2.35678122727, 2.0, -0.418568119422, 1.14657826299, 1.0, -0.054849374186, 1.09031805237, -1.0, 0.167753421415, 0.537844174047, 94604.0, 506.0, 99484.0
2.12659768086, -0.529449828279, -0.763425889846, -1.0, 2.24391591468, 2.88646106482, 1.0, -1.0, 1.0, 0.0, -1.0, -0.736215530966, 0.0, -0.706969266853, 0.0, 0.0, 2.2217618409, 0.0, -1.0, -0.961357805929, -0.527177815448, -1.0, 0.661461403886, -0.113295169038, 2.0, -1.0, -1.0, -0.543442881437, 1.0, 2.0, 3.0, -0.0115708353102, -1.0, 3.0, 0.573317967962, 2.92784955317, -0.192050865495, 2.0, 1.84399583712, -0.278196873596, -0.881647520257, -1.0, 1.0, -0.233318301973, 2.7704644514, -1.0, 1.0, 0.0722902642389, 2.11232369093, 3.0, 95371.0, 441.0, 99555.0
3.0, 2.0, -0.580181799526, 1.60584470059, 2.24391591468, 2.91460693837, 3.0, -1.0, -1.0, -1.0, -1.0, -0.278422240288, 1.72852144601, 0.0, 0.171808197193, -0.864118347581, 2.58155332178, 0.344573251056, 2.0, 0.0, 0.116430309467, -0.915954914056, -1.0, 0.525682529705, -1.0, -1.0, -1.0, -1.0, 2.38131151596, 1.0, -0.975767595198, 2.0, -0.538095201988, -0.257694410744, 3.0, 0.0, 3.0, 2.77518038809, -0.489507967384, 1.11273244439, 1.77822656259, -1.0, 1.98996179763, -0.597325966535, 1.0, -1.0, -0.0166365596411, 0.265632318701, 3.0, 2.0, 95262.0, 442.0, 99515.0
0.0877758289678, 0.0, -1.0, 3.0, 2.30118406285, 3.0, 2.0, 0.0, -1.0, 0.756281835492, -1.0, 0.821718875504, 3.0, -1.0, 1.24223856376, -1.0, 0.205505378731, 3.0, 2.0, -1.0, 0.0, -0.965143744369, -0.765322196907, 1.0, -0.213827037294, 1.0, -0.907366458631, -0.596268375762, 0.0, -0.659755571215, -1.0, 3.0, 2.21568353021, 3.0, 1.0, 1.0, -1.0, -0.186196540303, 1.18663187975, 3.0, 1.0, 1.0, 0.0, -0.550916999763, 2.22927732453, 2.0, 0.0, 2.97571771167, 2.0, -0.597784436202, 95307.0, 465.0, 99509.0
2.12659768086, -0.529449828279, -0.763425889846, 0.931048356075, 3.0, 3.0, 1.0, -1.0, 1.0, 1.53249586109, -1.0, -0.649659436827, 0.0, -0.539044551748, 0.163647195666, 0.0, 2.0, 0.0, -1.0, -1.0, -0.948285486023, 2.8845572047, -0.268220276907, 0.3390792788, 2.0, -1.0, 1.0, -0.587965759947, 1.0, 2.0, -1.0, -1.0, -1.0, 3.0, 1.0, 1.0, -1.0, 2.0, 1.84399583712, -1.0, -1.0, -1.0, -0.532760227115, -1.0, 2.7704644514, 0.514831540903, 1.3796752033, -0.0308388645603, 2.14226452803, 2.60084144366, 96018.0, 415.0, 99595.0
0.0619081588512, -0.383674184963, -1.0, -1.0, 3.0, 3.0, 0.533160899115, -1.0, 0.0624387918628, -0.335025613109, -1.0, 1.14464622198, 1.00609292349, 3.0, 0.0, -0.78661233, 1.72557702279, 0.770269164608, -1.0, 1.0060157848, -1.0, 1.0, 1.7692906093, -0.658043983364, -0.69269287851, -1.0, 2.66115386903, 2.0, 3.0, 1.95037055967, -1.0, 3.0, -1.0, -1.0, 2.0, 2.75359527277, 1.15661523742, -0.85770041532, -0.4010165839, -0.75925352779, -0.854853601533, -0.545322828808, -0.20948914265, -1.0, -0.0682077473245, -1.0, -0.623623266849, 0.413670380376, 0.0426592537091, 3.0, 95875.0, 409.0, 99596.0
2.7138944534, 0.0, 0.0080649508496, 1.60584470059, 2.33686211247, 1.70452453492, 0.0, 0.0, -1.0, 2.6125354465, -1.0, 1.11993926949, 2.21747107836, -1.0, 0.891951505768, -1.0, 0.0, 3.0, 2.21981815019, -0.546218796722, -0.655867929467, -0.509755824309, -0.715407496477, 3.0, -0.213827037294, -0.51678038102, -1.0, -1.0, 0.937994665183, -0.634951884467, -0.631961736712, 1.47445081627, -1.0, 1.84546631671, 1.0, 1.30602997158, 2.0, 2.71218521834, 1.18663187975, 0.363932220465, 1.0, 1.0, 2.92448084866, -0.550916999763, -0.0171283766884, 2.72968408993, 0.0, 3.0, 2.0, 1.29020367232, 95303.0, 464.0, 99510.0
0.0619081588512, -0.383674184963, -1.0, -1.0, 3.0, 3.0, 0.533160899115, -1.0, 0.0624387918628, -0.862534196405, -1.0, 1.14464622198, 1.00609292349, 3.0, 0.0, -0.78661233, 1.72557702279, 0.770269164608, -1.0, 1.0060157848, -1.0, 0.823791616807, 1.83447964969, -0.658043983364, -0.69269287851, -1.0, 2.66115386903, 0.0, 3.0, 1.95037055967, -1.0, 3.0, -1.0, -1.0, 2.99871072245, 2.83882767551, 1.15661523742, -0.880097839058, -0.4010165839, -0.75925352779, -0.854853601533, -0.545322828808, -0.20948914265, -1.0, -0.0682077473245, -1.0, -0.623623266849, 0.413670380376, 0.616154525361, 3.0, 95990.0, 399.0, 99603.0
