3.0, 2.0, 0.0, 1.0, 1.0, 3.0, 3.0, 2.0, -1.0, 0.0, -1.0, 2.0, 3.0, 0.0, 0.0, 0.0, 0.0, 1.0, 2.0, 2.0, 1.0, 1.0, -1.0, 2.0, -1.0, -1.0, -1.0, -1.0, -1.0, 1.0, 3.0, 2.0, -1.0, 0.0, 3.0, 1.0, 3.0, 1.0, 2.0, 0.0, -1.0, -1.0, 3.0, 0.0, 1.0, -1.0, 2.0, -1.0, -1.0, 2.0, 95234.0, 493.0, 99515.0
3.0, 1.0, 1.0, 1.0, 1.0, 3.0, 0.0, 3.0, -1.0, 1.0, -1.0, 1.0, 3.0, -1.0, 0.0, 1.0, 0.0, 0.0, 0.0, -1.0, 2.0, -1.0, 2.0, 2.0, 3.0, 0.0, -1.0, 0.0, -1.0, 2.0, 2.0, 0.0, -1.0, 0.0, 1.0, 3.0, 2.0, 2.0, 0.0, 2.0, 3.0, 2.0, -1.0, 3.0, 1.0, 0.0, 1.0, -1.0, 2.0, 1.0, 94650.0, 543.0, 99473.0
1.0, 2.0, 2.0, -1.0, -1.0, 0.0, 0.0, 0.0, 1.0, 2.0, 0.0, -1.0, 0.0, 3.0, 2.0, 3.0, -1.0, 1.0, 3.0, 3.0, 2.0, 3.0, -1.0, 0.0, -1.0, 2.0, -0.567803172178, -1.0, -1.0, -1.0, -1.0, 3.0, 1.79481119998, 0.0, 1.0, 1.0, -0.605933631154, 3.0, -1.0, 2.0, 0.0, 3.0, 2.51215691153, -1.0, 2.0, 2.0, -0.261149556427, -1.0, 2.0, -1.0, 95960.0, 474.0, 99556.0
3.0, -1.0, 0.0, 2.0, 1.04180440096, -1.0, -1.0, 1.0, -1.0, -0.518646558179, -1.0, 0.0, 0.0, 0.0, 1.0, -1.0, -1.0, 0.0, 2.0, 3.0, 3.0, 0.0, 2.0, 2.0, -1.0, 0.0, 1.0, 0.0, 1.0, 1.0, 1.0, 1.0, -1.0, 2.0, 2.0, 0.0, 1.0, -1.0, 0.0530652204482, 3.0, 0.0, 2.0, 2.0, -1.0, 2.0, 3.0, 2.0, 3.0, 1.0, -1.0, 94935.0, 515.0, 99495.0
0.0, 2.0, 1.0, 1.0, 2.0, 1.0, -1.0, 2.0, -1.0, 0.0, -1.0, 2.0, 0.0, -1.0, 2.0, 1.0, 2.0, 3.0, 2.0, 1.0, 0.0, -1.0, 2.0, 2.0, 1.0, -1.0, 1.0, 1.0, 2.0, 2.0, 0.0, 1.0, -1.0, 0.0, 0.0, -1.0, -1.0, 0.0, 3.0, 0.0, 3.0, 1.0, 1.0, 0.0, 3.0, 0.0, -1.0, 3.0, 3.0, -1.0, 94709.0, 526.0, 99469.0
0.0, 2.0, 1.0, 1.0, 2.0, 1.0, -1.0, 2.35704988615, -1.0, 0.0, -1.0, 2.0, 0.0, -1.0, 2.0, 1.0, 2.0, 3.0, 2.0, 1.0, 0.0, -1.0, 2.0, 2.0, 1.0, -1.0, 1.0, 1.0, 2.0, 2.0, 0.0, 1.0, -1.0, 0.0, 0.0, -1.0, -1.0, 0.0, 3.0, 0.0, 3.0, 1.0, 1.0, 0.0, 3.0, 0.0, -1.0, 3.0, 3.0, -1.0, 94709.0, 526.0, 99469.0
0.0, 0.0, 3.0, 2.0, 0.0, 1.0, 1.0, -1.0, -0.74448790442, 2.0, -1.0, 1.0, 2.0, 2.23554218206, 0.0, 2.0, 0.0, -1.0, 1.0, 0.108190816481, 2.0, 1.0, -1.0, 0.0, 2.0, 0.576412515842, -1.0, 2.0, 3.0, 3.0, 2.0, 3.0, 0.0, 0.0, 2.0, -1.0, 0.0, 0.0, -1.0, 3.0, 3.0, 2.0, 1.0, -1.0, 3.0, 1.0, 1.0, 3.0, 1.0, 3.0, 94568.0, 570.0, 99440.0
3.0, 0.357962105629, 2.0, -1.0, 3.0, 0.0, 2.0, -1.0, 1.0, 0.0, 2.49306931342, 0.0, 0.0, -1.0, 1.0, 3.0, 2.0, -1.0, 1.0, 1.0, -1.0, 3.0, -1.0, 3.0, 2.0, 3.0, 2.0, -0.543442881437, 2.0, 0.0, 1.0, -0.822330553726, -1.0, 1.00084980846, -1.0, 2.0, -1.0, 1.0, 0.0, -1.0, 0.412756738645, 2.0, 1.0, -1.0, 2.51516515295, 2.41213031225, -1.0, -1.0, 0.0, 0.0, 95589.0, 485.0, 99548.0
-1.0, 0.226319835305, 1.0, 2.0, 1.0, -1.0, 0.813946659893, 2.0, -1.0, 1.0, 2.0, -1.0, 3.0, -1.0, 0.0, -1.0, 2.0, 2.0, -1.0, 3.0, 1.0, -1.0, 1.0, 0.0, 0.0, 1.0, 0.0, -1.0, 3.0, 2.0, 3.0, 3.0, 0.0, 2.0, -1.0, -1.0, 0.0, 1.0, -1.0, 3.0, 0.0, 0.0, 2.0, 2.0, 1.0, 1.56370540229, 2.0, 1.0, 3.0, -0.771007085437, 95232.0, 513.0, 99503.0
-1.0, 0.0, 2.0, 2.0, 0.0, 2.0, 2.0, 1.0, 3.0, -1.0, -1.0, 2.0, 0.0, 0.0, 3.0, 1.0, -1.0, 1.0, 2.0, 0.0, 2.0, -1.0, 1.0, 3.0, -1.0, -1.0, 0.0, 3.0, 0.0, 0.0, 1.0, 2.0, -1.0, 1.0, 1.0, 1.0, 3.0, 1.0, -1.0, 2.0, 1.0, 0.0, 2.0, 0.0, 3.0, 3.0, 2.0, 0.0, 3.0, -1.0, 94592.0, 559.0, 99450.0
2.0, 1.0, 2.0, 0.0, 2.0, 3.0, 3.0, -1.0, 1.0, 3.0, 0.0, 0.0, 3.0, 1.0, 3.0, 0.0, 2.0, 0.0, 2.0, 0.0, 3.0, -1.0, 2.0, 1.0, 1.0, 3.0, 3.0, 3.0, 2.0, 1.0, -1.0, -1.0, 1.0, 2.0, 0.0, 1.0, -1.0, 1.0, 3.0, 0.0, 1.0, -1.0, 3.0, -1.0, 0.0, 0.0, 2.0, 1.0, 2.0, 0.0, 94517.0, 588.0, 99431.0
1.0, 2.0, 0.0, -1.0, 1.0, 2.0, -1.0, -1.0, 2.0, 2.0, -1.0, 0.0, 0.0, -1.0, 2.0, 3.0, -1.0, 1.0, 1.0, -1.0, 1.0, -1.0, -1.0, -1.0, 3.0, 0.0, 0.0, -1.0, 3.0, 1.0, 0.0, 2.0, 0.0, 1.0, 1.0, 1.94753627778, 0.0, 3.0, 3.0, -1.0, 1.0, 0.0, 3.0, 3.0, 3.0, 0.0, 1.0, 0.79451111182, 3.0, -1.0, 95245.0, 510.0, 99499.0
2.0, 2.0, 0.0, 0.0, 1.0, -1.0, 2.0, -1.0, 3.0, 3.0, -1.0, 3.0, 0.0, 2.0, -1.0, 3.0, 3.0, 1.0, -1.0, 2.0, 1.0, 2.0, 0.0, -1.0, 0.0, 1.0, 1.0, -1.0, 2.12929142832, 0.0, -1.0, 3.0, 1.0, 0.0, 1.0, 0.773124463316, 1.0, 2.20401938402, -1.0, 0.0, 2.0, 2.0, 0.0, 0.0, -1.0, -1.0, -1.0, 1.0, 3.0, 0.0, 94993.0, 518.0, 99493.0
3.0, -1.0, 0.0, 2.0, 0.0, -1.0, -1.0, 1.0, -1.0, 2.0, -1.0, 0.0, 3.0, 0.0, 1.0, -1.0, -1.0, 0.0, 2.0, 3.0, 3.0, 0.0, 2.0, 2.0, -1.0, 0.0, 1.0, 0.0, 1.0, 1.0, 1.0, 1.0, -1.0, 2.0, 2.0, 0.0, 1.0, -1.0, 1.0, 3.0, 0.0, 2.0, 2.0, -1.0, 2.0, 3.0, 2.0, 3.0, 1.0, -1.0, 94979.0, 525.0, 99488.0
2.0, 1.0, 3.0, -1.0, 1.0, 1.0, 2.0, 3.0, 2.0, 1.0, -1.0, 0.0, 0.0, 0.0, -0.201042609127, -1.0, 1.67533416149, 2.0, -1.0, -1.0, 1.0, -1.0, 2.0, 0.0, -0.930689958543, -1.0, 0.0, 1.0, 0.261277843122, 1.0, 1.0, 0.0, 2.0, -1.0, 2.0, 3.0, 3.0, -1.0, 1.0, -1.0, 2.0, 2.00181158896, 1.0, 2.0, -1.0, -1.0, -0.628323655475, 1.0, 3.0, 0.0, 95195.0, 493.0, 99528.0
2.0, 0.0, -1.0, 3.0, 2.0, 2.0, 2.0, 0.0, -1.0, 0.0, -1.0, 1.0, 3.0, -1.0, 1.0, 3.0, 0.0, 3.0, 2.0, -1.0, 0.0, 2.0, 1.0, -1.0, 1.0, 1.0, -1.0, -1.0, 0.0, 0.0, -1.0, 3.0, -1.0, 3.0, 1.0, 1.0, -1.0, 2.0, 1.0, 3.0, 1.0, 1.0, 0.0, -1.0, -1.0, 2.0, 0.0, 3.0, 2.0, 1.0, 95377.0, 499.0, 99501.0
2.0, 0.0, -1.0, 3.0, 2.0, 2.0, 2.0, 0.0, -1.0, 0.0, -1.0, 1.0, 3.0, -1.0, 1.0, 3.0, 0.0, 3.0, 2.0, -1.0, 0.0, 1.62662459357, 1.0, -1.0, 1.0, 1.0, -1.0, -1.0, 0.0, 0.0, -1.0, 3.0, -1.0, 3.0, 1.0, 1.0, -1.0, 2.0, 1.0, 3.0, 1.0, 1.0, 0.0, -1.0, -1.0, 2.0, 0.0, 3.0, 2.0, 1.0, 95377.0, 499.0, 99501.0
0.0, 1.0, -1.0, -1.0, 3.0, 3.0, 1.0, -1.0, 1.0, 0.0, -1.0, 0.0, 0.0, 3.0, 0.0, 0.0, 2.0, 0.0, -1.0, -1.0, -1.0, 1.0, 1.0, 0.0, 2.0, -1.0, 1.0, 2.0, 1.0, 2.0, 3.0, -1.0, -1.0, -1.0, 2.0, 1.0, 2.0, 2.0, 1.0, 0.0, -1.0, -1.0, 0.0, -1.0, 2.0, -1.0, 1.0, 2.0, 1.0, 3.0, 95248.0, 487.0, 99542.0
1.0, 2.0, 0.0, -1.0, 1.0, 2.0, -1.0, -1.0, 2.0, 2.0, -1.0, 0.0, 0.0, -1.0, 2.0, 3.0, -1.0, 1.0, 1.0, -1.0, 1.0, -1.0, -1.0, -1.0, 3.0, 0.0, 0.0, -1.0, 3.0, 1.0, 0.0, 2.0, 0.0, 1.0, 1.0, 2.0, 0.0, 3.0, 3.0, -1.0, 1.0, 0.0, 3.0, 3.0, 3.0, 0.0, 1.0, -1.0, 3.0, -1.0, 95479.0, 492.0, 99520.0
-1.0, 0.0, 2.0, -1.0, 0.0, -1.0, 0.0, 1.0, 1.0, -1.0, -1.0, 0.0, 3.0, 2.0, -1.0, -1.0, 0.0, 2.0, 0.0, 3.0, 2.0, 1.0, 1.0, 3.0, 0.0, -1.0, -1.0, 1.0, 3.0, -1.0, 2.0, 3.0, 0.0, 1.0, 2.0, 0.0, 0.0, 2.0, 3.0, 3.0, 1.0, 0.0, -1.0, 2.0, -1.0, 1.0, 2.0, 1.0, 0.0, 1.0, 94905.0, 528.0, 99490.0
-1.0, 0.0, 2.0, -1.0, 0.0, -1.0, 0.10186919736, 1.0, -0.952086056866, -1.0, -1.0, 0.0, 3.0, 2.0, -1.0, 1.35645537075, 0.0, 2.0, 0.0, 3.0, 2.0, 1.0, 1.0, 3.0, 0.0, -1.0, -1.0, 1.0, 3.0, -1.0, 2.0, 3.0, 0.0, 1.0, 2.0, 0.0, 0.0, 2.0, 3.0, 3.0, 1.0, 0.0, -1.0, 2.0, -1.0, 1.0, 2.0, 0.86606196703, 0.0, 1.0, 94894.0, 530.0, 99488.0
2.0, 3.0, -1.0, 2.0, -1.0, 1.0, -1.0, -1.0, -1.0, 3.0, 2.0, 1.0, 0.0, -1.0, 2.0, 3.0, 2.0, 2.0, 1.0, 0.0, 1.0, -1.0, -1.0, 0.0, 0.0, 3.0, 2.0, 2.0, 1.0, 3.0, 1.0, 0.0, 2.0, -1.0, 0.0, 0.0, -1.0, 3.0, 0.0, 1.0, 2.0, 3.0, 1.0, 0.0, 0.0, 2.0, 1.0, 3.0, 0.0, 1.0, 94741.0, 550.0, 99470.0
2.0, 2.0, 0.0, 0.0, 1.0, -1.0, 2.0, -1.0, 3.0, 3.0, -1.0, 3.0, 0.0, 2.0, 2.08605060113, 3.0, 3.0, 1.0, -1.0, 2.0, 1.0, 2.0, 0.0, -1.0, 0.0, 1.0, 1.0, -1.0, 2.12929142832, 0.0, -1.0, 3.0, 1.0, 0.0, 1.0, 0.773124463316, 1.0, 2.20401938402, -1.0, 0.0, 2.76786078172, 2.0, 0.0, 0.0, -1.0, -1.0, -1.0, 1.0, 3.0, 0.0, 94856.0, 534.0, 99472.0
3.0, 3.0, 0.0, -1.0, 0.0, 1.0, 2.0, -1.0, 2.90903644765, -1.0, 0.0, -1.0, -0.371290904915, 2.0, 1.0, 3.0, 1.0, 1.0, 1.86669788664, 0.0, 0.0, 2.0, -1.0, 1.05375975432, 2.0, 0.0, -1.0, 2.0, 0.0, -1.0, 2.0, 3.0, -1.0, 2.0, -1.0, 2.0, 1.0, 0.0, 1.40163678605, -1.0, 3.0, 1.0, -0.865185802181, 3.0, -1.0, 2.0, -1.0, 0.0, 3.0, -1.0, 95269.0, 503.0, 99519.0
0.0, 0.0, 3.0, 2.0, 0.0, 1.0, 1.0, -1.0, -0.74448790442, 2.0, -1.0, 1.0, 2.0, 2.23554218206, 0.0, 1.95519784138, 0.0, -1.0, 1.0, 0.93081412384, 2.0, 1.0, -1.0, 0.0, 2.0, 0.576412515842, -1.0, 2.0, 3.0, 3.0, 2.0, 3.0, 0.0, 0.0, 2.0, -1.0, 0.0, 0.0, -1.0, 3.0, 3.0, 2.12830958699, 1.0, -1.0, 3.0, 1.0, 1.0, 3.0, 1.0, 3.0, 94615.0, 570.0, 99440.0
-1.0, 0.0, 1.0, 1.0, 1.0, -1.0, 3.0, 1.0, 2.0, 1.0, 0.0, 2.0, 1.0, -1.0, -1.0, 3.0, 3.0, 0.0, 1.0, 3.0, 0.0, -1.0, -1.0, -1.0, 2.0, 2.0, 0.0, 0.0, 3.0, 3.0, -1.0, 2.0, 1.0, 3.0, 0.0, 0.0, 0.0, 3.0, -1.0, 0.0, 2.0, -1.0, 2.0, 1.0, 3.0, 2.0, 2.0, 1.0, 2.0, 1.0, 94930.0, 548.0, 99465.0
3.0, 1.0, 0.0, -1.0, 0.0, 1.0, 2.0, -1.0, 3.0, -1.0, 0.0, -1.0, 1.0, 2.0, 1.0, 3.0, 1.0, 1.0, 2.0, 0.0, 0.0, 2.0, -1.0, 1.0, 2.0, 0.0, -1.0, 2.0, 0.0, -1.0, 2.0, 3.0, -1.0, 2.0, -1.0, 2.0, 1.0, 0.0, 3.0, -1.0, 3.0, 1.0, 0.0, 3.0, -1.0, 2.0, -1.0, 0.0, 3.0, -1.0, 95136.0, 514.0, 99505.0
1.0, 3.0, -1.0, 0.0, 1.0, -1.0, 3.0, 2.0, -1.0, 2.0, -1.0, -1.0, 2.0, 2.0, -1.0, 1.0, 0.0, 3.0, 3.0, 1.0, 0.0, 2.0, -1.0, 3.0, 0.0, 2.0, -1.0, 2.0, 0.0, -1.0, 0.0, 1.0, -1.0, 0.0, 0.0, 2.0, 3.0, -1.0, -1.0, 1.0, 3.0, 1.0, 3.0, -1.0, 0.0, 1.0, 0.0, 3.0, 0.0, 2.0, 95334.0, 509.0, 99509.0
0.0, 3.0, 2.0, 0.0, 0.0, -1.0, 3.0, 1.0, -1.0, 2.0, -1.0, 3.0, -1.0, 1.0, 1.0, -1.0, 2.0, 2.0, 2.0, 3.0, 0.0, 2.0, -1.0, 1.0, 2.0, 0.0, 1.0, 3.0, 0.0, 1.0, 1.0, 0.0, 1.0, 2.0, 3.0, 2.0, 3.0, -1.0, 1.0, 0.0, -1.0, 0.0, 1.0, 3.0, 0.0, -1.0, 3.0, 3.0, 2.0, 0.0, 94773.0, 568.0, 99449.0
0.0, 3.0, 2.0, 0.0, 0.0, -1.0, 3.0, 1.0, -0.788072222063, 2.0, -1.0, 3.0, -1.0, 1.0, 1.0, -1.0, 2.0, 2.0, 2.47396237521, 3.0, 0.0, 2.0, -1.0, 0.931144299104, 2.0, 0.0, 1.0, 3.0, 0.0, 1.0, 1.0, 0.0, 1.0, 2.0, 3.0, 2.0, 3.0, -1.0, 1.0, 0.0, -1.0, 0.0, 1.0, 3.0, 0.0, -1.0, 3.0, 3.0, 2.32985721257, 0.0, 94773.0, 568.0, 99449.0
1.0, 0.0, 3.0, 1.0, -1.0, 0.0, 3.0, -1.0, 2.0, 2.0, -1.0, 1.16764341541, 0.0, 2.0, 0.0, 3.0, 0.0, 1.97707421131, 1.0, 1.0, -1.0, 0.0, 3.0, 2.0, 2.0, 1.0, 3.0, 1.0, 3.0, 0.0, -1.0, -1.0, 2.0, 1.0, -1.0, 1.0, 3.0, 0.0, 2.0, 1.0, -0.243289563626, 0.0, 3.0, 3.0, 2.0, 1.0, 2.0, 0.0, -1.0, -1.0, 94618.0, 560.0, 99460.0
2.0, 2.0, 3.0, 0.0, 1.0, -1.0, 2.0, -1.0, 3.0, 3.0, -1.0, 3.0, 0.0, 2.0, -1.0, 3.0, 3.0, 1.0, -1.0, 2.0, 1.0, 2.0, 0.0, -1.0, 0.0, 1.0, 1.0, -1.0, 3.0, 0.0, -1.0, 3.0, 1.0, 0.0, 1.0, 0.0, 1.0, 0.0, -1.0, 0.0, 2.0, 2.0, 0.0, 0.0, -1.0, -1.0, -1.0, 1.0, 3.0, 0.0, 95014.0, 518.0, 99493.0
-1.0, 2.0, -1.0, 3.0, -1.0, 3.0, -1.0, 2.0, 2.0, 0.0, 1.0, 1.0, -1.0, -1.0, -1.0, 2.0, 3.0, -1.0, 1.0, -1.0, 0.0, 3.0, 1.0, 2.0, -1.0, 1.0, 3.0, 1.0, 0.0, 1.0, 0.0, -1.0, -1.0, 0.0, 0.0, -1.0, 3.0, 0.0, 1.0, 1.0, 3.0, 2.0, 2.0, 3.0, 2.0, 1.0, -1.0, -1.0, 0.0, 0.0, 95738.0, 485.0, 99573.0
3.0, 0.0, 2.0, 0.0, 1.0, -1.0, 0.0, 2.0, 1.0, 2.0, 3.0, -1.0, 0.0, 1.0, -1.0, -1.0, 3.0, 1.0, 0.0, 3.0, 3.0, 3.0, 0.0, 0.0, 2.0, 1.0, 0.0, 3.0, 3.0, 1.0, -1.0, 1.0, -1.0, 2.0, 2.0, 3.0, 2.0, 0.0, -1.0, 2.0, 0.0, 1.0, 1.0, 3.0, 1.0, 2.0, -1.0, 2.0, 0.996787857694, -1.0, 94775.0, 558.0, 99458.0
1.0, 2.0, -1.0, -1.0, 1.0, 1.0, -1.0, 2.0, 1.0, 0.0, 3.0, 1.0, 2.0, 1.0, 3.0, -1.0, -1.0, 0.0, 0.0, 2.0, -1.0, 3.0, -1.0, 0.0, -1.0, 1.0, 2.0, 3.0, 3.0, 0.0, 1.0, 2.0, 0.0, 2.0, 0.0, 3.0, 1.0, 0.0, -1.0, 2.0, 2.0, 3.0, 1.0, 2.0, 0.0, 3.0, -1.0, 3.0, 0.0, 0.0, 94720.0, 560.0, 99459.0
3.0, 1.0, 0.0, 0.0, 2.0, 1.0, 2.0, 0.0, -1.0, 0.0, 2.0, -1.0, 0.0, -1.0, 1.0, -1.0, 2.0, 3.0, 2.0, 1.0, -1.0, 0.0, -1.0, 2.12349841344, 2.0, -1.0, 1.0, 2.0, 1.0, -1.0, 3.0, 3.0, 2.0, 1.0, 1.0, 1.0, 0.0, 0.0, 2.0, 3.0, 3.0, 1.0, 3.0, 2.0, -1.0, -1.0, 0.0, 3.0, 0.0, 3.0, 94903.0, 555.0, 99464.0
0.0, 0.0, 3.0, 2.0, 0.0, 1.0, 1.0, -1.0, 1.0, 2.0, -1.0, 1.0, 2.0, 2.0, 0.0, 2.0, 0.0, -1.0, 1.0, 1.0, 2.0, 1.0, -1.0, 0.0, 2.0, 0.0, -1.0, 2.0, 3.0, 3.0, 2.0, 3.0, 0.0, 0.0, 2.0, -1.0, 0.0, 0.0, -1.0, 3.0, 3.0, 2.0, 1.0, -1.0, 3.0, 1.0, 1.0, 3.0, 1.0, 3.0, 94491.0, 585.0, 99432.0
3.0, 0.357962105629, 2.0, -1.0, 3.0, 0.0, 2.0, -1.0, 1.0, 0.0, 2.49306931342, 0.0, 0.0, -1.0, 1.0, 3.0, 2.0, -1.0, 1.0, 1.0, -1.0, 3.0, -1.0, 3.0, 2.0, 3.0, 2.0, 0.0, 2.0, 0.0, 1.0, -1.0, -1.0, 1.00084980846, -1.0, 2.0, -1.0, 1.0, 0.0, -1.0, 0.412756738645, 2.0, 1.0, -1.0, 3.0, 2.0, -1.0, -1.0, 0.0, 0.0, 95363.0, 499.0, 99535.0
2.0, 1.0, 3.0, -1.0, 1.0, 1.0, 2.0, 3.0, 2.0, 1.0, -1.0, 0.0, 0.0, 0.0, 0.0, -1.0, 0.0, 2.0, -1.0, -1.0, 1.0, -1.0, 2.0, 0.0, -1.0, -1.0, 0.0, 1.0, -1.0, 1.0, 1.0, 0.0, 2.0, -1.0, 2.0, 3.0, 3.0, -1.0, 1.0, -1.0, 2.0, 3.0, 1.0, 2.0, -1.0, -1.0, 0.0, 1.0, 3.0, 0.0, 95241.0, 500.0, 99533.0
1.0, 1.0, 0.0, 0.850152313857, 2.0, 3.0, 3.0, 2.0, 1.0, 0.295467320486, 2.0, 2.0, -1.0, 1.0, 3.0, 0.0, 2.88848306321, 0.0, 1.0, -1.0, 0.0, 3.0, -1.0, 1.0, 2.0, -1.0, 3.0, 0.0, 1.0, 2.0, 3.0, 1.0, 0.0, 0.0, 0.0, 2.0, 1.0, 0.0, 3.0, 2.0, -1.0, 3.0, 2.0, 3.0, 2.0, 2.0, -1.0, 0.0, 2.0, -1.0, 94413.0, 592.0, 99437.0
3.0, 0.0, 2.0, 0.0, 1.0, -1.0, 0.0, 2.0, 1.0, 2.0, 3.0, -1.0, 0.0, 1.0, 3.0, -1.0, 3.0, 1.0, 0.0, 3.0, 3.0, 3.0, 0.0, 0.0, 2.0, 1.0, 0.0, 3.0, 3.0, 1.0, -1.0, 1.0, -1.0, 2.0, 2.0, 3.0, 2.0, 0.0, -1.0, 2.0, 0.0, 1.0, 1.0, 3.0, 1.0, 2.0, -1.0, 2.0, 1.0, -1.0, 94662.0, 574.0, 99437.0
3.0, 3.0, 3.0, 2.0, 0.0, 1.0, -1.0, 1.0, 0.0, 0.0, 3.0, -1.0, 0.0, 2.0, 2.0, -1.0, 0.0, 0.0, 1.0, 1.0, 2.0, 3.0, 1.0, 0.0, -1.0, -1.0, -1.0, 1.0, 0.0, -1.0, 1.0, -1.0, 0.0, 1.0, 2.0, 0.0, 3.0, 2.0, 3.0, 1.0, 3.0, -1.0, 2.0, 0.0, 2.0, -1.0, -1.0, 0.0816354862184, 3.0, 1.10113697713, 94748.0, 532.0, 99487.0
2.0, 2.0, 3.0, 0.0, 1.82984177964, 0.700493276987, 2.0, -1.0, 3.0, 3.0, -1.0, 3.0, 0.0, 2.0, -1.0, 3.0, 3.0, 1.0, -1.0, 2.0, 1.0, 2.0, 0.0, -1.0, -0.387384661401, 1.0, 1.0, -1.0, 3.0, 0.0, -1.0, 3.0, 1.0, 0.0, 1.0, 0.0, 1.0, 0.0, -1.0, 0.0, 2.0, 2.0, 0.0, 0.0, -1.0, -1.0, -1.0, 1.0, 3.0, 0.0, 94973.0, 532.0, 99483.0
1.0, 1.0, 0.0, 0.850152313857, 2.0, 3.0, 3.0, 2.0, 1.0, 0.295467320486, 2.0, 2.0, -1.0, 1.0, 0.771446254192, 0.0, 2.88848306321, 0.0, 1.0, -1.0, 0.0, 3.0, -1.0, 1.07341074699, 2.0, -1.0, 3.0, 0.0, 1.0, 2.0, 3.0, 1.0, 0.0, 0.0, 0.0, 2.0, -0.97387219889, 0.0, 3.0, 2.0, -1.0, 3.0, 2.0, 3.0, 2.0, 2.0, -1.0, 0.0, 2.0, -1.0, 94430.0, 579.0, 99448.0
-1.0, 1.15979816997, -1.0, 2.0, 3.0, 0.0, 2.0, -0.91469754425, -1.0, 3.0, 1.0, 1.0, 3.0, -0.225721278349, 1.0, 0.0, 3.0, 3.0, 3.0, 0.0, -1.0, 3.0, 0.352980638081, -1.0, 0.0, 2.0, 0.0, 0.0, 0.0, -0.511559113188, -1.0, 3.0, -1.0, 2.0, 3.0, 1.0, 0.671756220305, -1.0, 1.0, 2.0, 1.0, 2.0, 0.54833587435, -1.0, 1.0, 3.0, 0.0, -0.559809783059, -1.0, -1.0, 95604.0, 497.0, 99531.0
1.0, 1.0, 0.0, 1.0, 2.0, 3.0, 3.0, 2.0, 1.0, 1.0, 2.0, 2.0, -1.0, 1.0, 3.0, 0.0, 3.0, 0.0, 1.0, -1.0, 0.0, 3.0, -1.0, 1.0, 2.0, -1.0, 3.0, 0.0, 1.0, 2.0, 3.0, 1.0, 0.0, 0.0, 0.0, 2.0, 1.0, 0.0, 3.0, 2.0, -1.0, 3.0, 2.0, 3.0, 2.0, 2.0, -1.0, 0.0, 2.0, -1.0, 94436.0, 592.0, 99437.0
0.0, 0.0, 0.0, 0.0, 1.0, 1.0, 2.0, -1.0, 3.0, 3.0, 1.0, 1.0, 2.0, -1.0, 3.0, 3.0, 2.0, 1.0, -1.0, 1.0, 3.0, 2.0, 3.0, 2.0, 0.0, 2.0, 3.0, -1.0, 0.0, 2.0, -1.0, 3.0, 0.0, 1.0, 2.0, 3.0, 2.0, 3.0, 0.0, -1.0, 0.0, 0.0, 1.0, 1.0, -1.0, 1.0, 0.0, 1.0, 0.0, 2.0, 94466.0, 596.0, 99434.0
-1.0, 1.0, -1.0, 2.0, 3.0, 0.0, 2.0, 0.0, -1.0, 3.0, 1.0, 1.0, 3.0, -0.225721278349, 1.0, 0.0, 3.0, 3.0, 3.0, 0.0, -1.0, 3.0, 0.352980638081, -1.0, 0.0, 2.0, 0.0, 0.0, 0.0, -0.511559113188, -1.0, 3.0, -1.0, 2.0, 3.0, 1.0, 0.671756220305, -1.0, 1.0, 2.0, 1.0, 2.0, 0.54833587435, -1.0, 1.0, 3.0, 2.0, -0.559809783059, -1.0, -1.0, 95531.0, 512.0, 99522.0
3.0, 1.0, 2.0, -1.0, 2.0, 0.0, 2.0, -1.0, 1.0, 1.21230720079, 2.0, 0.0, 0.0, -1.0, 1.0, 3.0, 2.0, -1.0, 1.0, 1.0, -1.0, 3.0, -1.0, 3.0, 2.27629662207, 3.0, 2.0, 0.0, 2.0, 0.0, 1.0, -1.0, -1.0, 1.0, -1.0, 2.0, -1.0, 1.0, 0.0, -1.0, 0.0, 2.0, 1.0, -1.0, 3.0, 2.0, -1.0, -1.0, 0.0, 1.0, 95385.0, 499.0, 99535.0
-1.0, 3.0, -1.0, -1.0, 0.0, 3.0, -1.0, 3.0, 1.0, 3.0, 1.0, -1.0, 0.0, -1.0, -1.0, -1.0, 3.0, 0.0, 1.0, -1.0, 1.0, 1.0, -1.0, 2.0, 3.0, 1.0, 3.0, 0.0, 0.0, -1.0, 3.0, 2.0, -1.0, 2.0, 0.0, -1.0, 0.0, 2.0, 0.0, 0.0, 2.0, -1.0, 3.0, 2.0, 1.0, 2.0, 0.0, 2.0, 1.0, 2.0, 95280.0, 504.0, 99532.0
1.0, 0.0, 3.0, 1.0, -1.0, 0.0, 3.0, -1.0, 2.0, 2.0, -1.0, 3.0, 0.0, 2.0, 0.0, 3.0, 0.0, 3.0, 1.0, 1.0, -1.0, 0.0, 3.0, 2.0, 2.0, 1.0, 3.0, -1.0, 3.0, 0.0, -1.0, -1.0, 2.0, 1.0, -1.0, 1.0, 0.0, 0.0, 2.0, 1.0, 1.0, 0.0, 3.0, 3.0, 2.0, 1.0, 2.0, 0.0, -1.0, -1.0, 94861.0, 546.0, 99473.0
-1.0, 0.0, 1.0, 2.0, 1.0, -1.0, 0.0, 2.0, -1.0, 1.0, 2.0, -1.0, 3.0, -1.0, 0.0, -1.0, 2.0, 2.0, -1.0, 3.0, 1.0, -1.0, 1.0, 0.0, 0.0, 1.0, 0.0, 1.0, 3.0, 2.0, 3.0, 3.0, 0.0, 2.0, -1.0, -1.0, 3.0, 1.0, -1.0, 3.0, 0.0, 0.0, 2.0, 2.0, 1.0, 1.0, 2.0, 1.0, 3.0, 0.0, 94955.0, 543.0, 99479.0
2.0, 3.0, -1.0, 2.0, -1.0, 1.0, -1.0, -1.0, -1.0, 3.0, 2.0, 1.0, 0.0, -1.0, 2.0, 3.0, 1.88945960981, 2.0, 0.675921088048, 0.0, 1.0, -1.0, -1.0, 0.0, 0.0, 3.0, 2.0, 2.0, 1.0, 3.0, 1.0, 0.0, 0.858363809101, -1.0, 0.0, 0.0, -1.0, 2.86152753234, 0.0, 1.0, 2.12137632952, 3.0, 1.0, 0.0, 0.0, 2.54109598404, 1.58300116704, 3.0, 0.0, 1.0, 94769.0, 550.0, 99470.0
0.0, 0.0, 1.0, 2.0, 1.0, -1.0, 2.0, 0.0, -1.0, 2.0, 1.0, 1.0, -1.0, 0.0, 2.0, 2.0, 1.0, 1.0, 1.0, 3.0, 2.0, 2.0, 3.0, -1.0, 0.0, 1.0, -1.0, -1.0, 0.0, -1.0, 3.0, 1.0, 0.0, -1.0, -1.0, 0.0, 0.0, 0.0, 0.0, -1.0, 1.13569886833, 3.0, 1.0, 2.0, 0.0, 2.0, -1.0, -1.0, 3.0, 3.0, 95053.0, 520.0, 99522.0
-0.738585274619, -0.251326513696, -1.0, 1.0, 3.0, 2.0, 2.0, -1.0, 1.0, -1.0, -1.0, 3.0, 1.0, -1.0, 1.0, 1.0, -1.0, -1.0, 2.28182070611, 3.0, 0.492086607673, 0.981132383024, 0.0, 2.0, 0.0, -1.0, 0.0, 0.0, 2.0, 3.0, 2.37452192683, 0.0, -1.0, -1.0, 2.0, 0.0, -1.0, 2.0, 1.0, 2.0, 3.0, 3.0, 3.0, 0.0, 0.0, 0.0, 1.0, 1.0, -1.0, 1.0, 95099.0, 524.0, 99500.0
3.0, 1.0, 0.0, 0.0, 2.0, 1.0, 2.0, 0.0, -1.0, 0.0, 2.0, -1.0, 0.0, -1.0, 1.0, -1.0, 2.0, 3.0, 2.0, 1.0, -1.0, 0.0, -1.0, 3.0, 2.0, -1.0, 1.0, 2.0, 3.0, -1.0, 3.0, 3.0, 2.0, 1.0, 1.0, 1.0, 0.0, 0.0, 2.0, 3.0, 3.0, 1.0, 3.0, 2.0, -1.0, -1.0, 0.0, 3.0, 0.0, 3.0, 95047.0, 555.0, 99464.0
2.0, 1.0, 2.0, -0.0340035871626, 2.0, 3.0, 3.0, -1.0, 1.0, 3.0, 0.0, 0.0, 3.0, 1.0, 3.0, 0.0, 2.0, 0.0, 2.0, 0.0, 3.0, -1.0, 2.13608967057, 1.0, 1.0, 3.0, 3.0, 2.83675003618, 2.0, 1.0, -1.0, -1.0, -1.0, 2.0, 1.0, 1.0, -1.0, 1.0, 3.0, 0.0, 1.05259464745, -1.0, 3.0, -1.0, 0.0, 0.0, 2.0, 1.0, 2.0, 0.0, 94710.0, 574.0, 99444.0
