3.0, 2.0, 0.0, 1.0, 1.0, 3.0, 3.0, 2.0, -1.0, 0.0, -1.0, 2.0, 3.0, 0.0, 0.0, 0.0, 0.0, 1.0, 2.0, 2.0, 1.0, 1.0, -1.0, 2.0, -1.0, -1.0, -1.0, -1.0, -1.0, 1.0, 3.0, 2.0, -1.0, 0.0, 3.0, 1.0, 3.0, 1.0, 2.0, 0.0, -1.0, -1.0, 3.0, 0.0, 1.0, -1.0, 2.0, -1.0, -1.0, 2.0, 95234.0, 493.0, 99515.0
0.0, 0.888573988024, -1.0, -1.0, 3.0, 3.0, 1.0, -1.0, 1.0, 0.0, -1.0, 0.0, 0.0, 3.0, 0.0, 0.0, 2.35216141921, 0.0, -1.0, -1.0, -1.0, 1.0, 1.0, 0.0, 2.0, -1.0, 1.0, 2.3318149305, 1.0, 2.0, 3.0, -1.0, -1.0, 0.296002587573, 2.0, -0.587254632053, 2.0, 2.0, 1.0, 0.0, -1.0, -1.0, 0.0, -1.0, 2.0, -1.0, 1.0, 2.0, 1.0, 3.0, 95097.0, 491.0, 99535.0
3.0, 2.0, 1.28002768343, 1.0, 0.488475570503, -0.291230435273, 0.0, 3.0, -1.0, 0.662277108366, -1.0, 1.0, 3.0, -1.0, 0.0, 0.782661047317, 0.0, 0.0, -0.541897462765, -1.0, 2.0, -1.0, -0.860031526099, 2.0, 3.0, 0.659073692779, -1.0, 0.0, -1.0, 2.0, 2.0, 0.0, -1.0, 0.0, 1.11582924566, 3.0, 2.0, 2.0, 0.0, 2.0, 3.0, 2.0, -1.0, 3.0, 2.781392977, 0.0, 1.0, -1.0, 0.167753421415, 1.0, 94823.0, 515.0, 99493.0
1.0, 2.0, 2.0, -1.0, -1.0, 0.0, 0.0, 0.0, 1.0, 2.0, 0.0, -1.0, 0.0, 3.0, 2.0, 3.0, -1.0, 1.0, 3.0, 3.0, 2.0, 3.0, -1.0, 0.0, -1.0, 2.0, -0.567803172178, -1.0, -1.0, -1.0, -1.0, 3.0, 1.79481119998, 0.0, 1.0, 1.0, -0.605933631154, 3.0, -1.0, 2.0, 0.0, 3.0, 2.51215691153, -1.0, 2.0, 2.0, -0.261149556427, -1.0, 2.0, -1.0, 95960.0, 474.0, 99556.0
0.0, 2.0, 1.0, 1.0, 2.0, 1.0, -1.0, 2.0, -1.0, 0.0, -1.0, 2.0, 0.0, -1.0, 2.0, 1.0, 2.0, 3.0, 2.0, 1.0, 0.0, -1.0, 2.0, 2.0, 1.0, -1.0, 1.0, 1.0, 2.0, 2.0, 0.0, 1.0, -1.0, 0.0, 0.0, -1.0, -1.0, 0.0, 3.0, 0.0, 3.0, 1.0, 1.0, 0.0, 3.0, 0.0, -1.0, 3.0, 3.0, -1.0, 94709.0, 526.0, 99469.0
0.0, 2.0, 1.0, 1.0, 2.0, 1.0, -1.0, 2.35704988615, -1.0, 0.0, -1.0, 2.0, 0.0, -1.0, 2.0, 1.0, 2.0, 3.0, 2.0, 1.0, 0.0, -1.0, 2.0, 2.0, 1.0, -1.0, 1.0, 1.0, 2.0, 2.0, 0.0, 1.0, -1.0, 0.0, 0.0, -1.0, -1.0, 0.0, 3.0, 0.0, 3.0, 1.0, 1.0, 0.0, 3.0, 0.0, -1.0, 3.0, 3.0, -1.0, 94709.0, 526.0, 99469.0
1.0, 2.0, 0.968359825371, -1.0, 0.634048792171, 0.465438233861, -1.0, -1.0, 2.0, 2.0, -1.0, 0.0, 0.0, -1.0, 2.0, 3.0, -1.0, 1.0362910014, -0.525875525425, -1.0, 1.0, -1.0, -1.0, -1.0, 3.0, 0.0, 0.0, -1.0, 1.8382561921, 1.0, 2.13394326094, 2.0, 0.0, 1.0, 1.0, 2.0, 0.0, 3.0, 3.0, -1.0, 1.0, 0.0, 3.0, 1.64028313938, 3.0, 0.0, 1.0, -1.0, 3.0, -1.0, 95541.0, 479.0, 99534.0
0.0, 0.0, 3.0, 2.0, 0.0, 1.0, 1.0, -1.0, -0.74448790442, 2.0, -1.0, 1.0, 2.0, 2.23554218206, 0.0, 2.0, 0.0, -1.0, 1.0, 0.108190816481, 2.0, 1.0, -1.0, 0.0, 2.0, 0.576412515842, -1.0, 2.0, 3.0, 3.0, 2.0, 3.0, 0.0, 0.0, 2.0, -1.0, 0.0, 0.0, -1.0, 3.0, 3.0, 2.0, 1.0, -1.0, 3.0, 1.0, 1.0, 3.0, 1.0, 3.0, 94568.0, 570.0, 99440.0
-1.0, 1.08648977386, 1.0, -0.0569892222372, 2.0, 3.0, 1.0, -1.0, 0.932375573477, 2.0, 3.0, 1.0, -0.657024315428, -1.0, -1.0, -1.0, -0.462766812576, -1.0, 1.0, 2.23966843008, 0.0, 2.0, -1.0, 3.0, -1.0, 0.0, 0.0, 1.0, -1.0, 2.0, 0.0, 2.0, -1.0, 0.0, -0.64534944166, 2.0, 0.0, 2.0, 1.0, -1.0, 0.0676438733653, 3.0, 1.58338078517, 0.0, -1.0, 2.06211688032, -1.0, 1.0, 2.0, 1.0, 95419.0, 486.0, 99549.0
1.0, -0.88819824502, 2.0, -1.0, -1.0, 0.0, 0.0, 0.0, 1.0, 2.0, 0.0, -1.0, 0.0, 3.0, 2.0, 3.0, -1.0, 1.0, 3.0, 3.0, 2.0, 3.0, -1.0, 0.0, -1.0, 2.0, -0.567803172178, -1.0, 1.29521415587, -1.0, -1.0, 3.0, 1.79481119998, 0.0, 1.0, 1.0, -0.605933631154, 3.0, -1.0, 2.0, 0.0, 3.0, 2.51215691153, -1.0, 2.0, 2.0, -0.261149556427, -1.0, 2.0, -1.0, 95867.0, 475.0, 99549.0
-1.0, 1.08648977386, 1.0, -0.0569892222372, 2.0, 3.0, 1.0, -1.0, 0.932375573477, 2.0, 3.0, 1.0, -0.657024315428, -1.0, -1.0, -1.0, -0.462766812576, -1.0, 1.0, 2.23966843008, 0.0, 2.0, -1.0, -1.0, -0.833969996757, 0.0, 0.0, 1.0, -1.0, 2.12817354005, 0.0, 2.0, -1.0, 0.0, -0.64534944166, 2.0, 0.0, 2.0, 1.0, -1.0, 0.0676438733653, 3.0, 1.58338078517, 0.0, -1.0, 2.51429730927, -1.0, 1.0, 2.0, 1.0, 95555.0, 471.0, 99565.0
2.0, 1.0, 3.0, -1.0, 1.0, 1.0, 2.0, 3.0, 2.0, 1.0, -1.0, -0.249031077833, 2.98015466343, 0.0, -0.201042609127, -1.0, 1.67533416149, 2.0, -1.0, -0.947846969195, 1.0, -1.0, 2.0, 0.0, -0.930689958543, -1.0, 0.0, 1.0, 0.261277843122, 1.0, 1.0, 0.0, 2.0, -1.0, 2.0, 3.0, 3.0, -1.0, 1.0, -1.0, 2.0, 2.00181158896, -0.638727234155, 2.0, -1.0, -1.0, -0.628323655475, 1.0, 3.0, 0.0, 95478.0, 482.0, 99542.0
3.0, 1.92031645236, 2.92234012063, -1.0, 1.3658555153, 0.0, 1.73178248351, -1.0, 1.0, 0.0, 2.49306931342, 0.0, -0.172674714836, -1.0, 1.0, 2.71635754953, 2.18225122486, -1.0, 1.0, 2.0, -1.0, 3.0, -1.0, 3.0, 2.0, 3.0, 2.0, -1.0, 2.0, 0.0, 1.0, -0.822330553726, -1.0, 1.00084980846, -1.0, 2.0, -1.0, -0.0284937125434, -0.532717232958, -1.0, 0.412756738645, 2.0, 1.0, -1.0, 2.51516515295, 2.41213031225, -1.0, -1.0, 0.425348339881, 0.0, 95777.0, 474.0, 99560.0
0.0, 0.888573988024, -0.388188276447, -1.0, 3.0, 3.0, 1.0, -1.0, 1.0, 0.0, -1.0, 0.0, 0.0, 3.0, 0.0, -0.0647325461991, 2.35216141921, 0.0, -1.0, -1.0, -1.0, 1.0, 1.0, 0.0, 2.0, -1.0, 1.37534603667, 2.3318149305, 1.0, 2.0, 3.0, -1.0, -1.0, 0.296002587573, 2.0, -0.587254632053, 2.0, 2.0, 1.0, 0.0, -1.0, -1.0, 0.0, -1.0, 2.0, -1.0, 1.0, 2.0, 1.0, 3.0, 94913.0, 504.0, 99524.0
1.0, 2.0, 0.0, -1.0, 1.0, 2.0, -1.0, -1.0, 2.0, 2.0, -1.0, 0.0, 0.0, -1.0, 2.0, 3.0, -1.0, 1.0, 1.0, -1.0, 1.0, -1.0, -1.0, -1.0, 3.0, 0.0, 0.0, -1.0, 3.0, 1.0, 0.0, 2.0, 0.0, 1.0, 1.0, 2.0, 0.0, 3.0, 3.0, -1.0, 1.0, 0.0, 3.0, 3.0, 3.0, 0.0, 1.0, -1.0, 3.0, -1.0, 95479.0, 492.0, 99520.0
2.0, 1.0, 3.0, -1.0, 1.0, 1.0, 2.0, 3.0, 2.0, 1.0, -1.0, 0.0, 0.0, 0.0, -0.201042609127, -1.0, 1.67533416149, 2.0, -1.0, -1.0, 1.0, -1.0, 2.0, 0.0, -0.930689958543, -1.0, 0.0, 1.0, 0.261277843122, 1.0, 1.0, 0.0, 2.0, -1.0, 2.0, 3.0, 3.0, -1.0, 1.0, -1.0, 2.0, 2.00181158896, 1.0, 2.0, -1.0, -1.0, -0.628323655475, 1.0, 3.0, 0.0, 95195.0, 493.0, 99528.0
2.27869707341, 2.0, 0.468314459248, -1.0, 2.33370872633, 1.0, -1.0, 2.0, 1.0, 0.0, 3.0, 1.19766352341, 0.376986127512, 1.0, 3.0, -1.0, -1.0, 0.0, 0.0, 2.0, -1.0, 3.0, -1.0, 0.0, -1.0, 1.0, 2.0, 3.0, 3.0, -0.0697289941209, -0.736827770167, 2.45318042876, 0.0, 2.0, 0.0, 3.0, -0.9134270185, 0.0, -1.0, 2.0, 2.39961030646, 3.0, 1.0, 2.0, 0.0, 3.0, -1.0, 3.0, 0.0, 1.21631531157, 94724.0, 541.0, 99465.0
2.0, 1.0, 2.0, 0.0, 0.798869813212, 3.0, 3.0, -1.0, 1.0, 3.0, 0.0, 0.0, 3.0, 1.0, 3.0, 0.0, 2.0, 0.0, 2.0, 0.0, 3.0, -1.0, 2.0, 1.0, 1.0, 3.0, 3.0, 3.0, 2.0, 1.0, -1.0, -1.0, 1.0, 2.0, 0.0, 1.9187700733, -1.0, 1.0, 3.0, 0.0, 1.0, -1.0, 3.0, -1.0, 0.0, 0.0, 2.0, 1.0, 2.33032658826, 0.0, 94490.0, 588.0, 99431.0
-1.0, 2.0, 1.0, 1.0, 2.34981181454, 1.0, -1.0, 2.0, 2.6637476849, 0.0, -1.0, 2.0, 0.0, -1.0, 1.23267481817, 1.0, 2.7785105648, 0.304287291719, 2.0, 2.99746894033, 0.0, -1.0, 2.0, 2.0, 1.54226056976, -1.0, -0.480710792094, 1.2361259242, 2.0, 1.93561904052, 0.0, 1.0, -1.0, 0.0, -0.709766131875, 0.282724637591, -1.0, 0.0, 3.0, 0.0, 2.09646735476, 1.0, 1.0, 0.0, 3.0, 0.0, 0.718704400171, 3.0, 3.0, -1.0, 94668.0, 545.0, 99463.0
-1.0, 2.0, 1.0, 1.0, 2.34981181454, 1.0, -1.0, 2.0, 2.6637476849, 0.0, -1.0, 2.0, 0.0, -1.0, 1.23267481817, 1.0, 2.7785105648, 0.304287291719, 2.0, 2.99746894033, 0.0, -1.0, 2.0, 2.0, 1.54226056976, -1.0, 0.192208460502, 1.2361259242, 2.0, 1.93561904052, 0.0, 1.0, -1.0, 0.0, -0.848419365857, 0.282724637591, -1.0, 0.0, 3.0, 0.0, 2.09646735476, 1.0, 1.0, 0.0, 3.0, 0.0, 0.718704400171, 3.0, 3.0, -1.0, 94668.0, 545.0, 99463.0
1.0, 2.0, 0.0, -1.0, -1.0, 0.0, 0.0, 0.0, 1.0, 2.0, 0.0, -1.0, 1.82829878367, 3.0, 2.0, 3.0, -1.0, 1.0, 3.0, 3.0, -0.265017251563, 3.0, -1.0, 0.0, -1.0, 2.94231571389, -0.567803172178, -1.0, -1.0, -1.0, -1.0, 3.0, 1.79481119998, 0.0, 1.0, 1.0, -0.605933631154, 3.0, -1.0, 2.0, 0.0, 2.0, 2.51215691153, -1.0, 2.0, 2.0, 1.98655122784, -1.0, 2.0, -1.0, 95975.0, 474.0, 99556.0
1.0, 2.0, 0.968359825371, -1.0, 2.13065133308, 0.465438233861, -1.0, -1.0, 2.0, 2.0, -1.0, 0.0, 0.0, -1.0, 2.0, 3.0, -1.0, 1.0362910014, -0.525875525425, -1.0, 1.0, -1.0, -1.0, -1.0, 3.0, 0.0, 0.0, -1.0, 1.8382561921, 1.0, 2.13394326094, 2.0, 0.0, 1.0, 1.0, 2.0, 0.0, 3.0, 3.0, -1.0, 1.0, 0.0, 3.0, 1.64028313938, 3.0, 0.0, 1.0, -1.0, 3.0, -1.0, 95598.0, 479.0, 99534.0
0.0, 1.0, -1.0, -1.0, 3.0, 3.0, 1.0, -1.0, 1.0, 0.0, -1.0, 0.0, 0.0, 3.0, 0.0, 0.0, 2.0, 0.0, -1.0, -1.0, -1.0, 1.0, 1.0, 0.0, 2.0, -1.0, 1.0, 2.0, 1.0, 2.0, 3.0, -1.0, -1.0, -1.0, 2.0, 1.0, 2.0, 2.0, 1.0, 0.0, -1.0, -1.0, 0.0, -1.0, 2.0, -1.0, 1.0, 2.0, 1.0, 3.0, 95248.0, 487.0, 99542.0
3.0, 0.357962105629, 2.85170023398, -1.0, 1.3658555153, 0.0, 2.0, -1.0, 1.0, 0.0, 2.49306931342, 0.0, -0.172674714836, -1.0, 1.0, 3.0, 2.0, -1.0, 1.0, 1.0, -1.0, 3.0, -1.0, 3.0, 2.0, 3.0, 2.0, -0.543442881437, 2.0, 0.0, 1.0, -0.822330553726, -1.0, 1.00084980846, -1.0, 2.0, -1.0, 1.0, 0.0, -1.0, 0.412756738645, 2.0, 1.0, -1.0, 2.51516515295, 2.41213031225, -1.0, -1.0, -0.258162073081, 0.0, 95512.0, 485.0, 99548.0
0.0, 0.0, 3.0, 2.0, 0.0, 1.0, 1.0, -1.0, 1.0, 2.0, -1.0, 1.0, 2.0, 2.0, 0.0, 2.0, 0.0, -1.0, 1.0, 1.0, 2.0, 1.0, -1.0, 0.0, 2.0, 0.0, -1.0, 2.0, 3.0, 3.0, 2.0, 3.0, 0.0, 0.0, 2.0, -1.0, 0.0, 0.0, -1.0, 3.0, 3.0, 2.0, 1.0, -1.0, 3.0, 1.0, 1.0, 3.0, 1.0, 3.0, 94491.0, 585.0, 99432.0
3.0, 1.0, 1.0, 1.0, 1.0, 3.0, 0.0, 3.0, -1.0, 1.0, -1.0, 1.0, 3.0, -1.0, 0.0, 1.0, 0.0, 0.0, 0.0, -1.0, 2.0, -1.0, 2.0, 2.0, 3.0, 0.0, -1.0, 0.0, -1.0, 2.0, 2.0, 0.0, -1.0, 0.0, 1.0, 3.0, 2.0, 2.0, 0.0, 2.0, 3.0, 2.0, -1.0, 3.0, 1.0, 0.0, 1.0, -1.0, 2.0, 1.0, 94650.0, 543.0, 99473.0
2.0, 2.0, 0.0, 0.0, 1.0, -1.0, 2.0, -1.0, 3.0, 3.0, -1.0, 3.0, 0.0, 2.0, -1.0, 3.0, 3.0, 1.0, -1.0, 2.0, 1.0, 2.0, 0.0, -1.0, 0.0, 1.0, 1.0, -1.0, 2.12929142832, 0.0, -1.0, 3.0, 1.0, 0.0, 1.0, 0.773124463316, 1.0, 2.20401938402, -1.0, 0.0, 2.0, 2.0, 0.0, 0.0, -1.0, -1.0, -1.0, 1.0, 3.0, 0.0, 94993.0, 518.0, 99493.0
3.0, 2.0, 0.911603391585, 1.60584470059, 1.0, 3.0, 3.0, 2.0, -1.0, 0.214347240641, -1.0, -0.278422240288, 3.0, 0.0, 0.0, 0.0, 0.0, 1.0, 2.0, 2.0, 1.0, 1.0, -1.0, 2.0, -1.0, -1.0, -1.0, -1.0, -1.0, 1.0, 3.0, 2.0, -1.0, 0.0, 3.0, 1.0, 3.0, 1.0, 2.0, 0.9004776232, -1.0, -1.0, 3.0, 0.0, 1.0, -1.0, 2.48120828324, -1.0, -1.0, 2.0, 95253.0, 493.0, 99515.0
3.0, -1.0, 0.0, 2.0, 0.0, -1.0, -1.0, 1.0, -1.0, 2.0, -1.0, 0.0, 3.0, 0.0, 1.0, -1.0, -1.0, 0.0, 2.0, 3.0, 3.0, 0.0, 2.0, 2.0, -1.0, 0.0, 1.0, 0.0, 1.0, 1.0, 1.0, 1.0, -1.0, 2.0, 2.0, 0.0, 1.0, -1.0, 1.0, 3.0, 0.0, 2.0, 2.0, -1.0, 2.0, 3.0, 2.0, 3.0, 1.0, -1.0, 94979.0, 525.0, 99488.0
0.0, 0.0, 2.0, 2.0, 0.0, 2.0, 2.1569650449, 1.79877110751, 2.38358230439, -1.0, -1.0, 1.67690282135, -0.147527496824, 0.0, 3.0, 1.0, 0.765930754927, 1.0, 2.56478397936, -0.737010207535, 2.08083588343, -1.0, 1.12623171936, 3.0, -1.0, -1.0, 0.0, 3.0, 0.219483353118, 0.0, 1.0, -0.0507902112311, -1.0, 1.0, 1.0, 1.0, 3.0, 1.0, -1.0, 2.0, 1.0, 0.0, 2.0, 0.7021932605, 3.0, 2.80862772343, 2.0, 0.0, 3.0, -1.0, 94587.0, 566.0, 99444.0
