3.51562065911, 1.01594237413, 1.36974836341, 0.825799701002, 2.83000042663, 1.18681680241, 5.33961310031, 1.26000068697, 1.14000065625, 3.29851902519, 2.32915790942, 0.992680841368, 3.04000058262, 1.02927668573, 1.04748567721, 1.00000078032, 1.00000009237, 1.03895525824, 7.71801170468, 0.988373395838, 1.00000035417, 114.00417552, 0.886637491701, 5.68069983855, 0.963724745168, 3.29000052392, 1.00000029995, 19.3109389956, 7.5473073373
2.06332810802, 1.10221700331, 1.47828621113, 0.850891757021, 2.83000027199, 0.988586639093, 5.64279317579, 1.2600001198, 1.14000088959, 1.82608734908, 2.29565308598, 0.941465116152, 3.04000047199, 1.02949033152, 0.877541395167, 1.00000080882, 1.00000091989, 1.06650008199, 5.03053588454, 0.963788144239, 1.0000006555, 79.7391023103, 0.93742071656, 4.18507243514, 0.982281487336, 3.29000095257, 1.00000021921, 29.4413928781, 7.64272536636
1.76070989924, 1.08096853899, 1.57305416817, 0.979435381514, 2.83000031031, 1.02539673544, 3.60824976954, 1.26000079238, 1.14000033694, 3.35802766083, 2.7301899173, 1.07078245952, 3.04000082135, 1.02742487903, 0.847095114828, 1.00000040795, 1.00000037992, 1.08629791221, 6.78084707939, 0.95353266699, 1.00000099806, 96.1315832509, 1.00002622851, 3.32537677004, 1.06862114852, 3.29000058804, 1.00000075914, 28.7657400118, 13.8938540493
3.01318396214, 1.0230104472, 1.34555713011, 0.857845510433, 2.83000015253, 1.05263957316, 5.37145404672, 1.2600003095, 1.140000667, 1.41291992766, 2.87273580388, 1.09305615289, 3.04000052344, 1.11546946981, 0.904212548682, 1.00000061562, 1.00000064036, 1.07976283833, 4.07139959588, 0.987312588011, 1.00000011043, 106.20615948, 1.04170362991, 3.964456468, 1.02145261952, 3.29000085722, 1.00000014913, 39.3053327009, 11.514819056
4.42810447333, 1.06074819602, 1.3896726153, 0.830385609628, 2.8300003642, 1.02253482247, 1.73078470816, 1.2600007001, 1.14000015208, 2.80807969894, 1.93891530108, 0.951704199956, 3.04000001322, 1.11005270964, 0.78141578783, 1.00000064858, 1.00000013015, 1.08752343951, 3.175234828, 0.979247541419, 1.00000060954, 87.0816216467, 0.905024932991, 4.20218969511, 1.01855586623, 3.29000086856, 1.00000029397, 46.5881977779, 8.63584454857
5.213070583, 1.13829291045, 1.41781613294, 0.913657558026, 2.83000091966, 0.989544870845, 2.95915063518, 1.26000015044, 1.14000008166, 1.38225442505, 2.79868348249, 0.940503964684, 3.04000080385, 1.10566215194, 1.07875699915, 1.00000079946, 1.00000018934, 1.03780641427, 8.21430926964, 0.952050836801, 1.00000087158, 84.9457044533, 0.958570998368, 3.79584233264, 1.05559994271, 3.29000047895, 1.00000034001, 69.7075696421, 18.158517766
3.51562065911, 1.01594237413, 1.36974836341, 0.825799701002, 2.83000042663, 1.18681680241, 5.33961310031, 1.26000068697, 1.14000065625, 3.29851902519, 2.32915790942, 0.992680841368, 3.04000070162, 1.02927668573, 1.04748567721, 1.00000078032, 1.00000009237, 1.03895525824, 7.71801170468, 0.988373395838, 1.00000035417, 114.00417552, 0.886637491701, 5.68069983855, 0.963724745168, 3.29000052392, 1.00000007538, 83.8475513666, 12.252071135
1.93203350386, 1.08640368482, 1.51323819669, 0.887253474265, 2.83000034762, 0.862797595722, 2.3341353732, 1.26000061315, 1.14000032094, 1.54807639069, 2.76984469344, 0.935567918664, 3.04000037034, 1.04840633265, 1.07232400828, 1.00000034882, 1.00000024131, 1.07333004525, 6.13168660004, 0.986470394923, 1.00000088901, 93.2877668825, 0.95042103197, 1.77334366969, 1.02639073924, 3.29000017532, 1.0000003173, 147.554211958, 11.9556123077
5.03562690791, 1.02243824796, 1.39847004893, 0.95849829442, 2.83000014918, 0.968700926933, 2.47950064702, 1.26000051317, 1.14000031414, 2.60012023972, 2.36785411245, 1.02200124127, 3.04000095857, 1.03378442267, 1.00087320408, 1.00000025746, 1.00000011871, 1.0140980142, 9.9809326412, 0.95142847404, 1.00000041236, 82.1536611886, 0.855871344003, 2.21265783236, 0.951071480861, 3.29000034405, 1.00000093071, 69.4575699263, 19.6566149142
3.42393868603, 1.09400189895, 1.41571732134, 0.919567973985, 2.83000050714, 1.17650274234, 3.62814155682, 1.26000090233, 1.14000053204, 2.50821538711, 2.70041515275, 0.892032316948, 3.04000098587, 1.06381263109, 0.85932429109, 1.0000000454, 1.0000001122, 1.03125195744, 6.78910650702, 0.9845203565, 1.00000045663, 117.495880233, 1.020771632, 1.16322051058, 0.978353044728, 3.2900001154, 1.00000024287, 72.8749618554, 18.7685155603
4.12990270346, 1.10536667372, 1.59687530738, 0.830385609628, 2.83000001721, 1.00590324312, 3.74139923689, 1.26000022711, 1.14000094447, 2.99926425332, 2.67257036594, 0.976564259135, 3.04000065496, 1.04174213523, 1.01384293037, 1.00000000913, 1.00000025438, 1.01075443478, 7.16295480098, 0.963183082551, 1.00000081023, 103.514921732, 1.08189094387, 4.70430421186, 0.981746965135, 3.29000042595, 1.00000025537, 92.5546867621, 12.2565272683
5.03562690791, 1.0214486883, 1.39847004893, 0.95849829442, 2.83000014918, 0.968700926933, 2.47950064702, 1.26000051317, 1.14000031414, 2.15715374533, 2.36785411245, 1.02200124127, 3.04000095857, 1.01661570767, 1.00087320408, 1.00000025746, 1.00000011871, 1.0140980142, 4.59336493059, 0.95142847404, 1.00000041236, 82.1536611886, 0.855871344003, 2.21265783236, 0.951071480861, 3.29000034405, 1.00000093071, 203.634745563, 12.4133148658
5.90630168123, 1.03976627828, 1.57873201896, 0.91038137737, 2.83000095995, 1.13206731433, 2.05246072429, 1.26000090951, 1.14000054423, 2.30607332783, 2.63434428131, 1.07274691306, 3.04000015603, 1.04225964065, 0.958547476293, 1.00000082822, 1.00000066294, 1.02875802363, 3.66809479718, 0.962357301775, 1.00000032236, 121.178499875, 0.90867913807, 3.67513088591, 0.99021409959, 3.29000007823, 1.00000022177, 94.5357813532, 21.2894785574
5.03562690791, 1.02243824796, 1.39847004893, 0.95849829442, 2.83000014918, 0.968700926933, 2.47950064702, 1.26000051317, 1.14000031414, 2.15715374533, 2.36785411245, 1.02200124127, 3.04000095857, 1.03378442267, 1.00087320408, 1.00000025746, 1.00000011871, 1.0140980142, 9.75403482812, 0.95142847404, 1.00000041236, 82.1536611886, 0.855871344003, 2.21265783236, 0.951071480861, 3.29000034405, 1.00000093071, 126.384101763, 13.2730963605
3.44509932424, 1.0214486883, 1.53478658556, 0.85439143688, 2.83000081664, 0.882322174922, 4.57194143903, 1.2600000099, 1.14000042873, 1.60064672547, 1.95618967157, 1.04904383291, 3.0400006163, 1.069138237, 0.819400205731, 1.00000009757, 1.00000090381, 1.09455253479, 4.59336493059, 0.958128476098, 1.00000015737, 98.1603400667, 1.02368937949, 3.24499041569, 0.957482184723, 3.29000060319, 1.00000019623, 134.395549495, 13.5904525534
4.0593919249, 1.07600145962, 1.37839541952, 0.857594502949, 2.83000060987, 0.867615091295, 5.31267300837, 1.26000042855, 1.14000039269, 3.61653791934, 2.08288368296, 1.05664883726, 3.04000079364, 1.02484640613, 0.966568057554, 1.00000084556, 1.00000077559, 1.03719609317, 4.745757892, 0.940009046827, 1.00000083738, 101.288216505, 0.853172654927, 3.49923690748, 0.998501823703, 3.29000078908, 1.00000016618, 142.106231182, 23.4619452142
4.83832825403, 1.03663724168, 1.4477152001, 0.822188495618, 2.83000072528, 0.915729571901, 1.26114245609, 1.26000082693, 1.14000079743, 3.58636323746, 2.32869176626, 0.927230324515, 3.04000016671, 1.00848155655, 0.972047250821, 1.0000006546, 1.00000006237, 1.07071565757, 5.31630175361, 0.973354721962, 1.00000033107, 79.4385796682, 0.967655153171, 2.76633212599, 0.999851332064, 3.29000095195, 1.00000006678, 163.270906902, 14.8784886719
2.04961381904, 1.09383789142, 1.71561946417, 0.966692837671, 2.83000025283, 1.0713930663, 1.31924995056, 1.26000095505, 1.14000020144, 2.16855090896, 2.02716093005, 0.947665322296, 3.0400000297, 1.06059032469, 0.990707907023, 1.00000004707, 1.00000003993, 1.05366152229, 3.10087772889, 0.920498574731, 1.00000022662, 110.690066755, 1.05453823274, 3.48734715939, 0.967084910907, 3.29000029287, 1.00000014897, 327.716624066, 14.7906867936
5.16623514864, 1.01615144514, 1.3859645896, 0.874920223097, 2.83000058285, 0.910353881094, 2.1824033322, 1.26000051283, 1.14000083532, 3.10821406695, 2.03256607826, 0.95542591627, 3.04000080911, 1.05407030121, 0.996268678132, 1.00000029821, 1.00000077559, 1.07957263106, 9.53932748913, 0.96792920875, 1.00000041758, 85.0248761185, 0.873067778151, 2.01064935307, 1.01412973282, 3.29000000562, 1.00000093018, 166.821761082, 17.2430729296
1.02423596977, 1.08377726065, 1.69772800675, 0.808006364502, 2.83000091321, 0.876681987255, 1.02984142022, 1.26000064794, 1.14000089681, 2.58748678798, 1.77274108018, 0.958481815854, 3.04000096978, 1.0327511471, 0.802973948511, 1.00000011323, 1.00000004301, 1.03244835864, 7.35247341438, 0.995735410785, 1.00000043609, 78.5563558118, 0.848669103919, 1.11428263147, 0.970546807469, 3.29000053533, 1.00000019589, 426.851228368, 16.3984753462
2.9403978193, 1.09349852391, 1.69589502248, 0.992253967682, 2.83000059549, 0.98641177471, 5.58399681255, 1.26000018189, 1.14000028967, 2.95856784852, 3.01065632964, 0.987553469273, 3.04000009886, 1.05600412351, 1.08932157314, 1.00000007983, 1.00000097781, 1.0514017103, 7.36463423797, 0.984254806956, 1.0000008445, 111.623105254, 0.917025149848, 2.4669845061, 1.06524842122, 3.29000038653, 1.00000021864, 409.713755157, 17.0544181694
4.88940651645, 1.02275818741, 1.34561387354, 0.868925524585, 2.83000029324, 0.883034292227, 1.60032179774, 1.26000021369, 1.14000003999, 1.71830983572, 1.85566913228, 1.0984956965, 3.04000015373, 1.05155843571, 1.05232034923, 1.00000089996, 1.00000065985, 1.10592385011, 4.62605525402, 0.956933953893, 1.000000735, 86.4397161685, 1.0300750413, 3.28176271158, 1.05525180451, 3.29000025461, 1.00000091673, 391.165873869, 18.6901408982
4.42810447333, 1.06074819602, 1.35156301019, 0.8244585312, 2.83000090555, 1.02253482247, 1.73078470816, 1.2600007001, 1.14000015208, 2.43728561952, 1.93891530108, 0.919897485459, 3.04000015696, 1.09946766074, 0.78141578783, 1.00000064858, 1.00000013015, 1.06161950996, 3.175234828, 0.979247541419, 1.00000060954, 87.0816216467, 0.905024932991, 4.20218969511, 1.04735439282, 3.29000086856, 1.00000054169, 186.878591298, 24.3159943398
1.35838340012, 1.10600896593, 1.5499823622, 0.833517453354, 2.8300004891, 1.03425838127, 4.58837346109, 1.26000046045, 1.1400004405, 1.68203244009, 1.62841105819, 1.04200747267, 3.04000033727, 1.05593840943, 0.804501702703, 1.00000064913, 1.00000081011, 1.03699045394, 7.78643863496, 0.997032755453, 1.00000036501, 77.446451831, 0.896667047823, 3.70527432833, 1.03276987132, 3.29000038647, 1.00000081771, 195.602449439, 18.8164646173
1.02423596977, 1.08377726065, 1.69772800675, 0.808006364502, 2.83000091321, 0.911274327737, 1.02984142022, 1.26000064794, 1.14000089681, 2.58748678798, 1.77274108018, 0.958481815854, 3.04000096978, 1.0327511471, 0.802973948511, 1.00000011323, 1.00000004301, 1.03244835864, 7.35247341438, 0.995735410785, 1.00000043609, 78.5563558118, 0.848669103919, 2.72720552307, 0.970546807469, 3.29000053533, 1.00000019589, 449.502994141, 16.5747056881
5.13074743844, 1.11656024688, 1.34263099953, 0.973689775534, 2.83000076406, 1.09318971994, 4.92194486416, 1.26000028468, 1.14000077394, 1.91213631951, 1.72446613022, 1.09926097341, 3.04000082641, 1.0656836232, 0.875821218862, 1.00000022087, 1.00000002411, 1.02983651506, 8.30612944478, 0.960856578633, 1.00000016014, 122.386019916, 0.929141673454, 5.53026109005, 0.955331250029, 3.29000026043, 1.00000016452, 207.834018488, 26.0770556777
1.82912645636, 1.09383789142, 1.37733555722, 0.966692837671, 2.83000009981, 1.0713930663, 1.31924995056, 1.26000095505, 1.14000020144, 2.16855090896, 2.53996780527, 0.947665322296, 3.04000026087, 1.06059032469, 0.990707907023, 1.00000009306, 1.00000003993, 1.05366152229, 3.10087772889, 0.920498574731, 1.00000022662, 119.630696856, 0.978662006393, 3.48734715939, 0.967084910907, 3.29000029287, 1.00000014897, 214.301571426, 19.4188806257
4.8409161573, 1.03527157257, 1.38001518681, 0.924904630906, 2.83000056089, 1.17863982578, 3.01560756161, 1.26000090532, 1.1400009857, 2.98262968078, 2.70392371555, 0.880415836859, 3.04000060493, 1.09057716784, 0.947851570706, 1.00000097376, 1.00000069385, 1.10493106293, 7.01504181927, 0.96475074795, 1.00000040651, 117.460827948, 0.904018305333, 1.52676060711, 0.973025994041, 3.29000067373, 1.00000009404, 401.976753682, 19.0271691259
4.04915726448, 1.00434011913, 1.73501373639, 0.972380421587, 2.83000091321, 0.938675817922, 3.01285068759, 1.26000007736, 1.14000047877, 2.09862499831, 1.69743814972, 0.961471117841, 3.04000096978, 1.11526214656, 0.819619905537, 1.00000094731, 1.00000098258, 1.10586392965, 9.8811240136, 0.972056945862, 1.00000021405, 78.5563558118, 0.880932366424, 1.92414063446, 1.00943955059, 3.29000079318, 1.00000074235, 234.911817148, 19.4097974561
2.25929285843, 1.06366004299, 1.59115944929, 0.817668515159, 2.83000022455, 1.1273785042, 1.84139240106, 1.26000096024, 1.14000091677, 1.7874702376, 2.76275947896, 0.950553265454, 3.04000097342, 1.05281178561, 0.796987292988, 1.00000080412, 1.00000008913, 1.0252269523, 9.77321633093, 0.917572041762, 1.00000066137, 117.945252101, 0.928263019812, 1.03434717523, 0.974098392598, 3.29000089033, 1.00000016642, 517.984959531, 17.8144932731
5.22324884989, 1.04862332968, 1.40726800964, 0.809494158965, 2.83000088207, 1.15631878484, 3.8145577503, 1.26000049638, 1.1400008939, 1.31489324011, 1.74234524764, 1.02557094287, 3.04000030002, 1.06710052089, 0.894722133614, 1.00000098261, 1.00000048059, 1.00794987534, 9.16768117027, 0.928345834727, 1.00000070122, 76.3242282693, 0.883217611544, 3.50525217686, 0.954241525494, 3.29000004077, 1.00000087051, 464.653844295, 18.5549877012
3.47043372645, 1.03606863463, 1.39721595277, 0.891433726606, 2.83000063043, 0.976007600967, 5.0731528376, 1.26000090283, 1.14000010086, 2.25900193052, 1.77515442149, 0.924083851315, 3.04000024454, 1.04651664025, 0.857453244726, 1.0000002548, 1.00000059176, 1.08586929164, 6.13554949942, 0.910808633393, 1.00000062278, 107.878206838, 0.92600845932, 4.77354074884, 0.996358531809, 3.29000028836, 1.00000047525, 552.750378156, 17.3104382512
2.08241242379, 1.05358450959, 1.57158462792, 0.821121466652, 2.83000050667, 1.06286676447, 2.20057786531, 1.26000091929, 1.14000034476, 2.4612497403, 2.46343549309, 0.897019916738, 3.04000001211, 1.0398216303, 1.01192998095, 1.0000004276, 1.00000068162, 1.09053839673, 8.05153769926, 0.97252504796, 1.00000025232, 92.3255049928, 1.02919800025, 1.52060895472, 1.04765038837, 3.29000018809, 1.00000018022, 447.157777298, 19.1601043047
3.10900076828, 1.01401986909, 1.60538761859, 0.968127010879, 2.83000005483, 0.982440896448, 5.19138773364, 1.26000001021, 1.1400009521, 1.93304615097, 2.80985295161, 0.898916048387, 3.04000029151, 1.02715269355, 0.850488165789, 1.00000023291, 1.00000088664, 1.10300493588, 3.29392785618, 0.933668484872, 1.00000030211, 94.4240811951, 1.04606437831, 4.06632499102, 1.04927254655, 3.29000022312, 1.00000030151, 242.771475413, 19.5896308353
3.75916182412, 1.08814470519, 1.71671383866, 0.994431694171, 2.83000012112, 1.01031288833, 3.36150176261, 1.26000064364, 1.1400007655, 1.40329238593, 2.99141446091, 1.03827594732, 3.04000096412, 1.04359380193, 0.943553053092, 1.00000047167, 1.00000095127, 1.02189199122, 9.67968039439, 0.947062959514, 1.00000096743, 94.5971195335, 0.968211710761, 1.16695039736, 1.05456701713, 3.29000013078, 1.00000041221, 552.687440082, 17.860739669
3.19791376717, 1.13040750957, 1.45636810056, 0.810678464144, 2.83000052592, 0.923488219209, 1.22031826981, 1.26000019035, 1.14000017202, 2.94267938651, 2.83331432036, 0.9347375332, 3.04000086771, 1.0264243543, 0.793932360177, 1.0000006225, 1.00000076655, 1.07450709948, 7.71614061026, 0.960660474234, 1.00000059661, 114.938504541, 1.04753291974, 1.39472600694, 1.0403314692, 3.29000024446, 1.00000069407, 525.348598479, 18.098548465
1.57309640415, 1.0227259629, 1.46889515719, 0.835652895747, 2.83000070121, 1.13596322785, 3.28827932575, 1.26000024324, 1.14000011875, 2.47219043851, 1.91994568026, 0.9011276821, 3.04000053801, 1.01245090508, 0.812448822494, 1.00000051372, 1.00000097567, 1.03952420202, 7.954246844, 0.92845761078, 1.000000799, 79.0095347671, 0.960376462643, 5.85465439994, 1.05094387972, 3.29000030662, 1.00000035726, 580.431995148, 17.5732761655
2.85154463997, 1.09020811477, 1.40424226518, 0.926305733753, 2.83000014069, 0.983114431575, 3.65968636108, 1.26000050786, 1.1400007924, 2.83890365064, 3.0551080866, 0.929942000127, 3.04000001644, 1.10236813644, 0.897674454802, 1.00000080763, 1.0000003766, 1.0904226094, 9.26977216341, 0.91976594632, 1.00000068765, 98.5027675009, 0.99506073262, 5.33496029953, 0.983828392211, 3.29000098035, 1.00000027945, 444.135698012, 19.6283926816
4.04915726448, 1.00434011913, 1.73501373639, 0.972380421587, 2.83000017383, 0.938675817922, 3.01285068759, 1.26000007736, 1.14000047877, 2.09862499831, 1.69743814972, 1.00712843088, 3.04000004393, 1.11526214656, 0.819619905537, 1.00000094731, 1.00000098258, 1.05602571353, 9.8811240136, 0.972056945862, 1.00000021405, 123.720031664, 0.880932366424, 1.92414063446, 1.00943955059, 3.29000079318, 1.00000074235, 303.113811184, 28.2705421472
3.4397778205, 1.04624819474, 1.59775936548, 0.956006774262, 2.83000078649, 0.980633260914, 2.14158896906, 1.26000004039, 1.14000017324, 1.95908522925, 1.82068282462, 1.03871191625, 3.04000093476, 1.06812597358, 0.9734752923, 1.00000041341, 1.00000005116, 1.06161264382, 3.54620014929, 0.954707596253, 1.00000004626, 124.553992734, 0.946193361486, 2.43936694411, 1.0307655632, 3.29000021778, 1.00000009313, 322.805517761, 22.0754920213
4.27501949218, 1.01545313141, 1.65925560419, 0.938235395152, 2.83000005854, 1.18888072546, 5.79007570031, 1.260000858, 1.14000066016, 3.2771905068, 2.3933759239, 1.06418315551, 3.04000018882, 1.05600732367, 0.85398952287, 1.00000032236, 1.00000078536, 1.05102762195, 8.09647096138, 0.979993103676, 1.00000046768, 93.192443575, 0.887694479915, 3.59344899023, 1.02486533985, 3.29000001418, 1.00000089276, 556.288805177, 18.4468307293
4.94968016755, 1.02855036596, 1.50201206592, 0.958878878591, 2.83000059627, 1.02862990112, 1.23284539025, 1.26000063127, 1.14000044242, 3.08993717155, 1.99189038024, 1.02541272035, 3.04000014006, 1.03440907339, 0.920117799944, 1.000000606, 1.00000037938, 1.03698809318, 5.52547553853, 0.941164567908, 1.0000004, 97.0295159103, 1.06231858896, 4.70016317547, 0.952014917382, 3.29000068734, 1.00000058188, 654.529857471, 18.0004441168
3.1409669158, 1.06143582879, 1.45058344127, 0.909048469463, 2.83000058237, 1.12775127861, 3.09069290334, 1.26000007696, 1.14000087369, 2.05263831546, 3.11359216209, 0.999582170762, 3.04000030233, 1.00291017746, 1.04467332267, 1.00000012105, 1.00000007773, 1.07975149924, 9.85585644672, 0.992639495665, 1.00000024037, 118.871813021, 1.01800885486, 1.31303926797, 1.02253862926, 3.29000000618, 1.00000021401, 547.268483978, 21.5333568593
1.76070989924, 1.08096853899, 1.57305416817, 0.979435381514, 2.83000031031, 1.02539673544, 4.28684868476, 1.26000079238, 1.14000033694, 3.35802766083, 2.7301899173, 1.07078245952, 3.04000082135, 1.02742487903, 0.847095114828, 1.00000040795, 1.00000021785, 1.08629791221, 6.78084707939, 0.95353266699, 1.00000099806, 96.1315832509, 1.00002622851, 3.32537677004, 1.06862114852, 3.29000006432, 1.00000075914, 339.825854809, 22.5801555784
4.10985807082, 1.01408266348, 1.66350450157, 0.917660775413, 2.83000019107, 1.03755076883, 3.17410082592, 1.2600009208, 1.1400008922, 3.15833905469, 2.90401361353, 1.07714845999, 3.04000030263, 1.00540545461, 0.89769152293, 1.00000088191, 1.00000037802, 1.09308379911, 4.61359499706, 0.96714014042, 1.00000042387, 85.1578532311, 1.06044075031, 1.07142660108, 1.01055631273, 3.29000046916, 1.00000022656, 480.776044404, 22.4621371899
2.19943985545, 1.13059259306, 1.40452828022, 0.805071452446, 2.83000017123, 1.06606786901, 2.42347268582, 1.26000022063, 1.14000015073, 2.63177797595, 2.65747379329, 1.09286055203, 3.04000023854, 1.08029833391, 1.04156366977, 1.00000049618, 1.00000075804, 1.02914480028, 9.1602505223, 0.959197578264, 1.00000091557, 114.60315174, 0.944164907376, 2.88488561304, 0.951483244652, 3.29000078073, 1.00000093018, 569.500927082, 18.4589890043
4.23476917735, 1.07134244611, 1.49802504558, 0.905284303227, 2.83000052876, 1.14648200965, 2.05049189301, 1.26000002504, 1.14000073976, 2.43728561952, 2.60275184877, 1.09030492167, 3.04000035837, 1.05836540707, 0.903335437575, 1.00000073201, 1.00000060063, 1.00823613686, 7.65268273998, 0.915895300045, 1.00000003926, 82.710691744, 1.05433898918, 1.17843492452, 1.04735439282, 3.29000018898, 1.00000076431, 564.34205439, 20.9587819939
2.08241242379, 1.05358450959, 1.42065060468, 0.821121466652, 2.83000050667, 1.14737577237, 2.20057786531, 1.26000093652, 1.14000034476, 2.4612497403, 2.21342920175, 0.897019916738, 3.04000001211, 1.0398216303, 1.01192998095, 1.0000004276, 1.00000068162, 1.07384340424, 8.07191568182, 0.963354578298, 1.00000055647, 92.3255049928, 0.899816502518, 1.52060895472, 0.992265784487, 3.29000063587, 1.00000018022, 569.100806769, 20.7589872275
5.54840080152, 1.13829291045, 1.41781613294, 0.913657558026, 2.83000091966, 0.989544870845, 2.95915063518, 1.26000015044, 1.14000008166, 1.38225442505, 2.79868348249, 0.940503964684, 3.04000080385, 1.10566215194, 1.07875699915, 1.00000079946, 1.00000018934, 1.03780641427, 8.21430926964, 0.952050836801, 1.00000087158, 84.9457044533, 0.958570998368, 2.80601865944, 1.05559994271, 3.29000047895, 1.00000034001, 380.391011033, 23.2601206685
4.49325286784, 1.05693224527, 1.45638831629, 0.923942422748, 2.83000097906, 1.00585855602, 4.27171187534, 1.2600005913, 1.14000066619, 2.53612856929, 1.74738533998, 1.04693040096, 3.04000055176, 1.01538696242, 0.827372095667, 1.00000084843, 1.00000067291, 1.00761192272, 5.6268567759, 0.979993103676, 1.00000089611, 119.623732945, 1.06465669394, 1.63138608582, 1.00310333624, 3.29000084485, 1.00000074095, 658.592345087, 18.5360308903
2.72329607855, 1.02963021131, 1.38992148095, 0.861573153243, 2.83000079374, 0.943286047296, 1.13416143162, 1.2600001913, 1.14000005255, 2.07120630074, 2.49710145742, 1.07827005042, 3.0400009399, 1.07834878062, 0.94622211237, 1.00000055469, 1.00000053111, 1.07976283833, 3.88769588154, 0.929906087258, 1.0000009597, 96.237762379, 0.843043483596, 2.61530741048, 0.977168481487, 3.29000007559, 1.00000014913, 579.200207779, 20.2331395044
1.562879026, 1.01692680804, 1.38643374897, 0.833517453354, 2.83000091805, 0.992345918099, 4.85572114166, 1.26000021351, 1.14000056687, 3.33237605382, 2.57361092678, 1.0753579285, 3.04000030258, 1.03685201329, 0.800355747322, 1.00000086073, 1.00000080993, 1.09499711905, 5.23851757511, 0.950312661799, 1.00000036841, 97.1679410259, 0.996621402956, 1.80634857906, 0.971353643889, 3.29000049497, 1.00000051262, 577.150671173, 20.4074040545
2.19943985545, 1.13059259306, 1.40452828022, 0.805071452446, 2.83000017123, 1.04758760347, 2.6067408714, 1.26000022063, 1.14000047596, 2.63177797595, 2.65747379329, 1.09286055203, 3.04000023854, 1.08029833391, 1.04156366977, 1.00000049618, 1.00000075804, 1.02914480028, 9.1602505223, 0.959197578264, 1.00000091557, 114.60315174, 1.0481215832, 2.88488561304, 0.951483244652, 3.29000078073, 1.00000093018, 568.663112564, 21.2015777391
4.42810447333, 1.06074819602, 1.3896726153, 0.8244585312, 2.83000090555, 1.02253482247, 1.73078470816, 1.2600007001, 1.14000015208, 2.80807969894, 1.93891530108, 0.947540443197, 3.04000015696, 1.11005270964, 0.78141578783, 1.00000064858, 1.00000013015, 1.08752343951, 3.175234828, 0.979247541419, 1.00000060954, 87.0816216467, 0.905024932991, 4.20218969511, 1.01855586623, 3.29000086856, 1.00000029397, 444.374963398, 23.358855285
4.12990270346, 1.10536667372, 1.59687530738, 0.8244585312, 2.83000001721, 1.00590324312, 3.74139923689, 1.26000022711, 1.14000094447, 2.99926425332, 2.67257036594, 0.976564259135, 3.04000065496, 1.04174213523, 1.01384293037, 1.00000000913, 1.00000017652, 1.01886179917, 7.16295480098, 0.963183082551, 1.00000081023, 103.514921732, 1.08189094387, 4.70430421186, 0.981746965135, 3.29000042595, 1.00000025537, 434.473429703, 24.2461637784
2.06332810802, 1.06755383203, 1.47828621113, 0.850891757021, 2.83000027199, 0.988586639093, 5.64279317579, 1.2600001198, 1.14000079515, 1.51972361541, 1.78622059986, 0.941465116152, 3.04000047199, 1.02949033152, 0.877541395167, 1.0000005285, 1.00000091989, 1.06650008199, 5.03053588454, 0.963788144239, 1.00000070602, 79.7391023103, 0.93742071656, 4.18507243514, 0.982281487336, 3.29000095257, 1.00000021921, 794.585948285, 19.6370817016
1.76070989924, 1.08096853899, 1.57305416817, 0.979435381514, 2.83000031031, 1.02539673544, 4.28684868476, 1.26000079238, 1.14000033694, 3.35802766083, 1.93046237232, 1.07078245952, 3.04000082135, 1.02742487903, 0.847095114828, 1.00000031471, 1.00000021785, 1.08629791221, 6.78084707939, 0.952328768107, 1.00000062688, 96.1315832509, 1.00002622851, 3.32537677004, 1.06862114852, 3.29000006432, 1.00000050693, 730.863849833, 22.5677333255
1.99546577918, 1.01655898515, 1.56715602446, 0.886565919841, 2.83000048003, 0.924653257371, 5.19163827, 1.26000018526, 1.1400009805, 1.62021043129, 1.90000203397, 0.89148187896, 3.04000078715, 1.11977272466, 0.84909284978, 1.00000059899, 1.00000039292, 1.0572872624, 8.32446065451, 0.938934391945, 1.00000048757, 99.8616899515, 0.946612384812, 4.18605855666, 0.977035836427, 3.29000055309, 1.00000034148, 444.665262461, 24.5300170159
3.62106237448, 1.13607224427, 1.60466785397, 0.862841130658, 2.83000040372, 0.962713386638, 2.42347268582, 1.26000062038, 1.14000015073, 2.17613290476, 2.99697255632, 1.06923961645, 3.04000041192, 1.07059486363, 0.854649081241, 1.0000008588, 1.00000071943, 1.04166062238, 3.81102671856, 0.979999097024, 1.00000008266, 95.364331835, 0.944164907376, 5.179281793, 1.00040852723, 3.29000099827, 1.00000065826, 867.754346291, 20.6724427926
3.42393868603, 1.09400189895, 1.41571732134, 0.919567973985, 2.83000050714, 1.17650274234, 3.62814155682, 1.26000090233, 1.14000053204, 2.50821538711, 2.70041515275, 0.892032316948, 3.04000098587, 1.06381263109, 0.85932429109, 1.0000000454, 1.0000001122, 1.03125195744, 6.78910650702, 0.9845203565, 1.00000045663, 117.495880233, 1.020771632, 1.16322051058, 0.978353044728, 3.2900001154, 1.00000024287, 846.40908629, 20.6992295802
4.12990270346, 1.10536667372, 1.61153948057, 0.830385609628, 2.83000001721, 1.00590324312, 3.74139923689, 1.26000022711, 1.14000094447, 2.99926425332, 2.67257036594, 0.976564259135, 3.0400006529, 1.04174213523, 1.01384293037, 1.00000000598, 1.00000025438, 1.01075443478, 7.16295480098, 0.963183082551, 1.00000081023, 103.514921732, 1.08189094387, 4.70430421186, 0.981746965135, 3.29000042595, 1.00000025537, 867.839882866, 20.5666321457
1.57309640415, 1.0227259629, 1.46889515719, 0.814714360966, 2.83000065296, 1.13596322785, 3.28827932575, 1.26000024324, 1.14000011875, 1.60761114071, 1.91994568026, 0.9011276821, 3.04000029151, 1.01245090508, 0.805534043796, 1.00000083896, 1.00000097567, 1.0640187786, 7.954246844, 0.949697929032, 1.000000799, 79.0095347671, 0.982378326327, 5.60347728482, 1.05094387972, 3.29000003976, 1.00000035726, 465.93654887, 32.1807729765
1.15830899563, 1.00702021005, 1.48966657024, 0.881031380472, 2.83000034969, 1.00546451689, 5.96028408555, 1.2600003996, 1.14000051865, 3.70124831504, 2.76614225846, 0.998847937291, 3.04000017782, 1.0952775985, 0.979193655515, 1.00000013857, 1.00000026487, 1.01818701639, 4.90951004704, 0.979385008193, 1.00000047807, 113.270383595, 0.917025149848, 1.36302094401, 0.957363716416, 3.29000092383, 1.0000000875, 572.490186401, 26.475650186
2.00599266135, 1.06231156569, 1.46441134482, 0.914236616357, 2.83000094587, 1.10792201708, 1.04056531431, 1.26000086663, 1.14000062928, 2.92119637076, 2.04734386239, 0.916624570034, 3.04000033273, 1.11975578053, 1.03924968575, 1.00000065493, 1.00000019494, 1.08547806436, 3.1544271235, 0.987917415658, 1.0000002393, 84.7605097181, 1.07073942812, 4.78799177604, 1.03774208027, 3.29000015744, 1.00000059188, 581.534315336, 25.8462733253
3.51562065911, 1.01594237413, 1.36974836341, 0.800476376379, 2.83000096642, 1.18681680241, 5.33961310031, 1.26000033834, 1.14000065625, 3.29851902519, 2.32915790942, 0.992680841368, 3.04000058262, 1.05094554964, 1.04748567721, 1.00000078032, 1.00000041129, 1.0891697963, 8.05153769926, 0.988373395838, 1.00000035417, 114.00417552, 0.885319779007, 5.68069983855, 0.963724745168, 3.29000052392, 1.00000029995, 923.57163601, 23.1337119653
4.60896615543, 1.01750350589, 1.69944240403, 0.8336707861, 2.83000091073, 1.15895794707, 2.08672017092, 1.26000039125, 1.14000050215, 2.30299024783, 1.87181668008, 1.06530385114, 3.04000087093, 1.05374362868, 0.901561700636, 1.00000071064, 1.00000014759, 1.0750517783, 9.59214603497, 0.952640305154, 1.00000093236, 83.3879115506, 0.879081916061, 3.398629427, 1.04538044463, 3.29000062204, 1.00000073929, 872.063522656, 24.0898503411
4.83832825403, 1.03663724168, 1.4477152001, 0.822188495618, 2.83000072528, 0.915729571901, 1.26114245609, 1.26000082693, 1.14000079743, 3.58636323746, 2.32869176626, 1.05664883726, 3.04000016671, 1.00848155655, 0.972047250821, 1.0000006546, 1.00000006237, 1.07071565757, 5.31630175361, 0.973354721962, 1.00000078747, 79.4385796682, 0.967655153171, 2.76633212599, 0.998501823703, 3.29000095195, 1.00000006678, 965.283789713, 21.1931613744
5.16623514864, 1.01615144514, 1.3859645896, 0.874920223097, 2.83000058285, 0.910353881094, 2.82704630686, 1.26000051283, 1.14000030561, 3.10821406695, 2.03256607826, 0.949807914062, 3.04000080911, 1.05407030121, 0.996268678132, 1.0000001471, 1.00000050694, 1.09533438629, 9.53932748913, 0.96792920875, 1.00000041758, 85.0248761185, 0.873067778151, 2.01064935307, 1.01412973282, 3.29000032392, 1.00000056557, 916.644716452, 23.7209070127
1.562879026, 1.01692680804, 1.56715602446, 0.833517453354, 2.83000091805, 0.891867763146, 4.85572114166, 1.26000021351, 1.14000056687, 1.68790269001, 2.57361092678, 1.0753579285, 3.04000030258, 1.11977272466, 0.800355747322, 1.00000086073, 1.00000080993, 1.09499711905, 8.32446065451, 0.950312661799, 1.00000036841, 99.8616899515, 0.946612384812, 4.82415198028, 1.02559524326, 3.29000049497, 1.00000051262, 486.373523913, 35.2441083001
5.54081638047, 1.02890590827, 1.50277293028, 0.993953775437, 2.83000038786, 0.873400752827, 5.54660406864, 1.26000048058, 1.14000016545, 2.98256396231, 1.71394767234, 0.996209597663, 3.04000004406, 1.02422814062, 0.854615220233, 1.00000064881, 1.0000002034, 1.01768820485, 6.14881561116, 0.956949131659, 1.00000080475, 92.5692184493, 0.858076359939, 3.78176071251, 1.03293171878, 3.29000090074, 1.00000031236, 666.732070237, 26.5294261073
2.08241242379, 1.05358450959, 1.57158462792, 0.821121466652, 2.83000050667, 1.06286676447, 2.20057786531, 1.26000091929, 1.14000034476, 2.4612497403, 2.46343549309, 0.897019916738, 3.04000001211, 1.0398216303, 1.01192998095, 1.0000004276, 1.00000068162, 1.07722899298, 8.07191568182, 0.97252504796, 1.00000025232, 92.3255049928, 1.02919800025, 1.52060895472, 1.04765038837, 3.29000018809, 1.00000018022, 980.258061895, 21.3495760402
5.85690175336, 1.01408266348, 1.60543315088, 0.892716455959, 2.8300002669, 1.18840105134, 5.10136229653, 1.26000076956, 1.14000039274, 3.52934218407, 2.06895881354, 0.880028250642, 3.0400003697, 1.09109323445, 0.997521472565, 1.00000080175, 1.0000007103, 1.07230090815, 6.50551806191, 0.92330463795, 1.00000016205, 92.4435486739, 1.06141519535, 2.29336294333, 1.04006277466, 3.29000093164, 1.00000027027, 935.22511405, 24.4938946204
4.54896362731, 1.03560130542, 1.69802386849, 0.876056640181, 2.83000089394, 1.02428884559, 3.62276175118, 1.26000089717, 1.14000088991, 2.88475758515, 2.41432613945, 1.04245869288, 3.0400003697, 1.01620024121, 0.992416426655, 1.00000076494, 1.0000008446, 1.07404986774, 8.75749564309, 0.946361518999, 1.00000009159, 94.3006411556, 0.902062712809, 1.81405150811, 1.03548928799, 3.29000006167, 1.00000002081, 579.546727089, 35.675143479
5.03562690791, 1.02243824796, 1.39847004893, 0.95849829442, 2.83000014918, 0.968700926933, 2.47950064702, 1.26000051317, 1.14000031414, 2.60012023972, 2.36785411245, 1.02200124127, 3.04000095857, 1.03378442267, 1.00087320408, 1.00000025746, 1.00000011871, 1.0140980142, 9.75403482812, 0.95142847404, 1.00000041236, 82.1536611886, 0.855871344003, 2.21265783236, 0.951071480861, 3.29000034405, 1.00000093071, 806.010551288, 28.0942553841
3.5770206835, 1.07600145962, 1.37839541952, 0.857594502949, 2.83000060987, 0.867615091295, 5.31267300837, 1.26000042855, 1.14000039269, 3.61653791934, 2.08288368296, 1.05664883726, 3.04000079364, 1.02484640613, 0.966568057554, 1.00000038652, 1.00000077559, 1.07957263106, 4.745757892, 0.989938660619, 1.00000083738, 101.288216505, 0.853172654927, 3.49923690748, 0.998501823703, 3.29000078908, 1.00000016618, 689.305252837, 28.3766741721
4.49325286784, 1.05693224527, 1.45638831629, 0.923942422748, 2.83000097906, 1.00585855602, 4.27171187534, 1.2600005913, 1.14000066619, 2.53612856929, 1.74738533998, 1.04693040096, 3.04000055176, 1.01538696242, 0.827372095667, 1.00000084843, 1.00000067291, 1.00761192272, 5.6268567759, 0.979993103676, 1.00000089611, 119.623732945, 1.06465669394, 1.63138608582, 1.00310333624, 3.29000084485, 1.00000074095, 1077.77259293, 22.4865925473
4.54896362731, 1.03560130542, 1.69802386849, 0.876056640181, 2.83000040366, 1.02428884559, 3.62276175118, 1.26000089717, 1.14000088991, 2.88475758515, 2.41432613945, 1.04245869288, 3.0400003697, 1.01620024121, 0.992416426655, 1.00000076494, 1.0000008446, 1.07404986774, 8.75749564309, 0.946361518999, 1.00000009159, 94.3006411556, 0.902062712809, 1.81405150811, 1.03548928799, 3.29000006167, 1.00000002081, 1113.1898022, 21.6792312405
2.87727105051, 1.08035636903, 1.41117082921, 0.861435155876, 2.83000040366, 0.963141152844, 3.153560781, 1.2600002873, 1.14000037596, 2.05579643953, 1.89731316113, 1.04396056589, 3.04000054213, 1.03193970884, 1.01197337661, 1.00000022599, 1.00000042833, 1.07432023206, 6.69616686527, 0.936847809034, 1.0000001166, 112.311214409, 0.847731338049, 5.99899080674, 0.952900369751, 3.29000058, 1.00000003279, 1307.34421105, 21.6719113182
1.50264676444, 1.08035636903, 1.41117082921, 0.852739427736, 2.83000089394, 0.963141152844, 3.153560781, 1.2600002873, 1.14000037596, 2.05579643953, 2.03766042188, 1.04396056589, 3.04000054213, 1.03193970884, 1.01197337661, 1.00000022599, 1.00000042833, 1.07432023206, 6.69616686527, 0.936847809034, 1.0000001166, 112.311214409, 0.945640330277, 5.99899080674, 0.952900369751, 3.29000058, 1.00000003279, 956.808018688, 24.7972684729
3.39786770048, 1.00878449081, 1.63648296926, 0.929583727933, 2.83000072418, 1.0552849566, 3.26605381101, 1.2600007767, 1.14000095185, 3.30418941044, 3.00296875438, 1.05332330049, 3.04000014582, 1.08316124519, 0.785076501395, 1.00000000772, 1.00000058164, 1.08291908768, 4.58501177199, 0.967669028539, 1.00000013606, 91.3914102366, 1.0552795326, 2.5545190258, 1.01069130479, 3.29000075461, 1.00000090504, 973.579972973, 24.7796900614
3.38635617857, 1.0464464976, 1.64274171666, 0.958878878591, 2.83000059627, 1.02862990112, 1.23284539025, 1.26000063127, 1.14000044242, 3.08993717155, 1.99189038024, 1.02541272035, 3.04000014006, 1.03440907339, 0.920117799944, 1.000000606, 1.00000037938, 1.03698809318, 5.52547553853, 0.941164567908, 1.0000004, 97.0295159103, 1.06231858896, 4.70016317547, 0.952014917382, 3.29000068734, 1.00000097908, 592.187790436, 35.9523792214
4.15970007875, 1.01474095632, 1.46881128316, 0.914465072854, 2.83000008885, 0.862137324174, 3.82265538127, 1.26000088952, 1.140000248, 1.41503725731, 2.86635969434, 0.977354333256, 3.04000043238, 1.08588935864, 0.804655827395, 1.00000065446, 1.00000099179, 1.03133033085, 3.55234345477, 0.954467146261, 1.00000029128, 122.04094612, 1.05992986599, 3.96059657281, 1.00143884115, 3.29000075563, 1.00000071769, 758.972479851, 29.6005915742
3.7583826748, 1.04971482723, 1.64370260284, 0.896053347599, 2.83000088813, 1.1583016164, 5.88547051636, 1.26000033625, 1.14000037416, 3.53924101713, 1.6580520895, 0.930515989913, 3.04000088487, 1.11306755863, 0.938483086252, 1.00000012165, 1.00000087437, 1.06765642, 9.18379796495, 0.991818489867, 1.00000050628, 96.3711200733, 0.841241830379, 2.91856551359, 0.966375417205, 3.29000054308, 1.00000008482, 700.143566997, 35.5557460774
5.16623514864, 1.01615144514, 1.3859645896, 0.874920223097, 2.83000058285, 0.910353881094, 2.82704630686, 1.26000051283, 1.14000083532, 3.10821406695, 2.03256607826, 0.95542591627, 3.04000080911, 1.05407030121, 0.996268678132, 1.00000029821, 1.00000050694, 1.09533438629, 9.53932748913, 0.96792920875, 1.00000041758, 85.0248761185, 0.873067778151, 2.01064935307, 1.01412973282, 3.29000000562, 1.00000093018, 1161.28792444, 23.1426752158
3.10900076828, 1.01401986909, 1.60538761859, 0.951072977083, 2.83000005483, 0.982440896448, 5.19138773364, 1.26000001021, 1.1400009521, 1.93304615097, 2.80985295161, 0.898916048387, 3.04000029151, 1.02715269355, 0.947851570706, 1.00000023291, 1.00000088664, 1.10300493588, 4.17174972816, 0.960202627191, 1.00000030211, 94.4240811951, 1.04606437831, 4.06632499102, 1.04927254655, 3.29000022312, 1.00000030151, 958.636755887, 29.5194814093
2.1714644002, 1.05931131791, 1.38653937643, 0.936908126088, 2.83000088772, 0.930402309258, 4.55799577554, 1.26000094921, 1.14000051628, 1.33077121834, 3.05509075342, 1.03205568397, 3.04000051693, 1.07779782005, 0.828398692086, 1.00000014066, 1.00000050026, 1.03485644183, 7.37902252009, 0.94295903767, 1.00000099556, 120.236381498, 1.08863178488, 3.73294039737, 1.04175479513, 3.2900001483, 1.00000098627, 1050.03154297, 25.6846589285
3.62106237448, 1.03637982549, 1.49029397895, 0.926828398123, 2.83000008558, 1.13106098816, 4.45472110301, 1.26000016215, 1.14000088133, 2.90324460037, 2.79502686063, 1.04958566517, 3.04000055435, 1.11455588524, 1.0271655274, 1.00000057102, 1.00000025341, 1.04166062238, 3.23527940753, 0.929058050644, 1.00000008371, 75.774794935, 0.86899096556, 4.75390541192, 1.06202843503, 3.29000031555, 1.00000012578, 645.644799187, 36.423084016
3.01318396214, 1.0230104472, 1.34555713011, 0.857845510433, 2.83000015253, 1.05263957316, 5.37145404672, 1.2600003095, 1.140000667, 1.41291992766, 2.87273580388, 1.09305615289, 3.04000052344, 1.11546946981, 0.904212548682, 1.00000061562, 1.00000064036, 1.07976283833, 4.07139959588, 0.987312588011, 1.00000011043, 106.20615948, 0.979289571937, 3.964456468, 1.06274811192, 3.29000085722, 1.00000014913, 632.879834983, 36.8175646327
1.25328019453, 1.07167101793, 1.62971189213, 0.883567252223, 2.83000081839, 0.998738860717, 5.0542387067, 1.26000081734, 1.14000022907, 1.85242053645, 2.13163498751, 1.01121037253, 3.04000083085, 1.01950602567, 1.03440205124, 1.00000085662, 1.0000009935, 1.09477102853, 5.13113105112, 0.971498545637, 1.00000032154, 77.4208703795, 0.893189038782, 2.61824142696, 0.981970608173, 3.29000001326, 1.00000001584, 652.141542702, 36.3841860115
1.93546539391, 1.10500898308, 1.64609875007, 0.835881570008, 2.83000018647, 1.08332344298, 3.24997540893, 1.26000097262, 1.14000030561, 1.57464639671, 2.77844077463, 0.892174171221, 3.04000079668, 1.0601864132, 0.82854770464, 1.00000083278, 1.00000022519, 1.00831752194, 6.28186008044, 0.94444832897, 1.00000018708, 96.2137255595, 1.07942735003, 3.31400240483, 0.984117764576, 3.29000041337, 1.0000001443, 889.910462807, 29.6945347014
3.70104516114, 1.0770853983, 1.53039971139, 0.854358669929, 2.83000007279, 1.10435325589, 1.20030979217, 1.26000040783, 1.14000098549, 3.12772697186, 2.44550783095, 0.889918465645, 3.04000071649, 1.116202429, 1.08324725618, 1.0000006546, 1.00000082307, 1.02944642336, 5.31630175361, 0.922157708172, 1.00000066937, 110.52841146, 0.914229419263, 1.12860816437, 1.03275061115, 3.29000039701, 1.0000000147, 1445.47607995, 23.447186323
4.42736350994, 1.08404725174, 1.6644896622, 0.829221158037, 2.83000029727, 0.958662257765, 4.88390204119, 1.26000053934, 1.14000045374, 3.56427343218, 2.83935151655, 1.00470870083, 3.04000011201, 1.02977718441, 0.838704796245, 1.00000004007, 1.00000096389, 1.08926871176, 4.13816500861, 0.922125722615, 1.00000002122, 83.7501197979, 0.929378930474, 1.58340159468, 1.01420430885, 3.29000063373, 1.00000019904, 1164.9784556, 25.0917049778
3.19791376717, 1.13040750957, 1.45636810056, 0.810678464144, 2.83000052592, 0.923488219209, 1.22031826981, 1.26000019035, 1.14000017202, 2.94267938651, 2.83331432036, 0.902774800516, 3.04000055666, 1.0264243543, 0.793932360177, 1.00000044725, 1.00000076655, 1.07450709948, 7.71614061026, 0.960660474234, 1.00000059661, 114.938504541, 1.02698289721, 1.39472600694, 1.0403314692, 3.29000014757, 1.00000069407, 1286.89261678, 24.0942195213
2.72329607855, 1.02963021131, 1.38992148095, 0.861573153243, 2.83000091157, 1.02209791289, 3.86924664776, 1.2600001913, 1.14000005255, 2.07120630074, 2.39575753855, 1.07827005042, 3.0400009399, 1.07834878062, 0.94622211237, 1.00000055469, 1.00000053111, 1.10253841338, 3.88769588154, 0.929906087258, 1.0000009597, 103.814927667, 0.930880058682, 2.61530741048, 1.02781141044, 3.29000007559, 1.00000036289, 1157.58192669, 26.1499079728
4.88940651645, 1.02275818741, 1.34561387354, 0.868925524585, 2.83000029324, 0.883034292227, 1.60032179774, 1.26000019035, 1.1400000373, 2.27913723861, 1.7905868215, 1.0984956965, 3.04000015373, 1.05155843571, 0.815942996405, 1.00000089996, 1.00000065985, 1.09191199296, 4.62605525402, 0.956933953893, 1.000000735, 80.2110951221, 1.0300750413, 3.28176271158, 1.03290249187, 3.29000025461, 1.00000091673, 685.480981717, 36.6410669288
5.16623514864, 1.01615144514, 1.3859645896, 0.874920223097, 2.83000058285, 0.910353881094, 2.82704630686, 1.26000051283, 1.14000083532, 3.10821406695, 2.03256607826, 0.95542591627, 3.04000080911, 1.05407030121, 0.996268678132, 1.0000001471, 1.00000050694, 1.09533438629, 9.53932748913, 0.96792920875, 1.00000041758, 85.0248761185, 0.873067778151, 2.01064935307, 1.01412973282, 3.29000000562, 1.00000056557, 1615.59961902, 24.8279148948
4.4615755453, 1.01401986909, 1.64964732425, 0.968127010879, 2.83000005483, 1.17489982858, 5.19138773364, 1.26000001021, 1.14000010568, 1.93304615097, 2.80985295161, 0.898916048387, 3.04000053801, 1.02715269355, 0.850488165789, 1.00000023291, 1.00000088664, 1.10300493588, 7.35391939023, 0.933668484872, 1.00000030211, 94.4240811951, 1.04606437831, 4.06632499102, 1.04927254655, 3.29000022312, 1.00000030151, 1043.69714376, 31.1426155433
1.00690100023, 1.12782659211, 1.63698331682, 0.867480231816, 2.83000043245, 1.18576705908, 4.78306141959, 1.26000041825, 1.140000077, 1.56746009918, 2.20990828249, 0.90820646473, 3.0400002105, 1.10246288107, 0.979060346677, 1.00000018661, 1.00000083729, 1.1039515166, 5.54160771836, 0.944932153436, 1.00000084874, 105.299675998, 0.951566150552, 3.47183789508, 0.994500948119, 3.29000084165, 1.00000030189, 1182.34514395, 30.058271347
2.08241242379, 1.05358450959, 1.57158462792, 0.821121466652, 2.83000050667, 1.06286676447, 2.20057786531, 1.26000091929, 1.14000034476, 2.4612497403, 2.21342920175, 0.897019916738, 3.04000001211, 1.0398216303, 1.01192998095, 1.0000004276, 1.00000068162, 1.07384340424, 8.07191568182, 0.963354578298, 1.00000055647, 92.3255049928, 1.02919800025, 1.52060895472, 1.04765038837, 3.29000063587, 1.00000018022, 1249.51423796, 26.5740050703
2.72329607855, 1.02963021131, 1.38992148095, 0.861573153243, 2.83000079374, 0.943286047296, 1.13416143162, 1.2600001913, 1.14000005255, 2.07120630074, 2.49710145742, 1.07827005042, 3.0400009399, 1.07834878062, 0.94622211237, 1.00000055469, 1.00000053111, 1.10253841338, 3.88769588154, 0.929906087258, 1.0000009597, 103.814927667, 0.843043483596, 2.61530741048, 0.977168481487, 3.29000007559, 1.00000036289, 1386.33942613, 25.7121146254
