0.0, 2.0, 0.0, 1.0, 2.0, 1.0, 0.0, -1.0, 3.0, 2.0, -1.0, -1.0, 3.0, 1.0, 2.0, 3.0, -1.0, 2.0, 1.0, 0.0, 1.0, 1.0, 1.0, -1.0, 0.0, 2.0, 2.0, -1.0, 0.0, 2.0, 3.0, 1.0, 2.0, 1.0, 0.0, 0.0, 1.0, 0.0, 0.0, 0.0, 1.0, 3.0, 0.0, 3.0, -1.0, 3.0, 3.0, 3.0, -1.0, 2.0, 94590.0, 584.0, 99449.0
3.0, 2.0, 0.0, 1.0, 1.0, 3.0, 3.0, 2.0, -1.0, 0.0, -1.0, 2.0, 3.0, 0.0, 0.0, 0.0, 0.0, 1.0, 2.0, 2.0, 1.0, 1.0, -1.0, 2.0, -1.0, -1.0, -1.0, -1.0, -1.0, 1.0, 3.0, 2.0, -1.0, 0.0, 3.0, 1.0, 3.0, 1.0, 2.0, 0.0, -1.0, -1.0, 3.0, 0.0, 1.0, -1.0, 2.0, -1.0, -1.0, 2.0, 95234.0, 493.0, 99515.0
0.0, 0.0, 3.0, 2.0, 0.0, 1.0, 1.0, -1.0, 1.0, 2.0, -1.0, 1.0, 2.0, 2.0, 0.0, 2.0, 0.0, -1.0, 1.0, 1.0, 2.0, 1.0, -1.0, 0.0, 2.0, 0.0, -1.0, 2.0, 3.0, 3.0, 2.0, 3.0, 0.0, 0.0, 2.0, -1.0, 0.0, 0.0, -1.0, 3.0, 3.0, 2.0, 1.0, -1.0, 3.0, 1.0, 1.0, 3.0, 1.0, 3.0, 94491.0, 585.0, 99432.0
0.0, 0.0, 3.0, 2.0, 0.0, 1.0, 1.0, -1.0, 1.0, 2.0, -1.0, 1.0, 2.0, 2.0, 0.0, 2.0, 0.0, -1.0, 1.0, 1.0, 2.09410166448, 1.0, -1.0, 0.0, 2.0, 0.0, -1.0, 2.0, 3.0, 3.0, 2.0, 3.0, 0.0, 0.0, 2.0, -1.0, 0.0, -0.0418446757552, -1.0, 3.0, 3.0, 2.0, 1.0, -1.0, 3.0, 1.0, 1.0, 3.0, 1.0, 3.0, 94491.0, 585.0, 99432.0
0.0, 2.0, 1.0, 1.0, 2.0, 1.0, -1.0, 2.0, -1.0, 0.0, -1.0, 2.0, 0.0, -1.0, 2.0, 1.0, 2.0, 3.0, 2.0, 1.0, 0.0, -1.0, 2.0, 2.0, 1.0, -1.0, 1.0, 1.0, 2.0, 2.0, 0.0, 1.0, -1.0, 0.0, 0.0, -1.0, -1.0, 0.0, 3.0, 0.0, 3.0, 1.0, 1.0, 0.0, 3.0, 0.0, -1.0, 3.0, 3.0, -1.0, 94709.0, 526.0, 99469.0
-1.0, 0.0, 1.0, 1.0, 1.0, -1.0, 3.0, 1.0, 2.0, 1.0, 0.0, 2.0, 1.0, -1.0, -1.0, 3.0, 3.0, 0.0, 1.0, 3.0, 0.0, -1.0, -1.0, -1.0, 2.0, 2.0, 0.0, 0.0, 3.0, 3.0, -1.0, 2.0, 1.0, 3.0, 0.0, 0.0, 0.0, 3.0, -1.0, 0.0, 2.0, -1.0, 2.0, 1.0, 3.0, 2.0, 2.0, 1.0, 2.0, 1.0, 94930.0, 548.0, 99465.0
2.0, 2.0, 3.0, 0.0, 1.0, -1.0, 2.0, -1.0, 3.0, 3.0, -1.0, 3.0, 0.0, 2.0, -1.0, 3.0, 3.0, 1.0, -1.0, 2.0, 1.0, 2.0, 0.0, -1.0, 0.0, 1.0, 1.0, -1.0, 3.0, 0.0, -1.0, 3.0, 1.0, 0.0, 1.0, 0.0, 1.0, 0.0, -1.0, 0.0, 2.0, 2.0, 0.0, 0.0, -1.0, -1.0, -1.0, 1.0, 3.0, 0.0, 95014.0, 518.0, 99493.0
-1.0, 0.0, 2.0, 2.0, 0.0, 2.0, 2.0, 1.0, 3.0, -1.0, -1.0, 2.0, 0.0, 0.0, 3.0, 1.0, -1.0, 1.0, 2.0, 0.0, 2.0, -1.0, 1.0, 3.0, -1.0, -1.0, 0.0, 3.0, 0.0, 0.0, 1.0, 2.0, -1.0, 1.0, 1.0, 1.0, 3.0, 1.0, -1.0, 2.0, 1.0, 0.0, 2.0, 0.0, 3.0, 3.0, 2.0, 0.0, 3.0, -1.0, 94592.0, 559.0, 99450.0
0.0, 0.0, 1.0, 2.0, 2.0, -1.0, 2.0, 0.0, -1.0, 2.0, 1.0, 1.0, -1.0, 0.0, 2.0, 2.0, 1.0, 1.0, 1.0, 3.0, 2.0, 2.0, 3.0, -1.0, -1.0, 1.0, -1.0, -0.380657329244, 0.0, 2.0, -1.0, -0.608574593738, 0.0, -1.0, -1.0, 0.0, 0.0, 0.0, 0.0, -1.0, 3.0, 3.0, 1.0, 2.0, 0.0, 2.0, -1.0, -1.0, 3.0, 3.0, 95156.0, 497.0, 99527.0
3.0, 0.0, 2.0, 0.0, 1.0, -1.0, 0.0, 2.0, 1.0, 2.0, 3.0, -1.0, 0.0, 1.0, 3.0, -1.0, 3.0, 1.0, 0.0, 3.0, 3.0, 3.0, 0.0, 0.0, 2.0, 1.0, 0.0, 3.0, 3.0, 1.0, -1.0, 1.0, -1.0, 2.0, 2.0, 3.0, 2.0, 0.0, -1.0, 2.0, 0.0, 1.0, 1.0, 3.0, 1.0, 2.0, -1.0, 2.0, 1.0, -1.0, 94662.0, 574.0, 99437.0
3.0, -1.0, 0.0, 2.0, 0.0, -1.0, -1.0, 1.0, -1.0, 2.0, -1.0, 0.0, 3.0, 0.0, 1.0, -1.0, -1.0, 0.0, 2.0, 3.0, 3.0, 0.0, 2.0, 2.0, -1.0, 0.0, 1.0, 0.0, 1.0, 1.0, 1.0, 1.0, -1.0, 2.0, 2.0, 0.0, 1.0, -1.0, 1.0, 3.0, 0.0, 2.0, 2.0, -1.0, 2.0, 3.0, 2.0, 3.0, 1.0, -1.0, 94979.0, 525.0, 99488.0
3.0, 1.0, 0.0, -1.0, 0.0, 1.0, 2.0, -1.0, 3.0, -1.0, 0.0, -1.0, 1.0, 2.0, 1.0, 3.0, 1.0, 1.0, 2.0, 0.0, 0.0, 2.0, -1.0, 1.0, 2.0, 0.0, -1.0, 2.0, 0.0, -1.0, 2.0, 3.0, -1.0, 2.0, -1.0, 2.0, 1.0, 0.0, 3.0, -1.0, 3.0, 1.0, 0.0, 3.0, -1.0, 2.0, -1.0, 0.0, 3.0, -1.0, 95136.0, 514.0, 99505.0
0.0, 1.0, -1.0, -1.0, 3.0, 3.0, 1.0, -1.0, 1.0, 0.0, -1.0, 0.0, 0.0, 3.0, 0.0, 0.0, 2.0, 0.0, -1.0, -1.0, -1.0, 1.0, 1.0, 0.0, 2.0, -1.0, 1.0, 2.0, 1.0, 2.0, 3.0, -1.0, -1.0, -1.0, 2.0, 1.0, 2.0, 2.0, 1.0, 0.0, -1.0, -1.0, 0.0, -1.0, 2.0, -1.0, 1.0, 2.0, 1.0, 3.0, 95248.0, 487.0, 99542.0
2.0, 0.0, -1.0, 3.0, 2.0, 2.0, 2.0, 0.0, -1.0, 0.0, -1.0, 1.0, 3.0, -1.0, 1.0, 3.0, 0.0, 3.0, 2.0, -1.0, 0.0, 2.0, 1.0, -1.0, 1.0, 1.0, -1.0, -1.0, 0.0, 0.0, -1.0, 3.0, -1.0, 3.0, 1.0, 1.0, -1.0, 2.0, 1.0, 3.0, 1.0, 1.0, 0.0, -1.0, -1.0, 2.0, 0.0, 3.0, 2.0, 1.0, 95377.0, 499.0, 99501.0
2.0, 0.0, -1.0, 3.0, 2.0, 2.0, 2.0, 0.0, -1.0, 0.0, -1.0, 1.0, 3.0, -1.0, 1.0, 3.0, 0.0, 3.0, 2.0, -1.0, 0.0, 2.0, 1.0, -1.0, 1.0, 1.0, -1.0, -1.0, 0.0, 0.0, -1.0, 3.0, -1.0, 3.0, 1.0, 1.0, -1.0, 2.0, 1.0, 3.0, 1.0, 1.0, 0.406488128029, -1.0, -1.0, 2.0, 0.0, 3.0, 2.0, 1.0, 95377.0, 499.0, 99501.0
2.0, 1.0, 2.0, 0.0, 2.0, 3.0, 3.0, -1.0, 1.0, 3.0, 0.0, 0.222344055649, 3.0, 1.2139342709, 3.0, 0.0, 2.0, 0.0, 2.0, 0.0, 3.0, -0.955219918326, 2.0, 1.0, 1.0, 2.12434553911, 3.0, 3.0, 2.0, 1.0, -1.0, -1.0, 1.0, 2.0, 0.0, 1.0, -1.0, 1.0, 3.0, 0.0, 1.0, -1.0, 3.0, -1.0, 0.0, 0.0, 2.0, 1.0, 2.0, 0.0, 94492.0, 588.0, 99431.0
3.0, 1.0, 0.0, 0.0, 2.0, 1.0, 2.0, 0.0, -1.0, 0.0, 2.0, -1.0, 0.0, -1.0, 1.0, -1.0, 2.0, 3.0, 2.0, 1.0, -1.0, 0.0, -1.0, 3.0, 2.0, -1.0, 1.0, 2.0, 3.0, -1.0, 3.0, 3.0, 2.0, 1.0, 1.0, 1.0, 0.0, 0.0, 2.0, 3.0, 3.0, 1.0, 3.0, 2.0, -1.0, -1.0, 0.0, 3.0, 0.0, 3.0, 95047.0, 555.0, 99464.0
-1.0, 2.0, 1.0, 0.0, 2.0, 2.0, 1.0, -1.0, 3.0, 2.0, 3.0, 1.0, 1.0, -1.0, -1.0, -1.0, 0.0, -1.0, 1.0, 3.0, 0.0, 2.0, -1.0, 3.0, -1.0, 0.0, 0.0, 1.0, -1.0, 2.0, 0.0, 2.0, -1.0, 0.0, 0.0, 2.0, 0.0, 2.0, 1.0, -1.0, 1.0, 3.0, 1.0, 0.0, -1.0, 2.0, -1.0, 1.0, 2.0, 1.0, 95103.0, 514.0, 99515.0
3.0, 2.0, 0.0, 1.0, 1.0, 3.0, 3.0, -1.0, -1.0, 0.0, -1.0, 2.0, 3.0, 0.0, 0.0, 0.0, 0.0, 1.0, 2.0, 2.0, 1.0, 1.0, -1.0, 2.0, -1.0, -1.0, -1.0, -1.0, -1.0, 1.0, 3.0, 2.0, -1.0, 0.0, 3.0, 1.0, 3.0, 1.0, 2.0, 0.0, 1.0, -1.0, -0.309305713657, 0.0, -1.0, -1.0, 2.0, -1.0, -1.0, 2.0, 95258.0, 476.0, 99525.0
0.0, 3.0, 2.0, 0.0, 0.0, -1.0, 3.0, 1.0, -1.0, 2.0, -1.0, 3.0, -1.0, 1.0, 1.0, -1.0, 2.0, 2.0, 2.0, 3.0, 0.0, 2.0, -1.0, 1.0, 2.0, 0.0, 1.0, 3.0, 0.0, 1.0, 1.0, 0.0, 1.0, 2.0, 3.0, 2.0, 3.0, -1.0, 1.0, 0.0, -1.0, 0.0, 1.0, 3.0, 0.0, -1.0, 3.0, 3.0, 2.0, 0.0, 94773.0, 568.0, 99449.0
1.0, 2.0, 0.0, -1.0, 1.0, 2.0, -1.0, -1.0, 2.0, 2.0, -1.0, 0.0, 0.0, -1.0, 2.0, 3.0, -1.0, 1.0, 1.0, -1.0, 1.0, -1.0, -1.0, -1.0, 3.0, 0.0, 0.0, -1.0, 3.0, 1.0, 0.0, 2.0, 0.0, 1.0, 1.0, 2.0, 0.0, 3.0, 3.0, -1.0, 1.0, 0.0, 3.0, 3.0, 3.0, 0.0, 1.0, -1.0, 3.0, -1.0, 95479.0, 492.0, 99520.0
0.0, 0.0, 0.0, 0.0, 1.0, 1.0, 2.0, -1.0, 3.0, 3.0, 1.0, 1.0, 2.0, -1.0, 3.0, 3.0, 2.0, 1.0, -1.0, 1.0, 3.0, 2.0, 3.0, 2.0, 0.0, 2.0, 3.0, -1.0, 0.0, 2.0, -1.0, 3.0, 0.0, 1.0, 2.0, 3.0, 2.0, 3.0, 0.0, -1.0, 0.0, 0.0, 1.0, 1.0, -1.0, 1.0, 0.0, 1.0, 0.0, 2.0, 94466.0, 596.0, 99434.0
1.0, 1.0, 0.0, 1.0, 2.0, 3.0, 3.0, 2.0, 1.0, 1.0, 2.0, 2.0, -1.0, 1.0, 3.0, 0.0, 3.0, 0.0, 1.0, -1.0, 0.0, 3.0, -1.0, 1.0, 2.0, -1.0, 3.0, 0.0, 1.0, 2.0, 3.0, 1.0, 0.0, 0.0, 0.0, 2.0, 1.0, 0.0, 3.0, 2.0, -1.0, 3.0, 2.0, 3.0, 2.0, 2.0, -1.0, 0.0, 2.0, -1.0, 94436.0, 592.0, 99437.0
-1.0, 0.0, 2.0, -1.0, 0.0, -1.0, 0.0, 1.0, 1.0, -1.0, -1.0, 0.0, 3.0, 2.0, -1.0, -1.0, 0.0, 2.0, 0.0, 3.0, 2.0, 1.0, 1.0, 3.0, 0.0, -1.0, -1.0, 1.0, 3.0, -1.0, 2.0, 3.0, 0.0, 1.0, 2.0, 0.0, 0.0, 2.0, 3.0, 3.0, 1.0, 0.0, -1.0, 2.0, -1.0, 1.0, 2.0, 1.0, 0.0, 1.0, 94905.0, 528.0, 99490.0
2.2026553931, 0.0, 2.15285904429, 3.0, 3.0, 3.0, 0.0, 3.0, 2.0, 3.0, 2.0, 3.0, 1.0, -1.0, 0.0, -1.0, -1.0, 0.0, 2.0, 2.0, 0.0, 1.0, -1.0, -1.0, 0.0, 3.0, 1.0, 1.0, 1.0, 2.0, -1.0, 3.0, 3.0, 0.0, -1.0, 0.0, -1.0, 3.0, 1.0, 0.0, -1.0, 1.0, 2.0, -1.0, 0.0, 0.0, 1.0, 1.0, 2.0, -0.901341636965, 94918.0, 535.0, 99482.0
3.0, 3.0, 3.0, 2.0, 0.0, 1.0, -1.0, 1.0, 0.0, 0.0, 3.0, -1.0, 0.0, 2.0, 2.0, -1.0, 3.0, 0.0, 1.0, 1.0, 2.0, 3.0, 1.0, 0.0, -1.0, -1.0, -1.0, 1.0, 0.0, -1.0, 1.0, -1.0, 0.0, 1.0, 2.0, 0.0, 3.0, 2.0, 3.0, 1.0, 3.0, -1.0, 2.0, 0.0, 2.0, -1.0, -1.0, 0.0, 3.0, 3.0, 94891.0, 532.0, 99487.0
3.0, -1.0, 1.0, 0.0, 2.0, 3.0, 0.0, -1.0, 0.0, 0.0, 3.0, -1.0, 0.0, 3.0, 2.0, 2.0, 2.0, 1.0, 0.0, 1.0, 1.0, 3.0, 2.0, 0.0, 2.0, -1.0, -1.0, 2.0, 1.0, 1.0, -1.0, -1.0, 0.0, 2.0, 1.0, 0.0, 1.0, 0.0, -1.0, 1.0, 1.0, 1.0, -1.0, 2.0, 3.0, 3.0, 0.0, -1.0, -1.0, 1.0, 94802.0, 537.0, 99487.0
3.0, 1.0, 1.0, 1.0, 1.0, 3.0, 0.0, 3.0, -1.0, 1.0, -1.0, 1.0, 3.0, -1.0, 0.0, 1.0, 0.0, 0.0, 0.0, 0.886293037502, 2.0, -1.0, 2.02077147214, 2.0, 3.0, 0.0, -1.0, 0.0, -1.0, 2.0, 2.0, 0.0, -1.0, 0.0, 1.0, 3.0, 2.0, 2.0, 0.0, 2.0, 3.0, 2.0, -1.0, 3.0, 1.0, 0.0, -0.684061498217, -1.0, 2.0, 1.0, 94580.0, 538.0, 99469.0
-1.0, 0.0, 1.0, 1.0, 1.0, -1.0, 3.0, 1.0, 2.0, 1.0, 0.0, 2.0, 1.0, -1.0, -1.0, 3.0, 3.0, 0.0, 1.0, 3.0, 0.0, -1.0, -1.0, -1.0, 2.0, 1.81699066851, 0.0, 0.0, 3.0, 3.0, -1.0, 2.0, 1.0, 3.0, 0.0, 0.0, 0.0, 3.0, 0.19168370419, 0.0, 2.0, -1.0, 2.0, 1.4186145747, 3.0, 2.0, 2.0, 1.0, 2.0, 1.0, 94721.0, 559.0, 99453.0
1.0, 2.0, -1.0, -1.0, 1.0, 1.0, -1.0, 2.0, 1.0, 0.0, 3.0, 1.0, 2.0, 1.0, 3.0, -1.0, -1.0, 0.0, 0.0, 2.0, -1.0, 3.0, -1.0, 0.0, -1.0, 1.0, 2.0, 3.0, 3.0, 0.0, 1.0, 2.0, 0.0, 2.0, 0.0, 3.0, 1.0, 0.0, -1.0, 2.0, 2.0, 3.0, 1.0, 2.0, 0.0, 3.0, -1.0, 3.0, 0.0, 0.0, 94720.0, 560.0, 99459.0
-1.0, -1.0, 0.0, 1.0, 1.0, 0.0, 0.0, 2.0, 3.0, 1.0, -1.0, 0.712677114439, 2.0, 2.0, -1.0, 1.0, 3.0, 1.0, -1.0, 0.0, -1.0, 1.0, -1.0, 1.85347531732, 2.0, 0.0, -1.0, -1.0, 3.0, 2.56442209995, 1.0, 0.593229065559, 0.0, 3.0, 1.0, 3.0, 1.0, 3.0, -1.0, 2.0, -1.0, 3.0, 0.185633942813, -1.0, 2.0, 0.0, 3.0, 2.0, 0.0, 3.0, 95180.0, 530.0, 99489.0
1.0, 3.0, -1.0, 0.0, 1.0, -1.0, 3.0, 2.0, -1.0, 2.0, -1.0, -1.0, 2.0, 2.0, -1.0, 1.0, 0.0, 3.0, 3.0, 1.0, 0.0, 2.0, -1.0, 3.0, 0.0, 2.0, -1.0, 2.0, 0.0, -1.0, 0.0, 1.0, -1.0, 0.0, 0.0, 2.0, 3.0, -1.0, -1.0, 1.0, 3.0, 1.0, 3.0, -1.0, 0.0, 1.0, 0.0, 3.0, 0.0, 2.0, 95334.0, 509.0, 99509.0
3.0, 1.0, 2.0, -1.0, 3.0, 0.0, 2.0, -1.0, 1.0, 0.0, 2.0, 1.19476461611, 0.0, -1.0, 1.0, 3.0, 2.0, -1.0, -0.15536645772, 1.0, -1.0, 3.0, -1.0, 3.0, 2.0, 3.0, 2.0, 0.0, 2.0, 0.0, 1.0, -1.0, -1.0, 1.0, -1.0, 2.0, 2.22440608743, -0.392584105755, 0.0, -1.0, 0.0, 2.0, 1.0, -1.0, 3.0, 2.0, -1.0, -1.0, 0.0, 0.0, 95248.0, 512.0, 99524.0
2.0, 1.0, 2.0, 0.0, 2.0, 3.0, 3.0, -1.0, 1.0, 3.0, 0.0, 0.0, 3.0, 1.0, 3.0, 0.0, 2.0, 0.0, 2.0, 0.0, 3.0, -1.0, 2.0, 1.0, 1.0, 3.0, 3.0, 3.0, 2.0, 1.0, -1.0, -1.0, 1.0, 2.0, 0.0, 1.0, -1.0, 1.0, 3.0, 0.0, 1.0, -1.0, 3.0, -1.0, 0.0, 0.0, 2.0, 1.0, 2.0, 0.0, 94517.0, 588.0, 99431.0
3.0, 1.0, 0.0, 0.0, 2.26363841231, 2.0, 0.891888257255, 0.0, -1.0, 0.64587098437, 2.0, -1.0, 0.0, -1.0, 1.0, -1.0, 2.0, 3.0, 2.37323320607, 1.0, -1.0, 0.0, -1.0, 3.0, 2.0, -1.0, 1.0, 2.0, 3.0, -1.0, 3.0, 3.0, 2.0, 1.0, 1.0, 1.0, 0.631589849544, -0.121406216977, 2.0, 3.0, 3.0, 1.0, 3.0, 2.0, -1.0, -1.0, 0.0, 3.0, 0.0, 3.0, 95089.0, 555.0, 99464.0
0.0, 0.0, 1.0, 2.0, 1.0, -1.0, 2.0, 0.0, -1.0, 2.0, 1.0, 1.0, -1.0, 0.0, 2.0, 2.0, 1.0, 1.0, 1.0, 3.0, 2.0, 2.0, 3.0, -1.0, -1.0, 1.0, -1.0, -1.0, 0.0, 2.0, 3.0, 1.0, 0.0, -1.0, -1.0, 0.0, 0.0, 0.0, 0.0, -1.0, 3.0, 3.0, 1.0, 2.0, 0.0, 2.0, -1.0, -1.0, 3.0, 3.0, 95124.0, 518.0, 99516.0
1.0, -1.0, 0.0, -1.0, 1.0, -1.0, -1.0, 1.0, 3.0, 0.0, 0.0, 0.0, 1.0, 1.0, 0.0, 1.0, 0.0, 3.0, 0.0, -1.0, 0.0, 2.0, 2.0, 2.0, -1.0, -1.0, 2.0, -1.0, 1.0, 3.0, 3.0, -1.0, 1.0, 3.0, 1.0, 2.0, 3.0, 2.0, -1.0, 0.0, -1.0, 2.0, 3.0, -1.0, 0.0, 2.0, -1.0, 0.0, 1.0, 3.0, 95158.0, 516.0, 99519.0
0.0, 1.0, -1.0, -1.0, 3.0, 3.0, 1.0, -1.0, 1.0, 0.0, -1.0, 0.0, 0.0, 3.0, 0.0, 0.0, 2.0, -0.681437686686, -1.0, -1.0, -1.0, 1.0, 1.0, 0.0, 2.0, -1.0, 0.106551094939, 2.0, 1.0, 2.0, 3.0, -1.0, -1.0, -1.0, 2.0, 1.0, 2.0, 2.0, 1.0, 0.0, -1.0, -1.0, 0.0, -1.0, 2.0, -1.0, 1.0, 2.0, 1.0, 3.0, 95440.0, 477.0, 99556.0
-1.0, 2.65456673951, -1.0, -1.0, 0.0, 3.0, -1.0, 3.0, 1.0, 3.0, 0.280761318954, -1.0, -0.626777803268, -1.0, -1.0, -1.0, 3.0, 0.0, 1.0, -1.0, 1.0, 1.0, -1.0, 2.0, 3.0, 1.0, 3.0, 0.0, -0.470240288017, -1.0, 2.0, 2.0, -1.0, 2.0, 0.0, -1.0, 0.0, 2.0, 0.0, 0.0, 2.0, -1.0, 3.0, 2.0, 1.0, 2.0, 0.0, 2.0, 2.56839441064, 2.0, 95557.0, 491.0, 99549.0
1.0, 2.0, 2.0, -1.0, -1.0, 0.0, 0.0, 0.0, 1.0, 2.0, 0.0, -1.0, 0.0, 3.0, 2.0, 3.0, -1.0, 1.0, 3.0, 3.0, 2.0, 3.0, -1.0, 0.0, -1.0, 2.0, -1.0, -1.0, -1.0, -1.0, -1.0, 3.0, 2.0, 0.0, 1.0, 1.0, 1.0, 3.0, -1.0, 2.0, 0.0, 3.0, 2.0, -1.0, 2.0, 2.0, 0.0, -1.0, 2.0, -1.0, 95789.0, 487.0, 99545.0
3.0, 1.0, 2.0, -1.0, 3.0, 0.0, 2.0, -1.0, 1.0, 0.0, 2.0, 0.0, 0.0, -1.0, 1.0, 3.0, 2.0, -1.0, 1.0, 1.0, -1.0, 3.0, -1.0, 3.0, 2.0, 3.0, 2.0, 0.0, 2.0, 0.0, 1.0, -1.0, -1.0, 1.0, -1.0, 2.0, -1.0, 1.0, 0.0, -1.0, 0.0, 2.0, 1.0, -1.0, 3.0, 2.0, -1.0, -1.0, 0.0, 0.0, 95394.0, 499.0, 99535.0
-1.0, 3.0, -1.0, -1.0, 0.0, 3.0, -1.0, 3.0, 1.0, 3.0, 1.0, -1.0, 0.0, -1.0, -1.0, -1.0, 3.0, 0.0, 1.0, -1.0, 1.0, 1.0, -1.0, 2.0, 3.0, 1.0, 3.0, 0.0, 0.0, -1.0, 3.0, 2.0, -1.0, 2.0, 0.0, -1.0, 0.0, 2.0, 0.0, 0.0, 2.0, -1.0, 3.0, 2.0, 1.0, 2.0, 0.0, 2.0, 1.0, 2.0, 95280.0, 504.0, 99532.0
0.0, 0.0, -1.0, 1.0, 3.0, 2.0, 2.0, -1.0, 1.0, -1.0, -1.0, 3.0, 1.0, -1.0, 1.0, 1.0, -1.0, -1.0, 2.0, 3.0, 2.0, 1.0, 0.0, 2.0, 0.0, -1.0, 0.0, 0.0, 2.0, 3.0, 2.0, 0.0, -1.0, -1.0, 2.0, 0.0, -1.0, 2.0, 1.0, 2.0, 3.0, 3.0, 3.0, 0.0, 0.0, 0.0, 1.0, 1.0, -1.0, 1.0, 95041.0, 535.0, 99490.0
3.0, 1.0, 1.0, 1.0, 1.0, 3.0, 0.0, 3.0, -1.0, 1.0, -1.0, 1.0, 3.0, -1.0, 0.0, 1.0, 0.0, 0.0, 0.0, -1.0, 2.0, -1.0, 2.0, 2.0, 3.0, 0.0, -1.0, 0.0, -1.0, 2.0, 2.0, 0.0, -1.0, 0.0, 1.0, 3.0, 2.0, 2.0, 0.0, 2.0, 3.0, 2.0, -1.0, 3.0, 1.0, 0.0, 1.0, -1.0, 2.0, 1.0, 94650.0, 543.0, 99473.0
2.0, 3.0, -1.0, 2.0, -1.0, 1.0, -1.0, -1.0, -1.0, 3.0, 2.0, 1.0, 0.0, -1.0, 2.0, 3.0, 2.0, 2.0, 1.0, 0.0, 1.0, -1.0, -1.0, 0.0, 0.0, 3.0, 2.0, 2.0, 1.0, 3.0, 1.0, 0.0, 2.0, -1.0, 0.0, 0.0, -1.0, 3.0, 0.0, 1.0, 2.0, 3.0, 1.0, 0.0, 0.0, 2.0, 1.0, 3.0, 0.0, 1.0, 94741.0, 550.0, 99470.0
1.0, 3.0, 0.0, -1.0, 3.0, 2.0, 2.0, 3.0, 2.0, 0.0, 1.0, 3.0, 1.0, -1.0, 0.0, 1.0, 0.0, 0.0, 2.0, -1.0, 0.0, 1.0, 1.0, 1.0, 3.0, 1.0, 0.0, 0.0, 2.0, 1.0, -1.0, -1.0, 0.0, 0.0, 0.0, 3.0, 2.0, 1.0, -1.0, 2.0, 3.0, 3.0, 3.0, -1.0, 3.0, 2.0, 2.0, 2.0, 3.0, -1.0, 94766.0, 581.0, 99453.0
2.0, 0.0, 2.0, 3.0, 3.0, 3.0, 0.0, 3.0, 2.0, 3.0, 2.0, 3.0, 1.0, -1.0, 0.0, -1.0, -1.0, 0.0, 2.0, 2.0, 0.0, 1.0, 1.0, -1.0, 0.0, 3.0, 1.0, 1.0, 1.0, 2.0, -1.0, 3.0, 3.0, 0.0, -1.0, 0.0, -1.0, 3.0, 1.0, 0.0, -1.0, 1.0, 2.0, -1.0, 0.0, 0.0, 1.0, 1.0, 2.0, 0.0, 94728.0, 566.0, 99465.0
1.0, 2.0, 0.0, 3.0, -1.0, 0.0, -1.0, 3.0, 2.0, 3.0, 1.0, 3.0, 1.0, 0.0, 1.0, 2.0, 3.0, 1.0, 3.0, -1.0, -1.0, 0.0, 1.0, 3.0, 2.0, 3.0, -1.0, 2.0, 2.0, 2.0, -1.0, -1.0, 0.0, 0.0, 0.0, 1.0, 0.0, 1.0, 1.0, -1.0, 2.0, 2.0, 0.0, 3.0, 2.0, 1.0, 2.0, 1.0, 0.0, -1.0, 94780.0, 564.0, 99466.0
1.0, 1.0, 3.0, 2.0, 3.0, 0.0, -1.0, 1.0, 0.0, 1.0, 2.0, 1.0, 1.0, -1.0, -1.0, 1.0, 2.0, 0.0, 1.0, 3.0, 3.0, 2.0, 2.0, 0.0, 3.0, 2.0, -1.0, 3.0, 1.0, -1.0, 2.0, 0.0, -1.0, 3.0, -1.0, 0.0, 2.0, 2.0, 0.0, 0.0, 0.0, 2.0, -1.0, 0.0, 0.0, 0.0, 3.0, 1.0, 1.0, 3.0, 94656.0, 581.0, 99466.0
2.0, 1.0, 3.0, -1.0, 1.0, 1.0, 2.0, 3.0, 2.0, 1.0, -1.0, 0.0, 0.0, 0.0, 0.0, -1.0, 0.0, 2.0, -1.0, -1.0, 1.0, -1.0, 2.0, 0.0, -1.0, -1.0, 0.0, 1.0, -1.0, 1.0, 1.0, 0.0, 2.0, -1.0, 2.0, 3.0, 3.0, -1.0, 1.0, -1.0, 2.0, 3.0, 1.0, 2.0, -1.0, -1.0, 0.0, 1.0, 3.0, 0.0, 95241.0, 500.0, 99533.0
1.0, 0.0, 3.0, 2.0, 3.0, 3.0, -1.0, 2.0, -1.0, 1.0, -1.0, 1.0, 1.0, 2.0, 0.0, -1.0, -1.0, 3.0, 2.0, -1.0, 1.0, 2.0, 0.0, -1.0, 3.0, 3.0, 1.0, -1.0, 3.0, 1.0, 1.0, 0.0, 0.0, -1.0, 1.0, 0.0, 2.0, 0.0, 0.0, 2.0, 2.0, 0.0, 0.0, -1.0, 0.0, 3.0, -1.0, 2.0, 1.0, 3.0, 95049.0, 531.0, 99491.0
-1.0, 1.0, -1.0, 2.0, 3.0, 0.31702818402, 2.0, 0.0, -1.0, 2.0, 1.0, 1.0, 3.0, 0.0, 1.0, 0.0, 3.0, 3.0, 3.0, 0.0, -1.0, 3.0, 0.0, -1.0, 0.0, 2.0, 0.0, 0.0, 0.0, -1.0, -1.0, 3.0, -1.0, 2.0, 3.0, 1.0, 2.0, -1.0, 1.0, 2.0, 1.0, 2.0, 1.0, -1.0, 1.0, 3.0, 2.0, 1.0, -1.0, -1.0, 95307.0, 530.0, 99501.0
-1.0, 2.0, 3.0, -1.0, 0.0, 2.0, 1.0, 0.0, 2.0, 1.0, -1.0, -1.0, 2.0, 1.0, 3.0, 3.0, 0.0, -1.0, -1.0, 2.0, 3.0, 0.0, -1.0, 0.0, -1.0, 1.0, 0.0, 2.0, 1.0, -1.0, 3.0, 3.0, 0.0, 3.0, 3.0, -1.0, 2.0, 2.0, 2.50294987014, -1.0, 2.0, 1.0, 0.0, 2.0, 3.0, -0.818387783449, -1.0, 1.0, 1.0, 0.0, 95387.0, 529.0, 99501.0
1.0, 3.0, -1.0, 0.0, 1.0, -1.0, 3.0, 2.0, -1.0, 2.0, -1.0, -1.0, 2.0, 2.0, -1.0, 1.0, 0.0, 3.0, 3.0, 1.63861254841, 0.0, 2.0, -1.0, 3.0, 0.0, 2.0, -1.0, 2.0, 0.0, -1.0, 0.0, 1.34422382874, -1.0, 0.0, 0.0, 2.0, 3.0, -1.0, -1.0, 1.0, 3.0, 1.0, 3.0, -1.0, 0.0, 1.0, 0.0, 3.0, 0.0, 2.0, 95381.0, 509.0, 99509.0
0.0, 2.0, 0.0, 1.0, 2.0, 1.0, -0.194278728801, -1.0, 3.0, 2.0, -1.0, -1.0, 3.0, 1.0, 2.0, 3.0, -1.0, 2.0, 1.0, 0.0, 1.0, 1.0, 1.0, -1.0, 0.0, 2.0, 2.0, 0.0, 0.0, 2.0, 3.0, 1.0, 2.0, 1.0, 0.0, 0.0, 1.0, 0.0, 0.0, -0.564227407448, 1.0, 3.0, 0.0, 3.0, -1.0, 3.0, 3.0, 3.0, -1.0, 2.0, 94557.0, 588.0, 99450.0
1.37409851147, 3.0, -1.0, 1.0, -1.0, 2.0, -1.0, -1.0, 1.82194811051, 2.70452272676, -1.0, 2.91205987716, -1.0, -0.295111490442, -1.0, -1.0, 1.0, 0.0, -1.0, 1.0, 3.0, 3.0, 3.0, 0.0, 0.0, 1.0, 1.0, -1.0, 2.0, 3.0, 3.0, 3.0, 1.0, 1.0, 2.0, 0.234277525402, 1.0, 0.0, -1.0, 0.0, 2.0, 0.0, 2.0, 3.0, 0.0, 2.0, 0.0, -1.0, 0.0, 1.0, 95278.0, 521.0, 99516.0
-1.0, 0.0, 0.0, 3.0, 3.0, 1.0, -1.0, -1.0, 1.0, 1.0, 3.0, 0.0, 2.0, -1.0, 0.0, 1.0, 3.0, 3.0, -1.0, 3.0, 2.0, 2.0, 0.0, 0.0, 1.0, 0.0, 2.0, 2.0, 0.0, 0.0, 2.0, 3.0, -1.0, -1.0, 1.0, 1.0, -1.0, -1.0, 2.0, 0.0, 3.0, -1.0, 1.0, -1.0, 1.0, 2.0, 1.0, -1.0, 3.0, 0.0, 95260.0, 525.0, 99522.0
-1.0, 2.0, -1.0, 3.0, -1.0, 3.0, -1.0, 2.0, 2.0, 0.0, 1.0, 1.0, -1.0, -1.0, -1.0, 2.0, 3.0, -1.0, 1.0, -1.0, 0.0, 3.0, 1.0, 2.0, -1.0, 1.0, 3.0, 1.0, 0.0, 1.0, 0.0, -1.0, -1.0, 0.0, 0.0, -1.0, 3.0, 0.0, 1.0, 1.0, 3.0, 2.0, 2.0, 3.0, 2.0, 1.0, -1.0, -1.0, 0.0, 0.0, 95738.0, 485.0, 99573.0
0.0, 1.0, 0.0, 1.0, -0.947572161539, 0.0, 2.0, 2.0, -1.0, 2.0, 3.0, 2.0, 0.0, 3.0, -1.0, 2.0, 0.0, -1.0, 3.0, 2.0, 0.0, -1.0, -1.0, 3.0, 3.0, -1.0, 1.0, 1.0, 2.0, -1.0, 0.0, 1.0, 1.35230670223, 2.0, 3.0, 3.0, 1.0, 2.0, 3.0, -1.0, 1.0, -1.0, -1.0, 1.0, -1.0, 1.88838709992, 0.0, -1.0, -0.358863068072, 1.0, 95606.0, 514.0, 99533.0
0.0, 2.0, -1.0, 2.0, 2.0, -1.0, 2.0, 3.0, 3.0, 2.0, 1.0, 1.0, 2.0, -1.0, 3.0, 0.0, -1.0, 3.0, -1.0, -1.0, 1.0, 0.0, -1.0, 1.0, 1.0, 0.0, 1.0, 2.0, 3.0, -1.0, 1.0, 3.0, -1.0, -1.0, -1.0, 0.0, -1.0, 0.0, 0.0, 2.0, 0.0, 2.0, 0.0, -1.0, 2.0, 2.0, 2.0, 1.0, 0.0, 1.0, 95438.0, 520.0, 99525.0
1.0, 3.0, 3.0, 0.0, -1.0, 0.0, 0.0, 1.0, 0.0, -1.0, 1.0, 2.0, 2.0, 0.0, 0.0, 2.0, 0.0, -1.0, 2.0, -1.0, 2.0, 2.0, 1.0, -1.0, 1.0, -1.0, 2.0, 1.0, 2.0, 2.0, -1.0, 2.0, 3.0, 3.0, 0.0, 3.0, -1.0, 0.0, -1.0, 0.0, 0.0, 3.0, -1.0, 1.0, -1.0, -1.0, -1.0, 3.0, 3.0, 1.0, 95409.0, 522.0, 99514.0
2.0, 2.0, 3.0, -1.0, 3.0, 3.0, -1.0, 0.0, 2.0, 1.0, 3.0, 0.0, 2.0, -1.0, 1.0, 1.0, 3.0, 0.0, 3.0, 1.0, 0.0, 1.0, -1.0, -1.0, 0.0, 0.0, -1.0, 1.0, 1.0, 1.0, 0.0, 2.0, 0.0, 2.0, 1.0, 2.0, 3.0, 3.0, 2.0, 0.0, -1.0, 1.0, 1.0, -1.0, 2.0, 3.0, 2.0, 2.0, -1.0, 0.0, 94907.0, 569.0, 99464.0
-1.0, 1.0, -1.0, 2.0, 3.0, 0.0, 2.0, 0.0, -1.0, 3.0, 1.0, 1.0, 3.0, 0.0, 1.0, 0.0, 3.0, 3.0, 3.0, 0.0, -1.0, 3.0, 0.0, -1.0, 0.0, 2.0, 0.0, 0.0, 0.0, -1.0, -1.0, 3.0, -1.0, 2.0, 3.0, 1.0, 2.0, -1.0, 1.0, 2.0, 1.0, 2.0, 1.0, -1.0, 1.0, 3.0, 2.0, 1.0, -1.0, -1.0, 95330.0, 530.0, 99501.0
2.0, 3.0, -1.0, 2.0, -1.0, 1.0, -1.0, -1.0, -1.0, 3.0, 2.0, 1.0, 0.0, -1.0, 2.79690680714, 3.0, 2.0, 2.0, 1.0, 0.0, 1.0, -1.0, -1.0, 0.0, 0.0, 3.0, 2.0, 2.0, 1.0, 3.0, 0.883762451377, 0.0, 2.0, -1.0, 0.0, 0.0, -1.0, 3.0, 0.0, 1.0, 2.0, 1.28950847832, 1.0, 0.0, 0.0, 2.0, 1.0, 3.0, 0.0, 1.0, 94746.0, 550.0, 99470.0
1.0, 2.0, 0.0, -0.948316862632, -1.0, 3.0, 0.0, 1.75613710956, 0.0, 1.0, -0.938867187793, 0.0, 0.0, 2.0, -1.0, 1.0, 2.0, -1.0, 0.0, 2.0, 0.0, 1.0, 2.0, 2.0, 1.0, 1.0, 1.0, 0.0, 3.0, 1.0, 3.0, -1.0, -1.0, 0.0, 1.0, -1.0, 3.0, 2.0, 3.0, 1.0, -1.0, -1.0, 0.0, 1.0, 3.0, 0.0, -1.0, 3.0, 3.0, 2.0, 94983.0, 541.0, 99505.0
3.0, 2.0, 3.0, 0.787146659935, -1.0, 3.0, -1.0, 0.0, 0.0, -1.0, 0.499189526362, 1.0, 0.0, 2.0, 2.0, -1.0, 3.0, -1.0, 3.0, 1.0, 0.0, -1.0, 1.0, 3.0, -1.0, 0.0, 3.0, 1.0, 0.0, 2.45886575073, -1.0, 3.0, 1.0, 1.0, -1.0, -1.0, 3.0, 1.0, 3.0, 3.0, 2.0, 2.0, 2.0, 0.0, -1.0, 0.0, 2.05372659554, 0.0, 3.0, 1.0, 95236.0, 541.0, 99486.0
2.0, 2.0, 3.0, 0.0, 0.0, 0.0, 1.0, 1.0, 1.0, 0.0, 0.0, 2.0, 2.0, 3.0, 1.0, 2.0, -1.0, 0.0, 2.0, -1.0, 2.0, 1.0, -1.0, 2.0, -1.0, 0.0, 1.0, 1.0, 1.0, 2.0, 0.0, -1.0, 3.0, 3.0, 3.0, 3.0, 2.0, 3.0, 3.0, 0.0, -1.0, 0.0, 1.0, 3.0, 3.0, 0.0, -1.0, -1.0, 2.0, 1.0, 95006.0, 579.0, 99460.0
-1.0, 0.0, 0.0, 3.0, 3.0, 1.0, -1.0, -1.0, 2.46344968416, 1.0, 3.0, 0.0, 2.0, -1.0, 0.0, 1.0, 3.0, 3.0, -1.0, 3.0, 2.67458478304, 2.0, 0.0, 0.0, 1.0, 0.0, 2.0, 2.0, 0.0, 0.0, 2.0, 3.0, -1.0, -1.0, 1.0, 1.0, -1.0, -1.0, 2.0, 0.0, 3.0, -1.0, 1.0, -0.500950732917, 1.0, 2.0, 1.0, -1.0, 3.0, 0.0, 95312.0, 525.0, 99522.0
-1.0, 0.0, 1.0, 2.0, 1.0, -1.0, 0.0, 2.0, -1.0, 1.0, 2.0, -1.0, 3.0, -1.0, 0.0, -1.0, 2.0, 2.0, -1.0, 3.0, 1.0, -1.0, 1.0, 0.0, 0.0, 1.0, 0.0, 1.0, 3.0, 2.0, 3.0, 3.0, 0.0, 2.0, -1.0, -1.0, 3.0, 1.0, -1.0, 3.0, 0.0, 0.0, 2.0, 2.0, 1.0, 1.0, 2.0, 1.0, 3.0, 0.0, 94955.0, 543.0, 99479.0
1.0, 2.0, 3.0, 1.0, 3.0, 3.0, 2.0, 2.0, 0.0, 1.0, 1.0, -1.0, -1.0, -1.0, 1.0, 1.0, 3.0, 2.0, -1.0, 2.0, 0.0, 3.0, -1.0, 1.0, 0.0, 2.0, 2.0, 0.0, 3.0, -1.0, 2.0, 0.0, 3.0, 1.0, 0.0, 3.0, 3.0, 2.0, 3.0, 3.0, -1.0, -1.0, 2.0, 1.0, 1.0, 0.0, 0.0, 0.0, 0.0, 3.0, 94790.0, 587.0, 99458.0
