2.0, 2.0, 3.0, 0.0, 1.0, -1.0, 2.0, -1.0, 3.0, 3.0, -1.0, 3.0, 2.84796739306, 2.0, -1.0, 3.0, 3.0, 1.0, -0.12071469339, 2.0, 1.0, 0.894009517936, 1.78263943312, -1.0, -0.324760807626, -1.0, 1.0, -1.0, 3.0, 0.0, -1.0, 3.0, 1.0, 0.0, 1.0, 1.95661169884, 1.0, 0.0, -1.0, 0.0, 2.0, 2.0, 0.210283920181, 0.0, -1.0, -1.0, -1.0, 1.0, 3.0, 0.0, 95118.0, 515.0, 99490.0
0.0, 2.0, 1.0, 1.0, 2.0, 1.0, -1.0, 2.0, -1.0, 0.0, -1.0, 2.0, 0.0, -1.0, 2.0, 1.0, 2.0, 3.0, 2.0, 1.0, 0.0, -1.0, 2.0, 2.0, 1.0, -1.0, 1.0, 1.0, 2.0, 2.0, 0.0, 1.0, -1.0, 0.0, 0.0, -1.0, -1.0, 0.0, 3.0, 0.0, 3.0, 1.0, 1.0, 0.0, 3.0, 0.0, -1.0, 3.0, 3.0, -1.0, 94709.0, 526.0, 99469.0
0.0, 1.0, 0.0, -1.0, 3.0, 3.0, 1.0, 1.67216953363, 1.0, 0.0, -1.0, 0.0, 0.0, 3.0, 0.0, -0.874297609703, 2.0, 0.0, -1.0, -1.0, -1.0, 1.0, 0.0474555795086, 0.0, 2.0, -1.0, 1.0, 2.0, 1.0, 2.7125147546, 3.0, -1.0, -1.0, -1.0, 2.0, 1.0, 0.598006245183, 2.0, 1.0, 0.0, -1.0, -1.0, 0.0, -1.0, 2.0, -1.0, -1.0, 2.0, 1.0, 3.0, 95234.0, 479.0, 99544.0
1.0, 2.0, -1.0, -1.0, 0.498587218336, 1.35828091097, -1.0, -1.0, 1.0, 0.0, 3.0, 1.0, 2.0, 2.53195328359, 3.0, -1.0, 0.0, 0.0, 0.0, 2.0, 3.0, 3.0, -0.899909331147, 1.18106136418, -1.0, 2.12434553911, 2.0, 3.0, 3.0, 0.0, 1.0, 2.0, 0.0, 2.0, 0.0, 3.0, 1.0, 0.0, -1.0, 0.951865997519, 2.0, 3.0, 0.500024807164, 2.0, 1.61579853141, 3.0, -1.0, -0.276245053447, 0.0, 0.0, 94561.0, 568.0, 99446.0
2.0, 2.0, 3.0, 0.0, 1.0, -1.0, 2.0, -1.0, 3.0, 3.0, -1.0, 3.0, 0.0, 2.0, -1.0, 3.0, 3.0, 1.0, -1.0, 2.0, 1.0, 2.0, 0.0, -1.0, 0.0, 1.0, 1.0, -1.0, 3.0, 0.0, -1.0, 3.0, 1.0, 0.0, 1.0, 0.0, 1.0, 0.0, -1.0, 0.0, 2.0, 2.0, 0.0, 0.0, -1.0, -1.0, -1.0, 1.0, 3.0, 0.0, 95014.0, 518.0, 99493.0
3.0, 2.0, 0.0, -0.544644563305, 1.0, 3.0, 3.0, -1.0, -1.0, 0.534187672084, -1.0, 2.0, 3.0, 0.0, 0.0, 0.0, 0.0, 1.0, 2.8562142233, 2.0, 1.0, 1.0, -1.0, 2.0, -1.0, -1.0, -1.0, -1.0, -1.0, 1.0, 3.0, 2.0, -1.0, 0.0, 3.0, 1.0, 2.26092691503, 1.0, 2.0, 0.0, 1.0, -1.0, -0.309305713657, 0.0, -1.0, -1.0, 0.618565242224, -1.0, -1.0, 2.0, 95371.0, 465.0, 99537.0
3.0, 0.0, 2.0, 0.0, 1.0, -1.0, 0.0, 2.0, 1.0, 2.0, 3.0, -1.0, 0.0, 1.0, 3.0, -1.0, 3.0, 1.0, 0.0, 3.0, 3.0, 3.0, 0.0, 0.0, 2.0, 1.0, 0.0, 3.0, 3.0, 1.0, -1.0, 1.0, -1.0, 2.0, 2.0, 3.0, 2.0, 0.0, -1.0, 2.0, 0.0, 1.0, 1.0, 3.0, 1.0, 2.0, -1.0, 2.0, 1.0, -1.0, 94662.0, 574.0, 99437.0
3.0, -1.0, 0.0, 2.0, 0.0, -1.0, -1.0, 1.0, -1.0, 2.0, -1.0, 0.0, 3.0, 0.0, 1.0, -1.0, -1.0, 0.0, 2.0, 3.0, 3.0, 0.0, 2.0, 2.0, -1.0, 0.0, 1.0, 0.0, 1.0, 1.0, 1.0, 1.0, -1.0, 2.0, 2.0, 0.0, 1.0, -1.0, 1.0, 3.0, 0.0, 2.0, 2.0, -1.0, 2.0, 3.0, 2.0, 3.0, 1.0, -1.0, 94979.0, 525.0, 99488.0
2.0, 0.0, 0.0347026880371, 3.0, 2.0, 2.0, 2.0, 0.0, -1.0, 0.0, -1.0, 1.0, 3.0, -1.0, 1.0, 3.0, 0.0, 3.0, 2.0, -1.0, 0.0, 2.0, 1.0, -1.0, 1.0, 0.595132117387, -1.0, -1.0, 0.0, 0.0, -1.0, 3.0, -1.0, 3.0, 1.0, 1.0, -1.0, 2.0, 1.0, 3.0, 0.559770283494, 1.0, 0.406488128029, -1.0, -1.0, 2.0, 0.0, 3.0, 2.03335924431, 1.0, 95193.0, 512.0, 99490.0
1.35074298195, 1.0, -1.0, -1.0, 3.0, 3.0, 1.0, -1.0, 1.0, 0.0, -1.0, -1.0, -0.0893463548947, 3.0, 0.0, -1.0, 3.0, -0.681437686686, -1.0, -1.0, -1.0, 1.0, 1.0, 0.0, 2.0, -1.0, 0.106551094939, -1.0, 1.0, 2.0, 3.0, -1.0, 1.0, -1.0, 2.0, 0.540929788401, -0.15361663744, 2.0, 1.0, 0.0, -1.0, -1.0, 0.0, -1.0, 0.0934754758961, -1.0, 1.0, 1.59154204377, 2.12950795485, 3.0, 95715.0, 446.0, 99580.0
0.0, 0.48890927161, 0.556580344983, -1.0, 3.0, 3.0, 1.0, -1.0, -0.576476856626, 0.0, 1.09741006348, 0.0, 0.0, 3.0, 0.0, 0.0, 2.0, 0.0, -1.0, -1.0, -1.0, -0.123338129079, -1.0, 0.0, 2.0, -1.0, 1.0, 2.0, 1.0, 2.0, 3.0, -1.0, -1.0, -1.0, 2.01652246921, 1.0, 2.0, 2.0, 1.0, 0.0, -1.0, -1.0, 0.0, -1.0, 2.0, -1.0, 1.0, 2.0, 1.0, 3.0, 95174.0, 489.0, 99540.0
2.0, 0.0, -1.0, 3.0, 2.0, 2.0, 2.0, 0.0, -1.0, 0.0, -1.0, 1.0, 3.0, -1.0, 1.0, 3.0, 0.0, 3.0, 2.0, -1.0, 0.0, 2.0, 1.0, -1.0, 1.0, 1.0, -1.0, -1.0, 0.0, 0.0, -1.0, 3.0, -1.0, 3.0, 1.0, 1.0, -1.0, 2.0, 1.0, 3.0, 1.0, 1.0, 0.0, -1.0, -1.0, 2.0, 0.0, 3.0, 2.0, 1.0, 95377.0, 499.0, 99501.0
2.0, 0.0, -1.0, 3.0, 2.0, 2.0, 2.0, 0.0, -1.0, 0.0, -1.0, 1.0, 3.0, -1.0, 1.0, 3.0, 0.0, 3.0, 2.0, -1.0, 0.0, 2.0, 1.0, -1.0, 1.0, 1.0, -1.0, -1.0, 0.0, 0.0, -1.0, 3.0, -1.0, 3.0, 1.0, 1.0, -1.0, 2.0, 1.0, 3.0, 1.0, 1.0, 0.406488128029, -1.0, -1.0, 2.0, 0.0, 3.0, 2.0, 1.0, 95377.0, 499.0, 99501.0
0.0, 1.0, -1.0, -1.0, 3.0, 3.0, 1.0, -1.0, 1.0, 0.0, -1.0, 0.0, 0.0, 3.0, 0.0, 0.0, 2.0, 0.0, -1.0, -1.0, -1.0, 1.0, 1.0, 0.0, 2.0, -1.0, 1.0, 2.0, 1.0, 2.0, 3.0, -1.0, -1.0, -1.0, 2.0, 1.0, 2.0, 2.0, 1.0, 0.0, -1.0, -1.0, 0.0, -1.0, 2.0, -1.0, 1.0, 2.0, 1.0, 3.0, 95248.0, 487.0, 99542.0
3.0, 2.0, 0.0, 1.0, 1.0, 3.0, 3.0, -1.0, -1.0, 0.0, -1.0, 2.0, 3.0, 0.811887579984, 0.0, 0.0, 0.0, 1.0, 2.0, 2.0, 1.0, 1.0, -1.0, 2.48620291063, -1.0, -1.0, -1.0, -1.0, -1.0, 1.0, 3.0, 2.0, -1.0, 0.0, 3.0, 1.0, 3.0, 1.0, 1.0, 0.0, 1.0, -1.0, -0.309305713657, 0.0, 0.242700871998, -1.0, 1.58789406086, -1.0, -1.0, 2.0, 95000.0, 491.0, 99509.0
3.0, 2.0, 0.0, 1.0, 1.0, 3.0, 3.0, -1.0, -1.0, 0.0, -1.0, 2.0, 3.0, 0.0, 0.0, 0.0, 0.0, 1.0, 2.0, 2.0, 1.0, 1.0, -1.0, 2.0, -1.0, -1.0, -1.0, -1.0, -1.0, 1.0, 3.0, 2.0, -1.0, 0.0, 3.0, 1.0, 3.0, 1.0, 2.0, 0.0, 1.0, -1.0, -0.309305713657, 0.0, -1.0, -1.0, 2.0, -1.0, -1.0, 2.0, 95258.0, 476.0, 99525.0
3.0, 2.0, 0.0, 1.0, 1.0, 3.0, 3.0, 2.0, -1.0, 0.0, -1.0, 0.782062935858, 3.0, 0.0, 0.0, 0.0, 0.0, 1.0, 2.0, 2.0, 1.0, 1.0, 2.37997695444, 2.0, -1.0, -1.0, -1.0, -1.0, -1.0, 1.0, 3.0, 1.56833318231, -1.0, 0.0, 2.3884387423, 1.0, 3.0, 1.0, -1.0, 0.0, -1.0, -1.0, 3.0, 0.0, 2.66443947015, -1.0, -0.501854010167, -1.0, 0.266303954813, -0.238886886256, 95135.0, 490.0, 99518.0
2.0, 2.0, 3.0, 0.0, 1.0, -1.0, 2.0, -1.0, 3.0, 3.0, -1.0, 3.0, 2.2286819575, 2.0, -1.0, 3.0, 3.0, 1.0, 0.976145393684, 2.0, 1.0, -0.405726201775, 1.78263943312, -1.0, -0.324760807626, -1.0, 1.0, 2.0, 3.0, 0.0, -1.0, 3.0, -1.0, 0.0, 1.0, 1.95661169884, 1.0, 0.0, -0.758587114724, 0.0, 2.0, 2.0, 0.210283920181, 0.0, -0.345814257066, -1.0, -1.0, 1.0, 3.0, 0.0, 94850.0, 530.0, 99474.0
0.0, 0.0, 1.0, 2.0, 1.51465835086, -1.0, 2.0, 0.0, -1.0, 2.0, 1.0, 1.0, -1.0, -0.0270722457698, 2.0, 2.0, 1.0, 1.0, 1.0, 3.0, 2.0, 2.0, 3.0, 1.29111673832, -1.0, 1.0, -1.0, -0.380657329244, 0.0, 2.0, -1.0, -0.608574593738, 0.0, -1.0, -1.0, 0.0, 0.0, 0.0, 0.0, -1.0, 3.0, 3.0, 1.0, 2.35758313952, 0.0, 2.0, -1.0, -1.0, 3.0, 3.0, 94950.0, 512.0, 99511.0
2.0, 1.0, 2.0, 0.0, 2.0, 3.0, 3.0, -1.0, 1.0, 3.0, 0.0, 0.222344055649, 3.0, 1.2139342709, 3.0, 0.0, 2.0, 0.0, 2.0, 0.0, 3.0, -0.955219918326, 2.0, 1.0, 1.0, 2.12434553911, 3.0, 3.0, 2.0, 1.0, -1.0, -1.0, 1.0, 2.0, 0.0, 1.0, -1.0, 1.0, 3.0, 0.0, 1.0, -1.0, 3.0, -1.0, 0.0, 0.0, 2.0, 1.0, 2.0, 0.0, 94492.0, 588.0, 99431.0
2.0, 0.0, -0.452632110157, 3.0, 2.0, 2.56637182578, 2.0, 0.0, -1.0, 0.0, -1.0, 1.0, 3.0, -1.0, 2.51123364427, 3.0, 0.0, 3.0, 2.0, -1.0, 0.0, 2.0, 1.0, -1.0, 1.0, 1.0, -1.0, -1.0, 0.0, 0.0, -1.0, 3.0, -1.0, 3.0, 1.0, 1.0, -1.0, 2.0, 1.0, 3.0, 1.0, 1.0, 0.406488128029, -1.0, -1.0, 2.0, 0.0, 3.0, 2.0, 1.0, 95332.0, 512.0, 99490.0
-1.0, -1.0, 0.0, 1.0, 1.0, -1.0, -0.0847394122675, 2.0, 3.0, 0.770370203645, -1.0, 0.712677114439, 2.0, 2.55462968409, -1.0, 1.0, 3.0, 1.0, -1.0, 0.0, -1.0, 1.0, -1.0, 1.85347531732, 2.0, 0.0, -1.0, -1.0, 3.0, 1.74795034549, 1.0, 0.14392055935, 0.0, 3.0, 1.0, 3.0, 1.0, 3.0, -1.0, 2.0, -1.0, 3.0, 0.185633942813, -1.0, 2.0, 0.0, 3.0, 2.0, 0.0, 3.0, 95241.0, 516.0, 99499.0
-1.0, 0.0, 2.0, 2.0, 0.0, 2.0, 2.0, 1.0, 3.0, -1.0, -1.0, 2.0, 0.0, 0.0, 3.0, 1.0, -1.0, 1.0, 2.0, 0.0, 2.0, -1.0, 1.0, 3.0, -1.0, -1.0, 0.0, 3.0, 0.0, 0.0, 1.0, 2.0, -1.0, 1.0, 1.0, 1.0, 3.0, 1.0, -1.0, 2.0, 1.0, 0.0, 2.0, 0.0, 3.0, 3.0, 2.0, 0.0, 3.0, -1.0, 94592.0, 559.0, 99450.0
0.0, 3.0, 2.0, 0.0, 0.0, -1.0, 3.0, 1.0, -1.0, 2.0, -1.0, 3.0, -1.0, 1.0, 1.0, -1.0, 2.0, 2.0, 2.0, 3.0, 0.0, 2.0, -1.0, 1.0, 2.0, 0.0, 1.0, 3.0, 0.0, 1.0, 1.0, 0.0, 1.0, 2.0, 3.0, 2.0, 3.0, -1.0, 1.0, 0.0, -1.0, 0.0, 1.0, 3.0, 0.0, -1.0, 3.0, 3.0, 2.0, 0.0, 94773.0, 568.0, 99449.0
1.35074298195, 1.0, -1.0, -1.0, 3.0, 3.0, 1.0, -1.0, 1.0, 0.0, -1.0, -1.0, 0.0, 3.0, 0.0, -1.0, 3.0, -0.681437686686, -1.0, -1.0, -1.0, 1.0, 1.0, 0.0, 2.0, -1.0, 0.106551094939, 2.0, 1.0, 2.0, 3.0, -1.0, -1.0, -1.0, 2.0, 1.0, -0.15361663744, 2.0, 1.0, 0.0, -1.0, -1.0, 0.0, -1.0, 2.0, -1.0, 1.0, 2.0, 2.12950795485, 3.0, 95824.0, 446.0, 99580.0
1.0, 2.0, -1.0, -1.0, 1.0, 1.0, -1.0, 2.0, 1.0, 1.5867398091, 3.0, 1.0, 1.7381131294, 1.0, 3.0, -1.0, -1.0, 0.0, 0.0, 2.0, -0.10103760157, 3.0, -1.0, 0.0, -1.0, 1.0, 2.0, 3.0, 3.0, 0.0, 2.11245566904, 2.9045880329, 0.0, 0.486749163103, 0.0, 3.0, 1.0, 0.945025773961, -1.0, 2.0, 2.0, 3.0, 1.0, 2.0, 0.0, 3.0, -1.0, 2.36467882672, 0.0, 0.0, 94577.0, 573.0, 99449.0
3.0, 2.0, 0.0, 1.0, 1.0, 3.0, 3.0, 2.0, -1.0, 0.0, -1.0, 2.0, 3.0, 0.0, 0.0, 0.0, 0.0, 1.0, 2.0, 2.0, 1.0, 1.0, -1.0, 2.0, -1.0, -1.0, -1.0, -1.0, -1.0, 1.0, 3.0, 2.0, -1.0, 0.0, 3.0, 1.0, 3.0, 1.0, 2.0, 0.0, -1.0, -1.0, 3.0, 0.0, 1.0, -1.0, 2.0, -1.0, -1.0, 2.0, 95234.0, 493.0, 99515.0
2.2026553931, 0.0, 2.15285904429, 3.0, 3.0, 1.54675651139, 0.0, 3.0, 2.0, -1.0, -1.0, 3.0, 1.0, -1.0, 0.0, -1.0, -1.0, 0.0, 2.0, 2.0, 0.0, 1.0, -1.0, -1.0, 0.0, 3.0, 1.0, 1.0, 1.0, -1.0, -1.0, 3.0, 3.0, 0.0, -1.0, 0.0, -1.0, 3.0, 1.0, 0.0, -1.0, 1.0, 2.0, -1.0, 0.0, 0.0, 1.0, 1.0, 2.0, -0.901341636965, 95096.0, 494.0, 99511.0
0.0, 1.0, -1.0, -1.0, 3.0, 3.0, 1.0, -1.0, 1.0, 0.0, -1.0, 0.0, 0.0, 3.0, 0.0, 0.0, 2.0, -0.681437686686, -1.0, -1.0, -1.0, 1.0, 1.0, 0.0, 2.0, -1.0, 0.106551094939, 2.0, 1.0, 2.0, 3.0, -1.0, -1.0, -1.0, 2.0, 1.0, 2.0, 2.0, 1.0, 0.0, -1.0, -1.0, 0.0, -1.0, 2.0, -1.0, 1.0, 2.0, 1.0, 3.0, 95440.0, 477.0, 99556.0
3.0, 2.0, 0.0, 1.0, 1.0, 3.0, 3.0, 2.0, -1.0, 0.0, -1.0, 0.782062935858, 3.0, 0.0, 0.0, 0.0, 0.0, 1.0, 2.0, 2.0, 1.0, 1.0, 1.84690628443, 2.0, -1.0, -1.0, -1.0, -1.0, -1.0, 1.0, 3.0, 2.0, -1.0, 0.0, 3.0, 1.0, 3.0, 1.0, -1.0, 0.0, -1.0, -1.0, 3.0, 0.0, 1.0, -1.0, -0.501854010167, -1.0, -1.0, 2.0, 95352.0, 478.0, 99533.0
3.0, -0.267362071618, 2.15285904429, 2.68861830369, 1.0, 2.63284455059, 2.6780910992, 2.0, -1.0, 0.0, -1.0, 2.0, 3.0, 0.0, 0.0, 0.0, -1.0, 1.0, 2.0, 2.60830110814, 1.0, 1.0, -1.0, 2.0, -1.0, -1.0, -1.0, -1.0, -1.0, -1.0, 3.0, 2.0, -1.0, 0.0, 3.0, 1.0, 3.0, 1.0, 2.0, 0.0, -1.0, -1.0, 3.0, 0.0, 1.0, -1.0, 2.0, -1.0, 2.0, 2.0, 95551.0, 483.0, 99529.0
-1.0, 0.0, 2.0, 2.0, 0.0, 2.0, 2.0, 1.0, 3.0, -1.0, -1.0, 2.0, 0.0, 0.0, 3.0, 1.0, -1.0, 1.0, 2.0, 0.0, 2.0, -1.0, 1.0, 3.0, -1.0, 1.0, 0.0, 3.0, 0.0, 0.0, 1.0, 2.0, -1.0, 1.0, 1.0, 1.0, 3.0, 1.0, -1.0, 2.0, 2.57474890052, 0.0, 2.0, 0.0, 3.0, 3.0, 2.0, 0.0, 3.0, -1.0, 94560.0, 575.0, 99439.0
1.0, 2.0, 0.0, -1.0, 1.0, 2.0, -1.0, -1.0, 2.0, 2.0, -1.0, 0.0, 0.0, -1.0, 2.0, 3.0, -1.0, 1.0, 1.0, -1.0, 1.0, -1.0, -1.0, -1.0, 3.0, 0.0, 0.0, -1.0, 3.0, 1.0, 0.0, 2.0, 0.0, 1.0, 1.0, 2.0, 0.0, 3.0, 3.0, -1.0, 1.0, 0.0, 3.0, 3.0, 3.0, 0.0, 1.0, -1.0, 3.0, -1.0, 95479.0, 492.0, 99520.0
-1.0, 2.0, -1.0, 3.0, -1.0, -1.0, -1.0, 2.0, 2.00484688038, 0.0, 1.0, 1.0, -1.0, -1.0, -1.0, 2.0, 3.0, -1.0, 1.6278693396, -1.0, 0.0, 3.0, 1.0, 2.0, -1.0, 1.0, 3.0, 1.0, 0.0, 1.0, 0.0, -1.0, -1.0, 2.58487226191, 1.00720313763, -1.0, 3.0, 0.0, 1.0, 1.0, 2.62812589767, 2.0, 2.0, 3.0, 2.0, 0.308972352458, -1.0, -1.0, -0.583352646674, 0.0, 96219.0, 459.0, 99598.0
-1.0, 2.0, -1.0, 3.0, -1.0, 3.0, -1.0, 2.0, 2.0, 0.0, 1.0, 1.0, -1.0, -1.0, -1.0, 2.0, 3.0, -1.0, 1.6278693396, -1.0, 0.0, 3.0, 1.0, 2.0, -1.0, 1.0, 3.0, 1.0, 0.0, 1.0, 0.0, -1.0, -1.0, 2.58487226191, 1.00720313763, -1.0, 3.0, 0.0, 1.0, 1.0, 2.62812589767, 2.0, 2.0, 3.0, 2.0, 0.308972352458, -1.0, -1.0, -0.583352646674, 0.0, 96171.0, 473.0, 99588.0
0.679425568813, 3.0, -1.0, 0.0, 2.0, -1.0, 3.0, 2.0, -1.0, 2.79592823053, -1.0, -1.0, 2.0, 2.0, -1.0, 1.0, 0.0, 3.0, 3.0, 1.0, 0.0, 2.0, -1.0, 3.0, 1.03261865722, 2.0, -1.0, 2.0, 0.0, -1.0, 0.0, 1.0, -1.0, 0.0, 0.0, 2.0, 3.0, -1.0, -1.0, 1.0, 3.0, 1.0, 3.0, -1.0, 0.0, 1.0, 0.0, 3.0, -0.687356528462, 2.0, 95659.0, 497.0, 99524.0
2.0, 1.0, 3.0, -1.0, 1.0, -0.534991722967, 2.0, 3.0, 2.0, 1.0, -1.0, 0.0, 0.328044122501, 0.0, 0.0, -1.0, 0.0, 2.0, -1.0, -1.0, 1.0, -1.0, 1.04773138275, 0.0, -1.0, -1.0, 0.0, 1.0, -1.0, 1.0, 1.0, 0.0, 2.0, -1.0, 2.0, 3.0, 3.0, -1.0, 1.0, -1.0, 2.0, 3.0, 2.19095758966, 2.0, -1.0, -1.0, 0.0, 1.0, 3.0, 0.0, 95362.0, 486.0, 99543.0
0.0, 1.0, -1.0, -1.0, 3.0, 3.0, 1.00087158505, -1.0, -0.839554147725, -0.527641696781, -1.0, 0.0, 0.0, 3.0, 0.0, 2.79021767728, 2.0, -0.681437686686, -1.0, -1.0, -1.0, 1.0, 1.0, 0.0, 2.0, -1.0, 0.106551094939, 2.0, 1.3013203973, 2.0, 3.0, -1.0, -1.0, -1.0, 2.0, 1.0, 2.0, 2.0, 1.0, 0.0, 1.74600837043, -1.0, 0.0, 2.04797718329, 2.0, -1.0, 1.0, 2.0, 1.0, 3.0, 95496.0, 479.0, 99540.0
0.0, 0.0, 0.0, 0.0, 1.0, 1.0, 2.0, -1.0, 3.0, 3.0, 1.0, 1.0, 2.0, -1.0, 3.0, 3.0, 2.0, 1.0, -1.0, 1.0, 3.0, 2.0, 3.0, 2.0, 0.0, 2.0, 3.0, -1.0, 0.0, 2.0, -1.0, 3.0, 0.0, 1.0, 2.0, 3.0, 2.0, 3.0, 0.0, -1.0, 0.0, 0.0, 1.0, 1.0, -1.0, 1.0, 0.0, 1.0, 0.0, 2.0, 94466.0, 596.0, 99434.0
1.0, 1.0, 0.0, 1.0, 1.0, 3.0, 3.0, 2.0, 1.0, 1.0, 2.0, 2.0, -1.0, 1.0, 3.0, 0.0, 3.0, 0.0, 0.791055315991, -1.0, 0.0, 3.0, -1.0, 1.0, 2.0, -1.0, 3.0, 0.0790348521675, 1.0, 2.0, 3.0, 1.0, 0.0, 0.0, 0.0, 2.0, 1.0, 0.0, 3.0, 2.0, -1.0, 3.0, 2.0, 3.0, 2.0, 2.0, -1.0, 0.0, 2.0, -1.0, 94379.0, 592.0, 99437.0
2.0, 1.0, 3.0, -1.0, 1.0, 1.0, 2.0, 3.0, 2.0, 1.0, -1.0, 0.0, 0.0, 0.0, 1.75598989299, -1.0, 0.0, 2.7689276125, -1.0, -1.0, 1.0, -1.0, 2.0, -0.243019011266, -1.0, -1.0, 0.0, 1.0, -1.0, -0.0994221635475, 1.0, 0.0, 2.0, -1.0, 2.46978428853, 3.0, 3.0, -1.0, 1.0, -1.0, 0.488458216428, 3.0, 1.0, 3.0, -1.0, 2.5482081632, -0.082232541436, 1.0, 1.42842474667, -0.853067715975, 95305.0, 494.0, 99534.0
-1.0, 0.0, 2.0, -1.0, 0.0, -1.0, 0.0, 1.0, 1.0, -1.0, -1.0, 0.0, 3.0, 2.0, -1.0, -1.0, 0.0, 2.0, 0.0, 3.0, 2.0, 1.0, 1.0, 3.0, 0.0, -1.0, -1.0, 1.0, 3.0, -1.0, 2.0, 3.0, 0.0, 1.0, 2.0, 0.0, 0.0, 2.0, 3.0, 3.0, 1.0, 0.0, -1.0, 2.0, -1.0, 1.0, 2.0, 1.0, 0.0, 1.0, 94905.0, 528.0, 99490.0
-1.0, 0.0, 1.0, 1.0, 1.0, -1.0, 3.0, 1.0, 2.0, 1.0, 0.0, 2.0, 1.0, -1.0, -1.0, 3.0, 3.0, 0.0, 1.0, 3.0, 0.0, -1.0, -1.0, -1.0, 2.0, 1.81699066851, 0.0, 0.0, 3.0, 3.0, -1.0, 2.0, 1.0, 3.0, 0.0, 0.0, 0.0, 3.0, 0.19168370419, 0.0, 2.0, -1.0, 2.0, 1.4186145747, 3.0, 2.0, 2.0, 1.0, 2.0, 1.0, 94721.0, 559.0, 99453.0
0.0, 2.0, 1.0, 1.0, 1.05192229077, 1.0, -1.0, 2.0, -0.555630580657, 0.0, -1.0, 2.0, -0.151905598316, -1.0, 2.0, 2.0, 2.0, 3.0, 2.36497152993, 1.0, 0.0, -1.0, 2.0, 2.0, 1.0, -1.0, 1.0, 1.0, 1.56754962347, 2.0, 0.0, 1.0, -1.0, 0.0, 0.0, 0.0399065097471, -1.0, 0.0, 3.0, 0.0, 3.0, 1.0, 1.0, 0.0, 3.0, 0.0, -1.0, 2.70342386063, 3.0, -1.0, 94532.0, 537.0, 99456.0
2.0, 0.0, -1.0, 3.0, 2.0, 2.0, 2.0, 0.0, -1.0, 0.0, -1.0, 1.0, 3.0, -1.0, 1.0, 3.0, 0.0, 3.0, 2.0, -1.0, 1.83244432771, 2.0, 1.0, -1.0, 1.0, 1.0, -1.0, -1.0, 0.0, 0.0, -1.0, 3.0, -1.0, 3.0, 1.0, 2.45659863784, -1.0, 2.0, 1.0, 3.0, 0.836724107149, 1.0, 0.0, -1.0, -1.0, 2.0, 0.0, 3.0, 2.0, 1.0, 95461.0, 499.0, 99501.0
-1.0, 0.0, 1.0, 1.0, 1.0, -1.0, 3.0, 1.0, 2.0, 1.0, 0.0, 1.19038889961, 1.0, -1.0, -1.0, 3.0, 3.0, 0.0, 1.0, 3.0, 0.0, -1.0, -1.0, -1.0, 2.0, 2.0, 0.0, 0.0, 3.0, 3.0, -1.0, 2.0, 1.0, 3.0, 0.0, 0.0, 0.0, 3.0, -1.0, 0.0, 2.0, -1.0, 1.38410201329, 1.0, 3.0, 2.0, 2.0, -0.796338331452, 2.0, 1.0, 95081.0, 530.0, 99486.0
0.0, 0.0, 1.0, 2.0, 2.0, -1.0, 2.0, 0.0, -1.0, 2.0, 1.0, 1.0, -1.0, 0.0, 2.0, 2.0, 1.0, 1.0, 1.0, 3.0, 2.0, 2.0, 3.0, -1.0, -1.0, 1.0, -1.0, -0.380657329244, 0.0, 2.0, -1.0, -0.608574593738, 0.0, -1.0, -1.0, 0.0, 0.0, 0.0, 0.0, -1.0, 3.0, 3.0, 1.0, 2.0, 0.0, 2.0, -1.0, -1.0, 3.0, 3.0, 95156.0, 497.0, 99527.0
2.0, 1.0, 2.0, 0.0, 2.0, 3.0, 3.0, -1.0, 1.0, 3.0, 0.0, 0.0, 3.0, 1.0, 3.0, 0.0, 2.0, 0.0, 2.0, 0.0, 3.0, -1.0, 2.0, 1.0, 1.0, 3.0, 3.0, 3.0, 2.0, 1.0, -1.0, -1.0, 1.0, 2.0, 0.0, 1.0, -1.0, 1.0, 3.0, 0.0, 1.0, -1.0, 3.0, -1.0, 0.0, 0.0, 2.0, 1.0, 2.0, 0.0, 94517.0, 588.0, 99431.0
