1.35074298195, 1.0, -1.0, -1.0, 3.0, 3.0, 1.0, -1.0, 1.0, 0.0, -1.0, 0.803552871746, 0.0, 3.0, -0.701268627992, -0.958518979982, 3.0, -0.681437686686, -1.0, -0.266732792982, -1.0, 1.0, -0.883206492508, 0.0, 2.0, -1.0, 0.106551094939, 1.8930552097, 1.0, 2.0, 3.0, -1.0, 2.04838531006, -1.0, 2.0, 1.0, -0.15361663744, 2.0, 1.0, 1.21286155699, -1.0, -1.0, 0.0, -1.0, 2.0, -1.0, 1.0, 2.0, 2.12950795485, 3.0, 95703.0, 457.0, 99564.0
1.35074298195, 1.0, -1.0, -1.0, 3.0, 3.0, 1.0, -1.0, 1.0, 0.0, -1.0, -1.0, -0.0893463548947, 3.0, 0.0, -1.0, 3.0, -0.681437686686, -1.0, -1.0, -1.0, 1.0, 1.0, 0.0, 2.0, -1.0, 0.106551094939, -1.0, 1.0, 2.0, 3.0, -1.0, 1.0, 2.0, 2.0, 0.540929788401, -0.15361663744, 2.0, 1.0, 0.0, -1.0, -1.0, 0.0, 0.233750531693, 0.0934754758961, -1.0, 1.0, 1.59154204377, 0.0, 3.0, 95228.0, 475.0, 99544.0
0.0, 2.0, 1.0, 1.0, 2.0, 1.0, -1.0, 2.0, -1.0, 0.0, -1.0, 2.0, 0.0, -1.0, 2.0, 1.0, 2.0, 3.0, 2.0, 1.0, 0.0, -1.0, 2.0, 2.0, 1.0, -1.0, 1.0, 1.0, 2.0, 2.0, 0.0, 1.0, -1.0, 0.0, 0.0, -1.0, -1.0, 0.0, 3.0, 0.0, 3.0, 1.0, 1.0, 0.0, 3.0, 0.0, -1.0, 3.0, 3.0, -1.0, 94709.0, 526.0, 99469.0
0.0, 2.0, 1.0, 0.896425899408, 2.0, 1.0, -1.0, 2.0, -1.0, 0.0, -1.0, 2.0, 0.0, -1.0, 2.0, 1.0, 2.0, 3.0, 2.0, 1.0, 0.0, -1.0, 2.0, 2.0, 1.0, -1.0, 1.0, 1.0, 2.0, 2.0, 0.0, 1.0, -1.0, 0.0, 0.0, -1.0, -1.0, 0.0, 3.0, 0.0, 3.0, 1.0, 1.0, 0.0, 3.0, 0.0, -1.0, 3.0, 3.0, -1.0, 94709.0, 526.0, 99469.0
3.0, 2.0, 0.0, 2.79386794126, 1.0, 3.0, 3.0, 2.0, -1.0, -0.263597709148, -1.0, 0.782062935858, 3.0, 0.0, 0.0, -0.296450425501, 0.0, -0.626341499205, 2.0, 2.0, 1.0, -0.961984103621, 2.37997695444, 2.0, -1.0, -1.0, -1.0, -1.0, -1.0, 1.62147715746, 3.0, 1.56833318231, -1.0, 0.0, 2.3884387423, 1.0, 3.0, 1.0, -1.0, 0.0, -1.0, -1.0, 3.0, 0.0, 2.66443947015, -0.651743583816, -0.501854010167, -1.0, 0.449090522325, -0.238886886256, 95513.0, 462.0, 99541.0
3.0, 2.0, 0.0, -0.544644563305, 1.0, 3.0, 3.0, -1.0, -1.0, 0.534187672084, -1.0, 2.0, 3.0, 0.0, 0.0, 0.0, 0.0, 1.0, 2.8562142233, 2.0, 1.0, 1.0, -1.0, 2.0, -1.0, -1.0, -1.0, -1.0, -1.0, 1.0, 3.0, 2.0, -1.0, 0.0, 3.0, 1.0, 2.26092691503, 1.0, 2.0, 0.0, 1.0, -1.0, -0.309305713657, 0.0, -1.0, -1.0, 0.618565242224, -1.0, -1.0, 2.0, 95371.0, 465.0, 99537.0
1.35074298195, 1.0, -1.0, -1.0, 3.0, 3.0, 1.0, -1.0, 1.0, 0.0, -1.0, -1.0, -0.0893463548947, 3.0, 0.0, -1.0, 3.0, -0.681437686686, -1.0, -1.0, -1.0, 1.0, 1.0, 0.0, 2.0, -1.0, 0.106551094939, -1.0, 1.0, 2.0, 3.0, -1.0, 1.0, -1.0, 2.0, 0.540929788401, -0.15361663744, 2.0, 1.0, 0.0, -1.0, -1.0, 0.0, -1.0, 0.0934754758961, -1.0, 1.0, 1.59154204377, 2.12950795485, 3.0, 95715.0, 446.0, 99580.0
0.0, 0.48890927161, 0.556580344983, -1.0, 3.0, 3.0, 1.0, -1.0, -0.576476856626, 0.0, 1.09741006348, 0.0, 0.0, 3.0, 0.0, 0.0, 2.0, 0.0, -1.0, -1.0, -1.0, -0.123338129079, -1.0, 0.0, 2.0, -1.0, 1.0, 2.0, 1.0, 2.0, 3.0, -1.0, -1.0, -1.0, 2.01652246921, 1.0, 2.0, 2.0, 1.0, 0.0, -1.0, -1.0, 0.0, -1.0, 2.0, -1.0, 1.0, 2.0, 1.0, 3.0, 95174.0, 489.0, 99540.0
2.0, 0.0, -1.0, 3.0, 2.0, 2.0, 2.0, 0.0, -1.0, 0.0, -1.0, 1.0, 3.0, -1.0, 1.0, 3.0, 0.0, 3.0, 2.0, -1.0, 0.0, 2.0, 1.0, -1.0, 1.0, 1.0, -1.0, -1.0, 0.0, 0.0, -1.0, 3.0, -1.0, 3.0, 1.0, 1.0, -1.0, 2.0, 1.0, 3.0, 1.0, 1.0, 0.0, -1.0, -1.0, 2.0, 0.0, 3.0, 2.0, 1.0, 95377.0, 499.0, 99501.0
2.0, 0.0, -1.0, 3.0, 2.0, 2.0, 2.0, 0.0, -1.0, 0.0, -1.0, 1.0, 3.0, -1.0, 1.0, 3.0, 0.0, 3.0, 2.0, -1.0, 0.0, 2.0, 1.0, -1.0, 1.0, 1.0, -1.0, -1.0, 0.0, 0.0, -1.0, 3.0, -1.0, 3.0, 1.0, 1.0, -1.0, 2.0, 1.0, 3.0, 1.0, 1.0, 0.406488128029, -1.0, -1.0, 2.0, 0.0, 3.0, 2.0, 1.0, 95377.0, 499.0, 99501.0
2.0, 0.0, -0.452632110157, 3.0, 2.0, 2.56637182578, 2.0, 0.0, -1.0, 0.0, -1.0, 1.0, 3.0, -1.0, 2.51123364427, 3.0, 0.0, 3.0, 2.0, -1.0, 0.0, 2.0, 1.0, -1.0, 0.904714301403, 1.0, -1.0, -1.0, 0.0, 0.0, -1.0, 3.0, -1.0, 3.0, 1.50454011056, 1.0, -1.0, 2.24245534012, 1.0, 1.79729318956, 1.0, -1.0, 0.406488128029, -1.0, -1.0, 2.0, 0.0, 3.0, 2.0, 1.0, 95443.0, 497.0, 99503.0
0.0, 1.0, -1.0, -1.0, 3.0, 3.0, 1.0, -1.0, 1.0, 0.0, -1.0, 0.0, 0.0, 3.0, 0.0, 0.0, 2.0, 0.0, -1.0, -1.0, -1.0, 1.0, 1.0, 0.0, 2.0, -1.0, 1.0, 2.0, 1.0, 2.0, 3.0, -1.0, -1.0, -1.0, 2.0, 1.0, 2.0, 2.0, 1.0, 0.0, -1.0, -1.0, 0.0, -1.0, 2.0, -1.0, 1.0, 2.0, 1.0, 3.0, 95248.0, 487.0, 99542.0
2.0, 0.0, -1.0, 3.0, 2.0, 2.0, 2.0, 0.0, -1.0, 0.0, -1.0, 1.0, 3.0, -1.0, 1.0, 3.0, 0.0, 3.0, 2.0, -1.0, -0.960718892273, 2.0, 1.0, -1.0, 1.0, 1.0, -1.0, -1.0, 0.0, 0.0, -1.0, 3.0, -1.0, 3.0, 1.0, 1.0, -1.0, 2.0, 1.0, 3.0, 1.0, 1.0, 0.406488128029, -1.0, -1.0, 2.0, 0.0, 3.0, 2.0, 1.0, 95509.0, 486.0, 99511.0
3.0, 2.0, 0.0, 1.0, 1.0, 3.0, 3.0, -1.0, -1.0, 0.0, -1.0, 2.0, 3.0, 0.811887579984, 0.0, 0.0, 0.0, 1.0, 2.0, 2.0, 1.0, 1.0, -1.0, 2.48620291063, -1.0, -1.0, -1.0, -1.0, -1.0, 1.0, 3.0, 2.0, -1.0, 0.0, 3.0, 1.0, 3.0, 1.0, 1.0, 0.0, 1.0, -1.0, -0.309305713657, 0.0, 0.242700871998, -1.0, 1.58789406086, -1.0, -1.0, 2.0, 95000.0, 491.0, 99509.0
3.0, 2.0, 0.0, 1.0, 1.0, 3.0, 3.0, -1.0, -1.0, 0.0, -1.0, 2.0, 3.0, 0.0, 0.0, 0.0, 0.0, 1.0, 2.0, 2.0, 1.0, 1.0, -1.0, 2.0, -1.0, -1.0, -1.0, -1.0, -1.0, 1.0, 3.0, 2.0, -1.0, 0.0, 3.0, 1.0, 3.0, 1.0, 2.0, 0.0, 1.0, -1.0, -0.309305713657, 0.0, -1.0, -1.0, 2.0, -1.0, -1.0, 2.0, 95258.0, 476.0, 99525.0
3.0, 0.0, 2.0, 0.0, 1.0, -1.0, 0.0, 2.0, 1.0, 2.0, 3.0, -1.0, 0.0, 1.0, 3.0, -1.0, 3.0, 1.0, 0.0, 3.0, 3.0, 3.0, 0.0, 0.0, 2.0, 1.0, 0.0, 3.0, 3.0, 1.0, -1.0, 1.0, -1.0, 2.0, 2.0, 3.0, 2.0, 0.0, -1.0, 2.0, 0.0, 1.0, 1.0, 3.0, 1.0, 2.0, -1.0, 2.0, 1.0, -1.0, 94662.0, 574.0, 99437.0
2.27298606574, 2.0, 1.0, -0.653574515468, 1.68199972179, -0.781621887518, -1.0, 2.0, -1.0, 0.0, -1.0, 2.0, -0.0540228201492, -1.0, 2.0, 1.0, 2.03225643972, 1.66717938999, 2.71420470724, 0.713042799817, 0.0, -0.964816506835, 1.55381309692, 2.0, 1.0, -1.0, 1.0, 1.0, 2.0, 2.0, -0.301469322384, 1.0, -1.0, -0.917487108903, 0.0, -1.0, -1.0, 0.0, 3.0, 0.0, 3.0, 1.28693150731, 1.0, 0.0, 3.0, 0.492772308568, -0.153543530262, 0.0021473327682, -0.658689345302, -1.0, 94994.0, 493.0, 99514.0
2.2026553931, -0.194514183207, 0.0, 3.0, 3.0, 1.54675651139, 0.0, 3.0, 2.0, -1.0, -1.0, 3.0, 1.0, -1.0, 0.0, -1.0, 0.0, 0.0, 2.0, 2.22694201465, 0.0, 1.0, -1.0, -1.0, -0.767436964319, 3.0, 1.0, 1.0, 1.01990529091, 1.95993599317, -1.0, 2.73820640994, 3.0, 0.0, -1.0, 0.0, -1.0, 3.0, 1.0, 0.0, -1.0, 1.0, 2.0, -1.0, 0.0, 0.0, 1.0, 1.18590095082, -1.0, -0.901341636965, 95005.0, 490.0, 99508.0
0.0, 1.0, -1.0, -1.0, 3.0, 3.0, 1.0, -1.0, 1.0, 0.0, -1.0, 0.0, 0.0, 3.0, -0.924974883587, 0.0, 2.0, -0.681437686686, -1.0, -1.0, -1.0, 1.0, 1.84690628443, 0.0, 2.0, -1.0, 0.106551094939, 2.0, 1.0, 2.0, 3.0, -1.0, -1.0, -1.0, 2.0, 1.0, 2.0, 2.0, 1.0, -0.248101390374, -1.0, -1.0, 0.0, -1.0, 2.94028890318, -0.772123031786, 1.0, 2.0, 1.0, 3.0, 95791.0, 461.0, 99577.0
2.0, 2.0, 3.0, 0.0, 1.0, -1.0, 2.0, -1.0, 3.0, 3.0, -1.0, 3.0, 2.2286819575, 2.0, -1.0, 3.0, 3.0, 1.0, 0.976145393684, 2.0, 1.0, -0.405726201775, 1.78263943312, -1.0, -0.324760807626, -1.0, 1.0, 2.0, 3.0, 0.0, -1.0, 3.0, -1.0, 0.0, 1.0, 1.95661169884, 1.0, 0.0, -0.758587114724, 0.0, 2.0, 2.0, 0.210283920181, 0.0, -0.345814257066, -1.0, -1.0, 1.0, 3.0, 0.0, 94850.0, 530.0, 99474.0
2.0, 2.0, 3.0, 0.0, 1.0, -1.0, 2.0, -1.0, 3.0, 3.0, -1.0, 3.0, 2.2286819575, 2.0, 0.860050830981, 3.0, 3.0, 1.0, 0.976145393684, 2.0, 1.0, 0.834995028928, 1.78263943312, -1.0, -0.324760807626, -1.0, 1.0, 2.0, 3.0, 0.0, -1.0, 3.0, -1.0, 0.0, 1.0, 1.95661169884, 1.0, 0.0, -0.758587114724, 0.0, 2.0, 2.0, 0.210283920181, 0.0, -0.345814257066, -1.0, -1.0, -0.620393639336, 3.0, 0.0, 94884.0, 528.0, 99474.0
0.0, 2.0, -1.0, -1.0, 3.0, 3.0, 1.0, -1.0, 1.0, 0.0, -1.0, 0.0, 0.0, 3.0, 0.0, 0.145872283665, 2.0, 0.0, -1.0, -1.0, -1.0, 1.0, 1.0, 0.0, 2.0, -1.0, 1.0, 2.0, 1.0, 2.0, 3.0, -1.0, -1.0, -1.0, 2.0, 0.4833846756, 2.0, 2.0, 1.0, 0.0, -1.0, -1.0, 0.0, -1.0, 2.0, -1.0, 0.785652048102, 2.0, -0.904535079545, 3.0, 95422.0, 475.0, 99557.0
1.35074298195, 1.0, -1.0, -1.0, 3.0, 3.0, 1.0, -1.0, 1.0, 0.0, -1.0, -1.0, 0.0, 3.0, 0.0, -1.0, 3.0, -0.681437686686, -1.0, -1.0, -1.0, 1.0, 1.0, 0.0, 2.0, -1.0, 0.106551094939, 2.0, 1.0, 2.0, 3.0, -1.0, -1.0, -1.0, 2.0, 1.0, -0.15361663744, 2.0, 1.0, 0.0, -1.0, -1.0, 0.0, -1.0, 2.0, -1.0, 1.0, 2.0, 2.12950795485, 3.0, 95824.0, 446.0, 99580.0
-1.0, 0.0, 2.0, 2.0, 0.0, 2.0, 2.0, 1.0, 3.0, -1.0, -1.0, 2.0, 0.0, 0.0, 3.0, 1.0, -1.0, 1.0, 2.0, 0.0, 2.0, -1.0, 1.0, 3.0, -1.0, -1.0, 0.0, 3.0, 0.0, 0.0, 1.0, 2.0, -1.0, 1.0, 1.0, 1.0, 3.0, 1.0, -1.0, 2.0, 1.0, 0.0, 2.0, 0.0, 3.0, 3.0, 2.0, 0.0, 3.0, -1.0, 94592.0, 559.0, 99450.0
2.0, 0.0, 0.0347026880371, 3.0, 2.0, 2.0, 2.0, 0.0, -1.0, 0.0, -1.0, 1.0, 3.0, -1.0, 1.0, 3.0, 0.0, 1.25133443604, 2.0, -1.0, 0.0, 2.0, 1.0, -1.0, -0.734583791824, 0.595132117387, -1.0, -1.0, 0.0, 0.0, -1.0, 3.0, 0.157314094237, 3.0, 0.0, 1.0, -1.0, 2.0, 1.0, 3.0, 1.00221368981, 1.0, 0.406488128029, -1.0, -1.0, 2.0, 0.0, 3.0, 2.03335924431, 1.0, 94988.0, 512.0, 99488.0
0.0, 1.0, 0.0, -1.0, 3.0, 3.0, 1.0, 1.67216953363, 1.0, 0.0, -1.0, 0.0, 0.0, 3.0, 0.0, -0.874297609703, 2.0, 0.0, -1.0, -1.0, -1.0, 1.0, 0.0474555795086, 0.0, 2.0, -1.0, 1.0, 2.0, 1.0, 2.7125147546, 3.0, -1.0, -1.0, -1.0, 2.0, 1.0, 0.598006245183, 2.0, 1.0, 0.0, -1.0, -1.0, 0.0, -1.0, 2.0, -1.0, -1.0, 2.0, 1.0, 3.0, 95234.0, 479.0, 99544.0
0.0, 1.0, -1.0, -1.0, 3.0, 3.0, 1.0, -1.0, 1.0, 0.0, -1.0, 0.0, 0.0, 3.0, 0.0, 0.0, 2.0, -0.681437686686, -1.0, -1.0, -1.0, 1.0, 1.0, 0.0, 2.0, -1.0, 0.106551094939, 2.0, 1.0, 2.0, 3.0, -1.0, -1.0, -1.0, 2.0, 1.0, 2.0, 2.0, 1.0, 0.0, -1.0, -1.0, 0.0, -1.0, 2.0, -1.0, 1.0, 2.0, 1.0, 3.0, 95440.0, 477.0, 99556.0
1.0, 2.0, 0.0, -1.0, 1.0, 2.03867109527, -1.0, -1.0, 2.0, 2.0, -1.0, 0.0, 0.0, -1.0, 2.0, 3.0, -1.0, 1.0, 1.0, -1.0, 1.0, -1.0, -1.0, -1.0, 3.0, 0.0, -0.308536982859, -1.0, 3.0, 2.10219509236, 0.0, 2.0, 0.0, 1.0, 1.0, 2.0, -1.0, 3.0, 3.0, -1.0, 1.75429197449, 0.0, 3.0, 3.0, 3.0, 0.0, 1.0, -1.0, 3.0, -1.0, 95721.0, 479.0, 99531.0
3.0, 2.0, 0.0, 1.0, 1.0, 3.0, 3.0, 2.0, -1.0, 0.0, -1.0, 0.782062935858, 3.0, 0.0, 0.0, 0.0, 0.0, 1.0, 2.0, 2.0, 1.0, 1.0, 1.84690628443, 2.0, -1.0, -1.0, -1.0, -1.0, -1.0, 1.0, 3.0, 2.0, -1.0, 0.0, 3.0, 1.0, 3.0, 1.0, -1.0, 0.0, -1.0, -1.0, 3.0, 0.0, 1.0, -1.0, -0.501854010167, -1.0, -1.0, 2.0, 95352.0, 478.0, 99533.0
2.0, 1.0, 3.0, -1.0, 1.0, -0.534991722967, 2.34818683418, 3.0, 2.0, 1.0, -1.0, 0.0, 0.328044122501, 0.0, 0.0, -0.995317522045, 0.0, 2.0, -1.0, -1.0, 1.0, -1.0, 1.04773138275, 0.0, -1.0, -1.0, 0.0, 1.0, -1.0, 1.0, 1.0, -0.136210931509, 2.0, -1.0, 2.0, 3.0, 3.0, -1.0, 1.0, -1.0, 2.0, 3.0, 1.03283606132, 2.0, -1.0, -1.0, 0.0, 1.0, 3.0, 0.0, 95322.0, 486.0, 99543.0
-1.0, 1.0, -1.0, 2.0, 2.0, 3.0, 0.0, -1.0, -0.803690805959, -1.0, 0.0, -0.576308768586, 2.0, -0.884808441568, 1.0, 3.0, 1.0, 0.0, 0.0, -1.0, 2.34945425111, -1.0, 0.0, -1.0, -0.127240734391, 2.45307591316, -1.0, -0.72044936181, 0.0, 3.0, 1.0, 3.0, 1.96174744568, -1.0, 0.0, 1.0, -1.0, 1.8953519062, -1.0, -1.0, 2.0, 1.0, 1.63171790349, 0.0, 1.0, 3.0, 0.324467870698, 2.0, 3.0, 1.0, 95652.0, 476.0, 99540.0
3.0, -0.267362071618, 2.15285904429, 2.68861830369, 1.0, 2.63284455059, 2.6780910992, 2.0, -1.0, 0.0, -1.0, 2.0, 3.0, 0.0, 0.0, 0.0, -1.0, 1.0, 2.0, 2.60830110814, 1.0, 1.0, -1.0, 2.0, -1.0, -1.0, -1.0, -1.0, -1.0, -1.0, 3.0, 2.0, -1.0, 0.0, 3.0, 1.0, 3.0, 1.0, 2.0, 0.0, -1.0, -1.0, 3.0, 0.0, 1.0, -1.0, 2.0, -1.0, 2.0, 2.0, 95551.0, 483.0, 99529.0
3.0, 2.0, 0.0, 1.0, 1.0, 3.0, 2.62579031857, 2.05057170553, -1.0, 0.0, -1.0, 2.0, 3.0, 1.2748984008, 0.0, 0.0, 0.0, 1.0, 2.8690605546, 2.0, 1.0, 1.0, -1.0, 2.48620291063, -1.0, -1.0, -1.0, -1.0, -1.0, 1.0, 3.0, 2.0, -1.0, 0.0, 3.0, 1.0, 2.02353229274, 1.0, 1.0, 0.0, 1.0, -1.0, -0.309305713657, 0.0, 0.242700871998, -1.0, 1.58789406086, -1.0, -1.0, 2.56847799782, 94951.0, 506.0, 99500.0
3.0, -0.267362071618, 2.4317924178, 2.68861830369, 1.0, 2.63284455059, 2.6780910992, 2.0, -1.0, 0.0, -1.0, 1.53511971852, 3.0, 0.0, 0.0, 0.0, -1.0, 1.0, 2.0, 2.60830110814, 1.0, 0.369365573324, -1.0, 2.0, -1.0, -1.0, -0.999242775537, -1.0, -1.0, 0.0, 3.0, 2.0, -1.0, 0.0, 3.0, 2.1910104666, 2.80507184605, 1.0, 2.0, 0.0, -1.0, -1.0, 3.0, 0.0, 1.0, -0.0695499987041, 2.0, -1.0, 2.0, 2.0, 95164.0, 505.0, 99502.0
3.0, 2.0, 0.0, -0.435304374672, 1.0, 3.0, 3.0, -1.0, -1.0, 0.534187672084, -1.0, 2.0, 3.0, 1.22241903105, 0.0, 0.0, 0.0, 2.23698067662, 2.8562142233, 2.0, 1.07437019696, 1.0, -1.0, 2.0, -1.0, -1.0, -1.0, 0.660497624812, -1.0, 1.0, 3.0, 2.0, -1.0, 0.0, 3.0, 1.0, 2.26092691503, 1.0, 2.0, 0.0, 1.0, -1.0, -0.0211846407471, 0.0, -1.0, -1.0, 0.618565242224, -1.0, -1.0, 2.0, 95120.0, 490.0, 99512.0
2.2026553931, 0.0, 2.15285904429, 3.0, 3.0, 1.54675651139, 0.0, 3.0, 2.0, -1.0, -1.0, 3.0, 1.0, -1.0, 0.0, -1.0, -1.0, 0.0, 2.0, 2.0, 0.0, 1.0, -1.0, -1.0, 0.0, 3.0, 1.0, 1.0, 1.0, -1.0, -1.0, 3.0, 3.0, 0.0, -1.0, 0.0, -1.0, 3.0, 1.0, 0.0, -1.0, 1.0, 2.0, -1.0, 0.0, 0.0, 1.0, 1.0, 2.0, -0.901341636965, 95096.0, 494.0, 99511.0
1.0, 2.0, -1.0, -1.0, 0.498587218336, 1.35828091097, -1.0, -1.0, 1.0, 0.0, 3.0, 1.0, 2.0, 2.53195328359, 3.0, -1.0, 0.0, 0.0, 0.0, 2.0, 3.0, 3.0, -0.899909331147, 1.18106136418, -1.0, 2.12434553911, 2.0, 3.0, 3.0, 0.0, 1.0, 2.0, 0.0, 2.0, 0.0, 3.0, 1.0, 0.0, -1.0, 0.951865997519, 2.0, 3.0, 0.500024807164, 2.0, 1.61579853141, 3.0, -1.0, -0.276245053447, 0.0, 0.0, 94561.0, 568.0, 99446.0
-1.0, 2.0, -1.0, 3.0, -1.0, 3.0, -1.0, 2.0, 2.0, 0.0, 1.0, -0.847906035681, -1.0, -1.0, -1.0, 2.0, 3.0, -1.0, 1.6278693396, -1.0, 0.0, 2.35227736661, 1.0, 2.0, -1.0, 1.0, 3.0, 1.0, 0.0, 1.0, 0.0, -1.0, -1.0, 1.20097667202, 0.256858535498, -1.0, 3.0, 0.0, 1.0, 1.0, 2.62812589767, 2.0, 2.0, 3.0, 2.0, 0.308972352458, -1.0, -1.0, -0.583352646674, 0.0, 96157.0, 459.0, 99602.0
-1.0, 2.0, -1.0, 3.0, -1.0, -1.0, -1.0, 2.0, 2.00484688038, 0.0, 1.0, 1.0, -1.0, -1.0, -1.0, 2.0, 3.0, -1.0, 1.6278693396, -1.0, 0.0, 3.0, 1.0, 2.0, -1.0, 1.0, 3.0, 1.0, 0.0, 1.0, 0.0, -1.0, -1.0, 2.58487226191, 1.00720313763, -1.0, 3.0, 0.0, 1.0, 1.0, 2.62812589767, 2.0, 2.0, 3.0, 2.0, 0.308972352458, -1.0, -1.0, -0.583352646674, 0.0, 96219.0, 459.0, 99598.0
-1.0, 2.0, -1.0, 3.0, -1.0, 3.0, -1.0, 2.0, 2.0, 0.0, 1.0, 1.0, -1.0, -1.0, -1.0, 2.0, 3.0, -1.0, 1.6278693396, -1.0, 0.0, 3.0, 1.0, 2.0, -1.0, 1.0, 3.0, 1.0, 0.0, 1.0, 0.0, -1.0, -1.0, 2.58487226191, 1.00720313763, -1.0, 3.0, 0.0, 1.0, 1.0, 2.62812589767, 2.0, 2.0, 3.0, 2.0, 0.308972352458, -1.0, -1.0, -0.583352646674, 0.0, 96171.0, 473.0, 99588.0
3.0, 2.72864781848, 0.0, 1.79883247078, 1.0, 3.0, 3.0, 2.0, -1.0, 0.0, -0.675367766404, 0.782062935858, 3.0, 0.0, 0.580335544302, 0.0, 0.0, 1.0, 2.0, 2.0, 1.0, 1.0, 1.0, 2.0, -1.0, -1.0, -1.0, -1.0, -1.0, 1.0, 1.87233910688, 2.0, -1.0, 0.0, 3.0, 1.0, 3.0, 1.0, -1.0, 2.20870252801, -1.0, -1.0, 3.0, 1.80341702222, 1.0, -1.0, -0.501854010167, -1.0, -1.0, 2.0, 95616.0, 478.0, 99533.0
