1.35074298195, 1.0, -1.0, -1.0, 3.0, 3.0, 1.0, -1.0, 1.0, 0.0, -1.0, 0.803552871746, 0.0, 3.0, -0.701268627992, -0.958518979982, 3.0, -0.681437686686, -1.0, -0.266732792982, -1.0, 1.0, -0.883206492508, 0.0, 2.0, -1.0, 0.106551094939, 1.8930552097, 1.0, 2.0, 3.0, -1.0, 2.04838531006, -1.0, 2.0, 1.0, -0.15361663744, 2.0, 1.0, 1.21286155699, -1.0, -1.0, 0.0, -1.0, 2.0, -1.0, 1.0, 2.0, 2.12950795485, 3.0, 95703.0, 457.0, 99564.0
2.0, 0.0, -1.0, 3.0, 2.0, 2.0, 2.0, 0.0, -1.0, 0.0, -1.0, 1.0, 3.0, -1.0, 1.0, 3.0, 0.0, 2.00661528924, 2.21094298742, -1.0, 0.0, 2.31706383442, 1.0, -1.0, 1.0, 0.957319675306, -1.0, -1.0, 0.0, 0.0, -1.0, 3.0, -1.0, 3.0, 1.0, 1.0, -1.0, 2.0, 1.0, 3.0, 1.0, 1.0, 0.406488128029, -1.0, -1.0, 2.0, 0.0, 3.0, 2.0, 1.0, 95334.0, 499.0, 99501.0
1.35074298195, 1.0, -1.0, -1.0, 3.0, 3.0, 1.0, -1.0, 1.0, 0.0, -1.0, -1.0, -0.0893463548947, 3.0, 0.0, -1.0, 3.0, -0.681437686686, -1.0, -1.0, -1.0, 1.0, 1.0, 0.0, 2.0, -1.0, 0.106551094939, -1.0, 1.0, 2.0, 3.0, -1.0, 1.0, 2.0, 2.0, 0.540929788401, -0.15361663744, 2.0, 1.0, 0.0, -1.0, -1.0, 0.0, 0.233750531693, 0.0934754758961, -1.0, 1.0, 1.59154204377, 0.0, 3.0, 95228.0, 475.0, 99544.0
0.0, 2.0, 1.0, 1.0, 2.0, 1.0, -1.0, 2.0, -1.0, 0.0, -1.0, 2.0, 0.0, -1.0, 2.0, 1.0, 2.0, 3.0, 2.0, 1.0, 0.0, -1.0, 2.0, 2.0, 1.0, -1.0, 1.0, 1.0, 2.0, 2.0, 0.0, 1.0, -1.0, 0.0, 0.0, -1.0, -1.0, 0.0, 3.0, 0.0, 3.0, 1.0, 1.0, 0.0, 3.0, 0.0, -1.0, 3.0, 3.0, -1.0, 94709.0, 526.0, 99469.0
0.0, 2.0, 1.0, 0.896425899408, 2.0, 1.0, -1.0, 2.0, -1.0, 0.0, -1.0, 2.0, 0.0, -1.0, 2.0, 1.0, 2.0, 3.0, 2.0, 1.0, 0.0, -1.0, 2.0, 2.0, 1.0, -1.0, 1.0, 1.0, 2.0, 2.0, 0.0, 1.0, -1.0, 0.0, 0.0, -1.0, -1.0, 0.0, 3.0, 0.0, 3.0, 1.0, 1.0, 0.0, 3.0, 0.0, -1.0, 3.0, 3.0, -1.0, 94709.0, 526.0, 99469.0
3.0, 2.0, 0.0, 1.0, 1.48581032769, 3.0, 1.73485071581, -1.0, -1.0, 0.0, -1.0, 2.0, 3.0, 0.0, 0.0, 0.0, 0.0, 1.0, 2.0, 2.0, 1.0, 1.0, -1.0, 2.0, -1.0, -1.0, -1.0, -1.0, -1.0, 1.0, 3.0, 2.0, -1.0, 0.0, 0.944833108532, 3.0, 3.0, 1.0, 2.0, 0.0, 1.0, -1.0, -0.309305713657, 0.0, -1.0, -1.0, 2.0, -1.0, -1.0, 2.0, 95179.0, 476.0, 99525.0
3.0, 2.0, 0.0, 2.79386794126, 1.0, 3.0, 3.0, 2.0, -1.0, -0.263597709148, -1.0, 0.782062935858, 3.0, 0.0, 0.0, -0.296450425501, 0.0, -0.626341499205, 2.0, 2.0, 1.0, -0.961984103621, 2.37997695444, 2.0, -1.0, -1.0, -1.0, -1.0, -1.0, 1.62147715746, 3.0, 1.56833318231, -1.0, 0.0, 2.3884387423, 1.0, 3.0, 1.0, -1.0, 0.0, -1.0, -1.0, 3.0, 0.0, 2.66443947015, -0.651743583816, -0.501854010167, -1.0, 0.449090522325, -0.238886886256, 95513.0, 462.0, 99541.0
3.0, 2.0, 0.0, 1.0, 1.0, 3.0, 0.104536240364, 2.0, -1.0, 0.0, -1.0, 0.782062935858, 3.0, 0.0, 0.0, 0.0, 0.0, 1.0, 2.0, 2.0, 1.0, 1.0, 1.84690628443, 1.28947166035, -1.0, -1.0, -1.0, -1.0, -1.0, 1.0, 3.0, 2.0, -1.0, 0.0, 3.0, 0.0741985533575, 3.0, 1.0, -1.0, 0.0, -1.0, -1.0, 3.0, 0.0, 1.0, -1.0, -0.501854010167, -1.0, -1.0, 2.0, 95153.0, 478.0, 99533.0
3.0, 2.0, 0.0, 1.0, 1.0, 3.0, 3.0, -1.0, -1.0, -0.388569970683, -1.0, 2.0, 3.0, -0.898348794322, 0.0, 0.0, 0.0, -0.945807704743, 2.0, 2.0, 1.0, 1.0, -1.0, 2.48620291063, -1.0, -1.0, -1.0, -1.0, -1.0, 1.0, 3.0, 2.0, -1.0, 0.0, 3.0, 1.0, 3.0, 1.0, 1.0, 0.0, 1.0, -1.0, -0.309305713657, 0.0, 0.242700871998, -1.0, 1.58789406086, -1.0, -1.0, 2.46559207456, 95285.0, 465.0, 99536.0
2.2026553931, 2.0, -0.362094097199, -0.435304374672, 1.0, 3.0, 3.0, -1.0, -1.0, 0.534187672084, -1.0, 2.0, 3.0, 1.22241903105, 0.0, 0.0, 0.0, 2.23698067662, 2.8562142233, 2.0, 1.07437019696, 1.0, -1.0, 2.0, -1.0, -1.0, -1.0, 0.660497624812, -1.0, -1.0, 3.0, 2.0, -1.0, 0.0, 0.803055694733, 1.0, 2.26092691503, 1.0, 2.0, 0.0, 1.0, -1.0, -0.0211846407471, 0.0, -1.0, -1.0, 0.618565242224, -1.0, -1.0, 2.0, 95175.0, 478.0, 99529.0
3.0, 0.0, 2.15285904429, 3.0, 3.0, 1.65986554268, 0.0, 3.0, 2.0, -1.0, -0.505216153102, 3.0, 1.0, -1.0, 0.0, -1.0, -1.0, 0.0, 2.0, 2.0, 0.0, 1.0, -1.0, -1.0, 0.0, 3.0, 1.0, 1.0, 0.0968900541376, 1.0, -1.0, 3.0, 3.0, 0.0, -1.0, 0.0, -1.0, 3.0, 1.0, 0.0, -1.0, 1.0, 2.0, -1.0, 0.0, -0.382957618396, 1.0, 1.0, 2.0, -0.978963138521, 94895.0, 506.0, 99494.0
1.35074298195, 2.86326859546, -1.0, -1.0, 0.369567812775, 3.0, 1.0, -1.0, 1.0, 0.0, -1.0, 1.27072467051, 0.0, 3.0, -0.701268627992, -0.958518979982, 3.0, -0.681437686686, -1.0, -1.0, -1.0, 1.0, -0.883206492508, 0.0, 2.0, -1.0, 0.106551094939, 1.8930552097, 1.0, 2.0, 3.0, -1.0, 2.04838531006, 1.45882279282, 2.0, 1.0, -0.15361663744, 2.61569510232, 1.0, 1.21286155699, -1.0, -1.0, 0.0, -1.0, 2.0, -1.0, 1.0, 2.0, 2.12950795485, 3.0, 95665.0, 458.0, 99560.0
2.0, 0.0, -0.452632110157, 3.0, 2.0, 2.56637182578, 2.0, 0.0, -1.0, 0.0, -1.0, 1.0, 3.0, -1.0, 2.51123364427, 3.0, 0.0, 3.0, 2.0, -1.0, 0.0, 2.0, 1.0, -1.0, 0.904714301403, 1.0, -1.0, -1.0, 0.0, 0.0, -1.0, 3.0, -1.0, 3.0, 1.50454011056, 1.0, -1.0, 2.24245534012, 1.0, 1.79729318956, 1.0, -1.0, 0.406488128029, -1.0, -1.0, 2.0, 0.0, 3.0, 2.0, 1.0, 95443.0, 497.0, 99503.0
2.0, 0.0, -1.0, 3.0, 2.0, 2.0, 2.0, 0.0, -1.0, 0.0, -1.0, 1.0, 3.0, -1.0, 0.38907557529, 3.0, 0.0, 3.0, 2.0, -1.0, -0.890055466816, 2.0, 1.0, -1.0, 1.0, 1.0, -1.0, -1.0, 0.0, 0.0, -1.0, 3.0, -1.0, 0.892469497503, 1.0, 1.0, -1.0, 2.0, 0.460165299512, 3.0, 1.0, 1.0, 0.406488128029, -1.0, -1.0, 2.0, 0.0, 3.0, 2.0, 1.0, 95302.0, 486.0, 99511.0
3.0, 0.0, 2.0, 0.0, 1.0, -1.0, 0.0, 2.0, 1.0, 2.0, 3.0, -1.0, 0.0, 1.0, 3.0, -1.0, 3.0, 1.0, 0.0, 3.0, 3.0, 3.0, 0.0, 0.0, 2.0, 1.0, 0.0, 3.0, 3.0, 1.0, -1.0, 1.0, -1.0, 2.0, 2.0, 3.0, 2.0, 0.0, -1.0, 2.0, 0.0, 1.0, 1.0, 3.0, 1.0, 2.0, -1.0, 2.0, 1.0, -1.0, 94662.0, 574.0, 99437.0
1.35074298195, 1.0, -1.0, -1.0, 3.0, 3.0, 1.0, -1.0, 1.0, 0.0, -1.0, -1.0, -0.0893463548947, 3.0, 0.0, -1.0, 3.0, -0.681437686686, -1.0, -1.0, -1.0, 1.0, 1.0, 0.0, 2.0, -1.0, 0.106551094939, -1.0, 1.0, 2.0, 3.0, -1.0, 1.0, -1.0, 2.0, 0.540929788401, -0.15361663744, 2.0, 1.0, 0.0, -1.0, -1.0, 0.0, -1.0, 0.0934754758961, -1.0, 1.0, 1.59154204377, 2.12950795485, 3.0, 95715.0, 446.0, 99580.0
0.0, 1.0, -1.0, -1.0, 3.0, 3.0, 1.0, -1.0, 1.0, 0.0, -1.0, 0.0, 0.0, 3.0, -0.924974883587, 0.0, 2.0, -0.681437686686, -1.0, -1.0, -1.0, 1.0, 1.84690628443, 0.0, 2.0, -1.0, 0.106551094939, 2.0, 1.0, 2.0, 3.0, -1.0, -1.0, -1.0, 2.0, 1.0, 2.0, 2.0, 1.0, -0.248101390374, -1.0, -1.0, 0.0, -1.0, 2.94028890318, -0.772123031786, 1.0, 2.0, 1.0, 3.0, 95791.0, 461.0, 99577.0
3.0, 2.0, 0.0, -0.544644563305, 1.0, 3.0, 3.0, -1.0, -1.0, 0.534187672084, -1.0, 2.0, 3.0, 0.0, 0.0, 0.0, 0.0, 1.0, 2.8562142233, 2.0, 1.0, 1.0, -1.0, 2.0, -1.0, -1.0, -1.0, -1.0, -1.0, 1.0, 3.0, 2.0, -1.0, 0.0, 3.0, 1.0, 2.26092691503, 1.0, 2.0, 0.0, 1.0, -1.0, -0.309305713657, 0.0, -1.0, -1.0, 0.618565242224, -1.0, -1.0, 2.0, 95371.0, 465.0, 99537.0
2.27298606574, 2.0, 1.0, -0.653574515468, 1.68199972179, -0.781621887518, -1.0, 2.0, -1.0, 0.0, -1.0, 2.0, -0.0540228201492, -1.0, 2.0, 1.0, 2.03225643972, 1.66717938999, 2.71420470724, 0.713042799817, 0.0, -0.964816506835, 1.55381309692, 2.0, 1.0, -1.0, 1.0, 1.0, 2.0, 2.0, -0.301469322384, 1.0, -1.0, -0.917487108903, 0.0, -1.0, -1.0, 0.0, 3.0, 0.0, 3.0, 1.28693150731, 1.0, 0.0, 3.0, 0.492772308568, -0.153543530262, 0.0021473327682, -0.658689345302, -1.0, 94994.0, 493.0, 99514.0
2.0, 0.0, -1.0, 3.0, 2.0, 2.0, 2.0, 0.0, -1.0, 0.0, -1.0, 1.0, 3.0, -1.0, 1.0, 3.0, 0.0, 3.0, 2.0, -1.0, -0.960718892273, 2.0, 1.0, -1.0, 1.0, 1.0, -1.0, -1.0, 0.0, 0.0, -1.0, 3.0, -1.0, 3.0, 1.0, 1.0, -1.0, 2.0, 1.0, 3.0, 1.0, 1.0, 0.406488128029, -1.0, -1.0, 2.0, 0.0, 3.0, 2.0, 1.0, 95509.0, 486.0, 99511.0
3.0, 2.0, 2.46780106465, 0.753359085675, 1.0, 0.5330379666, 3.0, 2.0, -1.0, -0.263597709148, -1.0, 0.782062935858, 3.0, 0.0, 0.0, -0.296450425501, 0.0, -0.626341499205, 2.0, 2.0, 1.0, -0.961984103621, 2.37997695444, 2.0, -1.0, -1.0, -1.0, -1.0, -1.0, 1.62147715746, 3.0, 1.75560940727, -1.0, 0.811658380705, 2.3884387423, 1.0, 3.0, 1.26556089017, -1.0, 0.0, -1.0, -1.0, 3.0, 0.0, 2.66443947015, -0.651743583816, -0.501854010167, -1.0, 0.449090522325, -0.238886886256, 95533.0, 462.0, 99541.0
1.35074298195, 1.0, -1.0, -1.0, 3.0, 3.0, 1.0, -1.0, 2.26657663759, 0.0, -1.0, -1.0, -0.0893463548947, 3.0, 0.0, -1.0, 3.0, -0.681437686686, -1.0, -0.266732792982, -1.0, 1.79982917276, 1.0, -0.819971819277, 2.0, -1.0, 0.106551094939, -1.0, 1.0, 2.0, 3.0, -1.0, 1.0, 2.0, 2.0, 0.540929788401, -0.15361663744, 2.0, 1.0, 0.0, -1.0, -1.0, 0.0, 0.233750531693, 0.0934754758961, -1.0, 1.0, 1.59154204377, 0.0, 3.0, 95305.0, 474.0, 99544.0
3.0, 2.0, 0.0, 1.0, 1.0, 3.0, 3.0, -1.0, -1.0, 0.0, -1.0, 2.0, 3.0, 0.0, 0.0, 0.0, 0.0, 1.0, 2.0, 2.0, 1.0, 1.0, -1.0, 2.0, -1.0, -1.0, -1.0, -1.0, -1.0, 1.0, 3.0, 2.0, -1.0, 0.0, 3.0, 1.0, 3.0, 1.0, 2.0, 0.0, 1.0, -1.0, -0.309305713657, 0.0, -1.0, -1.0, 2.0, -1.0, -1.0, 2.0, 95258.0, 476.0, 99525.0
2.0, 2.0, 3.0, 0.0, 1.0, -1.0, 2.0, -1.0, 3.0, 3.0, -1.0, 3.0, 2.2286819575, 2.0, 0.860050830981, 3.0, 3.0, 1.0, 0.976145393684, 2.0, 1.0, 0.834995028928, 1.78263943312, -1.0, -0.324760807626, -1.0, 1.0, 2.0, 3.0, 0.0, -1.0, 3.0, -1.0, 0.0, 1.0, 1.95661169884, 1.0, 0.0, -0.758587114724, 0.0, 2.0, 2.0, 0.210283920181, 0.0, -0.345814257066, -1.0, -1.0, -0.620393639336, 3.0, 0.0, 94884.0, 528.0, 99474.0
2.0, 0.0, -1.0, 3.0, 2.0, 2.0, 2.0, 0.0, -1.0, 0.0, -1.0, 1.4768372877, 3.0, -1.0, 1.0, 3.0, 0.0, 3.0, 2.0, -1.0, 0.0, 2.0, 1.0, -1.0, 1.0, 1.0, -1.0, -1.0, 0.0, 0.0, -1.0, 3.0, -0.551038877722, 3.0, 1.0, 1.0, -1.0, 2.0, 1.0, 3.0, 1.0, 1.0, 0.0, -1.0, -1.0, 2.0, 0.0, 3.0, 2.0, 1.0, 95377.0, 499.0, 99501.0
0.0, 0.48890927161, 0.556580344983, -1.0, 3.0, 3.0, 1.0, -1.0, -0.576476856626, 0.0, 1.09741006348, 0.0, 0.0, 3.0, 0.0, 0.0, 2.0, 0.0, -1.0, -1.0, -1.0, -0.123338129079, -1.0, 0.0, 2.0, -1.0, 1.0, 2.0, 1.0, 2.0, 3.0, -1.0, -1.0, -1.0, 2.01652246921, 1.0, 2.0, 2.0, 1.0, 0.0, -1.0, -1.0, 0.0, -1.0, 2.0, -1.0, 1.0, 2.0, 1.0, 3.0, 95174.0, 489.0, 99540.0
2.2026553931, -0.194514183207, 0.0, 3.0, 3.0, 1.54675651139, 0.0, 3.0, 2.0, -1.0, -1.0, 3.0, 1.0, -1.0, 0.0, -1.0, 0.0, 0.0, 2.0, 2.22694201465, 0.0, 1.0, -1.0, -1.0, -0.767436964319, 3.0, 1.0, 1.0, 1.01990529091, 1.95993599317, -1.0, 2.73820640994, 3.0, 0.0, -1.0, 0.0, -1.0, 3.0, 1.0, 0.0, -1.0, 1.0, 2.0, -1.0, 0.0, 0.0, 1.0, 1.18590095082, -1.0, -0.901341636965, 95005.0, 490.0, 99508.0
0.0, 1.0, -1.0, -1.0, 3.0, 3.0, 1.0, -1.0, 1.0, 0.0, -1.0, 0.0, 0.0, 3.0, 0.0, 0.0, 2.0, 0.0, -1.0, -1.0, -1.0, 1.0, 1.0, 0.0, 2.0, -1.0, 1.0, 2.0, 1.0, 2.0, 3.0, -1.0, -1.0, -1.0, 2.0, 1.0, 2.0, 2.0, 1.0, 0.0, -1.0, -1.0, 0.0, -1.0, 2.0, -1.0, 1.0, 2.0, 1.0, 3.0, 95248.0, 487.0, 99542.0
2.0, 2.0, 3.0, 0.0, 1.0, -1.0, 2.0, -1.0, 3.0, 3.0, -1.0, 3.0, 2.2286819575, 2.0, -1.0, 3.0, 3.0, 1.0, 0.976145393684, 2.0, 1.0, -0.405726201775, 1.78263943312, -1.0, -0.324760807626, -1.0, 1.0, 2.0, 3.0, 0.0, -1.0, 3.0, -1.0, 0.0, 1.0, 1.95661169884, 1.0, 0.0, -0.758587114724, 0.0, 2.0, 2.0, 0.210283920181, 0.0, -0.345814257066, -1.0, -1.0, 1.0, 3.0, 0.0, 94850.0, 530.0, 99474.0
3.0, -0.267362071618, 2.4317924178, 2.68861830369, 1.0, 2.63284455059, 2.6780910992, 2.0, -1.0, 0.0, -1.0, 1.53511971852, 3.0, 0.0, 0.0, 0.0, -1.0, 1.0, 2.0, 2.60830110814, 1.0, 0.369365573324, -1.0, 2.0, -1.0, -1.0, -0.999242775537, -1.0, -1.0, 0.0, 3.0, 2.0, -1.0, 0.0, 3.0, 2.1910104666, 2.80507184605, 1.0, 2.0, 0.0, -1.0, -1.0, 3.0, 0.0, 1.0, -0.0695499987041, 2.0, -1.0, 2.0, 2.0, 95164.0, 505.0, 99502.0
