1.35074298195, 1.0, -1.0, -1.0, 3.0, 3.0, 1.0, -1.0, 1.0, 0.0, -1.0, 0.803552871746, 0.0, 3.0, -0.701268627992, -0.958518979982, 3.0, -0.681437686686, -1.0, -0.266732792982, -1.0, 1.0, -0.883206492508, 0.0, 2.0, -1.0, 0.106551094939, 1.8930552097, 1.0, 2.0, 3.0, -1.0, 2.04838531006, -1.0, 2.0, 1.0, -0.15361663744, 2.0, 1.0, 1.21286155699, -1.0, -1.0, 0.0, -1.0, 2.0, -1.0, 1.0, 2.0, 2.12950795485, 3.0, 95703.0, 457.0, 99564.0
3.0, 2.0, 0.0, 1.0, 1.0, 3.0, 3.0, -1.0, -1.0, -0.388569970683, -1.0, 2.0, 3.0, -0.898348794322, 0.0, 0.0, 0.0, -0.945807704743, 2.0, 2.0, 1.0, 1.0, -1.0, 2.48620291063, -1.0, -1.0, -1.0, -1.0, -1.0, 1.0, 3.0, 2.0, -1.0, 0.0, 3.0, 1.0, 3.0, 1.0, 1.0, 0.0, 1.0, -1.0, -0.309305713657, 0.0, 0.242700871998, -1.0, 1.58789406086, -1.0, -1.0, 2.46559207456, 95285.0, 465.0, 99536.0
0.0, 2.0, 1.0, 1.0, 2.0, 1.0, -1.0, 2.0, -1.0, 0.0, -1.0, 2.0, 0.0, -1.0, 2.0, 1.0, 2.0, 3.0, 2.0, 1.0, 0.0, -1.0, 2.0, 2.0, 1.0, -1.0, 1.0, 1.0, 2.0, 2.0, 0.0, 1.0, -1.0, 0.0, 0.0, -1.0, -1.0, 0.0, 3.0, 0.0, 3.0, 1.0, 1.0, 0.0, 3.0, 0.0, -1.0, 3.0, 3.0, -1.0, 94709.0, 526.0, 99469.0
0.0, 2.0, 1.0, 0.896425899408, 2.0, 1.0, -1.0, 2.0, -1.0, 0.0, -1.0, 2.0, 0.0, -1.0, 2.0, 1.0, 2.0, 3.0, 2.0, 1.0, 0.0, -1.0, 2.0, 2.0, 1.0, -1.0, 1.0, 1.0, 2.0, 2.0, 0.0, 1.0, -1.0, 0.0, 0.0, -1.0, -1.0, 0.0, 3.0, 0.0, 3.0, 1.0, 1.0, 0.0, 3.0, 0.0, -1.0, 3.0, 3.0, -1.0, 94709.0, 526.0, 99469.0
0.0, 1.0, 0.0, -1.0, 3.0, 3.0, 1.0, -0.202686837859, 1.0, 0.927049429364, -1.0, -0.550401283434, -0.895266483093, 3.0, 0.0, -0.874297609703, 1.84945812631, 0.0, -1.0, -1.0, -1.0, 1.0, 0.0474555795086, 0.0, 2.0, -1.0, 1.0, 2.0, 1.0, 2.7125147546, 0.910468446381, -1.0, -1.0, -1.0, 2.0, 1.0, 0.598006245183, 2.0, 2.47235588696, 0.0, -1.0, -1.0, 0.0, -1.0, 2.0, -1.0, -1.0, 0.425094746889, 1.0, 2.81381970095, 95529.0, 452.0, 99575.0
3.0, 2.0, 0.0, 1.0, 1.48581032769, 3.0, 1.73485071581, -1.0, -1.0, 0.0, -1.0, 2.0, 3.0, 0.0, 0.0, 0.0, 0.0, 1.0, 2.0, 2.0, 1.0, 1.0, -1.0, 2.0, -1.0, -1.0, -1.0, -1.0, -1.0, 1.0, 3.0, 2.0, -1.0, 0.0, 0.944833108532, 3.0, 3.0, 1.0, 2.0, 0.0, 1.0, -1.0, -0.309305713657, 0.0, -1.0, -1.0, 2.0, -1.0, -1.0, 2.0, 95179.0, 476.0, 99525.0
3.0, 2.0, 0.0, 1.0, 1.0, 3.0, 1.34475739194, -1.0, -1.0, 0.0, -1.0, 2.0, 3.0, -0.631303043244, 0.0, 0.0, 0.0, 1.0, 2.0, 2.86835923363, 1.0, 1.0, -1.0, 1.68325727175, 0.428941402599, -1.0, -1.0, -1.0, -1.0, 0.213628894596, 3.0, 2.0, -1.0, 0.0, 3.0, 1.18295747474, 3.0, 1.0, 2.0, 0.0, 0.79326090117, -1.0, -0.309305713657, 0.0, 0.29219480762, -1.0, 2.0, -1.0, -1.0, 2.0, 94944.0, 489.0, 99511.0
3.0, 2.0, 0.0, 2.79386794126, 1.0, 3.0, 3.0, 2.0, -1.0, -0.263597709148, -1.0, 0.782062935858, 3.0, 0.0, 0.0, -0.296450425501, 0.0, -0.626341499205, 2.0, 2.0, 1.0, -0.961984103621, 2.37997695444, 2.0, -1.0, -1.0, -1.0, -1.0, -1.0, 1.62147715746, 3.0, 1.56833318231, -1.0, 0.0, 2.3884387423, 1.0, 3.0, 1.0, -1.0, 0.0, -1.0, -1.0, 3.0, 0.0, 2.66443947015, -0.651743583816, -0.501854010167, -1.0, 0.449090522325, -0.238886886256, 95513.0, 462.0, 99541.0
0.0, 2.0, 1.0, 1.0, 0.0, 1.0, -1.0, 2.0, -1.0, 0.0, -1.0, 2.0, -0.151905598316, -1.0, 2.0, 2.0, 2.0, 3.0, 2.0, 1.0, -0.681975960989, -1.0, -0.750461821009, 2.0, 1.44890860721, -1.0, 1.0, 1.0, 2.0, 2.0, 0.0, 1.0, -1.0, 0.0, 0.0, 0.0399065097471, -1.0, 0.0, 3.0, 0.0, 3.0, 0.0252773711542, 1.0, -1.0, 3.0, 0.0, -1.0, 1.84135373796, 0.900592398718, -1.0, 94722.0, 495.0, 99488.0
2.0, 0.0, -1.0, 3.0, 2.0, 2.0, 2.0, 0.0, -1.0, 0.0, -1.0, 1.0, 3.0, -1.0, 0.38907557529, 3.0, 0.0263967805997, 3.0, 2.0, -1.0, -0.890055466816, 0.782528157388, 1.0, -1.0, 1.0, 1.0, -1.0, -1.0, 0.0, 0.0, -1.0, 3.0, -1.0, 0.892469497503, 1.0, 1.0, -1.0, 2.0, 0.460165299512, 3.0, 1.0, 1.0, 0.406488128029, -1.0, -1.0, 2.0, 0.0, 3.0, 2.0, 0.40240099335, 95250.0, 486.0, 99511.0
2.2026553931, 2.0, -0.362094097199, -0.435304374672, 1.0, 3.0, 3.0, -1.0, -1.0, 0.534187672084, -1.0, 2.0, 3.0, 1.22241903105, 0.0, 0.0, 0.0, 2.23698067662, 2.8562142233, 2.0, 1.07437019696, 1.0, -1.0, 2.0, -1.0, -1.0, -1.0, 0.660497624812, -1.0, -1.0, 3.0, 2.0, -1.0, 0.0, 0.803055694733, 1.0, 2.26092691503, 1.0, 2.0, 0.0, 1.0, -1.0, -0.0211846407471, 0.0, -1.0, -1.0, 0.618565242224, -1.0, -1.0, 2.0, 95175.0, 478.0, 99529.0
2.2026553931, -0.70479010357, 0.0, 2.85778242202, 3.0, 1.54675651139, 0.0, 3.0, 2.0, -1.0, -1.0, 3.0, 1.0, -1.0, 3.0, -1.0, 0.0, 0.0, 2.0, 2.22694201465, 0.0, 1.0, -1.0, -1.0, -0.767436964319, 3.0, 1.0, 1.0, 1.01990529091, 1.95993599317, -1.0, 2.73820640994, 3.0, 0.0, -1.0, 0.0, -1.0, 3.0, 1.0, 0.0, -1.0, 1.0, 2.0, -1.0, 0.0, -0.471874625038, 1.0, 1.18590095082, -1.0, -0.901341636965, 95327.0, 479.0, 99518.0
1.35074298195, 2.86326859546, -1.0, -1.0, 0.369567812775, 3.0, 1.0, -1.0, 1.0, 0.0, -1.0, 1.27072467051, 0.0, 3.0, -0.701268627992, -0.958518979982, 3.0, -0.681437686686, -1.0, -1.0, -1.0, 1.0, -0.883206492508, 0.0, 2.0, -1.0, 0.106551094939, 1.8930552097, 1.0, 2.0, 3.0, -1.0, 2.04838531006, 1.45882279282, 2.0, 1.0, -0.15361663744, 2.61569510232, 1.0, 1.21286155699, -1.0, -1.0, 0.0, -1.0, 2.0, -1.0, 1.0, 2.0, 2.12950795485, 3.0, 95665.0, 458.0, 99560.0
2.0, 0.0, -0.452632110157, 3.0, 2.0, 2.56637182578, 2.0, 0.0, -1.0, 0.0, -1.0, 1.0, 3.0, -1.0, 2.51123364427, -0.847776579076, 0.0, 3.0, 2.0, -1.0, 0.0, 2.0, 1.0, -1.0, 0.904714301403, 1.0, -1.0, -1.0, 0.0, 0.0, -1.0, 3.0, -1.0, 3.0, 1.50454011056, 1.0, -1.0, 2.24245534012, 1.0, 1.79729318956, 1.0, -1.0, 0.406488128029, 0.986713267915, -1.0, -1.0, 0.0, 3.0, 2.0, 1.0, 95406.0, 484.0, 99507.0
1.35074298195, 1.0, -1.0, -1.0, 3.0, 3.0, 1.0, -1.0, 1.0, 0.0, -1.0, -1.0, -0.0893463548947, 3.0, 0.0, -1.0, 3.0, -0.681437686686, -1.0, -1.0, -1.0, 1.0, 1.0, 0.0, 2.0, -1.0, 0.106551094939, -1.0, 1.0, 2.0, 3.0, -1.0, 1.0, -1.0, 2.0, 0.540929788401, -0.15361663744, 2.0, 1.0, 0.0, -1.0, -1.0, 0.0, -1.0, 0.0934754758961, -1.0, 1.0, 1.59154204377, 2.12950795485, 3.0, 95715.0, 446.0, 99580.0
0.0, 1.0, -1.0, -1.0, 3.0, 3.0, 1.0, -1.0, 1.0, 0.0, -1.0, 0.0, 0.0, 3.0, -0.924974883587, 0.0, 2.0, -0.681437686686, -1.0, -1.0, -1.0, 1.0, 1.84690628443, 0.0, 2.0, -1.0, 0.106551094939, 2.0, 1.0, 2.0, 3.0, -1.0, -1.0, -1.0, 2.0, 1.0, 2.0, 2.0, 1.0, -0.248101390374, -1.0, -1.0, 0.0, -1.0, 2.94028890318, -0.772123031786, 1.0, 2.0, 1.0, 3.0, 95791.0, 461.0, 99577.0
3.0, 2.0, 0.0, 1.0, 1.0, 3.0, 0.104536240364, 2.0, -1.0, 0.0, -1.0, 0.782062935858, 3.0, 0.0, 0.0, 0.0, -0.912476100056, 1.0, 0.831177056582, 2.0, 1.0, 1.0, 1.84690628443, 1.28947166035, -1.0, -1.0, -1.0, -1.0, -1.0, 1.0, 3.0, 2.0, -1.0, 0.0, 3.0, 0.0741985533575, 3.0, 1.0, -1.0, 0.0, -0.913421901717, -1.0, 3.0, 0.0, 1.0, -1.0, -0.501854010167, -1.0, -1.0, 2.0, 95266.0, 468.0, 99545.0
3.0, 2.0, 2.46780106465, 0.753359085675, 1.0, 0.5330379666, 3.0, 2.0, -1.0, -0.263597709148, -1.0, 0.782062935858, 3.0, 0.0, 0.0, -0.296450425501, 0.0, -0.626341499205, 2.0, 2.0, 1.0, -0.961984103621, 2.37997695444, 2.0, -1.0, -1.0, -1.0, -1.0, -1.0, 1.62147715746, 3.0, 1.75560940727, -1.0, 0.811658380705, 2.3884387423, 1.0, 3.0, 1.26556089017, -1.0, 0.0, -1.0, -1.0, 3.0, 0.0, 2.66443947015, -0.651743583816, -0.501854010167, -1.0, 0.449090522325, -0.238886886256, 95533.0, 462.0, 99541.0
2.0, 0.0, -1.0, 3.0, 2.0, 2.0, 2.0, 0.0, -1.0, 0.0, -1.0, 1.0, 3.0, -1.0, 0.38907557529, 3.0, 0.0, 3.0, 2.0, -1.0, -0.890055466816, 2.0, 1.0, -1.0, 1.0, 1.0, -1.0, -1.0, 0.0, 0.0, -1.0, 3.0, -1.0, 0.892469497503, 1.0, 1.0, -1.0, 2.0, 0.460165299512, 3.0, 1.0, 1.0, 0.406488128029, -1.0, -1.0, 2.0, 0.0, 3.0, 2.0, 1.0, 95302.0, 486.0, 99511.0
3.0, 2.0, 0.0, 1.0, 1.0, 3.0, 3.0, -1.0, -1.0, 0.0, -1.0, 2.0, 3.0, 0.0, 0.0, 0.0, 0.0, 1.0, 2.0, 2.0, 1.0, 1.0, -1.0, 2.0, -1.0, -1.0, -1.0, -1.0, -1.0, 1.0, 3.0, 2.0, -1.0, 0.0, 3.0, 1.0, 3.0, 1.0, 2.0, 0.0, 1.0, -1.0, -0.309305713657, 0.0, -1.0, -1.0, 2.0, -1.0, -1.0, 2.0, 95258.0, 476.0, 99525.0
2.0, 0.0, -0.452632110157, 3.0, 2.0, 2.56637182578, 2.0, 0.0, -1.0, 0.0, -1.0, 1.0, 3.0, -1.0, 2.51123364427, 3.0, 0.0, 3.0, 2.0, -1.0, 0.0, 2.0, 1.0, -1.0, 0.904714301403, 1.0, -1.0, -1.0, 0.0, 0.0, -1.0, 3.0, -1.0, 3.0, 1.50454011056, 1.0, -1.0, 2.24245534012, 1.0, 1.79729318956, 1.0, -1.0, 0.406488128029, -1.0, -1.0, 2.0, 0.0, 3.0, 2.0, 1.0, 95443.0, 497.0, 99503.0
3.0, 2.0, 0.0, 1.0, 1.0, 3.0, 0.104536240364, 2.0, -1.0, 0.0, -1.0, 0.782062935858, 3.0, 0.0, 0.0, 0.0, 0.0, 1.0, 2.0, 2.0, 1.0, 1.0, 1.84690628443, 1.28947166035, -1.0, -1.0, -1.0, -1.0, -1.0, 1.0, 3.0, 2.0, -1.0, 0.0, 3.0, 0.0741985533575, 3.0, 1.0, -1.0, 0.0, -1.0, -1.0, 3.0, 0.0, 1.0, -1.0, -0.501854010167, -1.0, -1.0, 2.0, 95153.0, 478.0, 99533.0
3.0, 2.0, 0.0, -0.544644563305, 1.0, 3.0, 3.0, -1.0, -1.0, 0.534187672084, -1.0, 2.0, 3.0, 0.0, 0.0, 0.0, 0.0, 1.0, 2.8562142233, 2.0, 1.0, 1.0, -1.0, 2.0, -1.0, -1.0, -1.0, -1.0, -1.0, 1.0, 3.0, 2.0, -1.0, 0.0, 3.0, 1.0, 2.26092691503, 1.0, 2.0, 0.0, 1.0, -1.0, -0.309305713657, 0.0, -1.0, -1.0, 0.618565242224, -1.0, -1.0, 2.0, 95371.0, 465.0, 99537.0
2.2026553931, -0.194514183207, 0.0, 3.0, 3.0, 1.54675651139, 0.0, 3.0, 2.0, -1.0, -1.0, 3.0, 1.0, -1.0, 0.0, -1.0, 0.0, 0.0, 2.0, 2.22694201465, 0.0, 1.0, -1.0, -1.0, -0.767436964319, 3.0, 1.0, 1.0, 1.01990529091, 1.95993599317, -1.0, 2.73820640994, 3.0, 0.0, -1.0, 0.0, -1.0, 3.0, 1.0, 0.0, -1.0, 1.0, 2.0, -1.0, 0.0, 0.0, 1.0, 1.18590095082, -1.0, -0.901341636965, 95005.0, 490.0, 99508.0
-1.0, 1.22164830281, 1.0, 1.0, 1.0, 1.19291249105, 3.0, 1.0, 2.0, 1.0, 0.100070704534, 2.2987810962, 0.0, -1.0, 0.0, -0.874297609703, 1.88768016149, 0.0, 1.0, 3.0, 0.0, -1.0, -1.0, -1.0, 2.0, 1.81699066851, 0.0, 0.0, 3.0, 1.64620531162, -1.0, 2.0, -1.0, 3.0, 0.0, 2.59187556298, 0.0, 3.0, 0.19168370419, 1.20981575265, 2.0, -1.0, 2.0, -0.225142308854, 3.0, 2.0, 2.0, 1.34831849893, 1.0, 1.0, 94486.0, 558.0, 99445.0
3.0, 0.0, 2.0, 0.0, 1.0, -1.0, 0.0, 2.0, 1.0, 2.0, 3.0, -1.0, 0.0, 1.0, 3.0, -1.0, 3.0, 1.0, 0.0, 3.0, 3.0, 3.0, 0.0, 0.0, 2.0, 1.0, 0.0, 3.0, 3.0, 1.0, -1.0, 1.0, -1.0, 2.0, 2.0, 3.0, 2.0, 0.0, -1.0, 2.0, 0.0, 1.0, 1.0, 3.0, 1.0, 2.0, -1.0, 2.0, 1.0, -1.0, 94662.0, 574.0, 99437.0
2.0, 0.0, -1.0, 3.0, 2.0, 2.0, 2.0, 0.0, -1.0, 0.0, -1.0, 1.0, 3.0, -1.0, 1.0, 3.0, 0.0, 2.00661528924, 2.21094298742, -1.0, 0.0, 2.31706383442, 1.0, -1.0, 1.0, 0.957319675306, -1.0, -1.0, 0.0, 0.0, -1.0, 3.0, -1.0, 3.0, 1.0, 1.0, -1.0, 2.0, 1.0, 3.0, 1.0, 1.0, 0.406488128029, -1.0, -1.0, 2.0, 0.0, 3.0, 2.0, 1.0, 95334.0, 499.0, 99501.0
1.35074298195, 1.0, -1.0, -1.0, 3.0, 3.0, 1.0, -1.0, 2.26657663759, 0.0, -1.0, -1.0, -0.0893463548947, 3.0, 0.0, -1.0, 3.0, -0.681437686686, -1.0, -0.266732792982, -1.0, 1.79982917276, 1.0, -0.819971819277, 2.0, -1.0, 0.106551094939, -1.0, 1.0, 2.0, 3.0, -1.0, 1.0, 2.0, 2.0, 0.540929788401, -0.15361663744, 2.0, 1.0, 0.0, -1.0, -1.0, 0.0, 0.233750531693, 0.0934754758961, -1.0, 1.0, 1.59154204377, 0.0, 3.0, 95305.0, 474.0, 99544.0
1.35074298195, 1.0, -1.0, -1.0, 3.0, 3.0, 1.0, -1.0, 1.0, 0.0, -1.0, -1.0, -0.0893463548947, 3.0, 0.0, -1.0, 3.0, -0.681437686686, -1.0, -1.0, -1.0, 1.0, 1.0, 0.0, 2.0, -1.0, 0.106551094939, -1.0, 1.0, 2.0, 3.0, -1.0, 1.0, 2.0, 2.0, 0.540929788401, -0.15361663744, 2.0, 1.0, 0.0, -1.0, -1.0, 0.0, 0.233750531693, 0.0934754758961, -1.0, 1.0, 1.59154204377, 0.0, 3.0, 95228.0, 475.0, 99544.0
