3.37403168574, 1.01565552666, 0.874478251749, 1.03729656768, 2.09719286182, 0.783891189322, 1.10821486145, 0.883640523841, 0.931701871613, 2.42615634997, 3.30591302673, 0.994562013966, 5.03645042434, 0.828323962216, 1.09000057645, 1.09272103759, 1.00220206354, 0.957711398789, 6.74729969569, 1.07527664989, 0.964150382341, 329.973204994, 1.00882919345, 5.66258353845, 1.0829801753, 3.65820568312, 1.04579451976, 11.7722468297, 5.52170519588
5.93799567487, 1.39110628933, 1.08756413456, 1.13084740698, 4.26367206824, 0.907948372413, 4.83424358561, 0.99953570805, 0.902131427449, 2.42615634997, 5.27367479618, 0.86434809138, 1.10537002161, 1.00143141455, 1.09000039942, 1.09813008198, 1.04777836295, 0.900167484698, 4.991800116, 1.006013399, 0.788132229938, 205.53578295, 1.17490577957, 3.89408708506, 0.972380108625, 5.09745968698, 0.893013163122, 23.8818732836, 7.10656093132
3.37403168574, 1.01565552666, 0.874478251749, 1.03729656768, 2.09719286182, 0.783891189322, 1.26438853627, 0.883640523841, 0.931701871613, 5.78776611206, 3.30591302673, 0.994562013966, 5.03645042434, 0.828323962216, 1.09000057645, 1.09272103759, 1.00220206354, 0.957711398789, 6.74729969569, 1.07527664989, 0.964150382341, 329.973204994, 1.00882919345, 3.39013357144, 1.0829801753, 3.65820568312, 1.04579451976, 40.7512739089, 8.52490362053
5.98822952825, 1.21653550692, 1.15597433837, 1.02878116737, 5.90089859657, 0.804315285062, 2.30760568224, 0.908662033741, 0.920291555921, 5.88322950912, 2.80774940053, 0.994365250099, 3.25694139014, 1.17198773109, 1.09000016995, 1.03868365119, 1.02743491043, 0.817626682125, 9.45624747217, 0.926508380293, 0.776217250385, 387.057511243, 0.928731298892, 5.56046090967, 1.00372143966, 1.15212039985, 1.05538962081, 43.4828285518, 11.4718773659
3.182840777, 1.40425479121, 0.968302250941, 1.19404230385, 4.32760949275, 0.784884304589, 1.46439894999, 0.960700025174, 0.930757121289, 4.39483016969, 3.26735351871, 1.08715629095, 3.26234212982, 1.21178471536, 1.09000057349, 1.02525543856, 1.00789171526, 0.880110517984, 4.1850888977, 0.937737150249, 0.904120656622, 175.182544102, 0.948636234298, 1.67772258505, 1.21796341975, 2.48292458864, 1.14488775805, 45.5253910532, 11.8638018202
1.80933642778, 1.41268275078, 0.879842453679, 1.19166004436, 4.60048328666, 0.805438448566, 2.51258347264, 1.06135610484, 0.941552613461, 2.86094774977, 1.67578941442, 0.819064181016, 4.47127207567, 1.23511276084, 1.09000076559, 1.07770620296, 1.0028431983, 1.114428453, 9.12665566775, 0.949938038109, 0.993696069374, 309.129773395, 1.15002897738, 5.00050827499, 1.2097043804, 2.39558455806, 1.29339547692, 174.223490382, 12.2558115781
4.15593564331, 1.15814457683, 0.917836338013, 1.14805102392, 2.19317885325, 0.757985667353, 5.42048531688, 0.959277029723, 0.965266765895, 4.77698819207, 1.97365893623, 1.09435960555, 1.79680035564, 1.22225046307, 1.09000054994, 1.09579166657, 1.02309580456, 0.890683299168, 7.66942578531, 0.952482573276, 0.835778153586, 295.539611016, 1.08495201744, 5.69797274713, 0.992405135819, 3.29877230075, 1.1700776345, 63.5417972658, 17.7576085384
4.92703495778, 1.3826111857, 0.946653986861, 0.955675198117, 6.44031765905, 0.760707503485, 3.74171220298, 1.0726494286, 0.920192365996, 1.73290155353, 6.75510717859, 1.0480703555, 4.6916373721, 1.05188281268, 1.09000046348, 1.03405847533, 1.0393859823, 0.855357848668, 8.64377466561, 0.915366206334, 0.939523856992, 231.57918403, 1.02095561199, 2.37536144353, 1.05305834616, 3.93127715692, 1.00437108204, 158.770824895, 12.3691994975
4.40849923913, 1.04188057475, 1.10643328766, 1.1434940091, 5.75379942573, 0.822632087477, 1.95149097444, 1.04825462935, 0.923625470721, 2.83442043929, 2.47256034555, 0.974019360679, 4.62315790128, 1.03153972106, 1.0900001348, 1.00747278025, 1.03746084729, 1.10670509604, 3.09260660243, 1.07081797488, 0.818864900927, 387.194528198, 1.11609262458, 3.08321778292, 1.16698707288, 1.81635089893, 1.25216696049, 74.2903781691, 13.2842496094
2.56591878741, 1.28528855227, 0.755609544278, 1.15025091633, 3.70008901205, 0.720023785751, 3.19672385211, 0.899375869276, 0.951234700687, 3.37047729362, 1.73049420534, 0.817057161765, 3.50453026346, 0.969045854939, 1.09000020152, 1.01265208311, 1.00995595311, 1.03962946284, 8.02399071329, 0.938402766436, 0.988548897768, 370.625358096, 1.03053323546, 5.40310815448, 1.13173535023, 5.18553349433, 0.988930450185, 106.075695271, 12.5819259464
3.46559237919, 1.01339516795, 0.7587913404, 1.0687458077, 6.40138306152, 0.794419942231, 5.90222713393, 1.07647943669, 0.987531982593, 2.128259433, 3.0581072486, 0.92779964569, 4.05963633858, 1.14853087675, 1.09000010803, 1.10752222055, 1.03982768978, 1.0571068945, 8.83217099111, 1.1715753755, 0.821968039353, 242.119639141, 0.999316919283, 3.7885789169, 1.22035446606, 1.1698894518, 0.994142351016, 77.6091675449, 19.9266740581
4.09456483125, 1.03834260325, 0.753661358868, 0.904589090407, 5.31728115437, 0.889831543668, 1.50337219695, 0.825711723332, 0.917961909451, 5.87154100705, 3.15038084918, 0.874777563708, 2.79392911386, 0.975622575576, 1.09000030121, 1.03745519232, 1.00948104075, 0.864332870131, 7.14722539197, 1.01908177654, 0.905584050238, 263.059654353, 1.12323286517, 3.73266830028, 1.17059593375, 4.95035335971, 1.13125930522, 94.1626973525, 14.6547356602
5.783879485, 1.07509642624, 1.10663008166, 0.895897909752, 5.31728115437, 0.889831543668, 1.29005084249, 0.828767867508, 0.948817324587, 3.79478341105, 3.15038084918, 0.874777563708, 2.79392911386, 0.975622575576, 1.09000030121, 1.03745519232, 1.00252702346, 0.864332870131, 7.14722539197, 1.01908177654, 0.905584050238, 185.908817501, 1.12323286517, 3.73266830028, 1.17059593375, 4.95035335971, 1.13125930522, 88.5063428554, 19.0218608256
1.91403276773, 1.12894165394, 0.932336044831, 1.13197088798, 2.00281180368, 0.854756030975, 2.96244174396, 0.971362370143, 0.911632811585, 5.23540500329, 3.79973703513, 1.03981689874, 3.05824486517, 0.958532275888, 1.0900005088, 1.10946343375, 1.03475904537, 1.17655798777, 3.32838682087, 1.15063333652, 0.949201066553, 173.10660634, 1.04489700006, 4.61173279405, 1.15398066187, 2.72579292253, 1.28350068277, 229.437388613, 13.5002289021
2.08303867879, 1.02190195788, 1.10524895492, 0.801593629585, 1.55686299373, 0.799417285401, 5.5619050043, 1.01496832467, 0.966216137433, 4.86928900152, 3.26769027324, 0.943998688514, 2.69128667999, 1.05554392134, 1.09000069952, 1.0505947061, 1.04526902703, 0.940283206647, 6.85948739475, 1.028097928, 0.939275718954, 343.213749432, 1.02747713017, 3.46669597196, 1.0622490317, 3.38034032632, 1.01410911134, 132.77085277, 13.988833553
2.26374622448, 1.03247644241, 0.786160941093, 1.09529533966, 5.28245885635, 0.944425125097, 5.89479435092, 0.992275913738, 0.931072364729, 2.71720743215, 3.96062688188, 0.885114235356, 3.34716202979, 0.931913699644, 1.09000000645, 1.03620847293, 1.0442743943, 1.1628761476, 7.4507703261, 0.952840186727, 0.827636610567, 283.634365396, 0.975577430727, 5.98485517287, 1.0974898823, 3.31538106953, 1.11948450121, 86.7757502138, 21.7569228969
1.32984113126, 1.17425576932, 1.12007568929, 0.991536934185, 2.96430846266, 0.955155400164, 2.54711048366, 0.823898730856, 0.965865037821, 1.39862780003, 1.8361588252, 0.913014476208, 1.78740821299, 0.925841926938, 1.09000087773, 1.00671847163, 1.02944442873, 1.00066871147, 9.48672857059, 1.11539190098, 0.953747516515, 258.084546551, 0.984847815725, 3.47622075424, 0.981713971411, 4.8796800077, 0.941121235871, 106.51966792, 20.3496606268
4.14685027393, 1.40473155322, 0.799130597033, 0.924331944761, 4.28861072969, 0.961095847432, 3.4953036777, 0.980475148595, 0.954387509113, 2.77579298637, 7.31056896828, 1.07954675898, 4.52845472437, 0.838875829145, 1.09000080208, 1.09905389202, 1.04608927654, 0.886451842832, 5.83506459856, 1.08545346912, 0.971037311143, 154.741012368, 1.19817223243, 2.61853103041, 1.14258727975, 1.49614719964, 1.28350068277, 155.067508998, 14.0759869163
2.11749789517, 1.0600395247, 0.742644056514, 1.17582081219, 3.04479008663, 0.873460492176, 1.79791930744, 0.942180050367, 0.959612577535, 2.7958011037, 3.98510723325, 1.00184299482, 1.08545460263, 0.877630550969, 1.09000025322, 1.09809402705, 1.01795788901, 1.09551745943, 8.26672933626, 0.976177652545, 0.796926561961, 89.8264444824, 1.10890769119, 3.48750857641, 1.1349319458, 4.3409875898, 1.07797888513, 149.17338113, 14.8210332703
5.27973891764, 1.21402299176, 1.03585419794, 1.11123143097, 1.45067975868, 0.903435639629, 3.82412467915, 0.913119164902, 0.949598383323, 1.52026731314, 2.59095111155, 0.992259044422, 4.99399067632, 0.922650091555, 1.09000063302, 1.0065636776, 1.011243374, 1.18850061321, 8.19834001862, 0.915632538818, 0.931169758712, 130.516397726, 1.01719444837, 1.93007484684, 1.13115139268, 3.87200024865, 0.950846192306, 305.790547068, 14.66980962
5.79394266614, 1.37443200218, 1.09287614804, 1.19583678338, 3.48867819447, 0.998717058719, 1.22429202891, 0.852344100081, 0.960692447386, 3.26770117941, 6.21534468127, 1.0503239827, 1.16053731432, 1.27443523428, 1.09000038819, 1.10310238519, 1.03705253805, 1.00263205385, 8.57145265876, 1.03567428859, 0.897835147027, 189.818326708, 1.16270034904, 3.19223501526, 1.19618097842, 2.84362333522, 1.09949842352, 193.356667449, 24.7782743766
5.06141197295, 1.0918987153, 0.794780787254, 1.10571320089, 5.90675102506, 0.816808391917, 1.11376932557, 1.08671256502, 0.995777320105, 2.05040027711, 5.48926113721, 0.853786540536, 4.8035650863, 1.14525430261, 1.09000074535, 1.09703423474, 1.00815168624, 0.828368816276, 5.2104862654, 1.16311974225, 0.81650088949, 285.540284572, 1.07521247817, 3.58841522044, 1.03887351213, 4.02685111468, 1.09357036076, 213.604670216, 15.3144404827
5.9887650632, 1.05021443221, 1.14613895125, 0.853656017178, 7.03424565416, 0.864036222382, 2.7835884392, 0.911016797237, 0.952682934596, 2.13979306164, 6.11366920264, 0.89858950352, 1.61684376255, 0.85000407294, 1.09000044429, 1.01646075831, 1.0475485046, 1.17089402071, 5.86523482763, 1.1441782249, 0.979860394361, 54.5729730936, 1.09531175675, 2.50054820159, 1.0187892258, 1.28108089126, 1.23730775537, 286.936932334, 14.9469241238
3.68759425073, 1.12717144917, 1.12824047644, 0.936661283842, 6.22127383965, 0.798312598367, 1.63138250443, 1.00425955257, 0.919683210721, 4.57157705748, 2.50001279468, 0.951575218409, 3.03770186857, 0.946913520458, 1.09000047997, 1.06127837909, 1.04288545569, 0.975399273767, 7.59951405852, 0.910206303722, 0.926938123553, 18.155181867, 1.19470035945, 5.13435486605, 1.14841013194, 1.27085911689, 1.06311986998, 235.540794477, 26.4020728827
5.79394266614, 1.37443200218, 1.09287614804, 1.19638828817, 3.48867819447, 0.998717058719, 1.22429202891, 0.852344100081, 0.960692447386, 3.26770117941, 6.21534468127, 1.03166223234, 1.16053731432, 1.27443523428, 1.09000038819, 1.09102248153, 1.03705253805, 1.00263205385, 5.01577493394, 1.03567428859, 0.828909692055, 189.818326708, 1.16270034904, 3.19223501526, 1.19618097842, 2.84362333522, 1.09949842352, 263.885019423, 16.2943322293
5.34585771954, 1.34977822807, 1.16703022548, 1.10047766534, 1.45284336338, 0.918827437774, 4.9836395604, 0.924648906653, 0.92977256136, 5.68926650559, 5.64243828599, 0.892422466992, 4.55455781842, 0.892838209645, 1.09000094485, 1.04230771676, 1.00211430263, 0.887276625172, 7.75926172038, 1.02128996723, 0.879594339411, 302.959370455, 1.01206734858, 2.85481733889, 1.09218171719, 1.24650602978, 0.987236418663, 308.094623682, 15.3697612061
4.11160525557, 1.0544844646, 0.971100732867, 1.19583678338, 1.56011206695, 0.985646674206, 5.83499715977, 1.08373456943, 0.900156620179, 3.66722138508, 3.72998206988, 1.0503239827, 2.51731359845, 0.986078631584, 1.09000096129, 1.10391113885, 1.03084793507, 1.13765601314, 8.57145265876, 1.01934510072, 0.897835147027, 102.534816984, 0.960579784814, 4.65515357867, 1.11436222768, 5.30586004761, 1.21741189237, 251.811732523, 27.7837578675
3.15858532466, 1.07702208979, 0.898814721745, 1.08956185896, 4.80883094451, 0.781960716549, 3.99644441398, 0.928985986384, 0.97078558015, 3.75187671147, 6.41574148591, 1.08599402935, 2.15303923546, 1.0092820557, 1.0900001272, 1.08212962857, 1.04925047622, 1.14167624816, 9.34882426492, 1.02931525623, 0.942928172304, 141.759261331, 1.18438549982, 4.01458137678, 1.09482427456, 2.26253723201, 1.01593154232, 273.667087878, 26.7853250926
1.40945823624, 1.29330607655, 1.02284904152, 1.18806094688, 3.33794485685, 0.84496008867, 2.72309867414, 1.08994453098, 0.994580889816, 2.58453756162, 2.37283826834, 0.87994841605, 3.37889524185, 1.26800098398, 1.09000015153, 1.04134942949, 1.01487462982, 0.864332870131, 5.61185881825, 0.999827047512, 0.89647202167, 359.407489971, 1.13953434519, 5.63203174351, 1.06027211573, 5.16063773392, 1.12756795815, 374.144191276, 18.4928787486
2.5734164636, 1.08569377829, 0.898593531171, 1.10887164055, 5.5925328391, 0.973567599159, 3.57798197229, 0.883002855496, 0.958110570327, 3.14717173257, 4.55399780232, 1.07887405133, 3.80118993596, 0.971595241598, 1.09000028767, 1.07628720654, 1.04602703803, 0.954934593391, 9.81029613129, 0.917129315672, 0.97963285091, 172.908166587, 1.1679257371, 2.97331587064, 1.19591207577, 1.13663792465, 1.22317725702, 387.699782997, 16.0755261411
2.58977023064, 1.27474352501, 1.00912971836, 0.835178713908, 3.04837287469, 0.820770643525, 5.86807316059, 0.853026298989, 0.936803104827, 2.09387980221, 7.02512671932, 1.08495642908, 4.07974003603, 1.26673748941, 1.0900006162, 1.10043743162, 1.0258919194, 1.0337726066, 9.50855631892, 0.982419250669, 0.791461202128, 102.331084083, 0.958307737625, 4.68437245964, 1.04752344122, 4.76767854428, 1.25630453067, 361.766921671, 32.7444356775
2.35299290605, 1.24970609973, 0.783309756252, 1.07344063177, 5.74028601424, 0.866325599947, 5.96827978306, 0.919946464797, 0.927106816797, 2.92875196293, 6.78822593657, 0.951236220884, 4.80415876987, 1.26928783245, 1.09000085759, 1.0334693722, 1.00932730149, 0.955887688089, 3.20224903763, 0.962334404367, 0.941417053162, 78.6269419544, 0.992889537347, 5.07409960005, 1.15009872657, 3.93722157273, 0.904868208174, 382.515868975, 22.2162711202
3.59717435609, 1.41258266288, 1.08880431106, 0.881244447841, 6.96142590067, 0.75915108219, 1.29005084249, 0.95034571646, 0.979231975065, 5.81513993217, 7.08330315779, 0.953317208067, 4.13453900272, 1.19762149807, 1.09000016793, 1.02070139164, 1.01195609036, 0.980543962589, 8.88554522072, 1.03833815916, 0.992355691045, 274.483635764, 0.938355234732, 2.55870805111, 0.977684563301, 1.71786188397, 1.1451926005, 377.378054897, 31.9598392793
1.6194826099, 1.04168346931, 0.917836338013, 1.14805102392, 2.91114309328, 0.724209787414, 5.42048531688, 0.959277029723, 0.965266765895, 4.77698819207, 1.97365893623, 1.09435960555, 1.79680035564, 1.22225046307, 1.090000747, 1.09579166657, 1.02309580456, 0.890683299168, 7.66942578531, 0.952482573276, 0.835778153586, 295.539611016, 1.08495201744, 5.86980575165, 0.992405135819, 1.62905728816, 1.00437108204, 417.796327913, 16.5377036433
1.91403276773, 1.12894165394, 0.932336044831, 1.1269577657, 2.00281180368, 0.854756030975, 4.53347047609, 0.971362370143, 0.911632811585, 6.1712412174, 3.79973703513, 1.08325654945, 3.64922821786, 0.958532275888, 1.0900005088, 1.1084641505, 1.03475904537, 1.17655798777, 3.32838682087, 1.04018185554, 0.949201066553, 62.7029234074, 1.04489700006, 3.05217626809, 1.15398066187, 2.72579292253, 1.28350068277, 463.665827012, 16.3981365999
1.40945823624, 1.29330607655, 0.959348104205, 1.18806094688, 2.24416298637, 0.84496008867, 2.72309867414, 1.08994453098, 0.994580889816, 2.58453756162, 2.43919415318, 0.859389601432, 3.37889524185, 1.2049950532, 1.09000015153, 1.04134942949, 1.01487462982, 0.968707084195, 5.61185881825, 1.08578067946, 0.89647202167, 359.407489971, 1.13953434519, 5.63203174351, 1.06027211573, 5.16063773392, 1.12756795815, 383.821231203, 23.0977988579
2.60477370198, 1.06396014833, 0.888859316406, 1.08890469729, 1.92925139161, 0.757510376684, 1.7754082303, 0.982035279959, 0.932780649447, 1.48744578273, 5.8146134921, 1.0515020293, 1.60987618954, 1.11764696953, 1.09000059841, 1.10237698383, 1.02340773244, 1.05351812229, 8.93532343437, 0.992425827352, 0.764981177312, 298.895287645, 0.98844548515, 5.07274261487, 1.01264467365, 1.63318433818, 1.26986042453, 443.189072002, 18.6375561974
4.98097612057, 1.03388328758, 1.05959137732, 1.05979725836, 4.32329894973, 0.742271686886, 5.1326500487, 0.930153410732, 0.966530803776, 4.86761238284, 5.99273428354, 0.972357926551, 1.8967503751, 1.24512469627, 1.09000086861, 1.09892131479, 1.02777328913, 0.88825347913, 7.95906603136, 0.97492201879, 0.770625426026, 67.2636771679, 0.958093019056, 2.97967681401, 1.08152334398, 3.98059926844, 0.92525869317, 576.733004925, 17.4381390202
2.03233035267, 1.25793277438, 1.09020270143, 1.09067523151, 4.91167366342, 0.80232677702, 5.45834273001, 0.913119164902, 0.977488898306, 4.04780163992, 3.64626477463, 0.992259044422, 3.38882274046, 0.922650091555, 1.09000052021, 1.04763710127, 1.03268957051, 1.11921606351, 3.40034684699, 0.986213476934, 0.924712754496, 63.7349828651, 0.972708765691, 4.17579570262, 1.15725146332, 4.79813653276, 1.01137617793, 519.260897401, 18.4124970244
5.03775768707, 1.32002355141, 1.06427300618, 1.1700257408, 6.6556115671, 0.944123702087, 1.44299911172, 1.08264591224, 0.952277678961, 4.51703242269, 7.16562938256, 0.87896943703, 4.87292920019, 1.28120258792, 1.09000057871, 1.00847861255, 1.00822550178, 1.01157326676, 5.9168780055, 0.910200412294, 0.888499597199, 388.63847944, 0.987609313452, 4.52253880081, 1.02172164624, 2.33011357748, 1.24035519887, 393.035923026, 30.837327472
3.46559237919, 1.01339516795, 0.7587913404, 1.0687458077, 6.40138306152, 0.794419942231, 5.90222713393, 1.07647943669, 0.951234700687, 1.79197287492, 3.0581072486, 0.92779964569, 4.05963633858, 0.969045854939, 1.09000010803, 1.10752222055, 1.03982768978, 1.0571068945, 8.83217099111, 1.1715753755, 0.821968039353, 242.119639141, 0.999316919283, 3.7885789169, 1.22035446606, 1.1698894518, 0.919494513121, 394.714117782, 23.3830557962
5.37630839797, 1.00316660536, 1.12408138161, 1.01041256134, 5.69579543403, 0.884149494042, 4.29780187082, 0.843650414925, 0.900398147335, 4.23310208161, 7.11838335125, 0.991645479498, 2.8597852678, 1.27624954758, 1.09000041223, 1.08749078148, 1.00902353421, 1.09220192925, 3.92278389121, 0.970094159243, 0.924116552863, 201.053867919, 1.15184788069, 4.34710254822, 1.02789933917, 3.68211071311, 1.19325028331, 468.371638822, 19.3531258549
3.53641151151, 1.37588286878, 1.06208014333, 0.822288015885, 5.98192799506, 0.85568028712, 5.31072175407, 1.09271258225, 0.962370150693, 4.40454679853, 4.66419614506, 1.07955253239, 2.38391917013, 0.894424650557, 1.09000085325, 1.04551190147, 1.04563180513, 1.15970355516, 4.64511749681, 0.947267131979, 0.794766257646, 86.7413647137, 1.16518093353, 3.91468413196, 1.21652828037, 4.91849716256, 1.05840933715, 456.463745458, 19.425533944
2.47438356587, 1.06208469621, 0.960422441588, 0.908657352254, 6.63361232613, 0.806575734148, 5.27378231827, 1.00390319575, 0.947528577454, 5.5879651553, 2.10571316823, 0.938898398056, 4.08665757509, 0.957859628331, 1.09000082549, 1.05363106488, 1.01807158159, 1.10572034202, 7.90434402405, 1.15615477638, 0.893600062842, 316.141613399, 0.966493820771, 3.39119059045, 0.967334234694, 3.45639685081, 0.949950883474, 601.341351221, 18.3229003386
4.14719539592, 1.19273950003, 0.820736425993, 1.05431404812, 1.69841840593, 0.742942290625, 3.06311644819, 0.84181882794, 0.989073930154, 2.44886106348, 3.00370618007, 0.888360397048, 3.19960152104, 1.16958007684, 1.09000017525, 1.00686778917, 1.00116204066, 1.14476911244, 5.19206596066, 1.15855172896, 0.959732433485, 168.100734878, 1.02175991338, 5.68198665731, 1.03196773181, 1.05324012613, 1.08644594229, 412.342261796, 30.8097154096
4.56074383764, 1.32360297825, 1.01499158589, 0.874070564291, 5.12687011265, 0.835729329099, 2.14956696425, 0.937428373016, 0.970106764538, 2.44451792909, 2.44462749247, 0.941142961384, 3.70412150865, 1.1280746779, 1.09000037419, 1.01966218644, 1.00845251705, 1.04644760672, 3.85185488413, 0.956801068602, 0.800421200656, 70.576025477, 0.916645737963, 4.65253841752, 1.02620711922, 2.98476495944, 1.15584117399, 403.509453349, 33.2743305621
4.14685027393, 1.40473155322, 0.799130597033, 0.924331944761, 4.28861072969, 0.961095847432, 3.4953036777, 0.980475148595, 0.954387509113, 2.77579298637, 7.31056896828, 1.07954675898, 4.52845472437, 0.838875829145, 1.09000080208, 1.09905389202, 1.04608927654, 0.886451842832, 5.83506459856, 1.08545346912, 0.971037311143, 154.741012368, 1.19817223243, 2.61853103041, 1.14258727975, 1.49614719964, 0.988326477912, 446.483786733, 25.0334507583
3.10740127178, 1.3679842612, 0.758086222626, 1.00068681272, 2.91530078247, 0.86311801494, 5.28482705091, 0.871734600876, 0.903547889626, 2.48155457651, 2.6620308313, 1.05198054014, 3.72003781604, 1.10453933549, 1.09000023867, 1.06968585559, 1.04521107986, 0.83101482911, 9.03870705884, 0.992698393792, 0.760849290091, 369.946379874, 1.14746320958, 2.5914402583, 1.23276000825, 1.1710363948, 0.901041487895, 478.595890102, 20.2105521677
3.68759425073, 1.12717144917, 1.12824047644, 0.936661283842, 6.22127383965, 0.798312598367, 1.63138250443, 1.00425955257, 0.941317191824, 4.57157705748, 4.3698109738, 0.951575218409, 4.77425324143, 0.946913520458, 1.09000047997, 1.06127837909, 1.04288545569, 0.975399273767, 7.59951405852, 0.910206303722, 0.926938123553, 18.155181867, 1.19682698918, 5.13435486605, 1.14841013194, 1.27085911689, 1.06311986998, 481.943047108, 20.0881598718
4.58403056395, 1.10755835001, 0.753582731104, 1.19933802035, 1.93396372949, 0.75869984636, 2.07937112071, 0.945167655936, 0.984626296532, 2.38552774952, 5.75491612373, 0.96834978064, 1.37879475393, 0.832135195518, 1.09000051502, 1.01093632531, 1.02070904197, 1.15485768107, 3.46016126121, 0.947049714227, 0.913626858709, 62.3567092215, 1.10350375227, 5.33081177593, 1.01120508004, 2.94836922789, 1.27167183999, 676.247664993, 19.9595489858
2.94437848033, 1.27886258423, 1.07315605986, 1.12793984294, 4.73326874997, 0.872756390423, 5.07524325755, 1.07588057647, 0.9487901208, 4.14035944606, 2.18074365975, 0.856049897012, 1.72602160571, 1.06929032588, 1.09000027699, 1.01406232312, 1.00975537567, 1.18056650812, 7.98187573291, 0.988481533053, 0.9148150858, 141.910028677, 1.04678041473, 4.75330860291, 1.09259102702, 5.24277148504, 1.29726901175, 769.96716746, 18.8553778111
3.00099867555, 1.36805366109, 0.861121757732, 0.93654500735, 3.41961179209, 0.858627765809, 1.34981876953, 1.07811133796, 0.966290002681, 3.45387286405, 2.80441171221, 0.843690849261, 1.58774432806, 0.915904996503, 1.09000027044, 1.02944952196, 1.00187569015, 1.01209410122, 4.17182606953, 0.944741790046, 0.985080418293, 375.173828614, 0.97620323034, 2.25222449576, 0.960210916878, 2.2592714054, 0.960980474435, 734.308127544, 19.7587978224
2.48023347603, 1.1860589254, 1.05096530013, 1.1057627945, 4.90859876481, 0.979577538308, 2.07948067937, 0.900248736387, 0.902207212843, 3.90302381565, 2.66644413899, 0.933905526326, 3.61191359265, 1.01671360727, 1.09000011646, 1.07957818171, 1.01475849439, 1.03222468457, 5.2282938953, 0.915269937252, 0.791346295168, 49.8847896381, 1.01704611744, 1.47389553465, 1.09545960575, 2.11963892196, 0.881057341234, 710.261380013, 19.7631198914
2.56027885663, 1.389057988, 1.02228984305, 0.887634928655, 1.71371647496, 0.892312360738, 4.65617608345, 0.978391206506, 0.989711099738, 2.90671449156, 4.91808619328, 0.841430068403, 1.81962711845, 1.28292642759, 1.0900006467, 1.06862150708, 1.01522304728, 0.927976129648, 8.30832103403, 1.08943073114, 0.958512827298, 382.211655127, 1.06916592586, 5.57210641553, 0.97517991282, 3.92386021992, 1.27258641915, 440.090361495, 33.167054111
2.60477370198, 1.02825284579, 0.888859316406, 0.861746805551, 1.92925139161, 0.757510376684, 1.7754082303, 0.982035279959, 0.932780649447, 5.2495175642, 5.8146134921, 0.976298304007, 1.60987618954, 1.11764696953, 1.09000059841, 1.10237698383, 1.02340773244, 1.09194420526, 8.93532343437, 0.992425827352, 0.764981177312, 298.895287645, 0.98844548515, 5.07274261487, 1.01264467365, 1.63318433818, 1.26986042453, 426.741332541, 34.23890601
1.38122053704, 1.35499124401, 0.821268352526, 0.824664555525, 3.7962958449, 0.84468135142, 3.03307150499, 0.994189814829, 0.975672844134, 3.38120147492, 2.50459042793, 0.991645479498, 4.87351867582, 0.831965490073, 1.09000013165, 1.02629152755, 1.00902353421, 1.09220192925, 4.96269783264, 1.1714077621, 0.915297723409, 245.989836556, 0.987616856158, 3.45878800291, 1.17166082678, 4.30696508946, 0.984842583288, 482.784383568, 25.2516206169
3.46559237919, 1.01339516795, 0.7587913404, 0.906121776541, 6.40138306152, 0.794419942231, 5.90222713393, 0.84071785543, 0.976147588206, 2.128259433, 3.0581072486, 0.92779964569, 4.05963633858, 1.14853087675, 1.09000091788, 1.10752222055, 1.03446206205, 1.0571068945, 8.83217099111, 1.07121835808, 0.821968039353, 242.119639141, 0.999316919283, 4.73089161626, 1.22035446606, 1.1698894518, 0.975593663671, 483.286842722, 24.982416367
4.39155697865, 1.15687434887, 0.73365083395, 0.8166541965, 5.60123786489, 0.881994285427, 1.66708545681, 1.02866769719, 0.915225897866, 3.65639380136, 5.45085761645, 1.0732913932, 2.35120748958, 1.05988669599, 1.09000048025, 1.05262950036, 1.02569784004, 0.968853253661, 7.08400955919, 1.01433733636, 0.808244050113, 245.595872295, 0.946418810684, 3.55925946639, 1.10573474846, 1.92517194705, 1.1363852569, 498.022271295, 23.3829827999
3.53641151151, 1.37588286878, 1.06208014333, 0.822288015885, 5.98192799506, 0.85568028712, 5.31072175407, 1.09271258225, 0.962370150693, 4.40454679853, 3.96742522222, 1.08033123291, 2.38391917013, 0.894424650557, 1.09000085325, 1.0270520763, 1.04563180513, 1.15970355516, 4.64511749681, 0.947267131979, 0.794766257646, 86.7413647137, 1.16518093353, 3.91468413196, 1.21652828037, 4.91849716256, 1.05840933715, 545.941699567, 20.8077339228
2.26374622448, 1.03247644241, 0.786160941093, 1.09529533966, 5.28245885635, 0.944425125097, 5.89479435092, 0.992275913738, 0.931072364729, 2.52751145761, 3.96062688188, 0.885114235356, 3.34716202979, 0.931913699644, 1.09000000645, 1.03620847293, 1.0442743943, 1.1628761476, 7.4507703261, 0.952840186727, 0.827636610567, 339.85279039, 0.975577430727, 5.98485517287, 1.0974898823, 3.31538106953, 1.11948450121, 786.23331547, 19.2207023535
2.58977023064, 1.27474352501, 1.00912971836, 0.835178713908, 3.04837287469, 0.820770643525, 5.86807316059, 0.853026298989, 0.936803104827, 2.09387980221, 7.02512671932, 1.06998267269, 4.07974003603, 1.26673748941, 1.09000017311, 1.10043743162, 1.0258919194, 1.0337726066, 9.50855631892, 0.933196782486, 0.791461202128, 102.331084083, 0.958307737625, 3.94668188335, 1.04752344122, 4.76767854428, 1.25630453067, 480.919828374, 34.7201827096
1.29428707129, 1.35499124401, 0.758972937922, 0.824664555525, 3.7962958449, 0.84468135142, 3.03307150499, 0.994189814829, 0.975672844134, 3.38120147492, 2.50459042793, 0.850501875293, 4.87351867582, 0.831965490073, 1.09000013165, 1.02629152755, 1.04290882199, 0.962274230692, 4.96269783264, 1.03554221849, 0.915297723409, 245.989836556, 0.987616856158, 3.45878800291, 1.17166082678, 3.87194293549, 0.984842583288, 498.445179213, 32.3045426267
3.69991204236, 1.18859385861, 1.11918391652, 1.09528381929, 6.11032483958, 0.879596428007, 3.15714249561, 0.933825932641, 0.993456505349, 2.96012468236, 4.23318388901, 0.840283305779, 5.04541032295, 1.28257156699, 1.09000094425, 1.10662229305, 1.02823770485, 0.966624921016, 7.0993404387, 0.959730480864, 0.976629511557, 113.898747475, 1.19874932965, 4.36971524484, 1.17255487891, 2.36455536556, 1.14919534353, 498.746392758, 23.7005364052
4.99352906045, 1.2228032289, 0.8363224951, 1.15783831223, 1.82752333845, 0.967866133218, 1.22836691744, 0.986883982047, 0.907081759167, 2.01111104376, 1.67151062848, 0.892142231052, 1.02419400086, 0.907099265332, 1.0900006162, 1.04675265664, 1.01095490452, 0.933434620823, 9.34702527118, 1.0798621752, 0.887735571555, 260.402810442, 0.959045722952, 4.68437245964, 1.18157898296, 3.47719057505, 1.05385698752, 637.222307168, 21.6053791854
3.46559237919, 1.13879829297, 0.7587913404, 0.906121776541, 6.40138306152, 0.817464665702, 5.90222713393, 0.862423929447, 0.976147588206, 2.17173362507, 3.0581072486, 0.92779964569, 4.05963633858, 1.14853087675, 1.09000091788, 1.10752222055, 1.03446206205, 1.15385473368, 8.83217099111, 1.07121835808, 0.821968039353, 242.119639141, 0.999316919283, 4.73089161626, 1.22035446606, 1.66596720001, 0.944969933955, 633.776093567, 21.8585530271
5.96251273014, 1.21020398577, 1.08756413456, 0.931739426841, 4.64012124515, 0.999369768912, 4.6208114645, 0.891302681671, 0.927641389991, 5.28278662882, 7.66554995705, 0.856677057781, 4.39793041468, 0.893937272772, 1.09000073966, 1.03511268477, 1.02636755061, 0.861985563047, 6.32009286016, 1.04391685731, 0.930178031372, 318.789532675, 1.11265237987, 3.15005248022, 1.11058592137, 3.70898531764, 0.893013163122, 806.297368584, 19.3072386868
2.86817836654, 1.19393524931, 1.10668334146, 1.20726993325, 2.07921664831, 0.979087993929, 4.20560324553, 0.910426362168, 0.98909092554, 5.5517277551, 2.22838429204, 1.09402690542, 4.7302095522, 0.968744632512, 1.09000081732, 1.07141337853, 1.02624346169, 0.814740083362, 3.05359609759, 1.17872313385, 0.848492724461, 239.007855093, 1.14644920348, 1.70283461094, 1.12922762994, 3.70898531764, 0.935431389658, 795.126826212, 19.6793152752
1.2899433649, 1.33949657696, 1.04851229864, 1.02496924162, 3.69864786516, 0.880272608856, 4.54070528644, 0.936187807628, 0.900051156818, 4.81447868568, 2.71492400051, 1.00526197228, 3.83451131018, 1.26434386239, 1.09000021337, 1.00388991362, 1.04229037172, 1.04750229314, 6.07553139082, 0.950616856888, 0.870533978408, 287.897349502, 0.98253706199, 4.21175757712, 1.05170266516, 2.93420851135, 1.17049181964, 546.849258987, 25.9629858902
2.90828027741, 1.31754359982, 0.817278893363, 1.07873968216, 3.28667038622, 0.888424032598, 5.04183814828, 0.858158638947, 0.935754217581, 3.12774546333, 1.78280328221, 0.844787741868, 3.50748275015, 1.00445541524, 1.09000013116, 1.0421125162, 1.00128982995, 1.10353508674, 3.4782783708, 0.988692180121, 0.819708846405, 300.645419778, 1.18508796211, 4.69024000779, 1.03700754577, 3.32030185434, 0.970148029313, 586.499105111, 24.4774797323
5.98822952825, 1.21653550692, 0.783139215486, 1.02878116737, 5.90089859657, 0.804315285062, 2.74631619303, 0.908662033741, 0.920291555921, 5.88322950912, 2.80774940053, 0.994365250099, 3.25694139014, 1.17198773109, 1.09000016995, 1.03868365119, 1.02743491043, 0.817626682125, 9.45624747217, 0.926508380293, 0.776217250385, 387.057511243, 0.928731298892, 5.56046090967, 1.00372143966, 1.15212039985, 1.05538962081, 545.213192206, 33.0291379437
2.56027885663, 1.389057988, 1.02228984305, 0.887634928655, 1.71371647496, 0.892312360738, 3.62277590344, 0.978391206506, 0.989711099738, 2.90671449156, 4.91808619328, 0.941142961384, 2.22539120326, 1.1280746779, 1.0900006467, 1.06862150708, 1.01522304728, 0.927976129648, 8.30832103403, 1.08943073114, 0.958512827298, 382.211655127, 1.06916592586, 5.57210641553, 0.966539798661, 3.92386021992, 1.27258641915, 568.280145086, 24.8873813167
1.22370901512, 1.25754141813, 0.927371449358, 0.800685653565, 1.92438406151, 0.96935155401, 4.79143074552, 0.89460064875, 0.904590197232, 3.2303776771, 1.92849440198, 0.960588098316, 3.64407007417, 1.27905195442, 1.09000028879, 1.07306959426, 1.00138145044, 1.18235458132, 8.91378063128, 0.912929442501, 0.818804793154, 147.57157767, 0.952262946846, 1.5781317026, 1.0814699866, 3.04706387545, 1.27477750742, 699.509151465, 23.5043688658
5.38758166762, 1.18723112822, 0.95345631233, 1.13197088798, 6.27850368481, 0.800121049285, 1.67490985585, 0.857348784572, 0.919375289033, 2.6654453751, 3.20027599285, 0.94090362754, 2.46277255393, 0.981509147799, 1.09000072513, 1.03538923422, 1.04337142204, 1.20719690184, 5.8038591644, 0.969611111212, 0.891141224128, 248.84900074, 1.0058438813, 1.79026952736, 1.04711001911, 1.9009755442, 0.942739489036, 707.948101797, 22.4037705238
1.6156683332, 1.38703830155, 0.777009129069, 1.14724804959, 5.47397745202, 0.934374256978, 4.14730996283, 1.09308675376, 0.901552168535, 1.39753147462, 2.69053683102, 1.03530003724, 3.03548402392, 1.07906081027, 1.09000065108, 1.10351428811, 1.00138689012, 1.20055048444, 4.7920822933, 1.02839054678, 0.928152684247, 25.1050759548, 0.945263463166, 5.2364664358, 1.22223505201, 1.75091874258, 1.07792605429, 839.888319357, 19.3697102456
1.29594759061, 1.30980570771, 1.03202678786, 0.877958141862, 2.32690474278, 0.903739286764, 3.40551714415, 1.04674375022, 0.942584466998, 2.9097153782, 7.70254604207, 1.04632992945, 4.63541850727, 0.949301743101, 1.09000086842, 1.05944544462, 1.04256433181, 1.04478277144, 3.69702861955, 1.07959870409, 0.884949595446, 137.052187334, 0.931578508987, 3.61269194916, 1.07486241386, 1.68287759041, 1.16769375377, 621.514094067, 25.2923223492
3.46559237919, 1.20802513433, 0.7587913404, 0.906121776541, 6.40138306152, 0.817464665702, 5.90222713393, 0.862423929447, 0.976147588206, 2.128259433, 3.0581072486, 0.92779964569, 4.05963633858, 1.14853087675, 1.09000091788, 1.10752222055, 1.03446206205, 1.0571068945, 8.83217099111, 1.07121835808, 0.821968039353, 242.119639141, 0.999316919283, 4.73089161626, 1.22035446606, 1.66596720001, 0.975593663671, 585.099861775, 35.8469435583
3.39752593545, 1.30613779764, 1.1410827695, 0.904156296656, 5.27147076579, 0.981725800274, 5.82408379655, 0.927794177503, 0.964138668068, 1.32573122721, 5.35124014679, 0.875755069049, 1.53054131238, 0.962006481421, 1.09000012294, 1.05711756822, 1.0143015664, 1.06809409428, 3.27531340909, 1.08569512993, 0.950089947687, 259.257600964, 1.09574066733, 5.78058440504, 1.08558446234, 3.21423548328, 0.92525869317, 597.475540459, 25.8851237418
5.27973891764, 1.21402299176, 0.753162390367, 1.11123143097, 1.45067975868, 0.903435639629, 3.82412467915, 0.913119164902, 0.949598383323, 1.52026731314, 2.55394470471, 0.992259044422, 4.99399067632, 0.922650091555, 1.09000063302, 1.0065636776, 1.011243374, 1.18850061321, 8.19834001862, 0.915632538818, 0.931169758712, 130.516397726, 1.01719444837, 1.93007484684, 1.13115139268, 3.87200024865, 0.950846192306, 732.385476136, 23.2279042293
4.14719539592, 1.19273950003, 0.831865618764, 1.05431404812, 1.69841840593, 0.742942290625, 3.06311644819, 0.84181882794, 0.989073930154, 2.44886106348, 3.00370618007, 0.888360397048, 3.19960152104, 1.16958007684, 1.09000017525, 1.00686778917, 1.00116204066, 1.14476911244, 5.19206596066, 1.15855172896, 0.959732433485, 168.100734878, 1.01397436581, 5.68198665731, 1.03196773181, 1.05324012613, 1.08644594229, 861.875402046, 20.4310292899
5.50662703916, 1.12717144917, 1.12824047644, 0.93654500735, 6.22127383965, 0.798312598367, 1.63138250443, 1.00425955257, 0.941317191824, 4.57157705748, 4.3698109738, 0.951575218409, 4.77425324143, 0.946913520458, 1.09000047997, 1.06127837909, 1.04288545569, 0.975399273767, 4.17182606953, 0.910206303722, 0.926938123553, 18.155181867, 1.19682698918, 5.13435486605, 1.14841013194, 1.27085911689, 1.06311986998, 625.022704344, 28.2600576769
4.56074383764, 1.32360297825, 1.01499158589, 0.874070564291, 5.12687011265, 0.835729329099, 2.14956696425, 0.937428373016, 0.970106764538, 1.43395447792, 2.44462749247, 0.841430068403, 3.70412150865, 1.28292642759, 1.09000051268, 1.01966218644, 1.00845251705, 1.04644760672, 3.85185488413, 0.956801068602, 0.800421200656, 70.576025477, 0.916645737963, 4.65253841752, 1.02620711922, 3.0228038893, 1.15584117399, 653.87079956, 28.0699992444
3.80971968688, 1.32220093504, 1.04195179217, 1.12811952368, 2.22073032729, 0.913272512772, 5.97780388539, 0.856387668822, 0.977649351004, 2.68007255543, 4.67413485067, 1.08622149977, 5.01814207293, 1.10280625685, 1.09000082444, 1.0247753949, 1.03000913031, 0.961225309213, 8.86839785072, 1.17550706437, 0.760086763802, 186.09619211, 0.931578508987, 1.3780556318, 0.953280164316, 3.14017947165, 1.1526060632, 708.572672898, 26.8472323153
3.83779502238, 1.30156847619, 1.15597433837, 1.15102001402, 4.39227317058, 0.744200283126, 4.77564447132, 0.91103036965, 0.922401654518, 1.63358601425, 4.55804233803, 1.02917508292, 4.29967115499, 1.18966520159, 1.09000015742, 1.01006056622, 1.03217091507, 1.21224457103, 9.62936923308, 1.09810678099, 0.83241649539, 57.0583459112, 0.931499797536, 2.79767480424, 1.18741523278, 2.61394031278, 1.07679155435, 859.537197305, 23.7078958808
5.34585771954, 1.34977822807, 1.16703022548, 1.06881841351, 1.45284336338, 0.918827437774, 4.9836395604, 0.924648906653, 0.963663160489, 5.68926650559, 4.65507745724, 0.892422466992, 3.26234212982, 0.892838209645, 1.09000094485, 1.04005960565, 1.00211430263, 0.887276625172, 7.75926172038, 1.02653630439, 0.879594339411, 302.959370455, 1.01206734858, 2.85481733889, 1.09218171719, 1.05421160633, 0.987236418663, 783.965578513, 26.5828085575
1.22370901512, 1.25754141813, 0.927371449358, 0.800685653565, 1.92438406151, 0.949621011068, 4.79143074552, 0.89460064875, 0.904590197232, 3.2303776771, 3.00370618007, 0.960588098316, 3.64407007417, 1.27905195442, 1.0900000785, 1.07022848308, 1.00138145044, 1.18235458132, 8.91378063128, 0.912929442501, 0.818804793154, 147.57157767, 0.952262946846, 1.5781317026, 1.12973120621, 3.04706387545, 1.27477750742, 1015.31266871, 21.0172758159
1.08264860924, 1.38703830155, 0.777009129069, 1.14724804959, 5.47397745202, 0.934374256978, 4.14730996283, 1.09308675376, 0.901552168535, 1.27287301392, 2.69053683102, 1.03530003724, 3.03548402392, 1.07906081027, 1.09000089763, 1.10351428811, 1.00138689012, 1.20055048444, 4.7920822933, 1.02839054678, 0.928152684247, 25.1050759548, 0.945263463166, 5.2364664358, 1.22223505201, 1.75091874258, 1.15488012024, 925.34426801, 21.1009188305
4.33092155777, 1.1772163074, 0.841890225002, 0.945108465187, 5.59176152008, 0.792982704669, 4.70267245958, 1.04587004135, 0.922796690403, 4.73962497144, 4.19388227738, 1.08321567025, 1.15318923466, 1.04915533652, 1.09000084802, 1.02208376832, 1.03362471995, 0.955155002845, 8.79973920672, 1.14014950311, 0.773030930784, 378.150641918, 0.929031408916, 3.02545355836, 1.17223296315, 1.15079363429, 0.926069730221, 664.705235769, 36.5360870659
4.58403056395, 1.10755835001, 0.753582731104, 1.19933802035, 1.93396372949, 0.75869984636, 2.07937112071, 0.945167655936, 0.984626296532, 2.38552774952, 5.75491612373, 0.96834978064, 1.37879475393, 0.832135195518, 1.09000051502, 1.01093632531, 1.01907532771, 1.15485768107, 3.60402097501, 0.947049714227, 0.913626858709, 62.3567092215, 1.10350375227, 5.33081177593, 1.01120508004, 2.94836922789, 1.27167183999, 711.016499176, 28.7928964944
2.35299290605, 1.24970609973, 0.783309756252, 0.970180292594, 5.74028601424, 0.866325599947, 5.96827978306, 0.919946464797, 0.927106816797, 2.92875196293, 6.78822593657, 0.951236220884, 4.80415876987, 1.26928783245, 1.09000085759, 1.0334693722, 1.00932730149, 0.955887688089, 3.20224903763, 1.04938821989, 0.941417053162, 78.6269419544, 0.992889537347, 5.07409960005, 1.15009872657, 3.93722157273, 0.904868208174, 730.129329223, 27.0960223445
2.56591878741, 1.28528855227, 0.80677372241, 1.15025091633, 3.70008901205, 0.720023785751, 3.19672385211, 0.899375869276, 0.987531982593, 5.36517487311, 1.73049420534, 0.817057161765, 3.50453026346, 1.14853087675, 1.09000020152, 1.01265208311, 1.00995595311, 1.10430934306, 8.02399071329, 0.938402766436, 0.988548897768, 370.625358096, 1.03053323546, 5.40310815448, 1.13173535023, 5.18553349433, 0.988930450185, 895.14465065, 23.8329265804
3.80971968688, 1.32220093504, 1.04195179217, 1.12811952368, 2.22073032729, 0.913272512772, 5.97780388539, 0.856387668822, 0.977649351004, 2.68007255543, 5.85218778254, 1.08622149977, 5.01814207293, 1.10280625685, 1.09000082444, 1.0247753949, 1.03000913031, 0.961225309213, 8.86839785072, 1.17550706437, 0.760086763802, 186.09619211, 1.02168001789, 1.3780556318, 0.953280164316, 3.14017947165, 1.1526060632, 1064.42986205, 21.8457564301
3.39752593545, 1.30613779764, 1.1410827695, 0.904156296656, 5.27147076579, 0.981725800274, 5.82408379655, 0.927794177503, 0.964138668068, 1.32573122721, 5.35124014679, 0.875755069049, 1.53054131238, 0.962006481421, 1.09000012294, 1.05711756822, 1.0143015664, 1.06809409428, 6.90820967484, 1.08569512993, 0.950089947687, 330.305549889, 1.09574066733, 5.78058440504, 1.08558446234, 3.21423548328, 0.92525869317, 714.100367166, 40.1927011266
5.79394266614, 1.37443200218, 1.09287614804, 1.19638828817, 3.48867819447, 0.998717058719, 1.22429202891, 0.852344100081, 0.960692447386, 3.26770117941, 6.21534468127, 1.03166223234, 1.16053731432, 1.27443523428, 1.09000038819, 1.09102248153, 1.03705253805, 1.00263205385, 5.01577493394, 1.03567428859, 0.828909692055, 189.818326708, 1.16270034904, 3.19223501526, 1.19618097842, 2.84362333522, 1.09949842352, 1111.13192648, 22.1254126752
3.08548607204, 1.30912290227, 0.736481485027, 0.934996307161, 6.44626961174, 0.823210271151, 2.38634324886, 1.03902134327, 0.914497617651, 2.54604948145, 6.72878835715, 0.938924068998, 3.2790950176, 1.20839635062, 1.09000053025, 1.06642384971, 1.00028074107, 0.940473896718, 5.39323673275, 0.9910694243, 0.893600062842, 207.643003312, 0.947304152708, 5.52258344969, 1.06921371839, 3.45639685081, 0.934049876232, 770.827061962, 28.0614559162
1.40945823624, 1.29330607655, 0.959348104205, 1.20493298056, 2.24416298637, 0.84496008867, 2.72309867414, 1.08994453098, 0.997131598893, 5.40347860073, 2.43919415318, 0.859389601432, 3.37889524185, 1.2049950532, 1.0900002843, 1.03055554385, 1.01487462982, 0.968707084195, 5.61185881825, 1.08578067946, 0.89647202167, 359.407489971, 1.13953434519, 5.63203174351, 1.06027211573, 5.16063773392, 1.12756795815, 752.208240341, 37.3581857471
4.754103413, 1.04188057475, 1.10643328766, 1.1434940091, 5.75379942573, 0.822632087477, 1.95149097444, 1.04825462935, 0.923625470721, 2.83442043929, 2.47256034555, 0.974019360679, 4.62315790128, 1.03153972106, 1.0900001348, 1.00747278025, 1.03746084729, 1.10670509604, 3.09260660243, 1.07081797488, 0.818864900927, 387.194528198, 1.12565311008, 3.08321778292, 1.16698707288, 1.81635089893, 1.25216696049, 1008.15837746, 24.1041707395
4.09456483125, 1.07509642624, 1.10663008166, 0.984079880786, 5.31728115437, 0.889831543668, 1.50337219695, 0.828767867508, 0.948817324587, 5.87154100705, 3.15038084918, 0.874777563708, 2.79392911386, 0.975622575576, 1.09000030121, 1.03745519232, 1.00948104075, 0.864332870131, 7.14722539197, 1.01908177654, 0.905584050238, 185.908817501, 1.12323286517, 3.73266830028, 1.17059593375, 4.95035335971, 1.13125930522, 861.741142403, 27.4131749399
2.48023347603, 1.1860589254, 1.05096530013, 1.11265546852, 4.90859876481, 0.979577538308, 2.07948067937, 0.900248736387, 0.902207212843, 3.90302381565, 2.66644413899, 0.933905526326, 3.61191359265, 1.01671360727, 1.09000011646, 1.07957818171, 1.01475849439, 1.03222468457, 5.2282938953, 0.915269937252, 0.791346295168, 49.8847896381, 1.01704611744, 1.47389553465, 1.09545960575, 2.11963892196, 0.881057341234, 925.899192481, 24.848560341
3.59717435609, 1.41258266288, 1.08880431106, 0.881244447841, 6.96142590067, 0.75915108219, 1.29005084249, 0.990648059863, 0.979231975065, 5.81513993217, 7.08330315779, 0.953317208067, 4.13453900272, 1.19762149807, 1.09000016793, 1.01628804059, 1.01195609036, 0.980543962589, 8.72978884686, 1.03833815916, 0.99918007009, 274.483635764, 0.938355234732, 2.55870805111, 0.977684563301, 1.71786188397, 1.1451926005, 814.915346654, 27.8381022593
2.58977023064, 1.27474352501, 1.00912971836, 0.835178713908, 3.04837287469, 0.820770643525, 5.86807316059, 0.853026298989, 0.936803104827, 2.09387980221, 7.02512671932, 1.06998267269, 3.34444880151, 1.26673748941, 1.09000017311, 1.10043743162, 1.01092639693, 1.0337726066, 9.50855631892, 0.933196782486, 0.791461202128, 102.331084083, 0.958307737625, 4.68437245964, 1.04752344122, 4.76767854428, 1.25630453067, 935.665476461, 24.2855777467
