0.143871918461, 0.955717373946, 6.10509658872, 0.845558047048, 84.4325398607, 7.5223251727, 0.654852924348, 3.97572417679, 17.9219812816, 286.640012211, 0.0
0.166411271938, 0.93124937552, 2.97613069511, 0.817050734134, 86.2218181279, 1.61126411103, 0.898137240606, 1.73869728139, 14.2023494259, 117.412442336, 0.00704304460105
0.124708253332, 0.870150557846, 2.85346461449, 0.764959548954, 90.5993637941, 1.75693635139, 0.420897394264, 2.61309062135, 14.7748854331, 119.139603132, 0.00420958870385
0.194099259795, 0.830396136027, 2.05827667584, 0.82681118406, 99.6657388375, 3.85918205732, 0.178093518474, 3.00346428909, 14.2330442945, 76.8551803644, 0.0326399965177
0.122795560593, 1.1865087837, 2.66231533282, 0.610232268558, 83.2307524019, 7.17121700312, 0.602045838356, 3.10586836508, 11.2250930341, 86.8401642142, 0.0528397093762
0.125984543123, 1.04186659488, 2.26593004526, 0.623140645353, 90.9909578534, 9.43339157711, 0.404009553077, 1.53823118359, 14.7581946332, 77.0709410714, 0.11665138439
0.19608246211, 0.904172458981, 2.01744623922, 0.68885961357, 81.7304304047, 8.95685605733, 0.472470663511, 4.11458036604, 18.4779326145, 84.6534838657, 0.150563365591
0.107124042468, 1.03907051703, 2.18054281343, 0.703270952608, 80.2942686215, 4.95223641512, 0.109058545991, 4.65856889631, 14.4822997066, 102.335689617, 0.0614293323671
0.116062888632, 1.0345418546, 2.29795269359, 0.748495081588, 99.0590317265, 7.00601126002, 0.223373967753, 4.82653924721, 13.0295623465, 114.821695043, 0.0562963540813
0.194099259795, 0.830396136027, 2.05827667584, 0.82681118406, 98.7657735489, 3.90017340799, 0.178093518474, 3.00346428909, 14.2330442945, 122.187819436, 0.0307784768095
0.185172717704, 1.02835549202, 2.77245108802, 0.874041925958, 92.6253750758, 1.9385650451, 0.999283055818, 2.9774518607, 16.3400020665, 140.764530016, 0.0184671679844
0.166411271938, 0.93124937552, 2.97613069511, 0.817050734134, 86.2218181279, 1.61126411103, 0.898137240606, 1.73869728139, 14.2023494259, 141.815812704, 0.0140279500639
0.107993952022, 0.949703331639, 4.96740429465, 0.752573413429, 82.5299544953, 1.84682285118, 0.0365867932484, 2.91028811072, 13.7835375012, 254.161262803, 0.00807855002492
0.124674816195, 0.889903453482, 5.86775585261, 0.946233600741, 97.5965335667, 1.39414787785, 1.78742061246, 1.90719792409, 14.1475042362, 480.912783752, 0.00780917146166
0.124708253332, 0.870150557846, 2.85346461449, 0.764959548954, 90.5993637941, 1.75693635139, 0.420897394264, 2.61309062135, 14.7748854331, 150.569068988, 0.0176909508116
0.197728148553, 0.849026796235, 3.76302894144, 0.805272690691, 93.0064006789, 1.24001537495, 0.682538261476, 3.64150780552, 12.5965248292, 161.054809367, 0.0163093613132
0.197728148553, 0.849026796235, 4.26742895903, 0.805272690691, 93.0064006789, 1.24001537495, 0.682538261476, 3.64150780552, 12.5965248292, 177.144992285, 0.015762047823
0.107993952022, 0.949703331639, 4.96740429465, 0.752573413429, 82.5299544953, 1.84682285118, 0.0365867932484, 2.91028811072, 13.7835375012, 296.67587133, 0.0124536089559
0.170435846593, 1.00793641137, 3.29992030328, 0.855179994531, 88.6877179949, 1.45884439061, 1.54616016051, 3.70456698244, 15.0611473826, 310.039958131, 0.00942306248641
0.149804404978, 1.01547213492, 2.97330344347, 0.930158561674, 90.3429849896, 3.51549535339, 0.759009663273, 1.23114662853, 19.3965201888, 136.703947546, 0.034903672958
0.145426046481, 0.938946224225, 2.36502895991, 0.839704641296, 94.9967995585, 5.48732275189, 0.0718925014246, 1.16495968535, 11.0474060462, 126.408313556, 0.0517913233817
0.100125950329, 1.1116122054, 5.79283419115, 0.85184254931, 83.9796917989, 1.61533682098, 0.177315410466, 0.391608439148, 16.0804239076, 465.511843332, 0.0116394431768
0.100125950329, 1.1116122054, 7.19496020094, 0.85184254931, 83.9796917989, 1.61533682098, 0.177315410466, 0.391608439148, 16.0804239076, 840.281665494, 0.00975663055635
0.109847711425, 1.2077836135, 7.90620382277, 0.74971328961, 83.671352197, 2.34382489394, 1.73290316047, 0.178254260699, 10.6150944005, 1390.68101576, 0.0108857268554
0.166817913753, 0.887330179276, 6.57912924886, 0.686468521986, 82.0267744948, 3.74506318874, 0.196445798677, 1.89107241723, 13.1448747876, 231.199210852, 0.0171635796707
0.132866895548, 1.20236326464, 4.94895444722, 0.740458704034, 94.1494964566, 1.86976881665, 0.477551321756, 2.93049488625, 10.0354560432, 355.115099745, 0.0138719082557
0.119614814035, 1.17617969113, 7.39270667185, 0.708503262426, 90.0818933927, 1.78270651037, 0.542179275864, 3.87405133164, 14.8644534017, 745.593913406, 0.0122080003111
0.119614814035, 1.17617969113, 7.39270667185, 0.708503262426, 83.2307524019, 1.78270651037, 0.542179275864, 3.87405133164, 14.8644534017, 505.644490997, 0.0137597630633
0.130278011663, 1.13868221976, 3.34233520729, 0.841000609253, 99.2040565952, 8.90018908144, 0.0448203097636, 1.82739366218, 10.45531603, 135.353437526, 0.0694266981328
0.195957216347, 1.03907051703, 2.18054281343, 0.703270952608, 80.2942686215, 4.95223641512, 0.109058545991, 4.65856889631, 14.4822997066, 134.898444389, 0.0704423863284
0.176597985303, 0.850472871211, 2.38862902162, 0.686247488787, 93.4008414748, 5.55230021065, 0.850588603559, 2.77380257378, 19.8686465261, 133.015430595, 0.136334732094
0.130278011663, 0.946616170765, 3.34233520729, 0.841000609253, 99.2040565952, 8.90018908144, 0.0448203097636, 1.82739366218, 10.45531603, 143.871576504, 0.0353898431469
0.124674816195, 0.889903453482, 5.86775585261, 0.946233600741, 97.5965335667, 1.39414787785, 1.78742061246, 3.13652575621, 14.1475042362, 377.837665931, 0.0148696385374
0.15011752844, 1.07404399447, 4.65819613313, 0.874432533827, 96.0962427393, 5.56457212575, 0.984163131985, 0.362371418702, 16.197688932, 225.032829272, 0.020743822835
0.122511127961, 1.16657432731, 3.66743870009, 0.738842528436, 96.9905545884, 1.72978403049, 0.369593787221, 4.78034628847, 14.5177010142, 178.882836067, 0.0245264483062
0.19373959501, 0.904172458981, 2.01744623922, 0.68885961357, 81.7304304047, 8.95685605733, 0.472470663511, 4.11458036604, 18.4779326145, 140.761025498, 0.152322558614
0.104887392347, 0.88052120236, 2.68749098283, 0.730012839174, 95.5796674076, 8.2476838203, 1.64667715111, 4.12982297591, 13.8463934155, 186.537267451, 0.028057762982
0.143875134492, 1.04945334989, 5.41983328565, 0.937855393423, 95.9959360926, 1.25992172471, 0.822260422044, 4.85191093912, 12.748230879, 331.0380919, 0.017114838939
0.143875134492, 1.04945334989, 5.41983328565, 0.937855393423, 89.0470772741, 1.25992172471, 0.822260422044, 1.88266610521, 12.748230879, 343.940757686, 0.016513562353
0.107124042468, 1.24158884214, 4.2227211071, 0.845458729043, 85.4869365006, 5.26788106069, 1.01561889984, 2.54294930003, 16.6213051985, 609.189685279, 0.0155850735802
0.184164691477, 1.13922964886, 2.3197666642, 0.919230945859, 80.3265149225, 3.74016958375, 0.815206475491, 1.63219195214, 14.649978991, 164.123543926, 0.0370699072961
0.104596248964, 1.10071240769, 3.61622066883, 0.63088630553, 84.8547936454, 7.81625170436, 0.930014543675, 4.07734475656, 18.209381668, 161.394365923, 0.047659549644
0.178978866977, 1.06138527138, 6.39873031176, 0.905062557663, 90.5649205093, 7.78256168778, 0.779861467599, 3.35267320249, 14.0139016871, 277.79529918, 0.0242928571618
0.152713111378, 1.231576741, 2.99092507566, 0.912460836658, 84.5842339791, 2.52807791623, 0.724508740929, 4.05169697088, 17.9684613889, 241.174000844, 0.0265689374167
0.110502622636, 1.18906632223, 3.29079450563, 0.764812846454, 90.1151147821, 2.53028517367, 1.2069663386, 4.53179799414, 17.0035211752, 289.060741565, 0.0187900822905
0.145426046481, 0.938946224225, 2.36502895991, 0.839704641296, 88.7025193184, 5.48732275189, 0.0718925014246, 1.16495968535, 11.0474060462, 153.244999173, 0.0644766835172
0.125984543123, 1.04186659488, 2.3197666642, 0.623140645353, 90.9909578534, 9.43339157711, 0.404009553077, 1.53823118359, 14.7581946332, 159.604786436, 0.0633693441084
0.120116402707, 0.994184786781, 5.00021869343, 0.911292551039, 82.1214813241, 2.1731144535, 0.651144055437, 3.27762698278, 18.9769014711, 250.185141701, 0.0300693656359
0.181716937013, 0.850472871211, 4.94895444722, 0.686247488787, 93.4008414748, 1.86976881665, 0.850588603559, 2.77380257378, 18.369155596, 293.85217055, 0.0231377546856
0.148357064651, 1.12151847772, 6.00589642592, 0.729439162543, 91.7445477003, 2.22036025831, 0.477569862859, 4.77741578323, 13.6928851557, 595.291975057, 0.0169782062562
0.188733679661, 1.08413172098, 2.01883517028, 0.862457464399, 87.7831918821, 3.80433010229, 1.18567006298, 0.324453745149, 13.4844999011, 199.846214352, 0.035023339462
0.18301736582, 0.941357897434, 3.61121876858, 0.747774471527, 94.1246620591, 2.32194970964, 0.24911354204, 1.11966266853, 12.542468513, 228.839402837, 0.0331183187682
0.179257041922, 0.844496363863, 2.62973537297, 0.728665552972, 86.8818505036, 2.47159035055, 1.82667649976, 0.244494043044, 15.6081594052, 226.733672836, 0.0333039804537
0.173768726986, 1.11340648384, 7.35411804371, 0.634849795492, 97.8931990218, 6.83939159369, 0.000376994904933, 1.82483152234, 15.1306554234, 681.785802612, 0.0166003766974
0.116062888632, 1.0345418546, 2.29795269359, 0.748495081588, 99.0590317265, 7.00601126002, 0.223373967753, 4.82653924721, 13.0295623465, 155.882585063, 0.107306770697
0.122795560593, 1.1865087837, 2.66231533282, 0.610232268558, 97.0987072773, 8.70260409771, 0.602045838356, 3.10586836508, 11.2250930341, 155.890155898, 0.0752363347876
0.119655139817, 1.12566867979, 4.68711338599, 0.60409550834, 81.0372639676, 2.11293530157, 1.36080720286, 1.62891696185, 19.7691998675, 643.161, 0.0176640845277
0.136140315555, 0.845807161245, 2.84984547379, 0.605771587623, 80.7248224415, 3.05896283705, 0.918059054147, 0.552952218814, 14.1539993946, 167.111170655, 0.0617946213446
0.187001449375, 0.926791045565, 7.3489210837, 0.826031020987, 82.4990924288, 9.07241800797, 0.367294296183, 1.88266610521, 15.9074123375, 224.330522711, 0.0418268899825
0.184164691477, 1.13922964886, 3.42572822256, 0.919230945859, 80.3265149225, 2.04064702738, 0.815206475491, 1.63219195214, 14.649978991, 201.53275568, 0.0457732438932
0.170435846593, 1.00793641137, 3.29992030328, 0.855179994531, 99.2600406535, 1.09898319232, 1.54616016051, 3.70456698244, 19.2035084152, 372.510121751, 0.0204413865321
0.136140315555, 0.845807161245, 2.84984547379, 0.605771587623, 80.7248224415, 3.05896283705, 0.918059054147, 0.552952218814, 14.1539993946, 162.880849179, 0.0722224015961
0.183121950476, 0.948393745131, 5.16234900376, 0.942888105402, 90.8136809789, 3.34124688118, 1.25577320717, 3.58419436668, 10.7246867737, 403.502368057, 0.0202953993845
0.132866895548, 1.20236326464, 2.38862902162, 0.740458704034, 94.1494964566, 5.55230021065, 0.477551321756, 2.93049488625, 10.0354560432, 175.564874183, 0.0650671162299
0.135943078295, 0.980048494067, 3.48374413169, 0.714015217818, 98.948518882, 2.19693703233, 1.44403462419, 2.81435377367, 18.8825745793, 373.24136915, 0.0220707234016
0.113116031951, 0.942260271989, 7.22699988809, 0.635421160939, 82.0267744948, 1.47495429871, 1.49000266353, 0.776701642954, 14.6171222131, 498.164626333, 0.0197363167095
0.115176058378, 0.850137275171, 4.0583733436, 0.621687123918, 81.3505625561, 5.66387594815, 0.767171928822, 2.8526342632, 12.475345626, 188.669119734, 0.0573083201684
0.18301736582, 1.18647144467, 3.61121876858, 0.747774471527, 90.8136809789, 2.32194970964, 0.11063165755, 1.11966266853, 12.542468513, 301.922102844, 0.0294850521964
0.178978866977, 0.842828746897, 6.39873031176, 0.905062557663, 90.5649205093, 7.78256168778, 0.779861467599, 3.35267320249, 12.6001630603, 164.673905766, 0.152293269915
0.185172717704, 1.21114477567, 4.35032615226, 0.832200532382, 88.2665004434, 1.9385650451, 0.0641891515172, 0.851704766104, 17.9317658907, 226.163203178, 0.0494624914033
0.198389461461, 1.08413172098, 2.01883517028, 0.862457464399, 88.6578289794, 3.80433010229, 1.18567006298, 0.324453745149, 13.4844999011, 177.004675349, 0.0830132309959
0.116083767179, 1.22792509195, 7.88887844032, 0.848652168119, 98.9406521505, 2.28977630595, 1.9051460361, 0.915885945138, 10.0806496675, 1120.05345468, 0.0197333657913
0.115176058378, 0.923992974328, 4.0583733436, 0.621687123918, 98.9406521505, 2.28977630595, 1.9051460361, 0.915885945138, 10.0806496675, 337.106974842, 0.0282345216794
0.134276807085, 1.04055921527, 3.48374413169, 0.917121281218, 95.8045174816, 7.95642630144, 0.557408943854, 3.52367963575, 13.8100664448, 225.29044236, 0.0531795413636
0.136086064267, 0.832626830757, 5.60180739385, 0.898086864706, 95.1269262512, 4.30007241059, 0.456341505544, 3.70294889155, 17.5634266532, 280.794619255, 0.034919210812
0.119655139817, 1.11765480761, 3.11936029287, 0.60409550834, 81.0372639676, 2.11293530157, 1.36080720286, 1.62891696185, 19.7691998675, 356.682984632, 0.0270154125175
0.179257041922, 0.844496363863, 2.62973537297, 0.769000395804, 86.8818505036, 2.21934523524, 1.82667649976, 0.244494043044, 15.6081594052, 222.852377588, 0.0620724728846
0.184697947241, 1.02309469475, 5.12186851457, 0.624796134368, 94.4134732544, 2.50755555494, 0.362159772371, 2.3947560225, 14.8664253656, 218.758591907, 0.0633499286865
0.107503878968, 0.910461761166, 7.21559062871, 0.758650836798, 87.2732780101, 2.76425635304, 1.83316885422, 1.33206389178, 15.3653424767, 725.680786824, 0.0213516996045
0.120116402707, 0.994184786781, 5.00021869343, 0.911292551039, 96.3373485694, 2.1731144535, 0.651144055437, 3.27762698278, 18.9769014711, 393.460751114, 0.0260797618376
0.180057631834, 1.2196757114, 2.06081433538, 0.84713518555, 99.4957252828, 9.41197462395, 1.33172605055, 1.19368200192, 15.3863900908, 184.822620153, 0.134964356416
0.114923241203, 0.88052120236, 2.68749098283, 0.712094529401, 95.5796674076, 8.2476838203, 1.64667715111, 4.12982297591, 13.8463934155, 213.582626808, 0.0693820781999
0.172095226077, 1.25066209363, 3.09320675227, 0.617659302528, 82.6921437043, 5.08150405253, 1.56329264452, 2.89145335574, 17.1203394501, 320.790161134, 0.0328891253806
0.153344752767, 1.02835549202, 2.77245108802, 0.874041925958, 92.6253750758, 9.85800707315, 0.375613816565, 2.9774518607, 16.3400020665, 194.929483676, 0.0977787141772
0.149804404978, 1.01547213492, 2.97330344347, 0.930158561674, 92.142482578, 3.51549535339, 0.759009663273, 0.0898855228133, 19.3965201888, 195.954707421, 0.0846206383908
0.152713111378, 1.231576741, 5.15390427914, 0.912460836658, 84.5842339791, 2.52807791623, 0.962220354523, 4.05169697088, 10.0752013522, 490.066578552, 0.0257305708256
0.148357064651, 1.12151847772, 6.00589642592, 0.737053567751, 98.8464462526, 2.22036025831, 0.477569862859, 4.77741578323, 13.6928851557, 469.268202791, 0.0261073709313
0.1931293995, 1.0756719954, 3.08649952796, 0.893967720103, 98.9273742852, 5.73411105392, 1.08250001245, 1.34542832798, 13.7202835756, 217.593890156, 0.0754427190745
0.143871918461, 0.955717373946, 6.10509658872, 0.87404994292, 84.4325398607, 3.34094414217, 0.654852924348, 3.97572417679, 18.3741965397, 287.900793639, 0.0373960874677
0.135860537454, 1.08108995079, 4.34429944869, 0.601392897116, 95.0478267162, 4.74130920389, 1.84390544046, 2.89145335574, 14.6523710266, 389.317387724, 0.0294298898252
0.149716590476, 1.18706637374, 5.43803398749, 0.670806458908, 93.1953936358, 9.3123067528, 0.871858032241, 0.567691755364, 14.6033704685, 621.175897972, 0.0259571002312
0.170805825382, 0.946616170765, 2.95923517643, 0.742035925801, 83.4774649778, 7.68205423391, 1.54506956383, 3.0950759403, 14.1227786132, 216.308299674, 0.121106902383
0.183121950476, 1.07393253889, 5.16234900376, 0.942888105402, 94.1246620591, 3.34124688118, 1.25577320717, 3.58419436668, 10.0363770174, 472.205268881, 0.0288453669157
0.172021100233, 1.16657432731, 3.66743870009, 0.738842528436, 96.9905545884, 1.72978403049, 0.369593787221, 4.78034628847, 14.5177010142, 261.294982765, 0.0533700928844
0.166817913753, 0.887330179276, 6.57912924886, 0.868338380037, 82.1497087894, 3.74506318874, 0.196445798677, 1.89107241723, 13.1448747876, 293.31319596, 0.0441625888288
0.183294493976, 0.947412514668, 2.99092507566, 0.795034917012, 96.3167166597, 4.04674473133, 0.724508740929, 2.84963116956, 13.01660644, 227.542038645, 0.0683306613446
0.1587733917, 1.04273934871, 6.02158338169, 0.626254784753, 90.3429849896, 3.97959021666, 0.680487847044, 4.70534718756, 14.7102311149, 299.418599889, 0.0416199907429
0.169855673344, 1.25038704146, 5.76776113473, 0.932106764148, 88.7025193184, 4.4700860527, 1.58757473341, 4.08979999428, 10.5360485435, 751.584915141, 0.0273325900505
0.104596248964, 1.10071240769, 3.61622066883, 0.698070407709, 84.8547936454, 7.81625170436, 0.930014543675, 4.07734475656, 18.209381668, 254.945967409, 0.0584571986881
0.16956098093, 1.0815822377, 5.70239525742, 0.932367618038, 97.518052263, 7.39839588801, 0.637607052661, 4.69697047364, 16.0996691671, 327.534997758, 0.0360066754363
