0.143871918461, 0.955717373946, 6.10509658872, 0.845558047048, 84.4325398607, 7.5223251727, 0.654852924348, 3.97572417679, 17.9219812816, 286.640012211, 0.0
0.166411271938, 0.93124937552, 2.97613069511, 0.817050734134, 86.2218181279, 1.61126411103, 0.898137240606, 1.73869728139, 14.2023494259, 117.412442336, 0.00704304460105
0.124708253332, 0.870150557846, 2.85346461449, 0.764959548954, 90.5993637941, 1.75693635139, 0.420897394264, 2.61309062135, 14.7748854331, 119.139603132, 0.00420958870385
0.194099259795, 0.830396136027, 2.05827667584, 0.82681118406, 99.6657388375, 3.85918205732, 0.178093518474, 3.00346428909, 14.2330442945, 76.8551803644, 0.0326399965177
0.176597985303, 1.09777414176, 2.38862902162, 0.686247488787, 93.4008414748, 5.55230021065, 0.850588603559, 2.77380257378, 19.8686465261, 72.5377365676, 0.0904911764645
0.100125950329, 1.1116122054, 5.79283419115, 0.85184254931, 83.9796917989, 1.61533682098, 0.177315410466, 1.16495968535, 17.1904406287, 388.53332324, 0.0036517591863
0.122795560593, 1.1865087837, 2.66231533282, 0.610232268558, 83.2307524019, 7.17121700312, 0.602045838356, 3.10586836508, 11.2250930341, 86.8401642142, 0.0528397093762
0.125984543123, 1.04186659488, 2.26593004526, 0.623140645353, 90.9909578534, 9.43339157711, 0.404009553077, 1.53823118359, 14.7581946332, 77.0709410714, 0.11665138439
0.19608246211, 0.904172458981, 2.01744623922, 0.68885961357, 81.7304304047, 8.95685605733, 0.472470663511, 4.11458036604, 18.4779326145, 84.6534838657, 0.150563365591
0.194099259795, 0.830396136027, 2.05827667584, 0.82681118406, 98.7657735489, 3.90017340799, 0.223373967753, 3.00346428909, 14.2330442945, 105.741460875, 0.0539457814478
0.145426046481, 0.938946224225, 2.36502895991, 0.839704641296, 94.9967995585, 3.96009405639, 0.324198946438, 0.391608439148, 11.0474060462, 97.6348162577, 0.0543600314695
0.149804404978, 0.995590572886, 2.97330344347, 0.930158561674, 91.701678932, 3.51549535339, 0.759009663273, 1.23114662853, 15.0611473826, 241.270277025, 0.00553268410499
0.107124042468, 1.03907051703, 2.18054281343, 0.703270952608, 80.2942686215, 4.95223641512, 0.109058545991, 4.65856889631, 14.4822997066, 102.335689617, 0.0614293323671
0.116062888632, 1.0345418546, 2.29795269359, 0.748495081588, 99.0590317265, 7.00601126002, 0.223373967753, 4.82653924721, 13.0295623465, 114.821695043, 0.0562963540813
0.19373959501, 0.904172458981, 2.01744623922, 0.68885961357, 81.7304304047, 8.95685605733, 0.472470663511, 4.11458036604, 18.4779326145, 114.265797505, 0.186336785317
0.194099259795, 0.830396136027, 2.05827667584, 0.82681118406, 90.5993637941, 3.85918205732, 0.178093518474, 3.00346428909, 14.2330442945, 120.295064918, 0.00990280333357
0.130278011663, 0.946616170765, 3.34233520729, 0.841000609253, 99.2040565952, 1.34176750214, 0.0448203097636, 1.82739366218, 10.45531603, 167.670183126, 0.00892539604573
0.107993952022, 0.949703331639, 4.96740429465, 0.752573413429, 82.5299544953, 1.84682285118, 0.0365867932484, 2.91028811072, 13.7835375012, 254.161262803, 0.00807855002492
0.194099259795, 0.830396136027, 2.05827667584, 0.82681118406, 98.7657735489, 3.90017340799, 0.178093518474, 3.00346428909, 14.2330442945, 122.187819436, 0.0307784768095
0.185172717704, 1.02835549202, 2.77245108802, 0.874041925958, 92.6253750758, 1.9385650451, 0.999283055818, 2.9774518607, 16.3400020665, 140.764530016, 0.0184671679844
0.166411271938, 0.93124937552, 2.97613069511, 0.817050734134, 86.2218181279, 1.61126411103, 0.898137240606, 1.73869728139, 14.2023494259, 141.815812704, 0.0140279500639
0.124708253332, 0.870150557846, 2.85346461449, 0.764959548954, 99.6657388375, 1.75693635139, 0.420897394264, 2.61309062135, 14.7748854331, 130.590648831, 0.0249418075072
0.145426046481, 0.938946224225, 2.36502895991, 0.839704641296, 88.7025193184, 5.48732275189, 0.0718925014246, 1.16495968535, 11.0474060462, 120.035877996, 0.0543542589531
0.124674816195, 0.889903453482, 5.86775585261, 0.946233600741, 97.5965335667, 1.39414787785, 1.78742061246, 1.90719792409, 14.1475042362, 480.912783752, 0.00780917146166
0.197728148553, 0.849026796235, 4.26742895903, 0.805272690691, 93.0064006789, 1.24001537495, 0.682538261476, 3.64150780552, 12.5965248292, 190.704238608, 0.0126945307587
0.124708253332, 0.870150557846, 2.85346461449, 0.764959548954, 90.5993637941, 1.75693635139, 0.420897394264, 2.61309062135, 14.7748854331, 150.569068988, 0.0176909508116
0.197728148553, 0.974847075519, 2.85346461449, 0.934843916783, 92.547425294, 1.24001537495, 0.682538261476, 3.64150780552, 10.4344547821, 157.600617782, 0.0157921902531
0.166817913753, 0.887330179276, 6.57912924886, 0.868338380037, 82.1497087894, 2.0166641388, 0.196445798677, 2.84963116956, 13.1448747876, 260.317323484, 0.00953606255428
0.124674816195, 0.889903453482, 5.86775585261, 0.946233600741, 97.5965335667, 1.39414787785, 1.78742061246, 3.13652575621, 14.1475042362, 515.12103429, 0.00858306850875
0.145426046481, 0.938946224225, 2.36502895991, 0.839704641296, 94.9967995585, 5.48732275189, 0.0718925014246, 1.16495968535, 11.0474060462, 126.408313556, 0.0517913233817
0.170435846593, 1.00793641137, 3.29992030328, 0.855179994531, 88.6877179949, 1.45884439061, 1.54616016051, 3.70456698244, 15.0611473826, 310.039958131, 0.00942306248641
0.197728148553, 0.849026796235, 3.76302894144, 0.805272690691, 93.0064006789, 1.24001537495, 0.682538261476, 3.64150780552, 12.5965248292, 161.054809367, 0.0163093613132
0.197728148553, 0.849026796235, 4.26742895903, 0.805272690691, 93.0064006789, 1.24001537495, 0.682538261476, 3.64150780552, 12.5965248292, 177.144992285, 0.015762047823
0.149804404978, 1.01547213492, 2.97330344347, 0.930158561674, 90.3429849896, 3.51549535339, 0.759009663273, 1.23114662853, 19.3965201888, 136.703947546, 0.034903672958
0.107124042468, 1.03907051703, 2.18054281343, 0.703270952608, 80.2942686215, 4.95223641512, 0.472470663511, 4.65856889631, 14.4822997066, 131.574458079, 0.0456692751526
0.136140315555, 0.845807161245, 2.34920507894, 0.605771587623, 80.1985787785, 3.05896283705, 0.918059054147, 0.552952218814, 14.1539993946, 120.335204862, 0.0583047708983
0.183121950476, 0.948393745131, 5.16234900376, 0.942888105402, 87.5819650612, 1.65185529962, 1.25577320717, 3.58419436668, 10.7246867737, 331.929903599, 0.00967003224272
0.100125950329, 1.1116122054, 7.19496020094, 0.85184254931, 87.4264142721, 1.61533682098, 0.177315410466, 0.391608439148, 16.0804239076, 478.467859497, 0.00963957643494
0.107993952022, 0.949703331639, 4.96740429465, 0.752573413429, 82.5299544953, 1.84682285118, 0.0365867932484, 2.91028811072, 13.7835375012, 296.67587133, 0.0124536089559
0.107993952022, 0.949703331639, 4.96740429465, 0.752573413429, 82.5299544953, 1.84682285118, 0.0365867932484, 0.890848423053, 13.7835375012, 319.603983166, 0.012367032908
0.143875134492, 1.04945334989, 5.41983328565, 0.937855393423, 95.9959360926, 1.25992172471, 0.822260422044, 4.85191093912, 12.748230879, 326.100886453, 0.010544950496
0.19608246211, 0.904172458981, 2.00331633644, 0.68885961357, 81.7304304047, 8.95685605733, 0.0161455250687, 4.11458036604, 18.4779326145, 126.284506967, 0.0980762359761
0.100125950329, 1.1116122054, 7.19496020094, 0.85184254931, 83.9796917989, 1.61533682098, 0.177315410466, 0.391608439148, 16.0804239076, 840.281665494, 0.00975663055635
0.152713111378, 1.231576741, 2.05406832937, 0.912460836658, 84.5842339791, 7.78256168778, 0.724508740929, 4.05169697088, 17.9684613889, 126.643326133, 0.0649132824492
0.124674816195, 0.949703331639, 4.96740429465, 0.752573413429, 82.5299544953, 1.84682285118, 0.0365867932484, 2.91028811072, 13.7835375012, 192.523351764, 0.016030654498
0.132866895548, 1.25400367416, 2.38862902162, 0.677080342258, 94.1494964566, 5.55230021065, 0.477551321756, 2.93049488625, 10.0354560432, 159.943816192, 0.0256959759316
0.130278011663, 0.946616170765, 3.34233520729, 0.841000609253, 99.2040565952, 8.90018908144, 0.0448203097636, 1.82739366218, 10.45531603, 143.871576504, 0.0353898431469
0.180937077076, 0.844496363863, 2.62973537297, 0.728665552972, 86.8818505036, 2.47159035055, 1.82667649976, 0.244494043044, 15.6081594052, 163.301873957, 0.0220653033757
0.136140315555, 0.845807161245, 2.84984547379, 0.605771587623, 99.2600406535, 3.05896283705, 0.918059054147, 3.70456698244, 14.1539993946, 148.81570389, 0.0418144866689
0.100125950329, 1.1116122054, 5.79283419115, 0.85184254931, 83.9796917989, 1.61533682098, 0.177315410466, 0.391608439148, 16.0804239076, 465.511843332, 0.0116394431768
0.116083767179, 1.08413172098, 2.01883517028, 0.848652168119, 98.645601618, 2.28977630595, 1.9051460361, 0.915885945138, 10.0806496675, 187.479103169, 0.0180823283696
0.189386686413, 1.01547213492, 2.97330344347, 0.930158561674, 84.5842339791, 2.52807791623, 0.759009663273, 0.0898855228133, 19.3965201888, 167.84056801, 0.0216029343791
0.130278011663, 1.13868221976, 3.34233520729, 0.841000609253, 99.2040565952, 8.90018908144, 0.0448203097636, 1.82739366218, 10.45531603, 135.353437526, 0.0694266981328
0.195957216347, 1.03907051703, 2.18054281343, 0.703270952608, 80.2942686215, 4.95223641512, 0.109058545991, 4.65856889631, 14.4822997066, 134.898444389, 0.0704423863284
0.109847711425, 1.2077836135, 7.90620382277, 0.74971328961, 83.671352197, 2.34382489394, 1.73290316047, 0.178254260699, 10.6150944005, 1390.68101576, 0.0108857268554
0.109847711425, 1.2077836135, 7.90620382277, 0.74971328961, 83.671352197, 2.34382489394, 1.73290316047, 0.178254260699, 10.6150944005, 1086.09907526, 0.0111142410392
0.119614814035, 1.17617969113, 7.39270667185, 0.708503262426, 90.0818933927, 1.78270651037, 0.542179275864, 3.87405133164, 14.8644534017, 745.593913406, 0.0122080003111
0.176597985303, 0.850472871211, 2.38862902162, 0.686247488787, 93.4008414748, 5.55230021065, 0.850588603559, 2.77380257378, 19.8686465261, 133.015430595, 0.136334732094
0.166817913753, 0.887330179276, 6.57912924886, 0.686468521986, 82.0267744948, 3.74506318874, 0.196445798677, 1.89107241723, 13.1448747876, 231.199210852, 0.0171635796707
0.132866895548, 1.20236326464, 4.94895444722, 0.740458704034, 94.1494964566, 1.86976881665, 0.477551321756, 2.93049488625, 10.0354560432, 355.115099745, 0.0138719082557
0.19373959501, 0.904172458981, 2.01744623922, 0.68885961357, 81.7304304047, 8.95685605733, 0.472470663511, 4.11458036604, 18.4779326145, 140.761025498, 0.152322558614
0.119614814035, 1.17617969113, 7.39270667185, 0.708503262426, 83.2307524019, 1.78270651037, 0.542179275864, 3.87405133164, 14.8644534017, 505.644490997, 0.0137597630633
0.179257041922, 0.844496363863, 2.62973537297, 0.744742762957, 97.5635317752, 2.21934523524, 1.6505636445, 0.244494043044, 15.6081594052, 165.102293398, 0.0308259106578
0.116062888632, 1.0345418546, 2.29795269359, 0.748495081588, 99.0590317265, 7.00601126002, 0.178093518474, 4.88974429005, 13.0295623465, 141.073739482, 0.0993309012736
0.124674816195, 0.889903453482, 5.86775585261, 0.946233600741, 97.5965335667, 1.39414787785, 1.78742061246, 3.13652575621, 14.1475042362, 377.837665931, 0.0148696385374
0.122511127961, 1.16657432731, 3.66743870009, 0.738842528436, 96.9905545884, 1.72978403049, 0.369593787221, 4.78034628847, 14.5177010142, 178.882836067, 0.0245264483062
0.166411271938, 0.93124937552, 2.97613069511, 0.817050734134, 86.2218181279, 1.61126411103, 0.898137240606, 1.73869728139, 14.2023494259, 192.43723248, 0.0190648194399
0.107993952022, 0.889903453482, 5.86775585261, 0.946233600741, 99.8780100813, 2.74247293913, 1.78742061246, 1.90719792409, 14.1475042362, 406.034506672, 0.014193686044
0.195957216347, 1.03907051703, 2.18054281343, 0.703270952608, 80.2942686215, 4.49833137302, 0.109058545991, 1.82739366218, 14.4822997066, 143.745095452, 0.0793198176668
0.18301736582, 1.08413172098, 2.01883517028, 0.686591245113, 87.7831918821, 1.6640891247, 1.18567006298, 0.324453745149, 13.4844999011, 192.019932639, 0.0219031252768
0.184164691477, 1.13922964886, 2.3197666642, 0.919230945859, 80.3265149225, 3.74016958375, 0.815206475491, 1.63219195214, 14.649978991, 164.123543926, 0.0370699072961
0.15011752844, 1.07404399447, 4.65819613313, 0.874432533827, 96.0962427393, 5.56457212575, 0.984163131985, 0.362371418702, 16.197688932, 225.032829272, 0.020743822835
0.104596248964, 1.10071240769, 3.61622066883, 0.63088630553, 84.8547936454, 7.81625170436, 0.930014543675, 4.07734475656, 18.209381668, 161.394365923, 0.047659549644
0.183294493976, 0.947412514668, 2.99092507566, 0.795034917012, 96.3167166597, 7.77977800773, 0.724508740929, 1.32860799226, 13.01660644, 148.793142651, 0.0907179361766
0.107124042468, 1.24158884214, 4.2227211071, 0.845458729043, 85.4869365006, 5.26788106069, 1.01561889984, 2.54294930003, 16.6213051985, 609.189685279, 0.0155850735802
0.170435846593, 1.00793641137, 3.29992030328, 0.855179994531, 80.7248224415, 1.09898319232, 1.54616016051, 2.48111518457, 19.2035084152, 302.486645207, 0.0176557910448
0.145426046481, 0.938946224225, 2.36502895991, 0.839704641296, 88.7025193184, 5.48732275189, 0.0718925014246, 1.16495968535, 11.0474060462, 153.244999173, 0.0644766835172
0.104887392347, 0.88052120236, 2.68749098283, 0.730012839174, 95.5796674076, 8.2476838203, 1.64667715111, 4.12982297591, 13.8463934155, 186.537267451, 0.028057762982
0.143875134492, 1.04945334989, 5.41983328565, 0.937855393423, 95.9959360926, 1.25992172471, 0.822260422044, 4.85191093912, 12.748230879, 331.0380919, 0.017114838939
0.122795560593, 1.1865087837, 2.66231533282, 0.610232268558, 97.0987072773, 8.70260409771, 0.602045838356, 3.10586836508, 11.2250930341, 155.890155898, 0.0752363347876
0.125984543123, 1.04186659488, 2.3197666642, 0.623140645353, 90.9909578534, 9.43339157711, 0.404009553077, 1.53823118359, 14.7581946332, 159.604786436, 0.0633693441084
0.143875134492, 1.04945334989, 5.41983328565, 0.937855393423, 89.0470772741, 1.25992172471, 0.822260422044, 1.88266610521, 12.748230879, 343.940757686, 0.016513562353
0.116062888632, 1.0345418546, 2.29795269359, 0.748495081588, 99.0590317265, 7.00601126002, 0.223373967753, 4.82653924721, 13.0295623465, 155.882585063, 0.107306770697
0.110502622636, 1.18906632223, 3.29079450563, 0.764812846454, 90.1151147821, 2.53028517367, 1.2069663386, 4.53179799414, 17.0035211752, 289.060741565, 0.0187900822905
0.184164691477, 1.13922964886, 2.3197666642, 0.919230945859, 80.3265149225, 3.74016958375, 0.815206475491, 2.73189170749, 14.649978991, 168.812788038, 0.0410281538143
0.100210668117, 0.942260271989, 7.22699988809, 0.635421160939, 82.0267744948, 1.47495429871, 1.49000266353, 0.776701642954, 14.4812734334, 485.63580911, 0.0165935087286
0.10342798282, 0.870150557846, 3.76302894144, 0.764959548954, 90.5993637941, 3.65597943839, 0.420897394264, 2.61309062135, 14.7748854331, 179.06969633, 0.0370732396361
0.148357064651, 1.12151847772, 6.00589642592, 0.729439162543, 91.7445477003, 2.22036025831, 0.477569862859, 4.77741578323, 13.6928851557, 595.291975057, 0.0169782062562
0.122511127961, 1.21575742091, 3.66743870009, 0.680019557056, 96.9905545884, 1.72978403049, 0.369593787221, 4.78034628847, 14.5177010142, 206.347269905, 0.0269068793941
0.173768726986, 1.11340648384, 7.35411804371, 0.634849795492, 97.8931990218, 6.83939159369, 0.000376994904933, 1.82483152234, 15.1306554234, 681.785802612, 0.0166003766974
0.136140315555, 0.845807161245, 2.84984547379, 0.605771587623, 80.7248224415, 3.05896283705, 0.918059054147, 0.552952218814, 14.1539993946, 162.880849179, 0.0722224015961
0.122795560593, 1.1865087837, 2.66231533282, 0.610232268558, 83.2307524019, 5.53663119655, 0.602045838356, 3.10586836508, 11.2250930341, 189.359802523, 0.0367542240274
0.136140315555, 0.845807161245, 2.84984547379, 0.605771587623, 80.7248224415, 3.05896283705, 0.918059054147, 0.552952218814, 14.1539993946, 167.111170655, 0.0617946213446
0.178978866977, 1.06138527138, 6.39873031176, 0.905062557663, 90.5649205093, 7.78256168778, 0.779861467599, 3.35267320249, 14.0139016871, 277.79529918, 0.0242928571618
0.166411271938, 0.955717373946, 2.97613069511, 0.817050734134, 86.2218181279, 1.61126411103, 0.898137240606, 3.97572417679, 14.2023494259, 185.006409046, 0.0433367340296
0.172392216706, 1.02835549202, 2.77245108802, 0.617659302528, 82.6921437043, 9.85800707315, 0.375613816565, 2.9774518607, 16.3400020665, 163.008419485, 0.0911512642765
0.152713111378, 1.231576741, 2.99092507566, 0.912460836658, 84.5842339791, 2.52807791623, 0.724508740929, 4.05169697088, 17.9684613889, 241.174000844, 0.0265689374167
0.119655139817, 1.12566867979, 4.68711338599, 0.60409550834, 81.0372639676, 2.11293530157, 1.36080720286, 1.62891696185, 19.7691998675, 643.161, 0.0176640845277
0.135943078295, 0.980048494067, 3.48374413169, 0.714015217818, 92.2447966489, 2.19693703233, 0.890022610161, 2.81435377367, 18.8825745793, 226.388573748, 0.0294936638062
0.185172717704, 1.02835549202, 2.77245108802, 0.874041925958, 92.6253750758, 1.9385650451, 0.999283055818, 2.9774518607, 16.9320862149, 198.534172875, 0.0313222906535
