0.143871918461, 0.955717373946, 6.10509658872, 0.845558047048, 84.4325398607, 7.5223251727, 0.654852924348, 3.97572417679, 17.9219812816, 286.640012211, 0.0
0.166411271938, 0.93124937552, 2.97613069511, 0.817050734134, 86.2218181279, 1.61126411103, 0.898137240606, 1.73869728139, 14.2023494259, 117.412442336, 0.00704304460105
0.124708253332, 0.870150557846, 2.85346461449, 0.764959548954, 90.5993637941, 1.75693635139, 0.420897394264, 2.61309062135, 14.7748854331, 119.139603132, 0.00420958870385
0.194099259795, 0.830396136027, 2.05827667584, 0.82681118406, 99.6657388375, 3.85918205732, 0.178093518474, 3.00346428909, 14.2330442945, 76.8551803644, 0.0326399965177
0.176597985303, 1.09777414176, 2.38862902162, 0.686247488787, 93.4008414748, 5.55230021065, 0.850588603559, 2.77380257378, 19.8686465261, 72.5377365676, 0.0904911764645
0.176597985303, 1.1116122054, 2.38862902162, 0.686247488787, 93.4008414748, 1.61533682098, 0.850588603559, 2.77380257378, 19.8686465261, 85.0035001176, 0.0150765884333
0.19373959501, 0.830396136027, 2.05827667584, 0.82681118406, 80.1611386334, 3.85918205732, 0.178093518474, 3.00346428909, 14.2330442945, 75.6400786985, 0.191761262409
0.100125950329, 1.1116122054, 5.79283419115, 0.85184254931, 83.9796917989, 1.61533682098, 0.177315410466, 1.16495968535, 17.1904406287, 388.53332324, 0.0036517591863
0.125984543123, 1.04186659488, 2.26593004526, 0.623140645353, 90.9909578534, 9.43339157711, 0.404009553077, 1.53823118359, 14.7581946332, 77.0709410714, 0.11665138439
0.19608246211, 0.904172458981, 2.01744623922, 0.68885961357, 81.7304304047, 8.95685605733, 0.472470663511, 4.11458036604, 18.4779326145, 84.6534838657, 0.150563365591
0.124708253332, 0.830396136027, 2.85346461449, 0.764959548954, 90.5993637941, 1.75693635139, 0.178093518474, 2.61309062135, 14.7748854331, 114.275486528, 0.0252743300325
0.143875134492, 1.04945334989, 2.00331633644, 0.937855393423, 95.9959360926, 1.25992172471, 1.91090597423, 4.85191093912, 12.748230879, 166.395801533, 0.00550608033129
0.199201534784, 0.85330645472, 6.57912924886, 0.934843916783, 92.547425294, 1.24001537495, 0.682538261476, 3.97446801899, 10.4344547821, 342.64320007, 0.00425235046009
0.136140315555, 0.845807161245, 2.34920507894, 0.605771587623, 80.1985787785, 3.05896283705, 0.918059054147, 0.552952218814, 14.1539993946, 86.6236433984, 0.0331774375184
0.149804404978, 0.995590572886, 2.97330344347, 0.930158561674, 91.701678932, 3.51549535339, 0.759009663273, 1.23114662853, 15.0611473826, 241.270277025, 0.00553268410499
0.122795560593, 1.1865087837, 2.66231533282, 0.610232268558, 83.2307524019, 7.17121700312, 0.602045838356, 3.10586836508, 11.2250930341, 86.8401642142, 0.0528397093762
0.145426046481, 0.938946224225, 2.36502895991, 0.839704641296, 88.7025193184, 1.39414787785, 0.018341135057, 1.16495968535, 11.0474060462, 109.046677898, 0.0406697702002
0.136140315555, 1.01220569837, 2.00370687879, 0.605771587623, 80.7248224415, 3.05896283705, 0.779861467599, 2.14764115968, 14.1539993946, 97.2554919524, 0.0407445738207
0.194099259795, 0.830396136027, 2.05827667584, 0.82681118406, 90.5993637941, 3.85918205732, 0.178093518474, 3.00346428909, 14.2330442945, 120.295064918, 0.00990280333357
0.194099259795, 0.830396136027, 2.05827667584, 0.874041925958, 98.7657735489, 3.90017340799, 0.178093518474, 3.00346428909, 14.2330442945, 91.0819957019, 0.0782867349871
0.194099259795, 0.830396136027, 2.05827667584, 0.82681118406, 98.7657735489, 3.90017340799, 0.223373967753, 3.00346428909, 14.2330442945, 117.166178129, 0.0343867397713
0.19373959501, 0.904172458981, 2.01744623922, 0.68885961357, 81.7304304047, 8.95685605733, 0.472470663511, 4.11458036604, 18.4779326145, 93.2854133475, 0.123809509722
0.194099259795, 0.830396136027, 2.05827667584, 0.82681118406, 98.7657735489, 3.90017340799, 0.223373967753, 3.00346428909, 14.2330442945, 105.741460875, 0.0539457814478
0.145426046481, 0.938946224225, 2.36502895991, 0.839704641296, 94.9967995585, 3.96009405639, 0.324198946438, 0.391608439148, 11.0474060462, 97.6348162577, 0.0543600314695
0.152713111378, 1.231576741, 2.05406832937, 0.925748474303, 86.0699789244, 7.78256168778, 0.724508740929, 4.05169697088, 17.9684613889, 113.9369891, 0.0519751328943
0.130278011663, 0.946616170765, 3.34233520729, 0.841000609253, 99.2040565952, 1.34176750214, 0.0448203097636, 1.82739366218, 10.45531603, 167.670183126, 0.00892539604573
0.124674816195, 0.889903453482, 5.86775585261, 0.946233600741, 97.5965335667, 1.39414787785, 1.78742061246, 3.13652575621, 14.1475042362, 442.096781936, 0.00618356468639
0.107124042468, 1.20262939726, 3.29992030328, 0.855179994531, 80.7248224415, 1.09898319232, 1.55953626958, 2.48111518457, 19.7488365318, 441.702794137, 0.00663278010306
0.107124042468, 1.03907051703, 2.18054281343, 0.703270952608, 80.2942686215, 4.95223641512, 0.109058545991, 4.65856889631, 14.4822997066, 102.335689617, 0.0614293323671
0.166411271938, 0.93124937552, 2.97613069511, 0.817050734134, 86.2218181279, 1.61126411103, 0.898137240606, 1.73869728139, 14.2023494259, 141.815812704, 0.0140279500639
0.194099259795, 0.870150557846, 2.05827667584, 0.82681118406, 99.6657388375, 3.85918205732, 0.420897394264, 3.00346428909, 14.7300834322, 99.7019738154, 0.0666530061379
0.116083767179, 1.08413172098, 2.01883517028, 0.848652168119, 98.645601618, 2.28977630595, 1.9051460361, 0.915885945138, 10.0806496675, 161.821721959, 0.0121724853806
0.107993952022, 0.949703331639, 4.96740429465, 0.752573413429, 82.5299544953, 1.84682285118, 0.0365867932484, 2.91028811072, 13.7835375012, 254.161262803, 0.00807855002492
0.166411271938, 0.93124937552, 2.97613069511, 0.895608121817, 86.2218181279, 1.61126411103, 1.12831538372, 1.73869728139, 14.2023494259, 251.756707386, 0.00831378673092
0.145426046481, 0.860899252229, 2.36502895991, 0.839704641296, 88.7025193184, 5.48732275189, 0.0718925014246, 0.441357256881, 11.0474060462, 106.365010639, 0.0640048049341
0.107993952022, 0.949703331639, 4.96740429465, 0.752573413429, 99.2040565952, 1.84682285118, 0.0448203097636, 1.82739366218, 13.7835375012, 321.202003082, 0.00805719653641
0.189540847321, 0.848748508264, 2.3197666642, 0.623140645353, 89.0470772741, 1.25992172471, 0.404009553077, 1.53823118359, 14.7581946332, 142.959121467, 0.0149680017126
0.19608246211, 0.904172458981, 2.01744623922, 0.68885961357, 81.7304304047, 8.95685605733, 0.472470663511, 4.11458036604, 19.7872426829, 104.030826844, 0.124954308059
0.185172717704, 1.02835549202, 2.77245108802, 0.874041925958, 92.6253750758, 1.9385650451, 0.999283055818, 2.9774518607, 16.3400020665, 140.764530016, 0.0184671679844
0.124708253332, 0.870150557846, 2.85346461449, 0.764959548954, 99.6657388375, 1.75693635139, 0.420897394264, 2.61309062135, 14.7748854331, 130.590648831, 0.0249418075072
0.143875134492, 1.21332178657, 2.66231533282, 0.937855393423, 95.9959360926, 1.25992172471, 0.822260422044, 4.85191093912, 11.2250930341, 188.560094987, 0.0107260661832
0.100125950329, 1.14834105956, 7.19496020094, 0.85184254931, 83.9796917989, 1.61533682098, 0.177315410466, 0.391608439148, 13.5797154334, 462.282791992, 0.0077591715391
0.124708253332, 0.870150557846, 2.85346461449, 0.764959548954, 90.5993637941, 1.75693635139, 0.420897394264, 2.61309062135, 11.3203721678, 139.235078385, 0.025006887235
0.194099259795, 0.830396136027, 2.05827667584, 0.82681118406, 98.7657735489, 3.90017340799, 0.178093518474, 3.00346428909, 14.2330442945, 122.187819436, 0.0307784768095
0.166817913753, 0.887330179276, 6.57912924886, 0.868338380037, 82.1497087894, 2.0166641388, 0.196445798677, 2.84963116956, 13.1448747876, 260.317323484, 0.00953606255428
0.116062888632, 1.0345418546, 2.29795269359, 0.748495081588, 99.0590317265, 7.00601126002, 0.223373967753, 4.82653924721, 13.0295623465, 114.821695043, 0.0562963540813
0.124674816195, 0.889903453482, 5.86775585261, 0.946233600741, 97.5965335667, 1.39414787785, 1.78742061246, 1.90719792409, 14.1475042362, 480.912783752, 0.00780917146166
0.100022335176, 1.1116122054, 7.19496020094, 0.85184254931, 82.3994978117, 1.61533682098, 1.25577320717, 0.391608439148, 16.0804239076, 716.02038596, 0.00792197644117
0.166817913753, 0.887330179276, 6.57912924886, 0.686468521986, 82.0267744948, 3.74506318874, 0.196445798677, 1.89107241723, 13.1448747876, 365.178440302, 0.00852192613882
0.170435846593, 1.00793641137, 3.29992030328, 0.855179994531, 88.6877179949, 1.45884439061, 1.54616016051, 3.70456698244, 15.0611473826, 310.039958131, 0.00942306248641
0.19373959501, 0.904172458981, 2.01744623922, 0.68885961357, 81.7304304047, 8.95685605733, 0.472470663511, 4.11458036604, 18.4779326145, 114.265797505, 0.186336785317
0.124708253332, 0.870150557846, 2.85346461449, 0.764959548954, 90.5993637941, 1.75693635139, 0.420897394264, 2.61309062135, 14.7748854331, 150.569068988, 0.0176909508116
0.197728148553, 0.974847075519, 2.85346461449, 0.934843916783, 92.547425294, 1.24001537495, 0.682538261476, 3.64150780552, 10.4344547821, 157.600617782, 0.0157921902531
0.197728148553, 0.849026796235, 4.26742895903, 0.805272690691, 93.0064006789, 1.24001537495, 0.682538261476, 3.64150780552, 12.5965248292, 190.704238608, 0.0126945307587
0.109757228649, 0.93124937552, 2.97613069511, 0.817050734134, 84.1439722456, 1.21433240038, 0.898137240606, 1.73869728139, 14.2023494259, 174.046679228, 0.0148845460309
0.183121950476, 0.948393745131, 5.16234900376, 0.942888105402, 87.5819650612, 1.65185529962, 1.25577320717, 3.58419436668, 10.7246867737, 331.929903599, 0.00967003224272
0.124674816195, 0.889903453482, 5.86775585261, 0.946233600741, 97.5965335667, 1.39414787785, 1.78742061246, 3.13652575621, 14.1475042362, 515.12103429, 0.00858306850875
0.197728148553, 0.849026796235, 3.76302894144, 0.801580995719, 93.0064006789, 1.24001537495, 0.682538261476, 3.64150780552, 12.5965248292, 149.64956816, 0.0205436477807
0.197728148553, 0.849026796235, 3.76302894144, 0.805272690691, 93.0064006789, 1.24001537495, 0.682538261476, 3.64150780552, 12.5965248292, 161.054809367, 0.0163093613132
0.136140315555, 0.845807161245, 2.84984547379, 0.615760098977, 99.2600406535, 3.05896283705, 0.918059054147, 3.70456698244, 14.1539993946, 158.71788951, 0.0177427514897
0.189386686413, 0.843830576095, 2.97330344347, 0.930158561674, 84.5842339791, 2.52807791623, 0.759009663273, 0.0898855228133, 19.3965201888, 127.352110829, 0.0367880168663
0.124708253332, 0.870150557846, 2.97613069511, 0.764959548954, 99.6657388375, 1.75693635139, 0.281746095473, 1.73869728139, 14.7748854331, 132.888932581, 0.0342489932451
0.143875134492, 1.04945334989, 5.41983328565, 0.937855393423, 95.9959360926, 1.25992172471, 0.822260422044, 4.85191093912, 12.748230879, 326.100886453, 0.010544950496
0.145426046481, 0.938946224225, 2.36502895991, 0.839704641296, 88.7025193184, 5.48732275189, 0.0718925014246, 1.16495968535, 11.0474060462, 120.035877996, 0.0543542589531
0.100125950329, 1.1116122054, 7.19496020094, 0.85184254931, 87.4264142721, 1.61533682098, 0.177315410466, 0.391608439148, 16.0804239076, 478.467859497, 0.00963957643494
0.107993952022, 0.949703331639, 4.96740429465, 0.752573413429, 82.5299544953, 1.84682285118, 0.0365867932484, 2.91028811072, 13.7835375012, 296.67587133, 0.0124536089559
0.145426046481, 0.938946224225, 2.36502895991, 0.839704641296, 94.9967995585, 5.48732275189, 0.0718925014246, 1.16495968535, 11.0474060462, 126.408313556, 0.0517913233817
0.132866895548, 1.25400367416, 2.38862902162, 0.677080342258, 82.5299544953, 1.84682285118, 0.477551321756, 2.93049488625, 10.0354560432, 167.718862813, 0.0154252847555
0.149804404978, 1.01547213492, 2.97330344347, 0.930158561674, 90.3429849896, 3.51549535339, 0.759009663273, 1.23114662853, 19.3965201888, 136.703947546, 0.034903672958
0.107124042468, 1.03907051703, 2.18054281343, 0.703270952608, 80.2942686215, 4.95223641512, 0.472470663511, 4.65856889631, 13.8989334514, 158.008871451, 0.022637620899
0.100125950329, 1.1116122054, 7.19496020094, 0.85184254931, 83.9796917989, 1.61533682098, 0.177315410466, 0.391608439148, 16.0804239076, 840.281665494, 0.00975663055635
0.107993952022, 0.949703331639, 4.96740429465, 0.752573413429, 82.5299544953, 1.84682285118, 0.0365867932484, 0.890848423053, 13.7835375012, 319.603983166, 0.012367032908
0.149804404978, 1.09933940614, 2.36502895991, 0.930158561674, 91.701678932, 3.51549535339, 0.759009663273, 1.23114662853, 15.0611473826, 136.495141879, 0.0406976044315
0.107124042468, 1.03907051703, 2.18054281343, 0.703270952608, 80.2942686215, 4.95223641512, 0.472470663511, 4.65856889631, 14.4822997066, 131.574458079, 0.0456692751526
0.197728148553, 0.849026796235, 4.26742895903, 0.805272690691, 93.0064006789, 1.24001537495, 0.682538261476, 3.64150780552, 12.5965248292, 177.144992285, 0.015762047823
0.136140315555, 0.845807161245, 2.34920507894, 0.605771587623, 80.1985787785, 3.05896283705, 0.918059054147, 0.552952218814, 14.1539993946, 120.335204862, 0.0583047708983
0.145426046481, 1.10532394594, 2.97330344347, 0.839704641296, 97.168629601, 3.96009405639, 0.324198946438, 0.391608439148, 11.0474060462, 192.213763291, 0.0153060446521
0.181657435691, 0.844496363863, 2.62973537297, 0.744742762957, 97.5635317752, 2.21934523524, 0.178093518474, 1.1378221772, 15.6081594052, 123.753653996, 0.0548144683346
0.100125950329, 1.1116122054, 5.79283419115, 0.85184254931, 83.9796917989, 1.61533682098, 0.177315410466, 0.391608439148, 16.0804239076, 465.511843332, 0.0116394431768
0.180937077076, 0.844496363863, 2.62973537297, 0.728665552972, 86.8818505036, 2.47159035055, 1.82667649976, 0.244494043044, 15.6081594052, 163.301873957, 0.0220653033757
0.109847711425, 1.2077836135, 7.90620382277, 0.74971328961, 83.671352197, 2.34382489394, 1.73290316047, 0.178254260699, 10.6150944005, 1390.68101576, 0.0108857268554
0.109847711425, 1.2077836135, 7.90620382277, 0.74971328961, 83.671352197, 2.34382489394, 1.73290316047, 0.178254260699, 10.6150944005, 1086.09907526, 0.0111142410392
0.176798238072, 0.93124937552, 2.85346461449, 0.817050734134, 86.2218181279, 1.61126411103, 0.898137240606, 2.61309062135, 14.2023494259, 184.40222932, 0.0162016937417
0.132866895548, 1.20236326464, 4.94895444722, 0.740458704034, 94.1494964566, 1.86976881665, 0.477551321756, 2.93049488625, 10.0354560432, 355.115099745, 0.0138719082557
0.197728148553, 0.849026796235, 4.63892865131, 0.805272690691, 93.0064006789, 1.24001537495, 0.682538261476, 3.64150780552, 12.5965248292, 224.382659418, 0.0155528336835
0.194099259795, 0.904172458981, 2.01744623922, 0.68885961357, 81.7304304047, 8.95685605733, 0.472470663511, 4.11458036604, 18.4779326145, 120.89519736, 0.108877047152
0.100125950329, 1.1116122054, 5.79283419115, 0.85184254931, 95.7237808843, 1.61533682098, 0.177315410466, 0.391608439148, 16.0804239076, 400.839074963, 0.0127494095649
0.183121950476, 0.948393745131, 5.16234900376, 0.942888105402, 87.5819650612, 1.65185529962, 0.177315410466, 3.58419436668, 10.7246867737, 142.238732436, 0.0370015183099
0.119614814035, 1.17617969113, 7.39270667185, 0.708503262426, 90.0818933927, 1.78270651037, 0.542179275864, 3.87405133164, 14.8644534017, 745.593913406, 0.0122080003111
0.185172717704, 1.02835549202, 2.77245108802, 0.874041925958, 92.6253750758, 1.9385650451, 0.999283055818, 2.9774518607, 16.9320862149, 163.326142217, 0.0235173724579
0.132866895548, 1.25400367416, 2.38862902162, 0.677080342258, 94.1494964566, 5.55230021065, 0.477551321756, 2.93049488625, 10.0354560432, 159.943816192, 0.0256959759316
0.152713111378, 1.231576741, 2.05406832937, 0.912460836658, 84.5842339791, 7.78256168778, 0.724508740929, 4.05169697088, 17.9684613889, 126.643326133, 0.0649132824492
0.130278011663, 0.946616170765, 3.34233520729, 0.841000609253, 99.2040565952, 8.90018908144, 0.0448203097636, 1.82739366218, 10.45531603, 143.871576504, 0.0353898431469
0.19608246211, 0.904172458981, 2.00331633644, 0.68885961357, 81.7304304047, 8.95685605733, 0.0161455250687, 4.11458036604, 18.4779326145, 126.284506967, 0.0980762359761
0.124674816195, 0.889903453482, 5.86775585261, 0.946233600741, 97.5965335667, 1.39414787785, 1.78742061246, 3.13652575621, 14.1475042362, 377.837665931, 0.0148696385374
0.124674816195, 0.949703331639, 4.96740429465, 0.752573413429, 82.5299544953, 1.84682285118, 0.0365867932484, 2.91028811072, 13.7835375012, 192.523351764, 0.016030654498
0.10342798282, 0.8496919014, 3.76302894144, 0.764959548954, 90.5993637941, 3.65597943839, 0.420897394264, 2.61309062135, 14.7748854331, 127.305367812, 0.0819347608331
0.119614814035, 1.17617969113, 7.39270667185, 0.708503262426, 83.2307524019, 1.78270651037, 0.542179275864, 3.87405133164, 14.8644534017, 505.644490997, 0.0137597630633
0.107993952022, 0.889903453482, 5.86775585261, 0.946233600741, 99.8780100813, 2.74247293913, 1.78742061246, 1.90719792409, 14.1475042362, 406.034506672, 0.014193686044
0.184164691477, 1.15772633341, 5.76911020162, 0.919230945859, 96.0962427393, 1.37462412402, 0.815206475491, 1.63219195214, 14.649978991, 662.949776821, 0.013300633496
