0.501041672471, 1.20711758126, 4.53505841196, 0.446789088263, 22.2993334214, 40.5274583316, 2.8669093665, 4.60943898363, 37.8088098727, 0.397219221889, 0.0
0.500759654527, 1.05329978241, 7.05031739299, 0.403741529355, 43.7849915585, 46.1637396807, 2.03321803294, 3.60617165722, 22.1408762651, 0.494138035595, 0.0412371134021
0.501669736063, 0.911455469525, 5.96167316801, 0.448040706914, 42.0522369195, 42.4826365845, 3.98508898308, 3.50983139689, 35.042039498, 0.493252321161, 0.233511586453
0.503797852032, 0.950536099756, 3.33462746079, 0.373935234844, 42.0202434891, 47.5809963739, 3.07516774567, 3.25555897591, 30.3502472274, 0.510400601446, 0.0314685314685
0.636229842993, 1.14901142588, 2.88283619441, 0.34909361387, 24.5986439976, 42.2640093364, 2.26182747144, 1.207146044, 41.0021263178, 0.421011884291, 0.64371257485
0.529441229458, 0.943688742116, 7.80520170019, 0.241951745094, 5.2146343461, 46.9763090835, 3.56840239392, 1.5869959166, 32.5088722614, 0.427315440974, 0.412011173184
0.637660837678, 1.01316678642, 7.58384368174, 0.478309845864, 28.3906230808, 40.7052074802, 2.52759029531, 1.00582904478, 43.1824711879, 0.521031427044, 0.0
0.566352894405, 0.950920634753, 2.81377892815, 0.419088837445, 33.0383185843, 42.4906021412, 3.78600839609, 1.58969124376, 36.4405587305, 0.486217294666, 0.381761978362
0.68477964463, 0.894791256609, 4.53505841196, 0.427045311875, 22.2993334214, 44.3153919135, 2.8669093665, 4.60943898363, 37.8088098727, 0.501059781396, 0.118518518519
0.530916238904, 1.22617405638, 7.96584305571, 0.246191116277, 10.7304391622, 45.1592145858, 3.7959088884, 4.22847667199, 36.3983756842, 0.518533345111, 0.0459183673469
0.511662855009, 1.11277227187, 5.69289329003, 0.300874816122, 9.91347988772, 44.3586815058, 3.73875620242, 4.78976938647, 22.4955963765, 0.513915250414, 0.0482954545455
0.652235876495, 1.22187319333, 7.57384847883, 0.399273767342, 19.7018072887, 46.642622298, 3.1685407036, 1.77293165821, 35.273880284, 0.460770474313, 0.518353726363
0.607752477436, 0.930010923434, 4.53764688596, 0.311201394916, 46.5956236224, 44.4921201567, 2.08883663914, 1.80088345648, 27.7756107207, 0.448634145897, 0.520912547529
0.535940501291, 1.1407160133, 6.15495636635, 0.480509686186, 29.829383711, 45.9288626776, 2.08053792067, 1.99565514756, 32.5100263018, 0.434815539943, 0.536697247706
0.600943390188, 1.04342676551, 7.97616530368, 0.384053457671, 20.843593735, 41.6371762874, 2.03313824901, 2.67492258803, 20.1885917691, 0.523472605757, 0.0
0.535940501291, 1.1407160133, 6.15495636635, 0.480509686186, 23.5298025776, 45.9288626776, 2.5496174097, 1.99565514756, 32.5100263018, 0.486365766706, 0.512931034483
0.526928996168, 1.25861917991, 5.82236102262, 0.231556605254, 29.75507306, 46.0698664557, 2.64285232302, 1.69818667715, 21.1875494108, 0.501986243714, 0.169014084507
0.506695606191, 1.1189411849, 6.55209064333, 0.202320362236, 1.20604280667, 49.6497166816, 2.78300346492, 2.39250986743, 30.8542641216, 0.516678654477, 0.077519379845
0.529441229458, 1.1189411849, 7.88913147668, 0.241951745094, 5.2146343461, 46.9763090835, 3.56840239392, 1.5869959166, 32.5088722614, 0.438256257412, 0.589817483189
0.560414736342, 0.930010923434, 6.28924476518, 0.260609882781, 0.736036837256, 47.4845698108, 3.88495314809, 1.80088345648, 31.4208683726, 0.461696144871, 0.547297297297
0.616282869823, 0.873710037654, 2.00351919749, 0.253527269628, 21.0737231186, 45.0928963364, 3.89254645206, 1.21597404514, 31.1449098353, 0.436926207928, 0.622641509434
0.728329802412, 1.1344891495, 4.92108892297, 0.215480868576, 46.2053694609, 47.2951803808, 2.82444249908, 1.31241164388, 30.5160355163, 0.436127296163, 0.65903307888
0.686020476076, 1.20331492252, 3.33314228001, 0.433983849017, 49.4453458325, 49.9230165071, 3.93024906341, 1.61122047903, 40.2848234092, 0.478141155143, 0.537598204265
0.664671750152, 1.02382028729, 6.9242487059, 0.256149425039, 39.8640812453, 46.9092886127, 2.82226728826, 1.86709373109, 23.6000248388, 0.452307993576, 0.56
0.600943390188, 1.04342676551, 7.97616530368, 0.384053457671, 5.7288051138, 41.6371762874, 2.03313824901, 2.67492258803, 20.1885917691, 0.527012986262, 0.0119047619048
0.769979067544, 1.19026587495, 6.27296082998, 0.396250111459, 16.5507982509, 46.3830046111, 2.58109852909, 2.58063166576, 33.8278696427, 0.534493734615, 0.0111111111111
0.531851959226, 1.14045623761, 6.04772888006, 0.368334372483, 39.4544332478, 42.4117805215, 3.24145408561, 4.21700151222, 43.5643402837, 0.547918328795, 0.00934579439252
0.636229842993, 1.14901142588, 6.05622719404, 0.34909361387, 41.0109781886, 49.1961486999, 2.26182747144, 1.207146044, 41.0021263178, 0.572084030436, 0.0
0.723658043851, 0.940349298289, 3.83575752579, 0.292603883115, 42.4740920622, 44.3737827286, 2.3403697902, 1.67890543502, 21.5094634929, 0.502189058921, 0.198473282443
0.589019977002, 0.877686582149, 3.23783918349, 0.478291362165, 2.51572287181, 40.3757786168, 3.99734441992, 2.10192354454, 27.3554919824, 0.520675154387, 0.168880455408
0.5580657082, 1.00063125627, 4.11186503734, 0.230703210205, 47.8081838563, 48.692168607, 3.09032953731, 1.71132839371, 30.8319734926, 0.44366082568, 0.608256880734
0.566352894405, 0.950920634753, 3.50787876212, 0.419088837445, 33.0383185843, 42.4906021412, 3.78600839609, 1.58969124376, 36.4405587305, 0.446611024531, 0.591596638655
0.881328414149, 1.16156047877, 7.63534881322, 0.343356875583, 49.3255596666, 49.644154971, 3.77712449292, 1.9407116726, 23.5108746719, 0.490357365248, 0.539888682746
0.563266400361, 1.12956662767, 3.72630961081, 0.243075057995, 12.8255640217, 41.7243402818, 3.27529071511, 4.86723762385, 25.8136108869, 0.529229292909, 0.121580547112
0.551724498946, 1.01753405003, 6.59761323077, 0.442559788125, 10.6992103198, 40.5896846684, 3.52785303359, 2.30944072007, 40.0259992219, 0.534482183083, 0.0207100591716
0.628066516634, 0.877686582149, 3.23783918349, 0.478291362165, 2.51572287181, 40.3757786168, 3.99734441992, 2.10192354454, 27.3554919824, 0.553527857346, 0.0114068441065
0.779866163154, 1.08402347697, 2.67485647515, 0.473868277756, 46.3768509024, 49.4643748483, 3.44213340935, 4.73302467543, 31.7366702177, 0.588557619734, 0.0
0.720234037392, 0.858811984107, 7.604855874, 0.48655571717, 31.0759476734, 47.8911293598, 3.80047088304, 0.386706370739, 40.2727847941, 0.578088250476, 0.0031746031746
0.542522577251, 0.873705972132, 6.78739662423, 0.435557733913, 11.0458308913, 49.3131853377, 2.88161981294, 2.93136213635, 29.3556575534, 0.511839901295, 0.222222222222
0.5580657082, 1.00063125627, 4.11186503734, 0.230703210205, 47.8081838563, 48.692168607, 3.09032953731, 1.71132839371, 30.8319734926, 0.526833902391, 0.195852534562
0.725948085784, 1.10234020671, 5.03356970735, 0.262037106532, 15.3223064365, 48.6356621057, 3.20733928896, 1.41419435061, 30.0924723813, 0.444107188633, 0.631901840491
0.725948085784, 1.10234020671, 5.03356970735, 0.262037106532, 15.3223064365, 48.6356621057, 3.20733928896, 1.41419435061, 30.0924723813, 0.475247509674, 0.597330367075
0.526928996168, 1.25861917991, 5.82236102262, 0.231556605254, 29.75507306, 46.0698664557, 2.64285232302, 1.69818667715, 20.5613359613, 0.492089651687, 0.567357512953
0.597547556096, 0.950536099756, 5.66716102287, 0.213752854236, 39.2222504863, 46.3017085385, 2.19005735199, 1.48150569277, 41.1124374341, 0.534229186043, 0.17037037037
0.572990061188, 1.20726711243, 7.40925981042, 0.232357296679, 39.1058137649, 43.6122078439, 3.66237842498, 0.396769703881, 29.1284689921, 0.5352277645, 0.04
0.500571030727, 1.06552247331, 2.34996063453, 0.334244905016, 10.8686701837, 44.6359943989, 3.70939340424, 0.0585139370124, 26.943068958, 0.550483877286, 0.028328611898
0.702589651055, 1.10287141334, 6.06152102397, 0.344332507002, 0.448867911619, 45.4691343569, 3.59897550869, 2.35725400037, 26.861932411, 0.566987506223, 0.0275482093664
0.720234037392, 0.858811984107, 7.604855874, 0.48655571717, 31.0759476734, 47.8911293598, 3.80047088304, 0.386706370739, 40.2727847941, 0.607053989432, 0.0
0.774268908093, 0.863600491411, 7.1627612256, 0.3866219355, 1.3209072906, 43.4179897212, 3.817353814, 4.25959480228, 43.7302531156, 0.594635448605, 0.018018018018
0.840453320073, 1.1175177725, 7.52333830038, 0.428891123478, 38.9094441352, 42.5168232407, 2.78316011487, 1.77293165821, 35.273880284, 0.513154917042, 0.443548387097
0.567211317178, 0.954779394371, 4.83312310793, 0.2967274313, 8.9391729645, 45.6571160663, 2.38924104915, 1.68576998429, 28.4633734217, 0.513306358384, 0.333333333333
0.561424007065, 1.00459212921, 7.4210472212, 0.224539576139, 47.2284909455, 46.9676396477, 3.60029623026, 3.82180670692, 41.0404096375, 0.520058846685, 0.288032454361
0.637660837678, 1.01316678642, 7.58384368174, 0.229235378251, 45.651280548, 40.7052074802, 3.07988296107, 1.00582904478, 43.1824711879, 0.527741872764, 0.2533632287
0.616282869823, 0.873710037654, 2.00351919749, 0.253527269628, 21.0737231186, 45.0928963364, 3.43561161306, 1.21597404514, 31.1449098353, 0.448191442654, 0.642389525368
0.878555746771, 0.820890546144, 5.70278331132, 0.364298053263, 8.03556234094, 42.6310659928, 2.13953363816, 1.73050332261, 20.2864222124, 0.463716307605, 0.639393939394
0.567211317178, 0.963235501239, 4.83312310793, 0.2967274313, 8.9391729645, 45.6571160663, 2.38924104915, 1.68576998429, 33.4106940506, 0.444411735202, 0.651515151515
0.728329802412, 1.25152761502, 4.92108892297, 0.215480868576, 46.2053694609, 47.2951803808, 2.82444249908, 1.31241164388, 30.5160355163, 0.510969097538, 0.622950819672
0.520508934799, 0.897258978234, 6.71367876161, 0.397533340673, 6.96793845367, 49.474220961, 2.52408521556, 2.86473631391, 28.0114539953, 0.537038337411, 0.0603448275862
0.560414736342, 1.08240110831, 6.28924476518, 0.260609882781, 0.736036837256, 47.4845698108, 3.88495314809, 2.37442936056, 31.4208683726, 0.536312346421, 0.246205733558
0.544518502398, 1.1045714992, 4.23304492, 0.23468504919, 20.4346345572, 46.0094242014, 2.86163722182, 0.456404792052, 25.3671296013, 0.554118108398, 0.0537634408602
0.745824856877, 1.21120310415, 2.42035124267, 0.285538758089, 11.6316897277, 43.903287446, 2.88751599422, 4.66797364237, 39.2288030422, 0.555327318724, 0.0357142857143
0.727982865353, 0.838588884316, 7.1255736331, 0.366500039195, 49.1137603901, 43.4967556126, 2.71534059058, 3.56415831975, 39.1888145652, 0.581859815363, 0.0315789473684
0.745856237328, 1.25708306455, 5.6648138382, 0.325949766871, 43.811746325, 49.9661627075, 2.84286881931, 2.16493476129, 32.6076359543, 0.629677197979, 0.00662251655629
0.682046185731, 0.954779394371, 5.69061342036, 0.498053448069, 1.70051053376, 41.8924383734, 2.72291878993, 2.90134219235, 28.4633734217, 0.636740937728, 0.0
0.810176757123, 1.23119375701, 6.53604589552, 0.303902112141, 21.3778755238, 42.0226892542, 2.31311650246, 0.685267246582, 39.2604979174, 0.620154925166, 0.00719424460432
0.768557536625, 1.10511934726, 7.36991090941, 0.41604171981, 33.7268383379, 45.5252223785, 3.01662659922, 4.6566066969, 30.4743838053, 0.607826880093, 0.0174216027875
0.838278681866, 0.945697184044, 7.18967338453, 0.324181758037, 34.9212582188, 45.6954443794, 2.90986307567, 0.281493289104, 36.7549610302, 0.598396831014, 0.0309278350515
0.563266400361, 1.12956662767, 3.72630961081, 0.243075057995, 12.8255640217, 41.7243402818, 3.27529071511, 3.67779917706, 39.0344479857, 0.514010877633, 0.47619047619
0.882374074827, 1.14480808554, 3.47758176046, 0.327820690361, 30.3010313926, 48.3784421535, 2.34023191322, 1.9857317372, 22.1011891309, 0.486099452869, 0.643181818182
0.751747804098, 0.835819726511, 3.65836032815, 0.367543413588, 46.3907195454, 45.8998981144, 2.96465553155, 1.14025853419, 33.8278696427, 0.46758263796, 0.670138888889
0.500759654527, 1.05329978241, 7.05031739299, 0.403741529355, 43.2460183414, 46.1637396807, 2.03321803294, 3.60617165722, 22.1408762651, 0.54117413905, 0.0974025974026
0.592855128151, 1.07978967176, 5.66716102287, 0.213752854236, 39.2222504863, 46.3017085385, 2.19005735199, 1.48150569277, 41.1124374341, 0.539040940298, 0.313868613139
0.59628797986, 1.06088615391, 6.46875158011, 0.384151261149, 48.4431711251, 49.9509926106, 3.03034669168, 3.65801534764, 40.8460680699, 0.539921668188, 0.284172661871
0.777622943124, 0.939623423892, 4.10134532329, 0.210149046033, 35.5760813916, 49.3094285711, 2.67610786345, 4.68736910708, 28.8306378598, 0.556956282927, 0.0695652173913
0.878555746771, 0.820890546144, 5.70278331132, 0.364298053263, 8.03556234094, 46.1644558339, 2.13953363816, 1.73050332261, 20.2864222124, 0.572168122307, 0.047619047619
0.745824856877, 1.21120310415, 2.42035124267, 0.285538758089, 11.6316897277, 43.903287446, 2.88751599422, 3.48786747032, 41.8419846992, 0.55779131417, 0.0535714285714
0.693968076307, 0.870719210777, 2.55567407933, 0.262460103933, 16.4042102035, 45.2667359019, 3.22891659316, 3.70674096985, 36.8314322122, 0.592255467548, 0.0446927374302
0.876689235552, 0.886721422924, 4.13624067242, 0.46004892057, 45.239169716, 42.2716518072, 3.42529472236, 3.09949353113, 42.9174880141, 0.646950110426, 0.0
0.791966327823, 0.879159080171, 7.1627612256, 0.3866219355, 1.3209072906, 43.4179897212, 3.817353814, 4.25959480228, 43.7302531156, 0.623680908452, 0.0116618075802
0.796523738586, 1.13969878047, 2.69817253138, 0.35482111133, 7.94479952702, 41.1415080453, 3.45625476635, 0.361019032093, 27.8676595264, 0.609690177669, 0.021021021021
0.762586182529, 1.16136801946, 4.13255703447, 0.42897199696, 26.7220345102, 49.7699345131, 3.07716485307, 4.7304754784, 22.0541679233, 0.61662903232, 0.0188087774295
0.664671750152, 1.02382028729, 6.9242487059, 0.256149425039, 39.8640812453, 46.9092886127, 2.82226728826, 1.86709373109, 23.6000248388, 0.515644326273, 0.48828125
0.536770172398, 1.05908678925, 7.07211076068, 0.398098324753, 13.3319654706, 45.6707544609, 2.84517455764, 4.39809349717, 24.5113091186, 0.544050017249, 0.190082644628
0.876385760921, 0.903261057522, 6.77945850645, 0.492717562817, 40.2317778558, 40.4049841194, 3.92253512381, 1.38379503036, 23.0679427242, 0.547230945588, 0.115631691649
0.54843915593, 0.972273871135, 3.48400735949, 0.352222518015, 4.2869458753, 48.4531401619, 2.06572747603, 3.68782321286, 27.7743620327, 0.540024509727, 0.286549707602
0.876385760921, 0.903261057522, 6.77945850645, 0.492717562817, 40.2317778558, 40.4049841194, 3.92253512381, 1.38379503036, 23.0679427242, 0.583757160767, 0.0511945392491
0.557115792251, 1.03233758928, 5.94021537042, 0.471113896443, 35.8469178679, 40.7096786172, 3.72310137915, 0.00184856922353, 33.9634437709, 0.572115473734, 0.0594900849858
0.710187220371, 1.20726711243, 7.40925981042, 0.232357296679, 39.1058137649, 43.6122078439, 3.66237842498, 3.44318352117, 29.1284689921, 0.560244797778, 0.102827763496
0.536770172398, 1.05908678925, 7.07211076068, 0.398098324753, 13.3319654706, 45.6707544609, 2.84517455764, 4.39809349717, 24.5113091186, 0.558726636688, 0.10303030303
0.884616806178, 1.03633739358, 7.61960504617, 0.460446819653, 10.35925745, 43.6903144858, 2.29460712771, 0.180623905184, 41.5394637459, 0.565471182957, 0.0820895522388
0.884616806178, 1.24242131262, 7.61960504617, 0.460446819653, 11.6894297699, 43.6903144858, 2.29460712771, 0.180623905184, 41.5394637459, 0.661847023757, 0.0
0.841571274978, 1.2455331321, 6.42418834484, 0.469174898679, 39.5739665934, 45.7642031554, 3.40800430964, 2.3240232116, 25.8938056253, 0.619036318799, 0.025641025641
0.751747804098, 0.835819726511, 3.65836032815, 0.367543413588, 46.3907195454, 45.8998981144, 2.96465553155, 1.14025853419, 33.968137481, 0.521785740436, 0.527272727273
0.83337098827, 1.08011886014, 5.24485859474, 0.314834559799, 11.5216908, 45.3029096807, 2.23248142283, 2.76651650777, 38.8063948688, 0.628259889675, 0.0454545454545
0.520508934799, 0.897258978234, 6.71367876161, 0.397533340673, 6.96793845367, 49.474220961, 2.52408521556, 2.86473631391, 28.0114539953, 0.540282498422, 0.325842696629
0.563571804576, 1.1045178569, 5.28645803851, 0.218485954605, 38.9248804561, 44.6661750902, 2.90150202938, 3.48786747032, 40.5921366883, 0.529449491447, 0.493243243243
0.772187273068, 1.12745626585, 2.8811730993, 0.263783983068, 33.5565008953, 45.3722447045, 2.09692103194, 0.949984572139, 27.9763812155, 0.582698485182, 0.0608108108108
0.716711420433, 1.13706088404, 5.28652713238, 0.270317896499, 22.4298398119, 45.2492073813, 2.28836559182, 1.77692590563, 29.8302571058, 0.547546065743, 0.201680672269
0.530916238904, 1.22617405638, 7.96584305571, 0.246191116277, 10.7304391622, 45.1592145858, 3.7959088884, 4.22847667199, 36.3983756842, 0.548428674939, 0.164259927798
0.581230506094, 1.0265344202, 7.64035848978, 0.319391951426, 41.6135201008, 43.1166475505, 3.96609266051, 0.33691979324, 41.1628736935, 0.565195277093, 0.111578947368
