0.501041672471, 1.20711758126, 4.53505841196, 0.446789088263, 22.2993334214, 40.5274583316, 2.8669093665, 4.60943898363, 37.8088098727, 0.397219221889, 0.0
0.526928996168, 1.25861917991, 5.82236102262, 0.338448420838, 5.11420457005, 46.0698664557, 2.64285232302, 1.69818667715, 21.1875494108, 0.45729632634, 0.338235294118
0.567211317178, 1.13706088404, 4.83312310793, 0.2967274313, 8.9391729645, 45.6571160663, 2.38924104915, 1.68576998429, 28.4633734217, 0.443073118091, 0.346820809249
0.728329802412, 0.897258978234, 6.71367876161, 0.397533340673, 6.96793845367, 49.474220961, 2.52408521556, 1.31241164388, 28.0114539953, 0.408570623717, 0.633333333333
0.636229842993, 1.14901142588, 2.02473407251, 0.34909361387, 24.5986439976, 42.2640093364, 2.26182747144, 1.207146044, 41.0021263178, 0.471430986504, 0.101694915254
0.597547556096, 0.950536099756, 4.84818763219, 0.213752854236, 39.2222504863, 43.0213756865, 3.26421404295, 1.48150569277, 41.1124374341, 0.422062064622, 0.53063583815
0.529441229458, 0.943688742116, 7.80520170019, 0.241951745094, 5.2146343461, 46.9763090835, 3.56840239392, 1.5869959166, 32.5088722614, 0.427315440974, 0.412011173184
0.637660837678, 1.01316678642, 7.58384368174, 0.478309845864, 28.3906230808, 40.7052074802, 2.52759029531, 1.00582904478, 43.1824711879, 0.521031427044, 0.0
0.520676120472, 0.963235501239, 5.70278331132, 0.2967274313, 8.9391729645, 45.6571160663, 2.38924104915, 1.68576998429, 33.4106940506, 0.464615942865, 0.188679245283
0.526928996168, 1.25861917991, 5.82236102262, 0.231556605254, 29.75507306, 46.0698664557, 2.64285232302, 1.69818667715, 21.1875494108, 0.416459389641, 0.569620253165
0.500571030727, 1.06552247331, 2.34996063453, 0.334244905016, 10.8686701837, 41.7243402818, 3.27529071511, 0.0585139370124, 26.943068958, 0.48907997702, 0.00955414012739
0.597547556096, 0.950536099756, 4.84818763219, 0.213752854236, 39.2222504863, 43.0213756865, 3.26421404295, 1.48150569277, 41.1124374341, 0.451011234635, 0.386554621849
0.566352894405, 0.873710037654, 4.92108892297, 0.253527269628, 33.0383185843, 42.4906021412, 3.78600839609, 1.58969124376, 31.1449098353, 0.45747825386, 0.384068278805
0.637660837678, 1.01316678642, 7.58384368174, 0.460446819653, 45.651280548, 40.7052074802, 3.07988296107, 1.00582904478, 43.1824711879, 0.440788338692, 0.427001569859
0.535940501291, 1.1407160133, 6.15495636635, 0.480509686186, 29.829383711, 45.9288626776, 2.08053792067, 1.99565514756, 32.5100263018, 0.434815539943, 0.536697247706
0.529441229458, 1.1189411849, 7.88913147668, 0.241951745094, 5.2146343461, 46.9763090835, 3.56840239392, 1.5869959166, 32.5088722614, 0.438442235957, 0.512557077626
0.600943390188, 1.04342676551, 7.97616530368, 0.384053457671, 20.843593735, 41.6371762874, 2.03313824901, 2.67492258803, 20.1885917691, 0.523472605757, 0.0
0.566352894405, 0.950920634753, 3.50787876212, 0.419088837445, 33.0383185843, 42.4906021412, 3.78600839609, 1.58969124376, 36.4405587305, 0.471149652971, 0.209492635025
0.529441229458, 1.1189411849, 7.88913147668, 0.241951745094, 20.843593735, 48.4270635161, 2.77482964726, 1.5869959166, 32.5088722614, 0.418332630755, 0.573363431151
0.628066516634, 0.877686582149, 3.23783918349, 0.478291362165, 2.51572287181, 40.3757786168, 3.99734441992, 2.10192354454, 27.3554919824, 0.493215411234, 0.0103448275862
0.529441229458, 0.83460414149, 7.80520170019, 0.241951745094, 5.2146343461, 46.9763090835, 3.79428220464, 1.5869959166, 32.5088722614, 0.456072327908, 0.416666666667
0.616282869823, 1.01316678642, 2.22097704447, 0.253527269628, 21.0737231186, 40.7052074802, 3.43561161306, 1.00582904478, 31.1449098353, 0.470687135686, 0.384370015949
0.529441229458, 0.908371740326, 7.80520170019, 0.203561984228, 5.2146343461, 46.9763090835, 3.79428220464, 1.5869959166, 32.5088722614, 0.457775353438, 0.408223201175
0.608467368491, 0.873710037654, 4.92108892297, 0.253527269628, 21.0737231186, 45.0928963364, 3.89254645206, 1.21597404514, 31.1449098353, 0.4657890523, 0.389880952381
0.616282869823, 0.873710037654, 2.00351919749, 0.253527269628, 21.0737231186, 45.0928963364, 3.52785303359, 1.21597404514, 31.1449098353, 0.449710641083, 0.50243902439
0.616282869823, 1.01316678642, 2.22097704447, 0.253527269628, 21.0737231186, 40.7052074802, 3.43561161306, 1.00582904478, 31.1449098353, 0.44620624016, 0.549748743719
0.607752477436, 0.930010923434, 4.53764688596, 0.311201394916, 46.5956236224, 44.4921201567, 2.08883663914, 1.80088345648, 27.7756107207, 0.448634145897, 0.520912547529
0.551724498946, 1.01753405003, 7.89221318209, 0.478291362165, 10.6992103198, 40.5896846684, 3.52785303359, 2.30944072007, 40.0259992219, 0.524100817404, 0.0
0.668787170602, 1.25861917991, 5.82236102262, 0.231556605254, 29.75507306, 48.2360037739, 2.64285232302, 1.69818667715, 20.5613359613, 0.471780144544, 0.380208333333
0.567211317178, 0.963235501239, 4.83312310793, 0.2967274313, 8.9391729645, 45.6571160663, 2.38924104915, 1.68576998429, 33.4106940506, 0.480762689094, 0.228571428571
0.561424007065, 1.00459212921, 7.4210472212, 0.224539576139, 47.2284909455, 42.5168232407, 3.88786901167, 1.52740101716, 41.0404096375, 0.423798488009, 0.590994371482
0.636229842993, 1.14901142588, 2.88283619441, 0.34909361387, 24.5986439976, 42.2640093364, 2.26182747144, 1.207146044, 41.0021263178, 0.421011884291, 0.64371257485
0.526928996168, 1.05329978241, 5.82236102262, 0.231556605254, 29.75507306, 40.5274583316, 2.64285232302, 1.69818667715, 20.5613359613, 0.422948452056, 0.592814371257
0.560414736342, 0.930010923434, 6.28924476518, 0.260609882781, 0.736036837256, 47.4845698108, 3.88495314809, 1.80088345648, 31.4208683726, 0.431221046229, 0.581516095535
0.501669736063, 0.911455469525, 5.96167316801, 0.448040706914, 42.0522369195, 42.4826365845, 3.98508898308, 3.50983139689, 35.042039498, 0.493441960829, 0.137440758294
0.500759654527, 1.05329978241, 7.05031739299, 0.403741529355, 43.7849915585, 46.1637396807, 2.03321803294, 3.60617165722, 22.1408762651, 0.494138035595, 0.0412371134021
0.501669736063, 0.911455469525, 5.96167316801, 0.448040706914, 42.0522369195, 42.4826365845, 3.98508898308, 3.50983139689, 35.042039498, 0.496824932166, 0.0373831775701
0.543650019545, 1.13969878047, 2.69817253138, 0.35482111133, 11.9901719207, 41.1415080453, 3.45625476635, 0.361019032093, 43.7302531156, 0.499340655532, 0.0114613180516
0.664671750152, 1.02382028729, 4.13255703447, 0.256149425039, 39.8640812453, 43.4342231934, 2.80894248152, 1.86709373109, 23.337943819, 0.46083984597, 0.436708860759
0.625980401132, 1.22187319333, 7.57384847883, 0.399273767342, 19.7018072887, 46.642622298, 3.1685407036, 1.77293165821, 35.273880284, 0.468681539147, 0.396383866481
0.652235876495, 1.22187319333, 7.57384847883, 0.399273767342, 19.7018072887, 46.642622298, 3.1685407036, 1.77293165821, 35.273880284, 0.460770474313, 0.518353726363
0.878555746771, 0.820890546144, 7.44567318062, 0.364298053263, 8.03556234094, 42.6310659928, 2.13953363816, 1.73050332261, 20.2864222124, 0.457056731414, 0.532051282051
0.607752477436, 0.930010923434, 4.50209140623, 0.311201394916, 46.5956236224, 47.08798385, 2.08883663914, 1.80088345648, 31.0306344409, 0.450013865633, 0.580745341615
0.664671750152, 1.02382028729, 6.9242487059, 0.256149425039, 39.8640812453, 46.9092886127, 2.82226728826, 1.86709373109, 23.6000248388, 0.452307993576, 0.56
0.551724498946, 1.01753405003, 7.89221318209, 0.478291362165, 10.6992103198, 40.5896846684, 3.9740278716, 2.30944072007, 40.4928197441, 0.535951490788, 0.0
0.503797852032, 0.950536099756, 3.33462746079, 0.373935234844, 42.0202434891, 47.5809963739, 3.07516774567, 3.25555897591, 30.3502472274, 0.529064321178, 0.00854700854701
0.560414736342, 1.14901142588, 6.33895726849, 0.213646277984, 2.27437184153, 46.9763090835, 2.26182747144, 1.80088345648, 31.4208683726, 0.484067144181, 0.230263157895
0.529441229458, 1.1189411849, 7.88913147668, 0.241951745094, 0.736036837256, 47.4845698108, 3.56840239392, 1.5869959166, 32.5088722614, 0.429812330435, 0.60794044665
0.664671750152, 1.02382028729, 6.9242487059, 0.256149425039, 39.8640812453, 46.9092886127, 2.82226728826, 1.86709373109, 23.6000248388, 0.424952867886, 0.61038961039
0.529441229458, 1.1189411849, 7.88913147668, 0.241951745094, 5.2146343461, 46.9763090835, 3.56840239392, 1.5869959166, 32.5088722614, 0.438256257412, 0.589817483189
0.636229842993, 1.14901142588, 6.05622719404, 0.368334372483, 41.0109781886, 49.1961486999, 2.26182747144, 1.207146044, 41.0021263178, 0.498870660878, 0.123966942149
0.503797852032, 0.950536099756, 3.33462746079, 0.373935234844, 42.0202434891, 47.5809963739, 3.07516774567, 3.25555897591, 30.3502472274, 0.510400601446, 0.0314685314685
0.600943390188, 1.04342676551, 7.97616530368, 0.384053457671, 5.7288051138, 41.6371762874, 2.03313824901, 2.67492258803, 20.1885917691, 0.527012986262, 0.0119047619048
0.68477964463, 0.894791256609, 4.53505841196, 0.427045311875, 22.2993334214, 44.3153919135, 2.8669093665, 4.60943898363, 37.8088098727, 0.501059781396, 0.118518518519
0.5580657082, 1.00063125627, 4.11186503734, 0.230703210205, 47.8081838563, 48.692168607, 3.09032953731, 1.71132839371, 30.8319734926, 0.464552035049, 0.441025641026
0.616282869823, 0.873710037654, 2.00351919749, 0.340959549532, 21.0737231186, 45.0928963364, 3.43561161306, 1.21597404514, 28.6757472514, 0.461672349643, 0.541625857003
0.637660837678, 1.22333698373, 7.58384368174, 0.224783547126, 8.9391729645, 45.6571160663, 2.38924104915, 1.68576998429, 34.2687555232, 0.464277085143, 0.532786885246
0.668787170602, 1.25861917991, 5.82236102262, 0.231556605254, 29.75507306, 46.8834754196, 2.64285232302, 1.69818667715, 20.5613359613, 0.457439591559, 0.586614173228
0.516814781123, 0.943688742116, 7.80520170019, 0.241951745094, 5.2146343461, 46.9763090835, 3.56840239392, 1.5869959166, 32.5088722614, 0.460739856171, 0.576470588235
0.636229842993, 0.950536099756, 2.88283619441, 0.34909361387, 24.5986439976, 42.2640093364, 2.26182747144, 1.207146044, 41.0021263178, 0.561927972582, 0.0
0.769979067544, 1.19026587495, 6.27296082998, 0.396250111459, 16.5507982509, 46.3830046111, 2.58109852909, 2.58063166576, 33.8278696427, 0.534493734615, 0.0111111111111
0.531851959226, 1.14045623761, 6.04772888006, 0.368334372483, 39.4544332478, 42.4117805215, 3.24145408561, 4.21700151222, 43.5643402837, 0.547918328795, 0.00934579439252
0.535940501291, 1.02150175713, 6.83190231965, 0.480509686186, 16.4790609933, 45.9288626776, 2.08053792067, 1.99565514756, 32.5100263018, 0.48455478551, 0.232
0.637660837678, 0.873710037654, 7.58384368174, 0.229235378251, 45.651280548, 45.0928963364, 2.78750772419, 1.71132839371, 43.1824711879, 0.426482887156, 0.634803921569
0.616282869823, 0.873710037654, 2.00351919749, 0.253527269628, 21.0737231186, 45.0928963364, 3.89254645206, 1.21597404514, 31.1449098353, 0.436926207928, 0.622641509434
0.566352894405, 0.950920634753, 3.50787876212, 0.419088837445, 33.0383185843, 42.4906021412, 3.78600839609, 1.58969124376, 36.4405587305, 0.446611024531, 0.591596638655
0.5580657082, 1.00063125627, 4.11186503734, 0.230703210205, 47.8081838563, 48.692168607, 3.09032953731, 1.71132839371, 30.8319734926, 0.44366082568, 0.608256880734
0.530916238904, 1.22617405638, 7.96584305571, 0.246191116277, 10.7304391622, 45.1592145858, 3.7959088884, 4.22847667199, 36.3983756842, 0.518533345111, 0.0459183673469
0.511662855009, 1.11277227187, 5.69289329003, 0.300874816122, 9.91347988772, 44.3586815058, 3.73875620242, 4.78976938647, 22.4955963765, 0.513915250414, 0.0482954545455
0.600943390188, 1.1407160133, 6.15495636635, 0.480509686186, 23.5298025776, 45.9288626776, 2.03313824901, 1.99565514756, 32.5100263018, 0.527501663321, 0.025641025641
0.551724498946, 1.01753405003, 6.59761323077, 0.442559788125, 10.6992103198, 40.5896846684, 3.52785303359, 2.30944072007, 40.0259992219, 0.534482183083, 0.0207100591716
0.526928996168, 1.25861917991, 5.82236102262, 0.231556605254, 29.75507306, 46.0698664557, 2.64285232302, 1.69818667715, 21.1875494108, 0.501986243714, 0.169014084507
0.589019977002, 0.877686582149, 6.87710927997, 0.478291362165, 2.51572287181, 40.3378558323, 3.99734441992, 2.10192354454, 27.3554919824, 0.505314710217, 0.137844611529
0.520676120472, 0.963235501239, 5.70278331132, 0.2967274313, 8.9391729645, 45.6571160663, 2.38924104915, 1.68576998429, 33.4106940506, 0.4659961353, 0.457777777778
0.560414736342, 0.930010923434, 6.28924476518, 0.260609882781, 0.736036837256, 47.4845698108, 3.88495314809, 1.80088345648, 31.4208683726, 0.461696144871, 0.547297297297
0.636229842993, 1.14901142588, 6.05622719404, 0.34909361387, 41.0109781886, 49.1961486999, 2.26182747144, 1.207146044, 41.0021263178, 0.572084030436, 0.0
0.628066516634, 0.877686582149, 3.23783918349, 0.442559788125, 2.51572287181, 40.3757786168, 3.99734441992, 2.10192354454, 27.3554919824, 0.536442095672, 0.0194805194805
0.628066516634, 0.877686582149, 3.23783918349, 0.478291362165, 2.51572287181, 40.3757786168, 3.99734441992, 2.10192354454, 27.3554919824, 0.553527857346, 0.0114068441065
0.876385760921, 1.16156047877, 6.77945850645, 0.352222518015, 40.2317778558, 40.4049841194, 3.05630599376, 1.38379503036, 23.0679427242, 0.488734384081, 0.3472
0.566352894405, 0.950920634753, 2.81377892815, 0.419088837445, 33.0383185843, 42.4906021412, 3.78600839609, 1.58969124376, 36.4405587305, 0.486217294666, 0.381761978362
0.501669736063, 0.911455469525, 5.96167316801, 0.448040706914, 42.0522369195, 42.4826365845, 3.98508898308, 3.50983139689, 35.042039498, 0.493252321161, 0.233511586453
0.881328414149, 1.16156047877, 7.63534881322, 0.343356875583, 49.3255596666, 49.644154971, 3.89172511902, 1.9407116726, 23.5108746719, 0.492202903036, 0.343499197432
0.728329802412, 1.1344891495, 4.92108892297, 0.215480868576, 46.2053694609, 47.2951803808, 2.82444249908, 1.31241164388, 30.5160355163, 0.436127296163, 0.65903307888
0.567211317178, 0.950920634753, 4.83312310793, 0.478309845864, 28.3906230808, 40.7052074802, 2.53123267045, 1.00582904478, 43.1824711879, 0.44295917208, 0.631097560976
0.526928996168, 1.25861917991, 5.82236102262, 0.231556605254, 29.75507306, 46.0698664557, 2.64285232302, 1.69818667715, 21.1875494108, 0.456312644755, 0.597014925373
0.506695606191, 1.1189411849, 6.55209064333, 0.202320362236, 1.20604280667, 49.6497166816, 2.78300346492, 2.39250986743, 30.8542641216, 0.516678654477, 0.077519379845
0.557115792251, 1.03233758928, 5.94021537042, 0.471113896443, 39.1058137649, 40.7096786172, 3.72310137915, 0.00184856922353, 33.9634437709, 0.517918428482, 0.0758620689655
0.563266400361, 1.12956662767, 3.72630961081, 0.243075057995, 12.8255640217, 41.7243402818, 3.27529071511, 3.67779917706, 39.0344479857, 0.523614106188, 0.0641975308642
0.581230506094, 1.0265344202, 7.64035848978, 0.319391951426, 41.6135201008, 43.1166475505, 3.96609266051, 0.33691979324, 41.1628736935, 0.528772625691, 0.0386597938144
0.723658043851, 0.940349298289, 3.83575752579, 0.292603883115, 42.4740920622, 44.3737827286, 2.3403697902, 1.67890543502, 21.5094634929, 0.502189058921, 0.198473282443
0.779866163154, 1.08402347697, 2.67485647515, 0.473868277756, 46.3768509024, 49.4643748483, 3.44213340935, 4.73302467543, 31.7366702177, 0.588557619734, 0.0
0.885194027601, 1.10234020671, 5.03356970735, 0.215480868576, 46.2053694609, 48.6356621057, 3.20733928896, 1.41419435061, 30.0924723813, 0.438389667112, 0.671292914536
0.83337098827, 0.847960529836, 3.65836032815, 0.367543413588, 46.3907195454, 48.1027990144, 2.96465553155, 1.14025853419, 33.968137481, 0.491591656889, 0.375
0.725948085784, 1.10234020671, 6.15495636635, 0.262037106532, 15.3223064365, 48.6356621057, 3.20733928896, 1.41419435061, 30.0924723813, 0.477895409198, 0.472878998609
0.725948085784, 1.10234020671, 5.03356970735, 0.262037106532, 15.3223064365, 48.6356621057, 3.20733928896, 1.41419435061, 30.0924723813, 0.444107188633, 0.631901840491
0.636229842993, 0.930010923434, 6.05622719404, 0.34909361387, 41.0109781886, 49.1961486999, 3.88495314809, 1.207146044, 41.0021263178, 0.46556279436, 0.569844789357
0.637660837678, 0.873710037654, 7.58384368174, 0.229235378251, 45.651280548, 45.0928963364, 2.78750772419, 1.21597404514, 43.1824711879, 0.495579501007, 0.269005847953
0.530916238904, 1.22617405638, 7.96584305571, 0.246191116277, 10.7304391622, 42.7570232265, 3.7959088884, 4.22847667199, 30.5160355163, 0.532198994546, 0.039627039627
0.542522577251, 0.873705972132, 6.78739662423, 0.435557733913, 11.0458308913, 49.3131853377, 2.88161981294, 2.93136213635, 29.3556575534, 0.511839901295, 0.222222222222
0.589019977002, 0.877686582149, 3.23783918349, 0.478291362165, 2.51572287181, 40.3757786168, 3.99734441992, 2.10192354454, 27.3554919824, 0.520675154387, 0.168880455408
