1.07170895113, 1.00732513022, 1.48651253616, 1.00000011691, 4.45477197464, 1.1190054342, 2.04096412249, 1.26000084097, 1.00000086552, 5.98870174604, 4.27359228075, 1.07453499474, 1.88109524622, 1.11102940546, 1.08559269939, 1.02330063382, 1.11563325982, 0.933658987222, 8.72568700002, 1.00000066277, 1.000000021, 76.8285273388, 0.944898624083, 4.2397452625, 1.03535749249, 4.26062708489, 0.87000024277, 24.1401579888, 9.94951353778
3.36885828228, 1.0392292643, 1.36446086692, 1.00000056827, 4.51239474264, 1.06307950323, 4.51273151523, 1.26000076516, 1.00000068265, 5.30580480708, 4.62850088674, 1.02319160516, 3.19517009512, 1.00636248095, 1.08232674979, 1.408538166, 1.03677101608, 1.0393694228, 7.07464614402, 1.00000018729, 1.00000046256, 106.836428079, 1.05093034647, 4.93137667761, 0.961421633122, 4.36970310919, 0.870000958364, 55.1606291373, 12.7463387299
5.23510503188, 1.07356382771, 1.65879994654, 1.00000005031, 4.30962844271, 1.07458085576, 5.31572966091, 1.26000081529, 1.00000081679, 5.39856795096, 6.13271620154, 1.09656661293, 3.69393245847, 1.09516049191, 1.02205844631, 1.37180640056, 1.13017307453, 0.942921194802, 6.43256308347, 1.00000083392, 1.00000038008, 114.087896241, 1.01220773108, 1.52065104206, 0.986989877486, 3.69929336499, 0.870000706401, 116.706870903, 12.6151392837
1.34483749813, 1.41247539379, 1.53192827881, 1.00000037899, 4.71810520286, 1.02265993826, 4.78610627011, 1.26000024363, 1.00000063378, 6.06887043509, 5.92265351975, 1.05308649213, 3.88712714595, 1.10341281322, 1.00791970969, 1.23061482969, 1.00276088922, 1.06996839264, 4.16984356987, 1.00000038983, 1.00000032038, 94.9284242684, 1.05551128189, 3.14289059794, 0.972276823525, 3.93689053491, 0.870000878187, 160.122137138, 11.8967681282
2.74824798917, 1.35315617152, 1.50373869258, 1.00000067786, 5.63719021108, 1.16362928597, 1.53133031427, 1.26000074513, 1.00000019709, 5.59468925467, 5.19027588504, 1.05702881795, 2.43048924434, 1.03818240785, 1.01654609533, 1.29087354936, 1.06473796047, 0.949229298995, 8.33019400209, 1.00000095119, 1.00000063289, 117.671323457, 0.979560623411, 4.96712289464, 1.06025499185, 4.12072504764, 0.870000114745, 100.775135532, 20.849802474
5.71659383517, 1.27039661611, 1.71811082047, 1.00000050861, 4.91172907826, 1.05365873903, 1.675199586, 1.26000019245, 1.00000011078, 5.24184406342, 6.7840078071, 1.04230244989, 2.2491995473, 1.05091668592, 1.00221857094, 1.60815448426, 1.03234268927, 0.930061671189, 6.43684623599, 1.00000060662, 1.00000090086, 101.795045096, 1.03210996484, 4.84646156694, 0.968052573891, 3.73709313383, 0.870000833522, 101.255976322, 19.8632150992
2.99600073133, 1.26016434195, 1.39298357821, 1.00000064657, 5.26052712473, 1.14565166812, 2.82823935851, 1.26000034131, 1.00000035192, 4.9751875098, 5.63569703546, 1.09481109889, 2.68148477381, 1.09082611008, 1.04265907757, 1.48068132059, 1.11664032415, 1.02609833814, 4.67637070145, 1.00000009417, 1.00000069717, 79.9164269242, 1.00091151815, 1.53310282188, 1.04942195384, 4.23339113732, 0.870000937797, 105.831976637, 12.9072819999
3.40029749425, 1.4052107042, 1.64454011627, 1.000000926, 6.95193882529, 1.15150965909, 1.50981232225, 1.26000064278, 1.00000093445, 5.39347531864, 7.41394245317, 1.09472362435, 2.88492712651, 1.01900801532, 1.00699945888, 1.07856770708, 1.01906695578, 1.07266081166, 4.57002698981, 1.000000591, 1.00000051926, 82.5022565831, 0.956407788641, 3.37346959179, 1.00558131163, 4.04992476272, 0.870000112938, 126.39461161, 20.8497823346
1.34483749813, 1.41247539379, 1.53192827881, 1.00000037899, 4.71810520286, 1.02265993826, 4.78610627011, 1.26000024363, 1.00000063378, 6.06887043509, 5.92265351975, 1.05308649213, 3.88712714595, 1.10341281322, 1.00791970969, 1.23061482969, 1.00276088922, 1.06996839264, 4.16984356987, 1.00000038983, 1.00000032038, 97.9113197546, 1.05551128189, 3.14289059794, 0.972276823525, 3.93689053491, 0.870000878187, 194.375091511, 13.2004059967
2.17859339903, 1.21103531425, 1.57189070809, 1.00000040163, 4.50347322375, 1.05869366916, 3.84318114876, 1.2600004825, 1.00000025347, 5.66691064972, 3.68038514096, 1.03885795034, 3.85642308948, 1.0067738125, 1.06808952441, 1.22450345033, 1.10401795294, 0.969359557973, 7.64809181738, 1.00000094833, 1.00000021144, 112.708186901, 0.939242701929, 5.39347865495, 1.03231731481, 3.98543517464, 0.87000090102, 170.37336435, 18.223985539
5.71766383267, 1.11486406283, 1.5515596848, 1.00000082743, 4.4495770629, 1.0818143411, 2.82579474682, 1.26000007143, 1.00000059512, 5.84850184509, 3.72203451876, 1.09401630618, 2.46368720811, 1.06407165858, 1.00963484068, 1.5982017793, 1.07896065459, 1.00240975687, 4.65179874283, 1.0000007462, 1.00000021551, 108.962823618, 0.970695790009, 1.80164400617, 1.00000637016, 3.56027504473, 0.870000374899, 215.353354616, 16.0189021566
2.01885101927, 1.39741507182, 1.61228079579, 1.00000008817, 5.94781514618, 1.1691381719, 2.68383976625, 1.26000022728, 1.00000068868, 5.47312218369, 3.54070947617, 1.06440281909, 2.18320716711, 1.02407498626, 1.08351503031, 1.30386110498, 1.03576753499, 1.0837125266, 7.41723400667, 1.00000035045, 1.00000058456, 102.534494152, 1.02206261346, 4.34757773131, 1.03494858871, 3.65655760381, 0.870000991991, 322.663534814, 15.0606666053
2.07431366571, 1.13256161805, 1.69657027545, 1.00000003586, 6.32145437419, 1.05402609744, 3.06330429225, 1.26000036765, 1.0000006301, 5.6703715678, 6.36521022037, 1.00196774891, 3.16686661955, 1.00152441075, 1.0427908622, 1.02698701556, 1.05594649761, 1.02380859598, 9.69558467106, 1.00000043082, 1.00000028931, 100.041972176, 1.08899582918, 1.24918089483, 1.04982113399, 4.34626611101, 0.870000058137, 309.437004067, 15.4129978316
3.29520839517, 1.29182071091, 1.34806694839, 1.00000062141, 6.38399930971, 1.15192639435, 2.48247579854, 1.26000060636, 1.00000015721, 5.46840542213, 4.1269107677, 1.05369890494, 1.86726242053, 1.03857301795, 1.01203718683, 1.46461701495, 1.06654386172, 0.968459823567, 8.95120121669, 1.00000088171, 1.00000072826, 76.0378572772, 0.993761975482, 5.78734241671, 1.0520174354, 4.26015712968, 0.870000012757, 196.54874994, 18.6539448232
1.68595841099, 1.25952521633, 1.34907049125, 1.00000035189, 6.84533820797, 1.10895760074, 4.32191467075, 1.26000002224, 1.0000005011, 5.58785327506, 7.49250124162, 1.05204922386, 1.89471065412, 1.01550796319, 1.01147378589, 1.29114277853, 1.13001623524, 0.926445983161, 8.33192202203, 1.00000050275, 1.00000088361, 95.6102574529, 1.01826070735, 2.46750496889, 1.02502050908, 4.04942188146, 0.870000313014, 282.370411569, 17.672118002
1.56653554636, 1.07744900451, 1.67382986823, 1.00000088443, 4.30070938388, 1.08393924105, 3.46940202136, 1.26000094174, 1.00000047858, 5.81256430632, 3.45773415727, 1.03797087141, 1.99951746131, 1.07189846594, 1.01537423641, 1.37910204091, 1.08095828828, 0.927887900031, 8.20681884018, 1.00000056298, 1.00000060516, 111.490669909, 0.985378436291, 3.24031242085, 1.04941613504, 3.66530272797, 0.870000505658, 339.601846736, 15.5239552531
2.62305210828, 1.21687145404, 1.5224982008, 1.00000016689, 6.32322268187, 1.00485234212, 1.65142550405, 1.26000062895, 1.00000089822, 5.64008167909, 3.47349779988, 1.05455871228, 2.98802984553, 1.10721759812, 1.03535665628, 1.38618518226, 1.11437997808, 0.944605998901, 3.00029780466, 1.00000033113, 1.00000015122, 86.4178239503, 0.919137761905, 1.16714616723, 1.02577328099, 3.98606048073, 0.870000944354, 220.913926877, 19.3178686459
2.05660568781, 1.33675578832, 1.54385375733, 1.00000045511, 6.89351159194, 1.11323951852, 1.24301677573, 1.2600007691, 1.00000018306, 5.42048166607, 3.90113187397, 1.03660910138, 2.67985967114, 1.0583857725, 1.07550041613, 1.26042448253, 1.09184624531, 1.04998828068, 7.00429569274, 1.00000060723, 1.00000045206, 113.575881119, 0.929506514915, 1.16865841159, 1.06701504185, 3.5187761026, 0.870000918992, 195.405488888, 24.9381784956
4.05464027638, 1.29559610789, 1.63404150274, 1.00000090852, 4.3725385262, 1.06451298055, 1.13751533104, 1.26000012468, 1.00000042291, 5.91948605847, 5.99073202422, 1.04314633831, 3.93283335355, 1.08601603211, 1.0560803481, 1.54909954669, 1.03143626545, 0.97672618144, 8.77639813841, 1.0000000233, 1.00000033893, 86.1457171984, 0.944898624083, 3.85634455291, 0.954880674484, 4.13596132694, 0.870000355162, 441.942930714, 16.3926754126
1.75499475544, 1.04789264073, 1.73093546187, 1.00000084188, 5.55045548859, 1.02470173102, 2.39680012018, 1.26000002453, 1.00000096909, 5.71178863633, 4.503447279, 1.08654490782, 2.50695842199, 1.02984745662, 1.00838255429, 1.30165797608, 1.09470263802, 0.945497672967, 4.28926298801, 1.00000024699, 1.00000063375, 82.1869203687, 1.01332447336, 5.49475519422, 1.03927346986, 4.23039918882, 0.870000548996, 238.306717766, 19.6185507495
2.89689322369, 1.29697828543, 1.41906814862, 1.0000005371, 4.95651340162, 1.07492309823, 2.24317722706, 1.26000037894, 1.00000003287, 5.05582197399, 5.84523396979, 1.02477148319, 3.99274763101, 1.01546690288, 1.08827362338, 1.08051055529, 1.03662324938, 1.06844292253, 9.54390017613, 1.00000078233, 1.0000008563, 89.2199341239, 1.02796453844, 1.35608853347, 0.981208460204, 3.37529224494, 0.870000569783, 196.363613419, 25.5420036403
1.08709214285, 1.00732513022, 1.48651253616, 1.00000011691, 4.45477197464, 1.17810898832, 2.04096412249, 1.26000084097, 1.00000080124, 5.68643386971, 4.27359228075, 1.07453499474, 1.88109524622, 1.11387841786, 1.08559269939, 1.02330063382, 1.14036830677, 0.933658987222, 8.72568700002, 1.00000066277, 1.000000021, 76.8285273388, 0.943438912543, 4.2397452625, 1.03535749249, 4.26062708489, 0.87000024277, 476.870502873, 17.5726667779
4.54856465484, 1.19491126301, 1.4679597911, 1.00000017271, 6.67021310156, 1.16847139296, 5.03677421487, 1.26000003825, 1.0000009234, 5.31926550196, 4.99279167204, 1.08632149376, 3.64429099095, 1.08717524576, 1.03737501681, 1.51216880404, 1.08563613741, 1.05340338345, 8.27345671425, 1.0000004345, 1.00000057965, 113.68126554, 0.910551024457, 3.60539135169, 0.960739919532, 3.91207880395, 0.870000144697, 515.700344003, 17.2106138902
3.2875386227, 1.42277860627, 1.54024505388, 1.00000087824, 5.11912254683, 1.08223248164, 3.2501400064, 1.26000095098, 1.00000096507, 5.49393441616, 5.73602701821, 1.09986317141, 3.55582658647, 1.10935733781, 1.01375605093, 1.0459055697, 1.07280252502, 0.925374238647, 4.56294490658, 1.00000043034, 1.00000047638, 104.03526291, 1.04994356786, 2.7641333017, 0.982907658308, 3.79003021087, 0.870000217516, 392.420158083, 17.8707377381
4.55122128861, 1.08497648082, 1.36804126952, 1.00000043419, 5.594368403, 1.17144844807, 5.92900694664, 1.26000000964, 1.0000006856, 5.28451589055, 7.0669294759, 1.04661516008, 3.10222350009, 1.02831024933, 1.06855180337, 1.37135171467, 1.01650031904, 1.01181203678, 9.42153132589, 1.00000035336, 1.00000053709, 122.935680649, 0.940682937259, 4.00241204942, 1.00695594747, 3.29175992021, 0.870000491294, 626.45596064, 17.4296051522
5.71500668818, 1.1394803592, 1.35918069233, 1.00000066265, 5.60915848306, 1.13504450925, 3.45117685913, 1.26000023892, 1.00000021128, 5.8405389051, 4.33486056942, 1.06148309212, 3.40170653123, 1.07346671536, 1.03117059835, 1.055191712, 1.09447887626, 0.944914033889, 3.85528113331, 1.0000004867, 1.0000002712, 94.4008898084, 1.05138523921, 3.96108320284, 1.01484350568, 3.46019012711, 0.870000346917, 295.325121699, 20.5712205721
3.2875386227, 1.42277860627, 1.54024505388, 1.00000069017, 5.11912254683, 1.08223248164, 3.2501400064, 1.26000095098, 1.00000096507, 5.49393441616, 5.73602701821, 1.09915338852, 3.55582658647, 1.10715757609, 1.01375605093, 1.07712105926, 1.16854769846, 1.01442421936, 4.56294490658, 1.00000043034, 1.00000047638, 104.03526291, 1.01814565828, 2.7641333017, 0.982907658308, 3.79003021087, 0.870000217516, 346.17149534, 18.6697352066
4.61788135887, 1.27583850714, 1.50186022438, 1.0000008372, 4.83050393482, 1.01579823249, 3.20429903285, 1.26000000028, 1.00000079498, 5.08879121993, 7.25025920954, 1.06107927098, 2.04156557494, 1.06376715782, 1.00369119479, 1.34258630041, 1.1379366217, 1.08908866763, 9.74112203856, 1.00000021208, 1.00000051999, 100.230825861, 0.934545895159, 5.95917864959, 0.971498678928, 3.63648471698, 0.870000688641, 441.820859101, 19.0051349969
1.34483749813, 1.41247539379, 1.53192827881, 1.00000037899, 4.71810520286, 1.02265993826, 4.78610627011, 1.26000024363, 1.00000063378, 5.23962702936, 5.92265351975, 1.05308649213, 3.88712714595, 1.10341281322, 1.00791970969, 1.23061482969, 1.00276088922, 1.06996839264, 6.4563027079, 1.00000019782, 1.00000032038, 97.9113197546, 1.05551128189, 3.14289059794, 0.972276823525, 3.93689053491, 0.870000878187, 308.980739376, 21.3771478553
4.54856465484, 1.19491126301, 1.4679597911, 1.0000001955, 6.67021310156, 1.16847139296, 5.03677421487, 1.26000051424, 1.00000060759, 5.31926550196, 4.99279167204, 1.08632149376, 3.64429099095, 1.08717524576, 1.03737501681, 1.51216880404, 1.08563613741, 1.05340338345, 8.27345671425, 1.0000004345, 1.00000057965, 113.68126554, 0.910551024457, 3.60539135169, 0.960739919532, 3.91207880395, 0.870000144697, 308.219160002, 21.3817960395
5.31847043564, 1.42879507501, 1.45198179726, 1.00000086965, 4.61181158542, 1.16794726479, 5.31071170053, 1.2600002542, 1.00000093501, 5.85087980775, 5.51638692927, 1.04697961423, 3.27262510609, 1.06233508112, 1.00560072292, 1.38845921765, 1.09105515376, 0.940526521372, 4.86080942323, 1.0000002497, 1.00000082402, 105.28856247, 0.930349817026, 3.82556643847, 1.00329616273, 3.70270682576, 0.870000285626, 318.21624088, 29.2417124659
5.24729282336, 1.038910978, 1.55038694882, 1.00000076861, 5.31164331403, 1.08155866762, 1.95146607546, 1.26000043003, 1.0000008921, 5.01840403392, 7.48402138072, 1.04794540225, 2.63539099608, 1.0499320796, 1.07796946561, 1.60904795534, 1.09584990611, 1.09579023341, 8.81471486615, 1.00000020477, 1.00000088552, 106.585706917, 0.939386536068, 5.42755024091, 1.04440582453, 4.11200977037, 0.87000060149, 310.521809195, 30.4674790017
1.93541414445, 1.34799560761, 1.4566083454, 1.00000096617, 4.74250165635, 1.18549852604, 1.29772041001, 1.26000099544, 1.00000064544, 5.23962702936, 4.47988871429, 1.03453560584, 1.61962921352, 1.02800128184, 1.07020119768, 1.35223636042, 1.11326434972, 0.917093745983, 6.84788827933, 1.00000021134, 1.00000041993, 120.81170139, 0.947617779959, 3.12919088116, 1.01539736792, 4.09380372793, 0.870000999543, 319.409348473, 27.6730533181
1.75499475544, 1.39143704745, 1.73093546187, 1.00000084188, 5.55045548859, 1.02470173102, 2.39680012018, 1.26000002453, 1.00000096909, 5.71178863633, 4.503447279, 1.08654490782, 2.50695842199, 1.01680513618, 1.00838255429, 1.30165797608, 1.09470263802, 0.945497672967, 4.28926298801, 1.00000024699, 1.00000063375, 82.1869203687, 1.01332447336, 5.49475519422, 1.03927346986, 4.23039918882, 0.870000548996, 880.301312441, 19.4484355632
3.50718234842, 1.31772132761, 1.69785168642, 1.00000023861, 6.09335355214, 1.03499030013, 3.74319108739, 1.26000066556, 1.00000002456, 4.99449051527, 4.27215890046, 1.05633519239, 3.17255547686, 1.08340995967, 1.04000940444, 1.0438300408, 1.01007609024, 1.04603623594, 3.14530517644, 1.00000012936, 1.00000046933, 105.482066504, 0.934133200641, 5.63834892718, 0.966734463728, 3.446387354, 0.870000224262, 697.331310418, 19.5137551777
3.60419227725, 1.30447962844, 1.47928683017, 1.0000003179, 4.47371535462, 1.02059280216, 2.48247579854, 1.26000060636, 1.00000004169, 6.12082024857, 3.85943444418, 1.05369890494, 3.12882262003, 1.05916166964, 1.06270053161, 1.4104076384, 1.11869459107, 0.994706130358, 5.490793165, 1.00000098934, 1.0000003463, 108.126350508, 0.911241219773, 3.20751519981, 1.00040139433, 3.30479946512, 0.870000043297, 349.442961623, 22.7161079884
5.71500668818, 1.1394803592, 1.35918069233, 1.00000066265, 5.60915848306, 1.02059280216, 3.16083954556, 1.26000023892, 1.00000021128, 5.8405389051, 3.6781337489, 1.09840642038, 3.40170653123, 1.06791085537, 1.03376792282, 1.055191712, 1.08964803393, 0.994706130358, 4.95361844539, 1.0000004867, 1.0000002712, 97.6402195542, 1.05138523921, 3.03184234088, 1.01484350568, 3.46019012711, 0.870000346917, 865.893480195, 20.3128612381
5.71659383517, 1.27039661611, 1.71811082047, 1.00000050861, 4.91172907826, 1.05365873903, 1.83972834584, 1.26000019245, 1.00000011078, 5.24184406342, 6.7840078071, 1.04230244989, 2.2491995473, 1.05091668592, 1.00221857094, 1.60815448426, 1.03234268927, 0.930061671189, 6.43684623599, 1.00000037087, 1.00000032552, 101.795045096, 0.962995411464, 4.84646156694, 0.968052573891, 3.73709313383, 0.870000833522, 430.529765732, 22.8545040716
5.23510503188, 1.07356382771, 1.65879994654, 1.00000005031, 4.30962844271, 1.07458085576, 5.31572966091, 1.26000081529, 1.00000081679, 5.60795693933, 6.13271620154, 1.09886578344, 3.69393245847, 1.09516049191, 1.00372918827, 1.37180640056, 1.13017307453, 0.942921194802, 6.43256308347, 1.00000083392, 1.00000038008, 114.087896241, 1.01220773108, 1.52065104206, 0.98585967739, 3.69929336499, 0.870000385296, 428.604072584, 24.0962008979
2.90158577071, 1.0172686767, 1.38702551745, 1.00000087824, 5.67860281785, 1.18789736321, 3.94685833813, 1.26000084771, 1.00000068949, 6.05943236789, 7.70979919972, 1.04481385364, 2.4578528032, 1.08830302817, 1.01766926256, 1.50806176157, 1.07147059496, 1.03009889799, 4.63540487896, 1.00000078676, 1.0000006384, 115.850007383, 1.04968623538, 2.18554351105, 0.965195539641, 3.63853489227, 0.870000973341, 607.420054996, 21.1673575301
5.14163563021, 1.04276877691, 1.39479787571, 1.00000016928, 4.81162135897, 1.18376064433, 1.91744796316, 1.26000068618, 1.0000000666, 5.10175926474, 7.50870190958, 1.0538947036, 3.86601500513, 1.08694288062, 1.06631799237, 1.22025896097, 1.01932737548, 1.00839868119, 3.01482259704, 1.00000070298, 1.00000031498, 114.425096082, 1.07470332593, 4.70902063095, 1.05953978505, 3.68344066133, 0.870000352336, 459.335569531, 23.721986183
2.0592631097, 1.16669405921, 1.47125243572, 1.00000067459, 4.6891673189, 1.10622333113, 4.13865559894, 1.26000014841, 1.00000011566, 5.621951492, 4.82667140603, 1.0648326193, 2.66457254642, 1.05345534937, 1.00217476109, 1.03567450407, 1.16762300163, 1.07194181216, 6.42646231298, 1.00000072688, 1.00000018865, 75.9608529468, 0.932448962471, 1.73210780434, 0.970830195193, 3.31828175827, 0.870000325697, 397.180224855, 30.5734643252
3.56049860556, 1.15185769716, 1.54276133695, 1.00000034876, 6.70994730961, 1.18154009837, 1.85444583559, 1.2600006287, 1.00000073929, 5.04681026158, 3.71674192161, 1.07801820202, 1.51029292551, 1.02613809802, 1.06627160955, 1.28515504769, 1.09557850349, 1.10807801238, 5.96289366212, 1.00000071272, 1.00000086398, 97.4132219363, 1.05084735317, 2.78576674931, 1.01092752375, 4.12325382692, 0.87000087179, 457.312374629, 24.1360883499
4.5085335411, 1.16263529387, 1.72557005106, 1.00000031273, 6.56211822608, 1.12009444687, 3.51336377251, 1.26000008678, 1.00000064151, 5.70066498772, 4.20310497742, 1.06095071768, 2.0051704683, 1.03233673287, 1.00397841066, 1.4751678004, 1.00953620117, 0.985238719646, 4.13241789868, 1.00000025721, 1.00000090767, 114.290057653, 1.08550514087, 3.98578202409, 1.06278567149, 3.81613018119, 0.870000598557, 427.045708171, 30.8596911394
2.07597579433, 1.33401244353, 1.63826489163, 1.00000016359, 5.44722941735, 1.0323088976, 5.17147417537, 1.26000006131, 1.00000016821, 4.9911793018, 4.64732696108, 1.02959203785, 1.70173931347, 1.02139098268, 1.04532323793, 1.61070044035, 1.08807718768, 0.914929461291, 9.85589561385, 1.00000028485, 1.0000005012, 111.54174669, 0.919820879371, 3.50255143114, 0.966087640899, 3.54307032119, 0.870000224121, 643.299067027, 21.4065718382
5.71659383517, 1.27039661611, 1.71811082047, 1.00000050861, 4.91172907826, 1.05365873903, 1.675199586, 1.26000019245, 1.00000011078, 5.24184406342, 6.7840078071, 1.04230244989, 2.2491995473, 1.04450563827, 1.01654609533, 1.60815448426, 1.03234268927, 0.930061671189, 6.43684623599, 1.00000012605, 1.00000090086, 101.795045096, 1.03210996484, 4.84646156694, 0.968052573891, 3.73709313383, 0.870000879563, 637.921127031, 21.6775970815
5.38478314501, 1.21525636224, 1.48808961788, 1.00000016404, 7.03996404823, 1.05309466018, 4.37810269549, 1.26000069458, 1.00000006226, 5.55744431279, 4.4211969586, 1.01259517145, 3.74906369798, 1.09355052325, 1.00016972377, 1.62923972144, 1.13199180331, 0.917871706002, 7.51181633659, 1.00000006126, 1.00000004351, 90.7198934496, 1.03410058771, 4.35024295124, 1.03252855525, 3.48880644033, 0.870000625683, 980.795341365, 21.2323244988
2.99600073133, 1.26016434195, 1.39298357821, 1.00000064657, 5.26052712473, 1.14565166812, 2.82823935851, 1.26000034131, 1.00000035192, 4.9751875098, 5.63569703546, 1.09481109889, 2.68148477381, 1.09082611008, 1.04265907757, 1.48068132059, 1.11664032415, 1.02609833814, 7.01464550133, 1.00000009417, 1.00000069717, 79.9164269242, 1.00091151815, 1.53310282188, 1.04942195384, 4.29172794826, 0.870000937797, 991.827849109, 21.2948487192
2.07597579433, 1.33401244353, 1.63826489163, 1.00000016359, 5.44722941735, 1.1372256574, 5.17147417537, 1.26000006131, 1.00000016821, 5.02782228358, 4.64732696108, 1.02959203785, 1.70173931347, 1.02139098268, 1.04532323793, 1.61070044035, 1.08807718768, 0.914929461291, 9.85589561385, 1.00000028485, 1.0000005012, 111.54174669, 0.919820879371, 3.50255143114, 0.966087640899, 3.54307032119, 0.870000224121, 482.102582051, 24.2273481335
5.45465176323, 1.41093450437, 1.46691576409, 1.00000022642, 6.52563769502, 1.08035760174, 5.15309559758, 1.26000064131, 1.00000078614, 5.4920538467, 3.90144208596, 1.02434930627, 3.98100962818, 1.00510463264, 1.0332467418, 1.55037196362, 1.08974920792, 0.919199477294, 8.3793108743, 1.00000042081, 1.00000080501, 95.3930168004, 0.916597492767, 4.58345645083, 0.954732645544, 3.9681218641, 0.870000491294, 593.19349902, 25.2403639068
4.55122128861, 1.08497648082, 1.36804126952, 1.00000043419, 5.594368403, 1.17144844807, 5.92900694664, 1.26000000964, 1.0000006856, 5.28451589055, 7.0669294759, 1.04661516008, 3.10222350009, 1.02831024933, 1.06855180337, 1.37135171467, 1.10747196483, 1.01181203678, 9.42153132589, 1.00000035336, 1.00000053709, 122.935680649, 0.940682937259, 4.00241204942, 1.00695594747, 3.29175992021, 0.87000001144, 533.56082875, 25.4218390164
2.17859339903, 1.21103531425, 1.57189070809, 1.00000040163, 4.50347322375, 1.05869366916, 3.84318114876, 1.2600004825, 1.00000025347, 5.80950459551, 3.68038514096, 1.03885795034, 3.85642308948, 1.0067738125, 1.06808952441, 1.22450345033, 1.10401795294, 0.969359557973, 7.64809181738, 1.00000094833, 1.00000021144, 89.0054901133, 0.967061501588, 5.39347865495, 1.0270706663, 3.50439362945, 0.87000090102, 584.781164321, 25.4885013573
2.05660568781, 1.33675578832, 1.54385375733, 1.00000045511, 6.89351159194, 1.06765734299, 1.24301677573, 1.2600007691, 1.00000018306, 5.42048166607, 3.90113187397, 1.03660910138, 2.67985967114, 1.0583857725, 1.07550041613, 1.26042448253, 1.09184624531, 1.04998828068, 7.00429569274, 1.00000060723, 1.00000025234, 113.575881119, 0.929506514915, 1.16865841159, 1.06701504185, 3.5187761026, 0.870000918992, 866.916451575, 23.69823016
4.56208507794, 1.06498911974, 1.62293817378, 1.00000013666, 4.54901538535, 1.06724895293, 4.52946053677, 1.2600001635, 1.00000074184, 6.05197874494, 3.14270418068, 1.05132661067, 1.80332460331, 1.02310486703, 1.05517644893, 1.37702908849, 1.09536642481, 0.91845830064, 3.31717608282, 1.00000042965, 1.0000004883, 112.009560942, 1.03894099233, 4.2223728513, 0.962916375381, 3.31243396031, 0.870000785646, 1267.63704307, 22.2499917363
5.24729282336, 1.038910978, 1.34806694839, 1.00000076861, 5.31164331403, 1.16341512998, 4.47676080876, 1.26000043003, 1.0000008921, 5.46840542213, 7.48402138072, 1.03714096427, 2.63539099608, 1.0499320796, 1.07796946561, 1.60904795534, 1.09584990611, 1.09579023341, 8.81471486615, 1.00000064217, 1.00000089732, 96.1122715606, 0.939386536068, 5.42755024091, 1.05589221635, 4.11200977037, 0.87000060149, 1078.24696901, 22.2938224377
2.90158577071, 1.0172686767, 1.38702551745, 1.00000087824, 4.61681131187, 1.18789736321, 3.94685833813, 1.26000084771, 1.00000068949, 6.05943236789, 7.70979919972, 1.04481385364, 2.4578528032, 1.06833854131, 1.07166936143, 1.50806176157, 1.07147059496, 1.03009889799, 4.63540487896, 1.00000078676, 1.0000006384, 115.850007383, 1.04968623538, 2.18554351105, 0.965195539641, 3.63853489227, 0.870000973341, 547.956190899, 26.0697110874
4.95530024692, 1.04429359693, 1.43129931686, 1.00000026345, 6.54619257655, 1.09261283937, 1.8033191665, 1.26000000562, 1.00000098198, 5.47322663379, 5.27152273245, 1.00805549391, 1.09798251192, 1.06533840011, 1.0552700121, 1.2977499957, 1.16906810205, 1.07382769094, 6.27960472603, 1.00000021982, 1.00000078983, 92.8070704068, 1.01147221942, 5.57962691316, 1.01769755708, 3.53745536075, 0.8700002252, 933.1559499, 23.4799398379
4.01813513471, 1.0672301149, 1.63826489163, 1.00000052408, 5.53611458522, 1.01431724743, 1.32292274853, 1.26000060431, 1.00000059368, 5.10926121939, 7.77566794285, 1.03257728957, 3.60296771556, 1.05449433952, 1.04790527654, 1.13017662151, 1.04159833478, 1.0275700149, 9.95982307745, 1.00000044952, 1.00000002252, 111.54174669, 0.95400953112, 3.65813167355, 0.972651574364, 3.9982669052, 0.87000048506, 1161.33798958, 22.4829605909
5.88446274081, 1.32228749881, 1.70321706449, 1.00000043692, 6.34065446882, 1.18982640767, 5.5750285993, 1.26000096834, 1.00000017169, 5.18228875101, 3.3077443496, 1.08641966846, 3.7269810115, 1.0345534647, 1.05536111603, 1.60248807549, 1.04167135772, 1.02554989921, 9.69631512384, 1.00000089818, 1.0000005354, 95.6572052325, 0.9822824749, 2.15005650254, 1.06750167541, 4.37986883305, 0.870000168668, 515.657604275, 31.1604405746
4.01813513471, 1.0672301149, 1.35899675122, 1.00000052408, 5.53611458522, 1.01431724743, 1.32292274853, 1.26000060431, 1.00000059368, 5.10926121939, 7.77566794285, 1.03906085719, 3.60296771556, 1.05449433952, 1.04790527654, 1.13017662151, 1.04159833478, 0.938547573171, 9.95982307745, 1.00000044952, 1.00000071583, 94.4371594913, 0.95400953112, 3.65813167355, 0.972651574364, 3.9982669052, 0.87000048506, 1165.42805102, 22.6521935343
3.90357272419, 1.26106524692, 1.42691100625, 1.00000047997, 5.34179150821, 1.03232385465, 2.55395009492, 1.26000016524, 1.00000092229, 5.15982608561, 6.94041521716, 1.01282839642, 3.66871541213, 1.00830485522, 1.01821082832, 1.55057063084, 1.05488676396, 0.992551205691, 9.41443442289, 1.00000096382, 1.00000007184, 88.5678040259, 1.05213292855, 4.7285567314, 0.95807565246, 3.61817903503, 0.870000630685, 1301.31640388, 22.5386603362
2.17859339903, 1.21103531425, 1.57189070809, 1.00000040163, 4.50347322375, 1.05869366916, 3.84318114876, 1.2600004825, 1.00000025347, 5.66691064972, 3.68038514096, 1.03885795034, 3.85642308948, 1.0067738125, 1.06808952441, 1.22450345033, 1.10401795294, 0.969359557973, 7.64809181738, 1.00000094833, 1.00000021144, 112.708186901, 0.967061501588, 5.39347865495, 1.0270706663, 3.98543517464, 0.87000090102, 869.829531883, 24.1021050058
5.34407183968, 1.0606122873, 1.58506781528, 1.00000095609, 5.52460586965, 1.06665008485, 4.97443845646, 1.26000053801, 1.00000036076, 5.11985360082, 5.54936860969, 1.0679299817, 3.72680849772, 1.1164597445, 1.06005266375, 1.3043389642, 1.04631927195, 1.05162150354, 8.89452157652, 1.00000039482, 1.00000033049, 118.991008446, 1.06011027243, 1.89477626176, 1.0374389126, 4.24433708996, 0.87000043913, 523.978208562, 34.2168923548
3.29520839517, 1.39741507182, 1.61228079579, 1.00000000005, 5.94781514618, 1.17272611818, 2.68383976625, 1.26000022728, 1.00000068868, 5.47312218369, 3.54070947617, 1.06440281909, 3.96005842431, 1.02407498626, 1.08351503031, 1.30386110498, 1.03576753499, 1.0837125266, 7.41723400667, 1.00000035045, 1.00000058456, 102.534494152, 1.02206261346, 5.78734241671, 1.0520174354, 3.65655760381, 0.870000991991, 529.31750408, 35.1537824157
2.20323199298, 1.04396362731, 1.57302597621, 1.00000024768, 4.67979574129, 1.05472480435, 3.83128774155, 1.26000018883, 1.00000023087, 5.62617553872, 7.32943560032, 1.08847805739, 3.47231966246, 1.00955885119, 1.02815453584, 1.24568036971, 1.03261106362, 1.10373356849, 4.81630125677, 1.00000023972, 1.00000008444, 98.7618629226, 0.965533166333, 3.88249879216, 1.06057172083, 3.41392916843, 0.870000826705, 615.059474373, 27.5447792173
3.97979512369, 1.14969910747, 1.51820421355, 1.00000087008, 5.14705201933, 1.15065795178, 3.36095136019, 1.26000091705, 1.00000023604, 5.05469719058, 4.46043039275, 1.01584897443, 2.82016392166, 1.06417320332, 1.03810911461, 1.2019691983, 1.15040286413, 1.05776917752, 9.10224406163, 1.00000006399, 1.00000023509, 92.7597737647, 1.08384774141, 2.69162323275, 1.03884375105, 3.52497674853, 0.870000539837, 852.077757375, 25.4124413296
5.14163563021, 1.04276877691, 1.39479787571, 1.00000016928, 4.81162135897, 1.18376064433, 1.91744796316, 1.26000060858, 1.0000000666, 5.10175926474, 7.50870190958, 1.0538947036, 3.86601500513, 1.08694288062, 1.06631799237, 1.10689332541, 1.01932737548, 1.00839868119, 3.51847401876, 1.00000070298, 1.00000031498, 114.425096082, 1.07470332593, 4.70902063095, 1.05953978505, 3.68344066133, 0.870000352336, 567.97313458, 32.1074378319
4.93075160826, 1.35752872675, 1.53355618052, 1.00000000151, 6.20124258907, 1.18624793129, 5.32998765154, 1.26000088889, 1.00000047307, 5.77562382419, 6.8744955751, 1.04853958108, 1.13010612727, 1.08315913353, 1.06627160955, 1.24897048001, 1.09557850349, 1.05426364696, 7.55578532321, 1.00000025054, 1.00000036434, 98.7966257241, 1.02370172955, 2.68944317599, 1.02414840351, 4.31932811537, 0.870000689588, 556.480429554, 34.4081108838
5.31847043564, 1.42879507501, 1.45198179726, 1.00000086965, 4.61181158542, 1.16794726479, 5.31071170053, 1.26000043003, 1.00000093501, 5.85087980775, 4.71946806004, 1.04697961423, 3.27262510609, 1.06233508112, 1.00560072292, 1.43603224636, 1.09105515376, 0.940526521372, 4.86080942323, 1.0000002497, 1.00000082402, 105.28856247, 0.930349817026, 4.05297652494, 1.00329616273, 3.70270682576, 0.870000285626, 549.533349643, 36.2167559437
3.2875386227, 1.42277860627, 1.54024505388, 1.00000069017, 5.11912254683, 1.08223248164, 3.2501400064, 1.26000095098, 1.00000096507, 5.49393441616, 5.73602701821, 1.09986317141, 3.55582658647, 1.10715757609, 1.01375605093, 1.0459055697, 1.16854769846, 1.01442421936, 4.56294490658, 1.00000043034, 1.00000047638, 104.03526291, 1.01814565828, 2.7641333017, 0.982907658308, 3.79003021087, 0.870000217516, 1127.08664362, 24.066879327
5.757846932, 1.12378673566, 1.42771379511, 1.00000047997, 4.47502300698, 1.17056714527, 2.55395009492, 1.26000085651, 1.00000014934, 5.11903247246, 3.50236409344, 1.09949082389, 1.36113751712, 1.03508371686, 1.02498902319, 1.29040972876, 1.06127705236, 1.04193131178, 3.14501170794, 1.0000007665, 1.00000027835, 106.670572423, 1.02534214913, 1.63289161881, 1.01819604115, 4.2857775769, 0.870000015165, 1416.21319845, 22.8907985132
4.66706714522, 1.09510867658, 1.65199536614, 1.00000093662, 5.86347850622, 1.02663211076, 4.18717966773, 1.26000029763, 1.00000043431, 5.23411980846, 3.94530258247, 1.0498472665, 4.02346744845, 1.02965749148, 1.05602172425, 1.33238043191, 1.05217747575, 1.04796503314, 9.28869126537, 1.00000032664, 1.00000047152, 116.436602199, 0.97954944017, 1.97610555933, 0.989015344703, 4.14668642895, 0.870000418726, 1275.48393586, 23.4974948712
3.97979512369, 1.14969910747, 1.51820421355, 1.00000087008, 5.14705201933, 1.14581796991, 3.36095136019, 1.26000091705, 1.00000023604, 5.05469719058, 4.46043039275, 1.01584897443, 2.82016392166, 1.06417320332, 1.03810911461, 1.2019691983, 1.15040286413, 1.05776917752, 9.10224406163, 1.00000006399, 1.00000023509, 92.7597737647, 1.08384774141, 2.69162323275, 1.03884375105, 3.52497674853, 0.870000539837, 927.744268333, 24.4784792555
4.5085335411, 1.16263529387, 1.72557005106, 1.00000031273, 6.56211822608, 1.12009444687, 3.51336377251, 1.26000008678, 1.00000064151, 5.70066498772, 4.20310497742, 1.06095071768, 2.0051704683, 1.03233673287, 1.00397841066, 1.4751678004, 1.01793821016, 0.985238719646, 4.13241789868, 1.00000058924, 1.00000090767, 114.290057653, 1.08550514087, 3.98578202409, 1.06278567149, 3.81613018119, 0.870000598557, 930.422475644, 24.3760630107
5.83532198715, 1.02238035019, 1.6523842658, 1.00000064429, 6.36190406808, 1.18973454085, 1.5228985285, 1.26000007772, 1.00000023131, 4.99629982562, 4.46769401641, 1.01183751649, 1.33173946085, 1.09083325369, 1.0358260307, 1.5603353393, 1.11197948058, 1.08697894085, 6.7929286792, 1.00000015598, 1.00000008928, 118.582009966, 1.07291110637, 1.8510225514, 0.960122891994, 3.55537457754, 0.870000224762, 920.139000095, 25.1498083477
1.56653554636, 1.07744900451, 1.67382986823, 1.00000088443, 6.84533820797, 1.08393924105, 3.46940202136, 1.26000094174, 1.00000047858, 5.81256430632, 3.45773415727, 1.03797087141, 1.99951746131, 1.07189846594, 1.01537423641, 1.37910204091, 1.08095828828, 0.927887900031, 8.20681884018, 1.00000056298, 1.00000060516, 111.490669909, 0.985378436291, 3.24031242085, 1.04941613504, 3.66530272797, 0.870000505658, 602.614795337, 34.9681086173
2.35733503978, 1.21479505678, 1.6630646988, 1.00000009966, 6.67892535255, 1.03600939997, 4.56817357227, 1.26000001272, 1.00000059263, 5.64008167909, 7.49474653667, 1.08478548569, 1.5714014235, 1.05191319906, 1.04540179455, 1.10783368068, 1.12559683206, 0.982209834015, 7.99562756703, 1.000000585, 1.00000081662, 81.4477747082, 0.992685624199, 2.59984073355, 1.05604199853, 4.34386839546, 0.870000815594, 749.100459499, 27.3618766113
3.56049860556, 1.15185769716, 1.54276133695, 1.00000034876, 6.70994730961, 1.18154009837, 1.85444583559, 1.26000056522, 1.00000073929, 5.04681026158, 3.71674192161, 1.07801820202, 1.51029292551, 1.02613809802, 1.05992133781, 1.28515504769, 1.01640051976, 1.10807801238, 5.96289366212, 1.00000071272, 1.00000086398, 97.4132219363, 1.05084735317, 2.78576674931, 1.01092752375, 4.12325382692, 0.87000087179, 698.351584096, 27.670199466
2.362414568, 1.21331343568, 1.42399899437, 1.00000047185, 5.1524665183, 1.01938745475, 2.17954450284, 1.26000076166, 1.0000003458, 5.29841723173, 3.77454686089, 1.04176367072, 2.09803124988, 1.03645911499, 1.02705160185, 1.30679264223, 1.04924558793, 0.96400524022, 8.17080638801, 1.00000015374, 1.00000058625, 115.156909178, 1.04538473233, 4.9537729633, 1.04415485542, 4.10051798555, 0.870000868287, 1398.32117165, 23.9422053646
4.25249429769, 1.42890195178, 1.46387349072, 1.00000059558, 6.86400497623, 1.0803973143, 3.37129982314, 1.26000058239, 1.00000000854, 5.85475526444, 4.31372064936, 1.08857355152, 3.30849300569, 1.11612829278, 1.08438130013, 1.36919192068, 1.10320139091, 1.1058449863, 8.24254090321, 1.00000026787, 1.00000075836, 79.9130310865, 0.974157742314, 1.94704351491, 0.958222275467, 3.79716540162, 0.870000130925, 1340.11327896, 24.0934520058
2.80492172883, 1.27438699081, 1.45131389132, 1.00000083383, 4.77430317314, 1.0953828255, 2.23603199615, 1.26000044042, 1.00000038393, 5.16318621202, 6.33198168645, 1.02596797725, 3.10667763248, 1.01915393654, 1.04655252431, 1.53974791005, 1.08235897801, 0.912060188428, 4.63476584522, 1.00000077371, 1.00000024719, 96.1122715606, 1.01036294088, 2.86039584496, 1.05324059081, 3.4728588656, 0.870000928587, 623.72721305, 35.1856085325
2.80492172883, 1.27438699081, 1.45131389132, 1.00000083383, 4.77430317314, 1.0953828255, 2.23603199615, 1.26000044042, 1.00000050112, 5.16318621202, 6.33198168645, 1.02596797725, 3.10667763248, 1.01915393654, 1.04655252431, 1.53974791005, 1.08235897801, 0.912060188428, 6.08427031989, 1.00000077371, 1.00000024719, 106.585706917, 1.01036294088, 2.86039584496, 1.05324059081, 3.4728588656, 0.870000928587, 868.80091616, 26.1616637412
3.03256822878, 1.21633338569, 1.37606141871, 1.00000095849, 7.00872544855, 1.09101724605, 5.10919479552, 1.26000017287, 1.00000027175, 5.55848532302, 7.03198771023, 1.00448404632, 3.84339774414, 1.0015178478, 1.02857801974, 1.39023739697, 1.11208251095, 1.01664568727, 5.87869014188, 1.00000046385, 1.00000036515, 95.1395860663, 1.03354547736, 5.2798065292, 0.963714502293, 3.70270682576, 0.870000483177, 818.89576519, 29.9446193106
4.28484454082, 1.16717647563, 1.36305478176, 1.00000051213, 5.00124943145, 1.0069814705, 1.66657261316, 1.26000003705, 1.00000072229, 5.94832688355, 6.12797900331, 1.06438810713, 3.33772213518, 1.10185081714, 1.00759892475, 1.25104134346, 1.15855082168, 1.10815324105, 7.59958047692, 1.00000067943, 1.00000031857, 89.617560892, 0.997807118486, 2.45900249486, 1.03925545024, 3.70137742134, 0.870000602955, 853.336667625, 28.3164851232
5.757846932, 1.26106524692, 1.42771379511, 1.00000047997, 4.47502300698, 1.17056714527, 2.55395009492, 1.26000085651, 1.00000009189, 5.11903247246, 3.50236409344, 1.09949082389, 1.36113751712, 1.03508371686, 1.02498902319, 1.29040972876, 1.02549498942, 1.04193131178, 3.14501170794, 1.0000007665, 1.00000027835, 106.670572423, 1.02534214913, 1.63289161881, 1.01819604115, 4.2857775769, 0.870000015165, 640.557831311, 36.1140602684
1.93541414445, 1.34799560761, 1.4566083454, 1.00000067459, 4.74250165635, 1.18549852604, 1.29772041001, 1.26000099544, 1.00000064544, 5.23962702936, 4.47988871429, 1.03453560584, 1.61962921352, 1.02800128184, 1.07020119768, 1.35223636042, 1.11326434972, 0.917093745983, 3.80391509599, 1.00000021134, 1.00000041993, 120.81170139, 0.947617779959, 3.12919088116, 0.9575902875, 4.09380372793, 0.870000999543, 1118.67304682, 25.1838156708
2.0592631097, 1.16669405921, 1.47125243572, 1.00000096617, 5.92336575011, 1.10622333113, 4.13865559894, 1.26000014841, 1.00000011566, 5.621951492, 4.82667140603, 1.0648326193, 2.66457254642, 1.05345534937, 1.0042648551, 1.03567450407, 1.16762300163, 1.07194181216, 6.42646231298, 1.00000072688, 1.00000063653, 75.9608529468, 0.932448962471, 1.73210780434, 0.970830195193, 3.31828175827, 0.870000325697, 1341.59699594, 24.1701821146
2.86605292575, 1.09955543567, 1.48808961788, 1.00000052186, 6.9673647309, 1.00936327182, 5.06616221579, 1.260000827, 1.00000060697, 5.98589213383, 6.32723604611, 1.04910096941, 1.2462514866, 1.04938991049, 1.05555727639, 1.09141364199, 1.12006108955, 1.07307474841, 5.18254957286, 1.00000004029, 1.00000027855, 90.081005401, 0.978974758825, 3.89082424228, 1.06628023506, 3.48452434118, 0.870000501132, 732.553457903, 36.1686413407
2.9438571948, 1.09957928004, 1.42691100625, 1.00000033472, 5.34179150821, 1.03232385465, 1.80162311797, 1.26000016524, 1.00000092229, 5.15982608561, 6.94041521716, 1.01282839642, 3.66871541213, 1.00830485522, 1.01821082832, 1.55057063084, 1.05488676396, 0.992551205691, 9.41443442289, 1.00000096382, 1.00000007184, 88.5678040259, 1.01204456638, 4.7285567314, 0.95807565246, 3.61817903503, 0.870000630685, 871.983616417, 29.0763458912
1.16388067994, 1.11687168372, 1.64086503511, 1.0000009244, 5.35741025634, 1.15045054225, 3.73281587156, 1.26000076186, 1.00000067326, 5.46681867667, 6.91612248202, 1.02294500295, 3.1685906789, 1.00349191039, 1.05316072768, 1.27588422848, 1.09456206282, 0.987713799893, 7.80182932035, 1.00000084333, 1.00000005725, 76.9590167779, 1.01960843277, 4.95753905724, 0.967422587085, 3.53190868939, 0.870000849226, 908.582138265, 28.6934698852
3.03256822878, 1.21633338569, 1.37606141871, 1.00000095849, 7.00872544855, 1.0831533358, 5.10919479552, 1.26000017287, 1.00000027175, 5.55848532302, 6.87610384083, 1.00448404632, 3.84339774414, 1.0015178478, 1.02857801974, 1.39023739697, 1.11208251095, 1.01664568727, 5.87869014188, 1.00000046385, 1.00000036515, 95.1395860663, 1.00107873101, 3.73628180932, 0.963714502293, 3.98228843632, 0.870000483177, 810.315716503, 39.7454417467
5.82287900071, 1.09937955777, 1.67881798987, 1.00000068885, 5.2617759342, 1.08896358556, 1.59346406608, 1.26000055709, 1.00000098343, 5.00124015866, 4.85898028564, 1.02059131712, 3.11297442194, 1.01677687924, 1.01215586845, 1.62028222018, 1.14823762093, 1.05342276276, 5.27537495576, 1.00000089725, 1.00000037118, 86.8375651078, 0.921125363087, 2.56717701325, 1.00178863043, 4.34361405156, 0.870000640852, 777.745074935, 40.78170737
1.68595841099, 1.25952521633, 1.34907049125, 1.00000035189, 4.30070938388, 1.10895760074, 4.32191467075, 1.26000002224, 1.0000005011, 5.58785327506, 7.49250124162, 1.05204922386, 1.89471065412, 1.01550796319, 1.01147378589, 1.29114277853, 1.13001623524, 0.926445983161, 8.33192202203, 1.00000050275, 1.00000088361, 95.6102574529, 1.01826070735, 2.46750496889, 1.02502050908, 4.04942188146, 0.870000313014, 883.206173349, 29.1263503373
1.53304216514, 1.38104649604, 1.35669132185, 1.00000032175, 6.54203173496, 1.17607923068, 5.96469563514, 1.26000062214, 1.00000019207, 5.20358714818, 5.11669376582, 1.00246372453, 3.92927189548, 1.09699909729, 1.05933310224, 1.48658305173, 1.0560797021, 1.05607594868, 5.7205698549, 1.00000089309, 1.00000011945, 80.0206478191, 0.997238745298, 4.13549932354, 1.00960290073, 4.1098723437, 0.870000632944, 1463.54834925, 24.7416321588
5.38478314501, 1.21525636224, 1.44889588479, 1.00000016404, 7.03996404823, 1.05309466018, 4.37810269549, 1.26000069458, 1.00000006226, 5.55744431279, 4.4211969586, 1.01259517145, 3.74906369798, 1.09355052325, 1.00016972377, 1.62923972144, 1.13199180331, 0.917871706002, 7.51181633659, 1.00000006126, 1.00000004351, 90.7198934496, 1.03410058771, 4.35024295124, 1.03252855525, 3.48880644033, 0.870000625683, 1625.93612151, 24.8312960286
5.31847043564, 1.42879507501, 1.45198179726, 1.00000086965, 4.61181158542, 1.16794726479, 3.38813408743, 1.2600002542, 1.00000093501, 5.85087980775, 5.51638692927, 1.04697961423, 3.27262510609, 1.06233508112, 1.00560072292, 1.38845921765, 1.09105515376, 0.940526521372, 4.86080942323, 1.0000002497, 1.00000082402, 105.28856247, 0.930349817026, 3.82556643847, 1.00329616273, 3.70270682576, 0.870000285626, 1643.04222756, 25.1116694294
4.56208507794, 1.06498911974, 1.62293817378, 1.00000013666, 4.54901538535, 1.06724895293, 4.52946053677, 1.2600001635, 1.00000074184, 6.05197874494, 3.14270418068, 1.05132661067, 1.80332460331, 1.04111139573, 1.05517644893, 1.37702908849, 1.09536642481, 0.91845830064, 3.61558980028, 1.00000042965, 1.00000052982, 112.009560942, 0.976929907752, 4.2223728513, 0.962916375381, 3.39093003655, 0.870000785646, 1267.18659683, 26.2599641283
2.80492172883, 1.27438699081, 1.45131389132, 1.00000083383, 4.77430317314, 1.0953828255, 2.23603199615, 1.26000044042, 1.00000038393, 5.16318621202, 6.33198168645, 1.02596797725, 3.10667763248, 1.01915393654, 1.04655252431, 1.53974791005, 1.08235897801, 0.912060188428, 4.63476584522, 1.00000077371, 1.00000024719, 96.1122715606, 1.01036294088, 2.86039584496, 1.05324059081, 3.4728588656, 0.870000928587, 1012.32601315, 28.8888071588
2.0592631097, 1.16669405921, 1.52485266932, 1.00000096617, 5.92336575011, 1.10622333113, 4.13865559894, 1.26000014841, 1.00000011566, 5.62617553872, 4.82667140603, 1.0648326193, 2.66457254642, 1.06841854129, 1.0042648551, 1.03567450407, 1.16762300163, 0.922587606231, 7.68754561829, 1.0000006913, 1.00000063653, 75.9608529468, 0.932448962471, 1.73210780434, 0.970830195193, 3.31828175827, 0.870000517461, 1567.29997396, 25.4687364842
1.55468709358, 1.29222139393, 1.67382986823, 1.00000088443, 4.60835243536, 1.08393924105, 3.46940202136, 1.26000076627, 1.00000047858, 5.81256430632, 3.45773415727, 1.03797087141, 3.47833299963, 1.07189846594, 1.01909867058, 1.37910204091, 1.07673879047, 0.927887900031, 3.81573784149, 1.00000056298, 1.00000060516, 111.490669909, 0.985378436291, 3.24031242085, 1.06747081006, 3.66530272797, 0.870000365463, 969.776656973, 30.6063003835
