0.603289810179, 1.1392222312, 5.11162339723, 0.266314792937, 17.766215696, 44.4059969724, 2.263028668, 1.57063693201, 40.8771920165, 1123.37533708, 0.371563452812
0.601159935202, 0.905021096252, 3.27514362743, 0.336976316427, 46.676189462, 49.3798362377, 3.77126407087, 1.26807382342, 24.6958804751, 454.125915209, 0.456351668283
0.560866864671, 0.822971472784, 4.08571320553, 0.278941856865, 2.34998432169, 40.4786348875, 2.97017004474, 0.825032472889, 22.6955756028, 402.861688391, 0.488337619214
0.692633415628, 1.02400536085, 4.12548117057, 0.238150867734, 11.6709380758, 45.5338509978, 3.42571127951, 1.8762834175, 27.2299823514, 692.982669936, 0.404644208696
0.70311448969, 1.19187031685, 2.31061651445, 0.222284144772, 37.730318204, 47.9155408624, 2.46675557793, 1.64788868888, 21.094007363, 438.911767629, 0.461177749926
0.5002273619, 0.935284789392, 2.12557024292, 0.471162454013, 47.9999079634, 43.5588404643, 2.77761487366, 2.32951843006, 31.5780800455, 314.307803585, 0.519462890439
0.592222429475, 1.00883106135, 2.72310669646, 0.20541927003, 30.8010208498, 43.0407551128, 2.27973230882, 1.97783511132, 35.4990505323, 460.97797622, 0.417370702413
0.70311448969, 1.19187031685, 2.31061651445, 0.222284144772, 37.730318204, 44.8050984977, 2.46675557793, 1.64788868888, 21.094007363, 423.861186394, 0.463189747551
0.629379520345, 0.935284789392, 2.12557024292, 0.471162454013, 47.9999079634, 43.5588404643, 2.77761487366, 4.60271680788, 31.5780800455, 329.390319025, 0.523237043064
0.506161512388, 1.08317888053, 5.04142959584, 0.27834954273, 27.6346764867, 41.1460397174, 2.263028668, 1.56960063799, 26.6871195687, 672.567551023, 0.427993224211
0.569776127342, 0.920089216615, 6.90379918662, 0.304366328172, 44.5337113961, 41.0105032493, 2.23829606369, 1.72650839388, 24.1176472299, 770.561941573, 0.418166101978
0.592222429475, 1.22995984106, 2.72310669646, 0.20541927003, 30.8010208498, 43.4688261041, 2.27973230882, 1.97783511132, 35.4990505323, 462.648394048, 0.436561965057
0.617039446632, 1.13420663621, 2.49612823903, 0.495255369158, 1.82333095449, 42.7989753369, 2.15115838217, 4.71308171919, 20.340124076, 381.732054171, 0.545866184335
0.779211252014, 0.961995572369, 2.17564864488, 0.446735539425, 29.7789933019, 41.2551610436, 3.65424087, 3.14271537814, 26.7510299655, 349.480549949, 0.551300329526
0.625672872587, 0.876664400312, 2.32666242613, 0.271803908899, 37.5258222489, 47.513364813, 3.31292527079, 1.51170069679, 30.4755855104, 388.36764716, 0.543688102356
0.774449438627, 0.912779716785, 2.20193110335, 0.205737360703, 36.6874204158, 47.7582675778, 3.95774395778, 1.85657313775, 25.5187939122, 342.795345863, 0.570995113949
0.625672872587, 0.876664400312, 2.32666242613, 0.271803908899, 37.5258222489, 47.513364813, 3.31292527079, 2.18564018153, 30.4755855104, 365.607102382, 0.547033083465
0.617039446632, 1.13420663621, 2.49612823903, 0.295427641588, 1.82333095449, 42.7989753369, 3.00704754311, 3.98954792877, 20.340124076, 460.669182904, 0.540751943941
0.569776127342, 0.920089216615, 6.90379918662, 0.40077375221, 44.5337113961, 41.0105032493, 2.23829606369, 1.72650839388, 24.1176472299, 805.484423776, 0.434670544539
0.680234584907, 0.885357378709, 4.6405216912, 0.360271205819, 13.642976427, 47.3745259281, 2.5932820844, 1.08206631639, 24.9035702599, 503.479790378, 0.520216795072
0.735027773906, 0.930956446164, 3.26260208064, 0.332255335492, 31.9393096497, 44.2361778086, 3.47343150394, 1.2460077609, 30.8888432025, 518.197110637, 0.470185346264
0.506161512388, 1.08317888053, 5.04142959584, 0.27834954273, 22.2696198463, 41.1460397174, 2.92835885099, 1.56960063799, 26.6871195687, 690.699334795, 0.438409370287
0.779211252014, 1.04614341593, 2.17564864488, 0.446735539425, 29.7789933019, 44.131839445, 3.65424087, 3.14271537814, 26.7510299655, 377.028516914, 0.550563508256
0.600743376393, 0.959634059611, 2.60423599361, 0.423878743617, 44.8282004423, 48.7301933537, 3.21327397531, 2.7261215504, 43.5187247753, 497.672344783, 0.546562708283
0.551751971727, 0.931328291387, 3.46244368314, 0.498670053564, 18.5947543527, 44.7557959259, 3.39690990526, 2.46190248649, 41.5668261719, 550.526827924, 0.504775920456
0.810130436541, 1.09055531343, 3.43528038103, 0.217012118936, 47.5670494234, 44.4839398832, 2.16406372307, 1.12882686045, 31.0469739678, 581.033378362, 0.481472656776
0.589922169326, 0.97596100496, 4.98731649997, 0.372847728982, 3.20278702764, 45.1376539145, 2.06175170314, 1.92815602216, 21.1614938583, 742.415808691, 0.469768693111
0.608884450109, 1.09023004935, 4.35320867766, 0.499689286733, 13.1852454155, 40.2219210734, 3.50407046187, 1.36547886578, 21.6558013047, 796.124756696, 0.453615528336
0.603289810179, 1.1392222312, 5.11162339723, 0.266314792937, 17.766215696, 44.4059969724, 2.92835885099, 1.57063693201, 40.8771920165, 937.545274653, 0.441279374651
0.647476068145, 1.09483082025, 2.05592062647, 0.27563363994, 0.112111550279, 46.6262997246, 2.14171630436, 0.542711611, 30.8656089719, 381.151787437, 0.565412234989
0.829780618268, 0.888523232949, 3.3575773817, 0.353255443384, 2.06295508828, 41.7817280745, 3.09083799219, 3.21631168668, 25.1696133965, 514.347135404, 0.556450455628
0.551751971727, 0.931328291387, 3.46244368314, 0.498670053564, 18.5947543527, 44.7557959259, 3.39690990526, 2.46190248649, 34.2306619175, 566.969528394, 0.508298357749
0.571083497777, 0.84625337962, 4.39550287654, 0.429506278949, 23.7309288775, 41.1067551083, 3.12191110717, 3.99037414481, 40.5047538046, 667.353019794, 0.504162437479
0.602823984513, 0.945162077516, 5.07045327498, 0.318566237921, 17.0913060762, 48.1692956323, 3.8375028608, 1.91903740286, 26.4272897059, 845.094317586, 0.458926174085
0.566278758765, 0.947575200729, 6.97207647179, 0.336976316427, 31.6939630887, 43.538940077, 3.74442562768, 1.26807382342, 24.6958804751, 1000.55736069, 0.44519086012
0.853030904557, 0.901719152992, 2.28565392999, 0.302667325944, 37.8130218127, 43.8457684335, 3.34806949864, 0.6510706652, 33.8151689063, 382.459272213, 0.620613152336
0.559756215629, 0.846129563922, 4.08571320553, 0.278941856865, 26.2901350726, 40.4786348875, 2.92233504605, 0.825032472889, 22.6955756028, 407.421193804, 0.565584659704
0.647476068145, 1.09483082025, 2.05592062647, 0.27563363994, 0.112111550279, 46.6262997246, 3.47125959376, 0.615565158704, 30.8656089719, 397.818482093, 0.607050565031
0.591099928436, 0.969267071761, 5.4807473214, 0.496562651508, 19.0540353058, 48.9711383448, 2.56407369531, 2.31120057885, 31.8274438639, 629.205908265, 0.535733074693
0.584234837588, 1.10250157436, 3.98955901105, 0.471990087955, 31.2040841572, 46.3805761997, 2.19731798556, 4.57888446758, 28.6175543704, 659.591911761, 0.516695734175
0.609888372252, 0.830766300572, 4.42092000806, 0.232891719016, 9.58765746003, 48.8688882873, 3.54899986728, 3.63490373794, 30.0815820941, 597.521779118, 0.54434425829
0.762391174879, 0.888380727804, 4.95512509985, 0.467605115324, 42.9225244984, 41.9313991606, 2.00869429822, 0.979385567904, 41.5083894619, 589.488210384, 0.549092116961
0.894800982759, 0.82137732687, 4.030824217, 0.399385004183, 11.800452826, 49.7431688411, 3.37710528644, 1.51170069679, 32.4893686066, 635.443148174, 0.534572273327
0.641433286461, 1.24278137939, 3.82445862946, 0.375980800623, 23.6643192336, 43.7743525383, 2.88599980764, 2.3502242585, 23.8358076199, 684.080334957, 0.514546725436
0.692633415628, 1.02400536085, 4.12548117057, 0.238150867734, 11.6709380758, 45.5338509978, 3.42571127951, 1.8762834175, 27.2299823514, 780.691372778, 0.504529949535
0.801077193309, 0.834319925955, 6.87638925478, 0.493169582176, 2.78964652849, 42.4981598893, 2.59738260527, 1.91829949877, 37.9748750574, 874.895103122, 0.485420595928
0.707972218459, 0.928474774114, 7.56449590643, 0.240720400376, 27.5816114564, 42.1382211384, 3.18024421772, 1.6477424022, 38.5555680953, 1233.90131138, 0.463240365847
0.653895489757, 1.01183170418, 2.44985455814, 0.367617741454, 29.2803213767, 42.8725006993, 3.05681858178, 0.909320994694, 30.8383832072, 451.267580605, 0.579087762709
0.896088651949, 1.0427301788, 2.65102100481, 0.233429848197, 43.9382715329, 43.7546518843, 3.23740792734, 3.46868576, 26.0488658799, 458.974655398, 0.575611493314
0.894800982759, 0.82137732687, 4.030824217, 0.399385004183, 11.800452826, 49.7431688411, 2.63339729892, 2.18564018153, 32.4893686066, 439.471406013, 0.589131577288
0.810130436541, 1.09791548447, 3.43528038103, 0.489232467822, 4.984818047, 44.4839398832, 2.08402262398, 1.12882686045, 34.8454564902, 564.591983378, 0.566919433274
0.652585743004, 0.959634059611, 2.60423599361, 0.423878743617, 44.8282004423, 48.7301933537, 3.21327397531, 2.7261215504, 43.5187247753, 501.385712873, 0.574641906838
0.750187198742, 0.90880315268, 3.69237352948, 0.325457235744, 5.42147807383, 41.0309893539, 2.77771312197, 4.32973964619, 24.585476584, 431.720544562, 0.589748664897
0.750187198742, 0.90880315268, 3.69237352948, 0.325457235744, 5.42147807383, 40.3717164294, 2.32939815931, 4.32973964619, 24.585476584, 398.642722483, 0.61089430052
0.586257458018, 0.84625337962, 4.39550287654, 0.429506278949, 23.7309288775, 41.1067551083, 3.12191110717, 3.99037414481, 40.5047538046, 667.549493749, 0.522221630212
0.560866864671, 0.87295542577, 4.25162111294, 0.426192270021, 31.8337949348, 45.7373319788, 3.27430205892, 2.46094772088, 23.9183445037, 637.925042674, 0.553587309352
0.591099928436, 0.969267071761, 5.4807473214, 0.496562651508, 19.0540353058, 46.9016887351, 2.56407369531, 2.31120057885, 31.8274438639, 753.948911473, 0.516262423881
0.801077193309, 0.869668587455, 6.87638925478, 0.493169582176, 2.78964652849, 42.4981598893, 2.59738260527, 1.91829949877, 37.9748750574, 938.235013915, 0.513865355321
0.782351268282, 1.14936580431, 7.3312509887, 0.466614067844, 7.07777413995, 47.3745259281, 2.94469686591, 1.08206631639, 32.1927187368, 1451.77605836, 0.503369218144
0.5002273619, 1.23600450307, 5.15226194076, 0.439955624825, 31.5641487359, 43.0210978177, 3.26146086396, 3.27666449365, 27.0785131528, 1330.83494049, 0.511478616239
0.599700965558, 0.856387369673, 4.19832850544, 0.492125356663, 27.0627347502, 42.4818158884, 2.35256325312, 3.61931198975, 24.7687219819, 458.639976469, 0.581742692868
0.735027773906, 1.0427301788, 2.65102100481, 0.233429848197, 43.9382715329, 43.7546518843, 3.23740792734, 3.46868576, 26.0488658799, 488.045290144, 0.578073185115
0.589922169326, 0.825881144064, 5.79399054004, 0.372847728982, 3.20278702764, 45.1376539145, 2.06175170314, 1.92815602216, 23.2026680322, 627.951042972, 0.567633547332
0.896088651949, 0.930956446164, 3.26260208064, 0.332255335492, 36.5662319609, 44.2361778086, 3.47343150394, 2.53554578119, 30.8888432025, 597.572425313, 0.571880077084
0.820468299377, 1.01405665922, 5.30110591566, 0.351950815037, 49.0819588279, 40.7045718908, 2.93344791026, 3.98083909088, 32.5760821425, 623.515724661, 0.56771782847
0.776947529723, 1.06705481559, 3.16065679513, 0.263424879084, 15.9375543858, 40.0540591745, 3.95310340234, 0.0537379725817, 33.619704454, 573.145967838, 0.578034733857
0.829780618268, 0.888523232949, 2.98473976877, 0.44818926484, 2.06295508828, 41.7817280745, 3.09083799219, 3.21631168668, 29.3237225785, 458.605089136, 0.60748523498
0.784049031596, 0.996027418683, 3.41717925278, 0.400260668891, 46.3866671779, 43.7511148665, 2.48501431297, 4.92511196179, 24.8051706483, 429.103433741, 0.630948856495
0.853030904557, 0.901719152992, 2.28565392999, 0.302667325944, 48.8651730432, 43.8457684335, 3.34806949864, 0.6510706652, 33.8151689063, 448.32143612, 0.617208982667
0.762787458529, 0.881035747328, 3.60616763767, 0.330169227974, 20.8997750988, 41.7589071096, 3.84732465251, 3.82588654916, 34.6375517723, 640.907791956, 0.555914552078
0.812276636479, 1.09023004935, 4.35320867766, 0.499689286733, 12.7324587485, 40.2219210734, 3.50407046187, 1.36547886578, 23.656976773, 791.011104393, 0.532471370427
0.820468299377, 1.01405665922, 5.30110591566, 0.351950815037, 49.3270813861, 40.7045718908, 2.93344791026, 3.98083909088, 32.5760821425, 767.540210406, 0.543517740183
0.551015439001, 1.1853119376, 3.96589256213, 0.334912278587, 1.66419398595, 43.4330561797, 3.72170845718, 3.19805154945, 25.9717231838, 790.484108901, 0.534987829537
0.67588046812, 0.943895042098, 7.28684231768, 0.376003571686, 39.0374523663, 44.1007766202, 2.34349814994, 2.76437478042, 40.8603136651, 872.749372267, 0.532456312539
0.707972218459, 0.928474774114, 7.56449590643, 0.240720400376, 27.5816114564, 42.1382211384, 3.18024421772, 1.6477424022, 26.0845121822, 1203.23754992, 0.51947379092
0.559756215629, 0.87295542577, 7.68319051004, 0.426192270021, 31.8337949348, 45.7373319788, 3.27430205892, 3.32147294149, 23.9183445037, 998.386759578, 0.527935408878
0.51868707171, 1.23978989364, 6.91714785872, 0.375980800623, 23.6643192336, 43.7743525383, 2.88599980764, 2.3502242585, 23.8358076199, 1229.47943894, 0.51668617195
0.575323038153, 1.13114470566, 5.8549427496, 0.439077601566, 38.656962814, 47.7621575116, 2.58784988946, 4.95061546731, 32.8584209055, 1149.03619522, 0.525531767519
0.637366994595, 1.25181994637, 7.89688735551, 0.29352962124, 15.4481046917, 45.0987816254, 2.42833641548, 2.84676209036, 38.8610113567, 2387.14256592, 0.511888020545
0.803058460421, 0.957823721622, 3.10111574635, 0.230932437501, 7.10760417898, 49.4458859725, 2.10003089673, 2.8049026179, 39.445116652, 465.683745949, 0.599446027255
0.734901057019, 1.02516522122, 3.00828236026, 0.281287971728, 40.8582788205, 45.947580684, 3.2048021082, 2.10115814559, 43.6956704094, 565.814151875, 0.59243463104
0.83052181766, 1.00645321922, 4.04378363522, 0.25873463713, 21.051650907, 45.2610247688, 2.05226882426, 2.82031155747, 37.7388713053, 532.679615864, 0.596597428231
0.584234837588, 1.10250157436, 3.98955901105, 0.360413908633, 31.2040841572, 46.3805761997, 2.19731798556, 4.57888446758, 24.5672428796, 564.061746108, 0.595975295648
0.586257458018, 1.03672388446, 4.43731403136, 0.355910553533, 16.4797749489, 49.2397188154, 2.18823782173, 0.86271935407, 33.1900767837, 636.368489773, 0.572039648155
0.762787458529, 0.881035747328, 3.60616763767, 0.330169227974, 20.8997750988, 42.190917748, 3.84732465251, 3.82588654916, 34.6375517723, 613.062982884, 0.590949591625
0.641433286461, 1.24278137939, 3.82445862946, 0.47217036478, 27.1315351966, 46.6527001888, 2.87394565032, 0.850749079187, 23.3136564834, 636.048591256, 0.579876309581
0.653895489757, 1.01183170418, 2.44985455814, 0.367617741454, 29.2803213767, 42.8725006993, 3.05681858178, 0.909320994694, 30.8383832072, 465.287592777, 0.61270806353
0.872575624303, 1.20651656122, 2.97227830676, 0.492037008676, 2.0107183903, 47.4404057229, 3.63746198201, 3.1335665516, 40.9136892161, 675.970426415, 0.568699546416
0.709229627581, 1.0053385428, 4.36820217468, 0.28053253843, 18.1554681921, 40.7689661538, 2.77771312197, 2.74211448518, 31.7038691854, 691.801396075, 0.556930498573
0.692469533292, 0.854757569963, 4.98301652749, 0.401275811733, 43.6818439784, 41.3481991022, 3.45705867238, 0.20565126166, 22.1004275633, 673.685007347, 0.570783741568
0.565480003029, 1.03498172532, 5.68745692833, 0.328455594873, 18.7448066892, 44.012150224, 2.97078021971, 0.460225065143, 23.9896807333, 781.696347975, 0.544315803326
0.551015439001, 1.1853119376, 3.96589256213, 0.334912278587, 1.66419398595, 43.4330561797, 3.72170845718, 3.19805154945, 25.9717231838, 892.233439609, 0.537184990402
0.572686170476, 1.09055531343, 7.51483795368, 0.213035002493, 47.5670494234, 49.8804873477, 2.16406372307, 3.7340415844, 31.0469739678, 1234.87666957, 0.526418237928
0.853608098467, 1.15377898749, 3.5478633533, 0.326393664352, 42.5252343719, 49.6746975505, 2.91886667093, 0.846501544244, 26.1291769216, 492.776085316, 0.703841431827
0.598156188515, 0.983192451855, 7.86558324887, 0.370333708449, 6.46770377964, 49.8011564975, 3.11913929394, 3.62214239603, 26.8295897301, 1346.76525329, 0.541565536305
0.827782232409, 0.963167373163, 6.28994516868, 0.498271426895, 16.5279153528, 43.0407551128, 2.29653816011, 2.84793075598, 38.1694589775, 822.984247712, 0.545831228009
0.680234584907, 0.885357378709, 4.6405216912, 0.202485166308, 13.642976427, 45.3769167428, 2.5932820844, 0.198238161695, 24.9035702599, 504.436316583, 0.639702276591
0.872575624303, 1.20651656122, 2.97227830676, 0.492037008676, 2.0107183903, 47.4404057229, 3.63746198201, 3.06668164436, 40.9136892161, 647.352462023, 0.574764568694
0.735301950229, 0.858367541457, 5.32641128884, 0.490963306667, 27.0627347502, 42.4818158884, 2.35256325312, 3.61931198975, 24.7687219819, 552.554113665, 0.598597336804
0.774449438627, 0.912779716785, 5.60451667728, 0.205737360703, 36.6874204158, 47.7582675778, 3.95774395778, 1.85657313775, 25.5187939122, 764.14955737, 0.557406049235
