0.692633415628, 1.02400536085, 4.12548117057, 0.238150867734, 11.6709380758, 45.5338509978, 3.42571127951, 1.8762834175, 27.2299823514, 692.982669936, 0.404644208696
0.603289810179, 1.1392222312, 5.11162339723, 0.266314792937, 17.766215696, 44.4059969724, 2.263028668, 1.57063693201, 40.8771920165, 1123.37533708, 0.371563452812
0.592222429475, 1.00883106135, 2.72310669646, 0.20541927003, 30.8010208498, 43.0407551128, 2.27973230882, 1.97783511132, 35.4990505323, 460.97797622, 0.417370702413
0.774449438627, 0.912779716785, 2.20193110335, 0.205737360703, 37.5258222489, 47.7582675778, 3.95774395778, 1.85657313775, 30.4755855104, 383.757593604, 0.492536750907
0.500207441482, 0.935284789392, 2.12557024292, 0.471162454013, 47.9999079634, 43.5588404643, 2.77761487366, 2.32951843006, 21.094007363, 266.090107652, 0.498010326844
0.625672872587, 0.876664400312, 2.32666242613, 0.491422833353, 36.6874204158, 47.513364813, 3.31292527079, 1.51170069679, 25.5187939122, 387.733656559, 0.453825053247
0.506161512388, 1.08317888053, 5.04142959584, 0.27834954273, 22.2696198463, 41.1460397174, 2.92835885099, 1.56960063799, 26.6871195687, 883.001977858, 0.409383766513
0.592222429475, 1.23009501139, 2.72310669646, 0.204924368346, 30.8010208498, 43.4688261041, 2.23829606369, 1.97783511132, 35.4990505323, 521.251907818, 0.417898994164
0.592222429475, 1.22995984106, 2.72310669646, 0.20541927003, 30.8010208498, 43.4688261041, 2.27973230882, 1.97783511132, 35.4990505323, 462.648394048, 0.436561965057
0.629379520345, 0.935284789392, 2.12557024292, 0.471162454013, 47.9999079634, 43.5588404643, 2.77761487366, 4.64164982489, 31.5780800455, 348.657294747, 0.514411028211
0.617039446632, 0.876664400312, 2.32666242613, 0.271803908899, 37.5258222489, 47.513364813, 3.31292527079, 2.18564018153, 20.340124076, 308.541505955, 0.561687842602
0.5002273619, 0.935284789392, 2.12557024292, 0.471162454013, 47.9999079634, 43.5588404643, 2.77761487366, 2.32951843006, 31.5780800455, 314.307803585, 0.519462890439
0.70311448969, 1.19187031685, 2.31061651445, 0.222284144772, 37.730318204, 44.8050984977, 2.46675557793, 1.64788868888, 21.094007363, 423.861186394, 0.463189747551
0.70311448969, 1.19187031685, 2.31061651445, 0.222284144772, 37.730318204, 47.9155408624, 2.46675557793, 1.64788868888, 21.094007363, 438.911767629, 0.461177749926
0.560866864671, 0.822971472784, 4.08571320553, 0.278941856865, 2.34998432169, 40.4786348875, 2.97017004474, 0.825032472889, 22.6955756028, 402.861688391, 0.488337619214
0.601159935202, 0.905021096252, 3.27514362743, 0.336976316427, 46.676189462, 49.3798362377, 3.77126407087, 1.26807382342, 24.6958804751, 454.125915209, 0.456351668283
0.569776127342, 0.920089216615, 6.90379918662, 0.304366328172, 44.5337113961, 41.0105032493, 2.23829606369, 1.72650839388, 24.1176472299, 770.561941573, 0.418166101978
0.506161512388, 1.08317888053, 5.04142959584, 0.27834954273, 27.6346764867, 41.1460397174, 2.263028668, 1.56960063799, 26.6871195687, 672.567551023, 0.427993224211
0.735027773906, 0.930956446164, 3.26260208064, 0.332255335492, 31.9393096497, 44.2361778086, 3.47343150394, 1.2460077609, 30.8888432025, 516.409063356, 0.440784251697
0.629379520345, 0.935284789392, 2.12557024292, 0.471162454013, 47.9999079634, 43.5588404643, 2.77761487366, 4.60271680788, 31.5780800455, 329.390319025, 0.523237043064
0.779211252014, 1.04614341593, 2.17564864488, 0.446735539425, 29.7789933019, 44.131839445, 3.21327397531, 3.14271537814, 26.7510299655, 327.210781238, 0.584683795981
0.70311448969, 1.19244188896, 2.5084119469, 0.222284144772, 37.730318204, 44.8050984977, 2.46675557793, 1.64788868888, 21.094007363, 444.53016102, 0.476111238505
0.551751971727, 1.09055531343, 3.43528038103, 0.217012118936, 47.5670494234, 44.4839398832, 2.16406372307, 1.12882686045, 31.0469739678, 500.938013066, 0.460924799588
0.506161512388, 1.08317888053, 5.04142959584, 0.27834954273, 22.2696198463, 41.1460397174, 2.92835885099, 1.56960063799, 26.6871195687, 690.699334795, 0.438409370287
0.592222429475, 1.00883106135, 3.91889016974, 0.20541927003, 30.8010208498, 43.0407551128, 2.27973230882, 1.97783511132, 35.4990505323, 719.727124193, 0.432236640824
0.735027773906, 1.0427301788, 2.65102100481, 0.233429848197, 32.8385697351, 43.7546518843, 2.35256325312, 3.46868576, 24.7687219819, 371.653967629, 0.544118441062
0.635177414422, 0.957823721622, 3.10111574635, 0.230932437501, 3.72670504898, 49.4458859725, 2.10003089673, 2.84676209036, 39.445116652, 399.065135114, 0.537833549429
0.779211252014, 0.961995572369, 2.17564864488, 0.446735539425, 29.7789933019, 41.2551610436, 3.65424087, 3.14271537814, 26.7510299655, 349.480549949, 0.551300329526
0.70311448969, 1.19187031685, 2.31061651445, 0.222284144772, 37.730318204, 47.9155408624, 2.44592703998, 1.64788868888, 31.5780800455, 412.882054149, 0.537374467452
0.625672872587, 0.876664400312, 2.32666242613, 0.271803908899, 37.5258222489, 47.513364813, 3.31292527079, 2.18564018153, 30.4755855104, 365.607102382, 0.547033083465
0.625672872587, 0.876664400312, 2.32666242613, 0.271803908899, 37.5258222489, 47.513364813, 3.31292527079, 1.51170069679, 30.4755855104, 388.36764716, 0.543688102356
0.774449438627, 0.912779716785, 2.20193110335, 0.205737360703, 36.6874204158, 47.7582675778, 3.95774395778, 1.85657313775, 25.5187939122, 342.795345863, 0.570995113949
0.829780618268, 0.888523232949, 2.98473976877, 0.44818926484, 2.06295508828, 41.7817280745, 3.09083799219, 3.21631168668, 29.3237225785, 470.863197532, 0.535312104262
0.584234837588, 1.03672388446, 3.98955901105, 0.360413908633, 31.2040841572, 46.3805761997, 2.18823782173, 4.70837153739, 24.5672428796, 494.020420019, 0.500762500571
0.608884450109, 0.97596100496, 4.35320867766, 0.372847728982, 37.5291675895, 40.2219210734, 2.06175170314, 1.36547886578, 21.6558013047, 544.099284923, 0.467479232474
0.735027773906, 0.930956446164, 3.26260208064, 0.332255335492, 31.9393096497, 44.2361778086, 3.47343150394, 1.2460077609, 30.8888432025, 518.197110637, 0.470185346264
0.774449438627, 0.858367541457, 5.60451667728, 0.205737360703, 36.6874204158, 47.7582675778, 3.95774395778, 1.55860738893, 25.5187939122, 732.162380856, 0.43883310851
0.569776127342, 0.920089216615, 6.90379918662, 0.40077375221, 44.5337113961, 41.0105032493, 2.23829606369, 1.72650839388, 24.1176472299, 805.484423776, 0.434670544539
0.801077193309, 0.869668587455, 6.87638925478, 0.493169582176, 2.78964652849, 42.4981598893, 2.59738260527, 1.91829949877, 37.9748750574, 808.318744374, 0.43453654097
0.559756215629, 0.846129563922, 2.50118839304, 0.278941856865, 0.0029380977347, 40.4786348875, 3.22618213627, 0.825032472889, 22.6955756028, 373.244575957, 0.545983650953
0.617039446632, 1.13420663621, 2.49612823903, 0.495255369158, 1.82333095449, 42.7989753369, 2.15115838217, 4.71308171919, 20.340124076, 381.732054171, 0.545866184335
0.617039446632, 1.13420663621, 2.49612823903, 0.295427641588, 1.82333095449, 42.7989753369, 3.00704754311, 3.98954792877, 20.340124076, 460.669182904, 0.540751943941
0.779211252014, 1.13302291683, 2.17564864488, 0.446735539425, 29.7789933019, 41.2551610436, 3.65424087, 3.14271537814, 26.7510299655, 406.74890707, 0.543760360579
0.617039446632, 1.13420663621, 2.49612823903, 0.495255369158, 1.82333095449, 42.7989753369, 2.15115838217, 4.71308171919, 20.340124076, 361.337819549, 0.594082651181
0.709229627581, 1.0053385428, 4.36820217468, 0.28053253843, 18.1554681921, 40.7689661538, 2.77771312197, 2.74211448518, 22.1004275633, 482.973013768, 0.539118996474
0.680234584907, 0.885357378709, 4.6405216912, 0.360271205819, 13.642976427, 47.3745259281, 2.5932820844, 1.08206631639, 24.9035702599, 503.479790378, 0.520216795072
0.820468299377, 1.01405665922, 3.23005274003, 0.351950815037, 49.3270813861, 40.7045718908, 2.93344791026, 3.98083909088, 42.5306000491, 502.665223509, 0.525029297292
0.680234584907, 0.885357378709, 6.90379918662, 0.360271205819, 13.642976427, 47.3745259281, 2.5932820844, 1.08206631639, 24.9035702599, 684.273425049, 0.469205838246
0.600743376393, 0.959634059611, 2.60423599361, 0.423878743617, 12.9809563418, 48.7301933537, 3.65424087, 1.43876199629, 43.5187247753, 533.288830974, 0.470969506112
0.608884450109, 1.09023004935, 4.35320867766, 0.499689286733, 13.1852454155, 40.2219210734, 3.50407046187, 1.36547886578, 21.6558013047, 796.124756696, 0.453615528336
0.603289810179, 1.1392222312, 5.11162339723, 0.266314792937, 17.766215696, 44.4059969724, 2.92835885099, 1.57063693201, 40.8771920165, 937.545274653, 0.441279374651
0.779211252014, 1.04614341593, 2.17564864488, 0.446735539425, 29.7789933019, 44.131839445, 3.65424087, 3.14271537814, 26.7510299655, 377.028516914, 0.550563508256
0.896088651949, 1.0427301788, 2.65102100481, 0.233429848197, 43.9382715329, 43.7546518843, 2.63339729892, 3.46868576, 26.0488658799, 369.552827487, 0.662707286666
0.600743376393, 0.959634059611, 2.60423599361, 0.423878743617, 44.8282004423, 48.7301933537, 3.21327397531, 2.7261215504, 43.5187247753, 497.672344783, 0.546562708283
0.551751971727, 0.962194176132, 3.3575773817, 0.498670053564, 18.5947543527, 44.7557959259, 3.39690990526, 2.46190248649, 34.2306619175, 514.35103832, 0.535958766017
0.506161512388, 0.955548570656, 5.04142959584, 0.235755419636, 27.6346764867, 41.1460397174, 2.263028668, 1.56960063799, 26.6871195687, 711.60953927, 0.469476331112
0.551751971727, 0.931328291387, 3.46244368314, 0.498670053564, 18.5947543527, 44.7557959259, 3.39690990526, 2.46190248649, 41.5668261719, 550.526827924, 0.504775920456
0.692633415628, 1.02400536085, 4.12548117057, 0.238150867734, 11.6709380758, 45.5338509978, 3.42571127951, 1.91829949877, 31.0933847346, 707.571888333, 0.477501695955
0.810130436541, 1.09055531343, 3.43528038103, 0.217012118936, 47.5670494234, 44.4839398832, 2.16406372307, 1.12882686045, 31.0469739678, 581.033378362, 0.481472656776
0.599700965558, 0.856387369673, 4.19832850544, 0.492125356663, 27.0627347502, 42.4818158884, 3.9310287814, 3.61931198975, 26.0488658799, 555.290154257, 0.500980005393
0.569776127342, 0.920089216615, 4.6405216912, 0.445938778988, 44.5337113961, 41.0105032493, 2.23829606369, 1.72650839388, 24.1176472299, 576.404026703, 0.485170131453
0.602823984513, 0.945162077516, 5.07045327498, 0.318566237921, 17.0913060762, 48.1692956323, 3.8375028608, 1.91903740286, 26.4272897059, 845.094317586, 0.458926174085
0.566278758765, 0.947575200729, 6.97207647179, 0.336976316427, 31.6939630887, 43.538940077, 3.74442562768, 1.26807382342, 24.6958804751, 1000.55736069, 0.44519086012
0.647476068145, 1.09483082025, 2.05592062647, 0.27563363994, 0.112111550279, 46.6262997246, 2.14171630436, 0.542711611, 30.8656089719, 381.151787437, 0.565412234989
0.853030904557, 0.901719152992, 2.28565392999, 0.302667325944, 20.8997750988, 43.8457684335, 3.39502819632, 0.6510706652, 33.8151689063, 377.602079331, 0.674460851511
0.829780618268, 0.888523232949, 3.3575773817, 0.353255443384, 2.06295508828, 41.7817280745, 3.09083799219, 3.21631168668, 25.1696133965, 514.347135404, 0.556450455628
0.625672872587, 1.13420663621, 2.49612823903, 0.295427641588, 1.82333095449, 42.7989753369, 3.00704754311, 3.98954792877, 30.4755855104, 533.791099203, 0.549689803808
0.589922169326, 0.97596100496, 4.98731649997, 0.372847728982, 3.20278702764, 45.1376539145, 2.06175170314, 1.92815602216, 21.1614938583, 742.415808691, 0.469768693111
0.560866864671, 0.822971472784, 4.08571320553, 0.464272490939, 2.34998432169, 40.4786348875, 3.42571127951, 0.825032472889, 22.6955756028, 553.250466596, 0.533194844033
0.551751971727, 0.931328291387, 3.46244368314, 0.498670053564, 18.5947543527, 44.7557959259, 3.39690990526, 2.46190248649, 34.2306619175, 566.969528394, 0.508298357749
0.692633415628, 1.02400536085, 4.12548117057, 0.238150867734, 11.6709380758, 45.5338509978, 2.97017004474, 1.8762834175, 25.021920192, 582.109931141, 0.495321271147
0.707972218459, 0.928474774114, 7.56449590643, 0.240720400376, 27.5816114564, 42.1382211384, 3.18024421772, 1.6477424022, 38.5555680953, 1233.90131138, 0.463240365847
0.647476068145, 1.09483082025, 2.05592062647, 0.27563363994, 0.112111550279, 46.6262997246, 2.92835885099, 0.542711611, 30.8656089719, 394.48645513, 0.600335983255
0.853030904557, 0.901719152992, 2.28565392999, 0.302667325944, 37.8130218127, 43.8457684335, 3.34806949864, 0.6510706652, 33.8151689063, 382.459272213, 0.620613152336
0.559756215629, 0.846129563922, 4.08571320553, 0.278941856865, 26.2901350726, 40.4786348875, 2.92233504605, 0.825032472889, 22.6955756028, 407.421193804, 0.565584659704
0.501305014704, 1.10250157436, 2.83936806889, 0.355910553533, 16.4797749489, 49.2397188154, 2.19731798556, 0.86271935407, 33.1900767837, 400.94431273, 0.567412078166
0.784049031596, 0.996027418683, 3.41717925278, 0.400260668891, 46.3866671779, 43.7511148665, 2.48501431297, 4.93428325254, 24.8051706483, 530.638943779, 0.565400644706
0.569776127342, 0.920089216615, 6.90379918662, 0.349105112289, 44.5337113961, 41.0105032493, 2.27973230882, 1.72650839388, 24.1176472299, 885.08877322, 0.482897068027
0.801077193309, 0.834319925955, 6.87638925478, 0.493169582176, 2.78964652849, 42.4981598893, 2.59738260527, 1.91829949877, 37.9748750574, 874.895103122, 0.485420595928
0.707972218459, 0.928474774114, 7.56449590643, 0.240720400376, 27.5816114564, 42.1382211384, 3.18024421772, 1.6477424022, 26.0845121822, 954.566822866, 0.474884113151
0.560866864671, 0.84625337962, 4.25162111294, 0.426192270021, 23.7309288775, 45.7373319788, 3.27430205892, 3.99037414481, 20.6719622733, 567.46731246, 0.556071269454
0.735301950229, 0.912779716785, 5.32641128884, 0.490963306667, 27.0627347502, 42.4818158884, 2.35256325312, 3.61931198975, 24.7687219819, 568.433804459, 0.541411181069
0.696893977635, 0.881035747328, 3.60616763767, 0.330169227974, 48.8651730432, 41.7589071096, 3.84732465251, 3.82588654916, 34.6375517723, 590.564652863, 0.532000226623
0.571083497777, 0.84625337962, 4.39550287654, 0.429506278949, 23.7309288775, 41.1067551083, 3.12191110717, 3.99037414481, 40.5047538046, 667.353019794, 0.504162437479
0.603289810179, 1.1392222312, 3.27514362743, 0.254391282238, 17.766215696, 49.3798362377, 2.263028668, 1.57063693201, 40.8771920165, 654.533057694, 0.504175018194
0.572186683575, 0.825881144064, 5.79399054004, 0.469856825545, 3.20278702764, 45.1376539145, 2.06175170314, 1.92815602216, 36.2659148553, 639.791623381, 0.51067994811
0.707972218459, 1.01183170418, 7.56449590643, 0.240720400376, 27.5816114564, 42.8725006993, 3.05681858178, 1.6477424022, 38.5555680953, 1381.27441235, 0.464271317794
0.841287333814, 0.90880315268, 3.69237352948, 0.39879087788, 5.42147807383, 40.3717164294, 2.32939815931, 4.32973964619, 24.585476584, 386.652608585, 0.64840858238
0.550463482008, 1.1392222312, 5.11162339723, 0.266314792937, 17.766215696, 44.4059969724, 2.14171630436, 1.57063693201, 40.8771920165, 1021.07243279, 0.498017088734
0.692633415628, 1.02400536085, 4.12548117057, 0.238150867734, 11.6709380758, 45.5338509978, 3.42571127951, 1.8762834175, 27.2299823514, 780.691372778, 0.504529949535
0.853030904557, 0.947575200729, 2.28565392999, 0.302667325944, 37.8130218127, 43.8457684335, 3.34806949864, 0.6510706652, 24.6958804751, 388.565352349, 0.626439490487
0.647476068145, 1.09483082025, 2.05592062647, 0.27563363994, 0.112111550279, 46.6262997246, 3.47125959376, 0.615565158704, 30.8656089719, 397.818482093, 0.607050565031
0.810130436541, 1.09791548447, 3.43528038103, 0.489232467822, 4.984818047, 44.4839398832, 2.08402262398, 1.12882686045, 34.8454564902, 564.591983378, 0.566919433274
0.584234837588, 1.10250157436, 3.98955901105, 0.471990087955, 31.2040841572, 46.3805761997, 2.19731798556, 4.57888446758, 28.6175543704, 659.591911761, 0.516695734175
0.652585743004, 0.959634059611, 2.60423599361, 0.423878743617, 44.8282004423, 48.7301933537, 3.21327397531, 2.7261215504, 43.5187247753, 501.385712873, 0.574641906838
0.647476068145, 1.09483082025, 2.05592062647, 0.27563363994, 26.2901350726, 46.6262997246, 3.47125959376, 0.615565158704, 30.8656089719, 401.57655615, 0.594928456704
0.894800982759, 0.82137732687, 4.030824217, 0.399385004183, 11.800452826, 49.7431688411, 3.37710528644, 1.51170069679, 32.4893686066, 635.443148174, 0.534572273327
0.609888372252, 0.830766300572, 4.42092000806, 0.232891719016, 9.58765746003, 48.8688882873, 3.54899986728, 3.63490373794, 30.0815820941, 576.72316057, 0.555535929799
0.571083497777, 0.84625337962, 4.39550287654, 0.429506278949, 23.7309288775, 41.1067551083, 3.12191110717, 3.99037414481, 40.5047538046, 714.010019926, 0.510623419789
0.609888372252, 0.830766300572, 4.42092000806, 0.232891719016, 9.58765746003, 48.8688882873, 3.54899986728, 3.63490373794, 30.0815820941, 597.521779118, 0.54434425829
