0.506161512388, 1.08317888053, 5.07922254894, 0.27834954273, 22.2696198463, 43.6538127471, 2.92835885099, 1.34800315592, 35.4990505323, 931.954211487, 0.367981279983
0.625672872587, 0.876664400312, 2.32666242613, 0.271803908899, 37.5258222489, 47.513364813, 3.31292527079, 1.51170069679, 30.4755855104, 358.240272061, 0.431864257256
0.567122384787, 1.09055531343, 3.43528038103, 0.217012118936, 47.5670494234, 44.4839398832, 2.16406372307, 1.12882686045, 31.0469739678, 610.706490218, 0.384782733348
0.774449438627, 0.912779716785, 2.20193110335, 0.205737360703, 36.6874204158, 47.7582675778, 3.95774395778, 1.85657313775, 25.5187939122, 341.739832903, 0.439424973416
0.549814991866, 1.23009501139, 2.72310669646, 0.204924368346, 30.8010208498, 43.245148476, 2.23829606369, 1.97783511132, 26.6871195687, 439.336850135, 0.403391785171
0.629379520345, 0.935284789392, 2.12557024292, 0.471162454013, 47.9999079634, 43.5588404643, 2.77761487366, 1.2460077609, 31.5780800455, 225.751854368, 0.504952072788
0.500207441482, 0.935284789392, 2.12557024292, 0.471162454013, 47.9999079634, 43.5588404643, 2.77761487366, 2.32951843006, 21.094007363, 266.090107652, 0.498010326844
0.500207441482, 0.935284789392, 2.12557024292, 0.485576513319, 47.9999079634, 43.5588404643, 2.77761487366, 2.32951843006, 21.094007363, 223.128712536, 0.524023247186
0.603289810179, 1.1392222312, 5.11162339723, 0.266314792937, 17.766215696, 44.4059969724, 2.263028668, 1.57063693201, 40.8771920165, 1123.37533708, 0.371563452812
0.518300790026, 1.1392222312, 3.27514362743, 0.254391282238, 17.766215696, 45.3369104657, 2.263028668, 1.57063693201, 40.8771920165, 634.799450683, 0.387128611678
0.625672872587, 0.876664400312, 2.32666242613, 0.491422833353, 36.6874204158, 47.513364813, 3.31292527079, 1.51170069679, 25.5187939122, 387.733656559, 0.453825053247
0.774449438627, 0.912779716785, 2.20193110335, 0.205737360703, 37.5258222489, 47.7582675778, 3.95774395778, 1.85657313775, 30.4755855104, 383.757593604, 0.492536750907
0.592222429475, 1.00883106135, 2.72310669646, 0.20541927003, 30.8010208498, 43.0407551128, 2.27973230882, 1.97783511132, 35.4990505323, 460.97797622, 0.417370702413
0.779211252014, 1.08547537109, 2.17564864488, 0.24555663858, 29.7789933019, 44.4059969724, 2.92835885099, 1.57063693201, 42.2578701393, 305.971326804, 0.521866020216
0.629379520345, 0.935284789392, 2.12557024292, 0.471162454013, 47.9999079634, 43.5588404643, 2.77761487366, 4.64164982489, 31.5780800455, 348.657294747, 0.514411028211
0.629379520345, 0.935284789392, 2.12557024292, 0.471162454013, 47.9999079634, 43.4688261041, 2.77761487366, 4.64164982489, 31.5780800455, 350.444502344, 0.507501546691
0.5002273619, 0.935284789392, 2.12557024292, 0.471162454013, 47.9999079634, 43.5588404643, 2.77761487366, 2.32951843006, 31.5780800455, 314.307803585, 0.519462890439
0.5002273619, 0.935284789392, 2.12557024292, 0.471162454013, 47.9999079634, 47.513364813, 2.77761487366, 2.32951843006, 31.5780800455, 270.311855679, 0.54159446244
0.774449438627, 0.833027201951, 2.20193110335, 0.205737360703, 37.5258222489, 47.7582675778, 2.27973230882, 1.85657313775, 33.6697335595, 229.028229321, 0.552981988793
0.506161512388, 0.955548570656, 5.04142959584, 0.235755419636, 27.6346764867, 41.1460397174, 2.263028668, 1.56960063799, 26.6871195687, 657.005446679, 0.41649533765
0.692633415628, 1.02400536085, 4.12548117057, 0.238150867734, 11.6709380758, 45.5338509978, 3.42571127951, 1.8762834175, 27.2299823514, 692.982669936, 0.404644208696
0.70311448969, 1.19187031685, 2.31061651445, 0.222284144772, 37.730318204, 44.8050984977, 2.46675557793, 1.64788868888, 21.094007363, 423.861186394, 0.463189747551
0.70311448969, 1.19187031685, 2.31061651445, 0.222284144772, 37.730318204, 47.9155408624, 2.46675557793, 1.64788868888, 21.094007363, 438.911767629, 0.461177749926
0.560866864671, 0.822971472784, 4.08571320553, 0.278941856865, 2.34998432169, 40.4786348875, 2.97017004474, 0.825032472889, 22.6955756028, 402.861688391, 0.488337619214
0.601159935202, 0.905021096252, 3.27514362743, 0.336976316427, 46.676189462, 49.3798362377, 3.77126407087, 1.26807382342, 24.6958804751, 454.125915209, 0.456351668283
0.70311448969, 1.19187031685, 2.31061651445, 0.222284144772, 37.730318204, 44.8050984977, 2.46675557793, 1.64788868888, 30.725951579, 398.264751918, 0.501407282666
0.592222429475, 1.23009501139, 2.72310669646, 0.204924368346, 30.8010208498, 43.4688261041, 2.23829606369, 1.97783511132, 35.4990505323, 521.251907818, 0.417898994164
0.592222429475, 1.22995984106, 2.72310669646, 0.20541927003, 30.8010208498, 43.4688261041, 2.27973230882, 1.97783511132, 35.4990505323, 462.648394048, 0.436561965057
0.635177414422, 0.957823721622, 3.10111574635, 0.230932437501, 3.72670504898, 41.2551610436, 2.10003089673, 2.84676209036, 39.445116652, 390.488243218, 0.516129692199
0.629379520345, 0.935284789392, 2.12557024292, 0.471162454013, 47.9999079634, 43.5588404643, 2.77761487366, 4.60271680788, 31.5780800455, 329.390319025, 0.523237043064
0.617039446632, 0.876664400312, 2.32666242613, 0.271803908899, 37.5258222489, 47.513364813, 3.31292527079, 2.18564018153, 20.340124076, 308.541505955, 0.561687842602
0.647476068145, 1.09483082025, 2.28565392999, 0.27563363994, 0.112111550279, 46.6262997246, 2.92835885099, 0.542711611, 30.8656089719, 302.526875994, 0.586812249795
0.647476068145, 1.09483082025, 2.05592062647, 0.27563363994, 0.112111550279, 46.6262997246, 2.14171630436, 0.542711611, 30.8656089719, 277.21725294, 0.621201054942
0.506161512388, 1.08317888053, 5.04142959584, 0.27834954273, 22.2696198463, 41.1460397174, 2.92835885099, 1.56960063799, 26.6871195687, 883.001977858, 0.409383766513
0.680234584907, 0.885357378709, 4.6405216912, 0.360271205819, 13.642976427, 40.7689661538, 2.5932820844, 1.08206631639, 24.9035702599, 427.302423868, 0.467331574091
0.569776127342, 0.920089216615, 6.90379918662, 0.304366328172, 44.5337113961, 41.0105032493, 2.23829606369, 1.72650839388, 24.1176472299, 770.561941573, 0.418166101978
0.506161512388, 1.08317888053, 5.04142959584, 0.27834954273, 27.6346764867, 41.1460397174, 2.263028668, 1.56960063799, 26.6871195687, 672.567551023, 0.427993224211
0.506161512388, 0.920089216615, 6.90379918662, 0.27834954273, 17.7461175052, 41.1460397174, 2.263028668, 1.56960063799, 26.6871195687, 715.888177918, 0.420918280695
0.735027773906, 0.930956446164, 3.26260208064, 0.332255335492, 31.9393096497, 44.2361778086, 3.47343150394, 1.2460077609, 30.8888432025, 516.409063356, 0.440784251697
0.600743376393, 0.959634059611, 2.60423599361, 0.385114833058, 12.9809563418, 48.7301933537, 3.65424087, 1.29348188352, 43.5187247753, 488.505118488, 0.453567739038
0.70311448969, 1.19187031685, 2.31061651445, 0.222284144772, 37.730318204, 47.9155408624, 2.46675557793, 1.64788868888, 21.094007363, 411.898899153, 0.522861895149
0.779211252014, 0.961995572369, 2.17564864488, 0.446735539425, 29.7789933019, 41.2551610436, 3.65424087, 3.14271537814, 26.7510299655, 349.480549949, 0.551300329526
0.617039446632, 0.876664400312, 2.32666242613, 0.271803908899, 37.5258222489, 43.5588404643, 3.31292527079, 2.18564018153, 20.340124076, 362.275695279, 0.536037041701
0.774449438627, 0.912779716785, 2.20193110335, 0.205737360703, 36.6874204158, 47.7582675778, 3.95774395778, 1.85657313775, 25.5187939122, 342.795345863, 0.570995113949
0.779211252014, 1.04614341593, 2.17564864488, 0.446735539425, 29.7789933019, 44.131839445, 3.21327397531, 3.14271537814, 26.7510299655, 327.210781238, 0.584683795981
0.829780618268, 0.888523232949, 2.98473976877, 0.44818926484, 2.06295508828, 41.7817280745, 2.06202682151, 3.21631168668, 29.3237225785, 323.170850561, 0.58691610662
0.70311448969, 1.19244188896, 2.5084119469, 0.222284144772, 37.730318204, 44.8050984977, 2.46675557793, 1.64788868888, 21.094007363, 444.53016102, 0.476111238505
0.70311448969, 1.17405706988, 2.31061651445, 0.222284144772, 37.730318204, 47.9155408624, 2.28260134482, 1.64788868888, 33.8090652294, 457.677484909, 0.475088034367
0.557543223209, 1.01183170418, 7.56449590643, 0.240720400376, 27.5816114564, 40.3717164294, 3.05681858178, 1.6477424022, 38.5555680953, 1547.44958494, 0.420486970701
0.506161512388, 1.08317888053, 5.04142959584, 0.27834954273, 22.2696198463, 41.1460397174, 2.92835885099, 1.56960063799, 26.6871195687, 690.699334795, 0.438409370287
0.592222429475, 1.00883106135, 3.91889016974, 0.20541927003, 30.8010208498, 43.0407551128, 2.27973230882, 1.97783511132, 35.4990505323, 719.727124193, 0.432236640824
0.603289810179, 1.1392222312, 5.7583559219, 0.266314792937, 10.9426291909, 44.4059969724, 2.263028668, 1.57063693201, 40.8771920165, 1115.25342095, 0.431385557999
0.810130436541, 1.09055531343, 3.43528038103, 0.224173510995, 47.5670494234, 44.4839398832, 2.16406372307, 1.12882686045, 37.5604260077, 600.057953074, 0.442574213322
0.569776127342, 0.920089216615, 4.6405216912, 0.445938778988, 17.0913060762, 41.0105032493, 2.23829606369, 1.91903740286, 24.1176472299, 559.440249665, 0.450856762362
0.592222429475, 1.07290454096, 2.72310669646, 0.20541927003, 30.8010208498, 43.0407551128, 3.95774395778, 1.97783511132, 35.4990505323, 588.342318453, 0.4446688135
0.551751971727, 1.09055531343, 3.43528038103, 0.217012118936, 47.5670494234, 44.4839398832, 2.16406372307, 1.12882686045, 31.0469739678, 500.938013066, 0.460924799588
0.735027773906, 1.0427301788, 2.65102100481, 0.233429848197, 32.8385697351, 43.7546518843, 2.35256325312, 3.46868576, 24.7687219819, 371.653967629, 0.544118441062
0.635177414422, 0.957823721622, 3.10111574635, 0.230932437501, 3.72670504898, 49.4458859725, 2.10003089673, 2.84676209036, 39.445116652, 399.065135114, 0.537833549429
0.70311448969, 1.19187031685, 2.31061651445, 0.222284144772, 37.730318204, 47.9155408624, 2.44592703998, 1.64788868888, 31.5780800455, 412.882054149, 0.537374467452
0.625672872587, 0.876664400312, 2.32666242613, 0.271803908899, 37.5258222489, 47.513364813, 3.31292527079, 2.18564018153, 30.4755855104, 365.607102382, 0.547033083465
0.625672872587, 0.876664400312, 2.32666242613, 0.271803908899, 37.5258222489, 47.513364813, 3.31292527079, 1.51170069679, 30.4755855104, 388.36764716, 0.543688102356
0.625672872587, 0.876664400312, 2.32666242613, 0.271803908899, 37.5258222489, 47.513364813, 3.31292527079, 2.18564018153, 30.4755855104, 329.105209574, 0.591994520553
0.584234837588, 1.03672388446, 3.98955901105, 0.360413908633, 31.2040841572, 46.3805761997, 2.18823782173, 4.70837153739, 24.5672428796, 494.020420019, 0.500762500571
0.829780618268, 0.888523232949, 2.98473976877, 0.44818926484, 2.06295508828, 41.7817280745, 3.09083799219, 3.21631168668, 29.3237225785, 470.863197532, 0.535312104262
0.774449438627, 0.858367541457, 5.60451667728, 0.205737360703, 36.6874204158, 47.7582675778, 3.95774395778, 1.55860738893, 25.5187939122, 732.162380856, 0.43883310851
0.569776127342, 0.920089216615, 6.90379918662, 0.40077375221, 44.5337113961, 41.0105032493, 2.23829606369, 1.72650839388, 24.1176472299, 805.484423776, 0.434670544539
0.801077193309, 0.869668587455, 6.87638925478, 0.493169582176, 2.78964652849, 42.4981598893, 2.59738260527, 1.91829949877, 37.9748750574, 808.318744374, 0.43453654097
0.608884450109, 0.97596100496, 4.33249233589, 0.332255335492, 37.5291675895, 44.2361778086, 2.06175170314, 1.36547886578, 21.6558013047, 633.560525724, 0.445956269231
0.608884450109, 0.97596100496, 4.35320867766, 0.372847728982, 37.5291675895, 40.2219210734, 2.06175170314, 1.36547886578, 21.6558013047, 544.099284923, 0.467479232474
0.735027773906, 0.930956446164, 3.26260208064, 0.332255335492, 31.9393096497, 44.2361778086, 3.47343150394, 1.2460077609, 30.8888432025, 518.197110637, 0.470185346264
0.559756215629, 0.846129563922, 2.50118839304, 0.278941856865, 0.0029380977347, 40.4786348875, 3.22618213627, 0.825032472889, 22.6955756028, 373.244575957, 0.545983650953
0.617039446632, 1.13420663621, 2.49612823903, 0.495255369158, 1.82333095449, 42.7989753369, 2.15115838217, 4.71308171919, 20.340124076, 381.732054171, 0.545866184335
0.617039446632, 1.13420663621, 2.49612823903, 0.295427641588, 1.82333095449, 42.7989753369, 3.00704754311, 3.98954792877, 20.340124076, 460.669182904, 0.540751943941
0.779211252014, 1.13302291683, 2.17564864488, 0.446735539425, 29.7789933019, 41.2551610436, 3.65424087, 3.14271537814, 26.7510299655, 406.74890707, 0.543760360579
0.853030904557, 0.901719152992, 2.05592062647, 0.302667325944, 37.8130218127, 43.8457684335, 3.34806949864, 0.6510706652, 33.8151689063, 340.772886859, 0.627972739446
0.617039446632, 1.13420663621, 2.49612823903, 0.495255369158, 1.82333095449, 42.7989753369, 2.15115838217, 4.71308171919, 20.340124076, 361.337819549, 0.594082651181
0.841287333814, 0.90880315268, 3.69237352948, 0.39879087788, 5.42147807383, 42.8725006993, 2.32939815931, 4.32973964619, 24.585476584, 354.656853063, 0.596969128587
0.680234584907, 0.885357378709, 4.6405216912, 0.360271205819, 13.642976427, 47.3745259281, 2.5932820844, 1.08206631639, 24.9035702599, 503.479790378, 0.520216795072
0.560169757065, 1.13420663621, 3.39495666965, 0.495255369158, 1.82333095449, 42.7989753369, 2.15115838217, 4.71308171919, 20.340124076, 494.109677842, 0.526788046325
0.580257257704, 1.22995984106, 2.72310669646, 0.20541927003, 30.8010208498, 43.5588404643, 2.15275088446, 1.97783511132, 35.4990505323, 501.921676654, 0.521084627564
0.709229627581, 1.0053385428, 4.36820217468, 0.28053253843, 18.1554681921, 40.7689661538, 2.77771312197, 2.74211448518, 22.1004275633, 482.973013768, 0.539118996474
0.528703434642, 1.19985283855, 4.66875086287, 0.40077375221, 44.5337113961, 41.0105032493, 2.23829606369, 1.72650839388, 24.1176472299, 933.124787482, 0.441835669128
0.603289810179, 1.1392222312, 5.11162339723, 0.266314792937, 17.766215696, 44.4059969724, 2.92835885099, 1.57063693201, 40.8771920165, 937.545274653, 0.441279374651
0.625672872587, 0.97596100496, 4.98731649997, 0.372847728982, 3.20278702764, 42.7989753369, 2.06175170314, 1.92815602216, 21.1614938583, 754.12761843, 0.44783611045
0.774449438627, 0.858367541457, 5.60451667728, 0.203858491118, 3.81262774136, 47.7582675778, 3.95774395778, 1.55860738893, 25.5187939122, 726.092119639, 0.44962702382
0.680234584907, 0.885357378709, 6.90379918662, 0.360271205819, 13.642976427, 47.3745259281, 2.5932820844, 1.08206631639, 24.9035702599, 684.273425049, 0.469205838246
0.601159935202, 0.905021096252, 3.27514362743, 0.336976316427, 46.676189462, 49.3798362377, 3.77126407087, 1.26807382342, 24.6958804751, 526.899297708, 0.507469521893
0.600743376393, 0.959634059611, 2.60423599361, 0.423878743617, 12.9809563418, 48.7301933537, 3.65424087, 1.43876199629, 43.5187247753, 533.288830974, 0.470969506112
0.779211252014, 1.04614341593, 2.17564864488, 0.446735539425, 29.7789933019, 44.131839445, 3.65424087, 3.14271537814, 26.7510299655, 377.028516914, 0.550563508256
0.617039446632, 1.13420663621, 2.86309451989, 0.495255369158, 1.82333095449, 42.7989753369, 2.14637902254, 4.71308171919, 20.340124076, 382.518996304, 0.549884093692
0.70311448969, 1.19244188896, 2.5084119469, 0.222284144772, 37.730318204, 44.8050984977, 2.46675557793, 1.80379629473, 21.094007363, 450.687310224, 0.544095018024
0.850520738514, 0.846129563922, 2.50118839304, 0.23945347148, 0.0029380977347, 40.4786348875, 3.22618213627, 0.825032472889, 22.6955756028, 351.454014985, 0.642844059663
0.566278758765, 0.947575200729, 6.97207647179, 0.336976316427, 31.6939630887, 43.538940077, 3.74442562768, 1.26807382342, 24.6958804751, 1000.55736069, 0.44519086012
0.896088651949, 1.0427301788, 2.65102100481, 0.233429848197, 43.9382715329, 43.7546518843, 2.63339729892, 3.46868576, 26.0488658799, 369.552827487, 0.662707286666
0.779211252014, 0.961995572369, 2.17564864488, 0.446735539425, 29.7789933019, 48.8935371258, 3.65424087, 3.14271537814, 26.7510299655, 379.603584014, 0.572747071531
0.506161512388, 0.955548570656, 5.04142959584, 0.235755419636, 27.6346764867, 41.1460397174, 2.263028668, 1.56960063799, 26.6871195687, 711.60953927, 0.469476331112
0.608884450109, 1.09023004935, 4.35320867766, 0.499689286733, 13.1852454155, 40.2219210734, 3.50407046187, 1.36547886578, 21.6558013047, 849.304167344, 0.449999545922
0.608884450109, 1.09023004935, 4.35320867766, 0.499689286733, 13.1852454155, 40.2219210734, 3.50407046187, 1.36547886578, 21.6558013047, 796.124756696, 0.453615528336
0.675503472884, 0.822971472784, 4.08571320553, 0.278941856865, 2.34998432169, 40.4786348875, 2.97017004474, 0.825032472889, 22.6955756028, 426.084358223, 0.552967247808
0.692633415628, 1.02400536085, 4.12548117057, 0.238150867734, 11.6709380758, 45.5338509978, 2.97017004474, 1.8762834175, 25.021920192, 585.468284193, 0.474807502441
