0.0, 2.0, 0.0, 1.0, 2.0, 1.0, 0.0, -1.0, 3.0, 2.0, -1.0, -1.0, 3.0, 1.0, 2.0, 3.0, -1.0, 2.0, 1.0, 0.0, 1.0, 1.0, 1.0, -1.0, 0.0, 2.0, 2.0, -1.0, 0.0, 2.0, 3.0, 1.0, 2.0, 1.0, 0.0, 0.0, 1.0, 0.0, 0.0, 0.0, 1.0, 3.0, 0.0, 3.0, -1.0, 3.0, 3.0, 3.0, -1.0, 2.0, 94590.0, 584.0, 99449.0
0.0, 2.0, 0.0, 1.0, 2.0, 1.0, 0.0, -1.0, 2.71992896045, 2.0, -1.0, -1.0, 3.0, 1.0, 2.0, 3.0, -1.0, 2.0, 1.0, 0.0, 1.0, 1.0, 1.0, -1.0, 0.0, 2.0, 2.0, -1.0, 0.0, 2.0, 3.0, 1.0, 2.0, 1.0, -0.397181856041, 0.237334569446, 1.0, 0.0, 0.0, 0.0, 1.0, 3.0, 0.0, 3.0, -1.0, 3.0, 3.0, 3.0, -1.0, 2.09703778286, 94590.0, 584.0, 99449.0
1.0, 2.0, 0.0, -1.0, 0.586941624785, 2.0, -1.0, -1.0, 2.0, 2.0, -1.0, 0.0, -0.51834648, -1.0, 2.0, 3.0, -1.0, 1.0, 0.955221350339, -1.0, 1.0, -1.0, -1.0, -1.0, 3.0, 2.0, 0.0, -1.0, 1.0, 1.0, 0.0, 2.0, 0.0, 1.0, 1.0, 2.0, 0.0, 3.0, 3.0, -1.0, 1.0, 0.0, 3.0, 3.0, 3.0, 0.0, 1.0, -1.0, 3.0, -1.0, 95645.0, 479.0, 99537.0
0.0, 2.0, -1.0, 1.66334729326, 0.270984522552, -1.0, 2.0, 3.0, 3.0, 2.0, 1.0, 1.0, 2.0, -1.0, 3.0, 0.0, -1.0, 3.0, -1.0, -1.0, 1.0, -1.0, -1.0, 1.0, 1.0, 0.0, 1.0, 2.0, 3.0, -1.0, -1.0, 3.0, -1.0, -1.0, -1.0, 0.0, -1.0, 0.0, 0.0, 2.0, 0.0, 1.09083730293, 0.0, -1.0, 0.795707933932, 2.0, 2.0, 1.03544782386, 0.0, 1.0, 95417.0, 483.0, 99540.0
0.0, 0.0, 3.0, 2.0, 0.0, 1.0, 1.0, -1.0, 1.0, 2.0, -1.0, 1.0, 2.0, 2.0, 0.0, 2.0, 0.0, -1.0, 1.0, 1.0, 2.0, 1.0, -1.0, 0.0, 2.0, 0.0, -1.0, 2.0, 3.0, 3.0, 2.0, 3.0, 0.0, 0.0, 2.0, -1.0, 0.0, 0.0, -1.0, 3.0, 3.0, 2.0, 1.0, -1.0, 3.0, 1.0, 1.0, 3.0, 1.0, 3.0, 94491.0, 585.0, 99432.0
0.0, 2.0, 1.0, 1.0, 2.0, 1.0, -1.0, 2.0, -1.0, 0.0, -1.0, 2.0, 0.0, -1.0, 2.0, 1.0, 2.0, 3.0, 2.0, 1.0, 0.0, -1.0, 2.0, 2.0, 1.0, -1.0, 1.0, 1.0, 2.0, 2.0, 0.0, 1.0, -1.0, 0.0, 0.0, -1.0, -1.0, 0.0, 3.0, 0.0, 3.0, 1.0, 1.0, 0.0, 3.0, 0.0, -1.0, 3.0, 3.0, -1.0, 94709.0, 526.0, 99469.0
-1.0, 0.0, 1.0, 1.0, 1.0, -1.0, 3.0, 1.0, 2.0, 1.0, 0.0, 2.0, 1.0, -1.0, -1.0, 3.0, 3.0, 0.0, 1.0, 3.0, 0.0, -1.0, -1.0, -1.0, 2.0, 2.0, 0.0, 0.0, 3.0, 3.0, -1.0, 2.0, 1.0, 3.0, 0.0, 0.0, 0.0, 3.0, -1.0, 0.0, 2.0, -1.0, 2.0, 1.0, 3.0, 2.0, 2.0, 1.0, 2.0, 1.0, 94930.0, 548.0, 99465.0
-1.0, 2.0, -1.0, 3.0, -1.0, 3.0, -1.0, 2.0, 2.0, 0.0, 1.0, 1.0, -1.0, -1.0, -1.0, 2.0, 3.0, -1.0, 1.0, -1.0, 0.0, 3.0, 2.0, 2.0, -1.0, -1.0, 3.0, 1.0, 0.0, 1.0, 0.0, -1.0, -1.0, 0.0, 0.0, -1.0, 1.0, 0.0, 1.0, 1.0, 3.0, 2.0, 2.0, 3.0, 2.0, 1.0, -1.0, -1.0, 0.0, 0.0, 95787.0, 469.0, 99584.0
3.0, 1.0, 1.0, 1.0, 1.0, 3.0, 0.0, 3.0, -1.0, 1.0, -1.0, 1.0, 3.0, -1.0, 0.0, 1.0, 0.0, 0.0, 0.0, -1.0, 2.0, -1.0, 2.0, 2.0, 3.0, 0.0, -1.0, 0.0, -1.0, 2.0, 2.0, 0.0, -1.0, 0.0, 1.0, 3.0, 2.0, 2.0, 0.0, 2.0, 3.0, 2.0, -1.0, 3.0, 1.0, 0.0, 1.0, -1.0, 2.0, 1.0, 94650.0, 543.0, 99473.0
2.0, 2.0, 3.0, 0.0, 1.0, -1.0, 2.0, -1.0, 3.0, 3.0, -1.0, 3.0, 0.0, 2.0, -1.0, 3.0, 3.0, 1.0, -1.0, 2.0, 1.0, 2.0, 0.0, -1.0, 0.0, 1.0, 1.0, -1.0, 3.0, 0.0, -1.0, 3.0, 1.0, 0.0, 1.0, 0.0, 1.0, 0.0, -1.0, 0.0, 2.0, 2.0, 0.0, 0.0, -1.0, -1.0, -1.0, 1.0, 3.0, 0.0, 95014.0, 518.0, 99493.0
-1.0, 0.0, 2.0, 2.0, 0.0, 2.0, 2.0, 1.0, 3.0, -1.0, -1.0, 2.0, 0.0, 0.0, 3.0, 1.0, -1.0, 1.0, 2.0, 0.0, 2.0, -1.0, 1.0, 3.0, -1.0, -1.0, 0.0, 3.0, 0.0, 0.0, 1.0, 2.0, -1.0, 1.0, 1.0, 1.0, 3.0, 1.0, -1.0, 2.0, 1.0, 0.0, 2.0, 0.0, 3.0, 3.0, 2.0, 0.0, 3.0, -1.0, 94592.0, 559.0, 99450.0
2.0, 1.0, 2.0, 0.0, 2.0, 3.0, 3.0, -1.0, 1.0, 3.0, 0.0, 0.0, 3.0, 1.0, 3.0, 0.0, 2.0, 0.0, 2.0, 0.0, 3.0, -1.0, 2.0, 1.0, 1.0, 3.0, 3.0, 3.0, 2.0, 1.0, -1.0, -1.0, 1.0, 2.0, 0.0, 1.0, -1.0, 1.0, 3.0, 0.0, 1.0, -1.0, 3.0, -1.0, 0.0, 0.0, 2.0, 1.0, 2.0, 0.0, 94517.0, 588.0, 99431.0
3.0, 0.0, 2.0, 0.0, 1.0, -1.0, 0.0, 2.0, 1.0, 2.0, 3.0, -1.0, 0.0, 1.0, 3.0, -1.0, 3.0, 1.0, 0.410910372253, 3.0, 3.0, 3.0, 0.0, 0.0, 2.0, 1.0, 1.00225668214, 3.0, 1.88914623059, 1.0, -1.0, -1.0, -1.0, 2.00694231745, 2.0, 3.0, 1.0, 0.0, -1.0, 2.0, 0.0, 0.0, 1.0, 3.0, 1.0, 2.0, -1.0, 2.0, 1.0, -1.0, 94762.0, 558.0, 99455.0
3.0, 0.0, 2.0, 0.0, 1.0, -1.0, 0.0, 2.0, 1.0, 2.0, 3.0, -1.0, 0.0, 1.0, 3.0, -1.0, 3.0, 1.0, 0.0, 3.0, 3.0, 3.0, 0.0, 0.0, 2.0, 1.0, 0.0, 3.0, 3.0, 1.0, -1.0, 1.0, -1.0, 2.0, 2.0, 3.0, 2.0, 0.0, -1.0, 2.0, 0.0, 1.0, 1.0, 3.0, 1.0, 2.0, -1.0, 2.0, 1.0, -1.0, 94662.0, 574.0, 99437.0
2.0, 1.0, 2.0, -0.420421682375, 2.0, 3.0, 3.0, -1.0, 1.0, 3.0, 0.0, 0.0, 3.0, 1.0, 3.0, 0.0, 2.0, 0.0, 2.0, 0.0, 3.0, -1.0, 2.0, 1.0, 1.0, 3.0, 3.0, 3.0, 2.0, 1.0, -0.911214457713, -1.0, 1.0, 2.0, 0.0, 1.0, -1.0, 1.0, 3.0, 0.0, 1.0, -1.0, 3.0, -1.0, 0.0, 0.0, 2.0, 1.0, 2.0, -0.605898384646, 94640.0, 572.0, 99442.0
3.0, -1.0, 0.0, 2.0, 0.0, -1.0, -1.0, 1.0, -1.0, 2.0, -1.0, 0.0, 3.0, 0.0, 1.0, -1.0, -1.0, 0.0, 2.0, 3.0, 3.0, 0.0, 2.0, 2.0, -1.0, 0.0, 1.0, 0.0, 1.0, 1.0, 1.0, 1.0, -1.0, 2.0, 2.0, 0.0, 1.0, -1.0, 1.0, 3.0, 0.0, 2.0, 2.0, -1.0, 2.0, 3.0, 2.0, 3.0, 1.0, -1.0, 94979.0, 525.0, 99488.0
3.0, 2.0, 0.0, 1.0, 1.0, 3.0, 3.0, 2.0, -1.0, 0.0, -1.0, 2.0, 3.0, 0.0, 0.0, 0.0, 0.0, 1.0, 2.0, 2.0, 0.0405238976511, 1.0, -1.0, 2.0, -1.0, -1.0, -1.0, -1.0, -1.0, -0.323056818686, 3.0, 2.0, -1.0, 0.0, 1.22798418845, 2.0, 3.0, 1.0, 2.0, 0.0, -1.0, -1.0, 3.0, 0.0, 1.0, -1.0, 2.0, -1.0, -1.0, 2.0, 95092.0, 493.0, 99515.0
0.0, 1.0, -1.0, -1.0, 3.0, 3.0, 1.0, -1.0, 1.0, 0.0, -1.0, 0.0, 0.0, 3.0, 0.0, 0.0, 2.0, 0.0, -1.0, -1.0, -1.0, 1.0, 1.0, 0.0, 2.0, -1.0, 1.0, 2.0, 1.0, 2.0, 3.0, -1.0, -1.0, -1.0, 2.0, 1.0, 2.0, 2.0, 1.0, 0.0, -1.0, -1.0, 0.0, -1.0, 2.0, -1.0, 1.0, 2.0, 1.0, 3.0, 95248.0, 487.0, 99542.0
2.0, 0.0, -1.0, 3.0, 2.0, 2.0, 2.0, 0.0, -1.0, 0.0, -1.0, 1.0, 3.0, -1.0, 1.0, 3.0, 0.0, 3.0, 2.0, -1.0, 0.0, 2.0, 1.0, -1.0, 1.0, 1.0, -1.0, -1.0, 0.0, 0.0, -1.0, 3.0, -1.0, 3.0, 1.0, 1.0, -1.0, 2.0, 1.0, 3.0, 1.0, 1.0, 0.0, -1.0, -1.0, 2.0, 0.0, 3.0, 2.0, 1.0, 95377.0, 499.0, 99501.0
3.0, 3.0, 3.0, 3.0, 0.0, 1.0, 1.06425420813, 1.0, 0.0, 0.0, 3.0, -1.0, 0.0, 2.0, 2.0, -1.0, 3.0, 0.0, 1.0, 1.06287409738, 1.11231589918, 3.0, 1.0, 0.0, -1.0, -1.0, -1.0, 1.0, 0.0, -1.0, 1.0, -1.0, 1.34054142512, 1.69337108321, 0.26637234327, 0.0, 3.0, 2.0, 0.117530689005, 1.0, 3.0, -1.0, 2.0, 0.0, 2.0, -1.0, -1.0, 0.0, 3.0, 3.0, 94602.0, 547.0, 99473.0
3.0, 1.0, 0.0, 0.0, 2.0, 1.0, 2.0, 0.0, -1.0, 0.0, 2.0, -1.0, 0.0, -1.0, 1.0, -1.0, 2.0, 3.0, 2.0, 1.0, -1.0, 0.0, -1.0, 3.0, 2.0, -1.0, 1.0, 2.0, 3.0, -1.0, 3.0, 3.0, 2.0, 1.0, 1.0, 1.0, 0.0, 0.0, 2.0, 3.0, 3.0, 1.0, 3.0, 2.0, -1.0, -1.0, 0.0, 3.0, 0.0, 3.0, 95047.0, 555.0, 99464.0
1.0, 1.0, 0.0, 1.0, 2.0, 3.0, 3.0, 2.0, 1.0, 1.0, 2.0, 2.0, -1.0, 1.0, 3.0, 0.0, 3.0, 0.0, 1.0, -1.0, 0.0, 3.0, -1.0, 1.0, 2.0, -1.0, 3.0, 0.0, 1.0, 2.0, 3.0, 1.0, 0.0, 0.0, 0.0, 2.0, 1.0, 0.0, 3.0, 2.0, -1.0, 3.0, 2.0, 3.0, 2.0, 2.0, -1.0, 0.0, 2.0, -1.0, 94436.0, 592.0, 99437.0
1.0, 2.0, 0.0, -1.0, 1.0, 2.0, -1.0, -1.0, 2.0, 2.0, -1.0, 0.0, 0.0, -1.0, 2.0, 3.0, -1.0, 1.0, 1.0, -1.0, 1.0, -1.0, -1.0, -1.0, 3.0, 0.0, 0.0, -1.0, 3.0, 1.0, 0.0, 2.0, 0.0, 1.0, 1.0, 2.0, 0.0, 3.0, 3.0, -1.0, 1.0, 0.0, 3.0, 3.0, 3.0, 0.0, 1.0, -1.0, 3.0, -1.0, 95479.0, 492.0, 99520.0
0.0, 0.0, 0.0, 0.0, 1.0, 1.0, 2.0, -1.0, 3.0, 3.0, 1.0, 1.0, 2.0, -1.0, 3.0, 3.0, 2.0, 1.0, -1.0, 1.0, 3.0, 2.0, 3.0, 2.0, 0.0, 2.0, 3.0, -1.0, 0.0, 2.0, -1.0, 3.0, 0.0, 1.0, 2.0, 3.0, 2.0, 3.0, 0.0, -1.0, 0.0, 0.0, 1.0, 1.0, -1.0, 1.0, 0.0, 1.0, 0.0, 2.0, 94466.0, 596.0, 99434.0
1.0, 0.0, 3.0, 1.99275639758, -1.0, 0.0, 3.0, -1.0, 2.0, 2.0, -1.0, 1.71606022822, 0.0, 2.0, 0.0, 3.0, 0.0, 3.0, 1.0, 1.0, -1.0, 0.0, 3.0, 2.0, 2.0, 1.0, 3.0, -1.0, 3.0, 0.0, -1.0, -1.0, 1.29813404453, 1.0, 1.31811547107, 1.0, 0.0, -0.378269965327, 2.0, 1.0, 1.0, 0.0, -1.0, 3.0, 2.0, 0.526381860385, 2.0, 0.0, -1.0, -1.0, 94692.0, 550.0, 99470.0
-1.0, 2.0, -1.0, 3.0, -1.0, 3.0, -1.0, 2.0, 2.0, 0.0, 1.0, 1.0, -1.0, -1.0, -1.0, 2.0, 3.0, -1.0, 1.0, -1.0, 0.0, 3.0, 1.0, 2.0, -1.0, 1.0, 3.0, 1.0, 0.0, 1.0, 0.0, -1.0, -1.0, 0.0, 0.0, -1.0, 3.0, 0.0, 1.0, 1.0, 3.0, 2.0, 2.0, 3.0, 2.0, 1.0, -1.0, -1.0, 0.0, 0.0, 95738.0, 485.0, 99573.0
-1.0, 0.0, 2.0, -1.0, 0.0, -1.0, 0.0, 1.0, 1.0, -1.0, -1.0, 0.0, 3.0, 2.0, -1.0, -1.0, 0.0, 2.0, 0.0, 3.0, 2.0, 1.0, 1.0, 3.0, 0.0, -1.0, -1.0, 1.0, 3.0, -1.0, 2.0, 3.0, 0.0, 1.0, 2.0, 0.0, 0.0, 2.0, 3.0, 3.0, 1.0, 0.0, -1.0, 2.0, -1.0, 1.0, 2.0, 1.0, 0.0, 1.0, 94905.0, 528.0, 99490.0
3.0, 2.0, 0.0, 1.0, 1.0, 3.0, 3.0, 2.0, -1.0, 0.0, -1.0, 2.0, 3.0, 0.0, 0.0, 0.0, 0.0, 1.0, 2.0, 2.0, 1.0, 1.0, -1.0, 2.0, -1.0, -1.0, -1.0, -1.0, -1.0, 1.0, 3.0, 2.0, -1.0, 0.0, 3.0, 1.0, 3.0, 1.0, 2.0, 0.0, -1.0, -1.0, 3.0, 0.0, 1.0, -1.0, 2.0, -1.0, -1.0, 2.0, 95234.0, 493.0, 99515.0
1.0, 2.0, 2.0, -1.0, -1.0, 0.0, 0.0, 0.0, 1.0, 2.0, 0.0, -1.0, 0.0, 3.0, 2.0, 3.0, -1.0, 1.0, 3.0, 3.0, 2.0, 3.0, -1.0, 0.0, -1.0, 2.0, -1.0, -1.0, -1.0, -1.0, -1.0, 3.0, 2.0, 0.0, 1.0, 1.0, 1.0, 3.0, -1.0, 2.0, 0.0, 3.0, 2.0, -1.0, 2.0, 2.0, 0.0, -1.0, 2.0, -1.0, 95789.0, 487.0, 99545.0
1.30698663746, 0.0, -1.0, 3.0, 2.0, 2.0, 2.0, 0.0, -1.0, 0.0, 0.275094879167, 1.0, 3.0, -1.0, 1.0, 3.0, 0.0, 3.0, 2.0, -1.0, 0.0, 2.0, 2.0, -1.0, -1.0, 1.0, -1.0, -1.0, 0.0, 0.0, 1.0, 3.0, -1.0, 3.0, 1.0, 1.0, -1.0, 2.0, 1.0, 3.0, 1.0, 1.0, 0.0, -1.0, -1.0, 2.0, 0.0, 3.0, 2.0, 0.853606584156, 95401.0, 523.0, 99501.0
3.0, 1.0, 0.0, -1.0, 0.0, 1.0, 2.0, -1.0, 3.0, -1.0, 0.0, -1.0, 1.0, 2.0, 1.0, 3.0, 1.0, 1.0, 2.0, 0.0, 0.0, 2.0, -1.0, 1.0, 2.0, 0.0, -1.0, 2.0, 0.0, -1.0, 2.0, 3.0, -1.0, 2.0, -1.0, 2.0, 1.0, 0.0, 3.0, -1.0, 3.0, 1.0, 0.0, 3.0, -1.0, 2.0, -1.0, 0.0, 3.0, -1.0, 95136.0, 514.0, 99505.0
1.0, 3.0, -1.0, 0.0, 1.0, -1.0, 3.0, 2.0, -1.0, 2.0, -1.0, -1.0, 2.0, 2.0, -1.0, 1.0, 0.0, 3.0, 3.0, 1.0, 0.0, 2.0, -1.0, 3.0, 0.0, 2.0, -1.0, 2.0, 0.0, -1.0, 0.0, 1.0, -1.0, 0.0, 0.0, 2.0, 3.0, -1.0, -1.0, 1.0, 3.0, 1.0, 3.0, -1.0, 0.0, 1.0, 0.0, 3.0, 0.0, 2.0, 95334.0, 509.0, 99509.0
-1.0, 2.0, 1.0, 0.0, 2.0, 2.0, 1.0, -1.0, 3.0, 2.0, 3.0, 1.0, 1.0, -1.0, -1.0, -1.0, 0.0, -1.0, 1.0, 3.0, 0.0, 2.0, -1.0, 3.0, -1.0, 0.0, 0.0, 1.0, -1.0, 2.0, 0.0, 2.0, -1.0, 0.0, 0.0, 2.0, 0.0, 2.0, 1.0, -1.0, 1.0, 3.0, 1.0, 0.0, -1.0, 2.0, -1.0, 1.0, 2.0, 1.0, 95103.0, 514.0, 99515.0
0.0, 3.0, 2.0, 0.0, 0.0, -1.0, 3.0, 1.0, -1.0, 2.0, -1.0, 3.0, -1.0, 1.0, 1.0, -1.0, 2.0, 2.0, 2.0, 2.0, 0.0, 2.0, -1.0, 1.0, 2.0, 0.0, 1.0, 3.0, 0.0, 1.0, 1.0, 0.0, 1.0, 2.0, 3.0, 2.0, 3.0, -1.0, 1.0, 0.0, -1.0, 0.0, 1.0, 3.0, 0.0, -1.0, 3.0, 3.0, 2.0, 0.0, 94726.0, 568.0, 99449.0
2.0, 3.0, -1.0, 2.0, -1.0, 1.0, -1.0, -1.0, -1.0, 3.0, 2.0, 1.0, 0.0, -1.0, 2.0, 3.0, 2.0, 2.0, 1.0, 0.0, 1.0, -1.0, -1.0, 0.0, 0.0, 3.0, 2.0, 2.0, 1.0, 3.0, 1.0, 0.0, 2.0, -1.0, 0.0, 0.0, -1.0, 3.0, 0.0, 1.0, 2.0, 3.0, 1.0, 0.0, 0.0, 2.0, 1.0, 3.0, 0.0, 1.0, 94741.0, 550.0, 99470.0
3.0, 3.0, 3.0, 2.0, 0.0, 1.0, -1.0, 1.0, 0.0, 0.0, 3.0, -1.0, 0.0, 2.0, 2.0, -1.0, 3.0, 0.0, 1.0, 1.0, 2.0, 3.0, 1.0, 0.0, -1.0, -1.0, -1.0, 1.0, 0.0, -1.0, 1.0, -1.0, 0.0, 1.0, 2.0, 0.0, 3.0, 2.0, 3.0, 1.0, 3.0, -1.0, 2.0, 0.0, 2.0, -1.0, -1.0, 0.0, 3.0, 3.0, 94891.0, 532.0, 99487.0
3.0, -1.0, 1.0, 0.0, 2.0, 3.0, 0.0, -1.0, 0.0, 0.0, 3.0, -1.0, 0.0, 3.0, 2.0, 2.0, 2.0, 1.0, 0.0, 1.0, 1.0, 3.0, 2.0, 0.0, 2.0, -1.0, -1.0, 2.0, 1.0, 1.0, -1.0, -1.0, 0.0, 2.0, 1.0, 0.0, 1.0, 0.0, -1.0, 1.0, 1.0, 1.0, -1.0, 2.0, 3.0, 3.0, 0.0, -1.0, -1.0, 1.0, 94802.0, 537.0, 99487.0
-1.0, 0.0, 2.0, -1.0, 1.69689457185, -1.0, 0.0, 1.0, 1.0, -1.0, -1.0, 0.0, 3.0, 2.0, -1.0, -1.0, 0.0, 2.0, 0.0, 3.0, 2.0, 1.0, 1.0, 2.42215335287, 0.0, -1.0, -1.0, 1.0, 3.0, 0.288423576648, 2.0, 3.0, 0.0, 1.0, 2.99826913491, 0.0, 0.0, 2.0, 3.0, 3.0, 0.869447479231, 0.0, -1.0, 2.0, -1.0, 1.0, 2.0, 1.0, 0.0, 1.0, 94794.0, 540.0, 99473.0
1.0, 0.0, 3.0, 2.0, 3.0, 3.0, -1.0, 2.0, -1.0, 1.0, -1.0, 1.0, 1.0, 2.0, 0.0, -1.0, -1.0, 3.0, 2.0, -1.0, 1.0, 2.0, 0.0, -1.0, 3.0, 3.0, 1.0, -1.0, 3.0, 1.0, 1.0, 0.0, 0.0, -1.0, 1.0, 0.0, 2.0, 0.0, 0.0, 2.0, 2.0, 0.0, 0.0, -1.0, 0.0, 3.0, -1.0, 2.0, 1.0, 3.0, 95049.0, 531.0, 99491.0
1.0, -1.0, 2.42080910275, -1.0, 1.0, -1.0, -1.0, 2.33062736371, 3.0, 0.0, 0.0, 0.0, 1.0, 1.0, 0.0, 1.0, -0.130031736947, 3.0, 0.0, -1.0, 0.0, 2.0, 2.0, 2.0, 0.79560579876, -1.0, 2.0, -1.0, 1.0, 1.67365549794, 3.0, -1.0, 1.0, 3.0, 1.0, 2.0, 3.0, 2.0, -1.0, 0.0, -1.0, 2.0, 3.0, -1.0, 0.0, 2.0, -1.0, 0.0, 1.0, 3.0, 95104.0, 530.0, 99508.0
0.0, 0.0, 1.0, 2.0, 1.0, -1.0, 2.0, 0.0, -1.0, 2.0, 1.0, 1.76615678361, 1.49114766719, 0.0, 2.0, 2.0, 1.0, 1.0, 1.0, 3.0, 2.0, 2.0, 3.0, -1.0, -1.0, 1.0, -1.0, -1.0, 0.0, 2.0, 3.0, 1.0, 0.0, -1.0, -1.0, 0.0, 0.0, 0.0, 0.0, -1.0, 3.0, 3.0, 1.0, 2.0, -0.40821447317, 2.0, -1.0, -1.0, 3.0, 3.0, 95001.0, 531.0, 99499.0
3.0, 1.0, 0.0, 0.0, 2.0, 1.0, 1.89297953405, 0.0, -1.0, 0.0, 2.0, -1.0, 0.0, -1.0, 0.476595197172, 1.0, 2.15918623108, 3.0, 2.0, 1.0, -1.0, 0.0, -1.0, 3.0, 2.0, -1.0, 1.0, 2.0, 3.0, -1.0, 3.0, 3.0, 2.0, 1.0, 1.0, 1.0, -1.0, 0.0, 2.0, 3.0, 3.0, 1.0, 3.0, 2.0, -1.0, -1.0, 0.0, 3.0, 0.0, 3.0, 95044.0, 559.0, 99465.0
1.0, 2.0, 3.0, 1.0, 3.0, 3.0, 2.0, 2.0, 0.0, 1.0, 1.0, -1.0, -1.0, -1.0, 1.0, 1.0, 3.0, 2.0, -1.0, 2.0, 0.0, 3.0, -1.0, 1.0, 0.0, 2.0, 2.0, 0.0, 3.0, -1.0, 2.0, 0.0, 3.0, 1.0, 0.518987745819, 0.181235336867, 3.0, 2.0, 3.0, 3.0, -1.0, -1.0, 2.0, 1.0, -0.279423525497, 0.0, 0.0, 0.0, 0.0, 3.0, 94700.0, 587.0, 99458.0
1.0, 2.0, -1.0, -1.0, 1.0, 1.0, -1.0, 2.0, 1.0, 0.0, 3.0, 1.0, 2.0, 1.0, 3.0, -1.0, -1.0, 0.0, 0.0, 2.0, -1.0, 3.0, -1.0, 0.0, -1.0, 1.0, 2.0, 3.0, 3.0, 0.0, 1.0, 2.0, 0.0, 2.0, 0.0, 3.0, 1.0, 0.0, -1.0, 2.0, 2.0, 3.0, 1.0, 2.0, 0.0, 3.0, -1.0, 3.0, 0.0, 0.0, 94720.0, 560.0, 99459.0
2.0, 1.0, 3.0, -1.0, 1.0, 1.0, 2.0, 3.0, 2.0, 1.0, -1.0, 0.0, 0.0, 0.0, 0.0, -1.0, 0.0, 2.0, -1.0, -1.0, 1.0, -1.0, 2.0, 0.0, -1.0, -1.0, 0.0, 1.0, -1.0, 1.0, 1.0, 0.0, 2.0, -1.0, 2.0, 3.0, 3.0, -1.0, 1.0, -1.0, 2.0, 3.0, 1.0, 2.0, -1.0, -1.0, 0.0, 1.0, 3.0, 0.0, 95241.0, 500.0, 99533.0
0.0, 1.25785515046, -1.0, 3.0, 3.0, 3.0, 1.0, -1.0, 1.0, 0.0, -1.0, 0.0, 0.0, 3.0, 0.0, 0.0, 2.0, 2.0, -1.0, -1.0, -1.0, 1.0, 2.0, 0.0, 2.0, -1.0, 1.0, 2.0, 1.0, 2.0, 3.0, -1.0, -1.0, -1.0, 2.0, 1.0, 2.0, 2.0, 1.0, 1.23678325568, -1.0, -1.0, 0.0, -1.0, 2.0, -1.0, 1.0, 2.0, 1.0, 3.0, 95333.0, 498.0, 99530.0
-1.0, 3.0, -1.0, -1.0, 0.0, 3.0, -1.0, 3.0, 1.0, 3.0, 1.0, -1.0, 0.0, -1.0, -1.0, -1.0, 3.0, 0.0, 1.0, -1.0, 1.0, 1.0, -1.0, 2.0, 3.0, 1.0, 3.0, 0.0, 0.0, -1.0, 3.0, 2.0, -1.0, 2.0, 0.0, -1.0, 0.0, 2.0, 0.0, 0.0, 2.0, -1.0, 3.0, 2.0, 1.0, 2.0, 0.0, 2.0, 1.0, 2.0, 95280.0, 504.0, 99532.0
1.0, 3.0, 3.0, 0.0, -1.0, 0.0, 0.0, 1.0, 0.0, -1.0, 1.0, 2.0, 2.0, 0.0, 0.0, 2.0, 0.0, -1.0, 2.0, -1.0, 2.0, 2.0, 1.0, -1.0, 1.0, -1.0, 2.0, 1.0, 2.0, 2.0, -1.0, 2.0, 3.0, 3.0, 0.0, 3.0, -1.0, 0.0, -1.0, 0.0, 0.0, 3.0, -1.0, 1.0, -1.0, -1.0, -1.0, 3.0, 3.0, 1.0, 95409.0, 522.0, 99514.0
0.0, 0.0, 1.0, 2.0, 1.0, -1.0, 2.0, 0.0, -1.0, 2.0, 1.0, 1.0, -1.0, 0.0, 2.0, 2.0, 1.0, 1.0, 1.0, 3.0, 2.0, 2.0, 3.0, -1.0, -1.0, 1.0, -1.0, -1.0, 0.0, 2.0, 3.0, 1.0, 0.0, -1.0, -1.0, 0.0, 0.0, 0.0, 0.0, -1.0, 3.0, 3.0, 1.0, 2.0, 0.0, 2.0, -1.0, -1.0, 3.0, 3.0, 95124.0, 518.0, 99516.0
1.0, -1.0, 0.0, -1.0, 1.0, -1.0, -1.0, 1.0, 3.0, 0.0, 0.0, 0.0, 1.0, 1.0, 0.0, 1.0, 0.0, 3.0, 0.0, -1.0, 0.0, 2.0, 2.0, 2.0, -1.0, -1.0, 2.0, -1.0, 1.0, 3.0, 3.0, -1.0, 1.0, 3.0, 1.0, 2.0, 3.0, 2.0, -1.0, 0.0, -1.0, 2.0, 3.0, -1.0, 0.0, 2.0, -1.0, 0.0, 1.0, 3.0, 95158.0, 516.0, 99519.0
1.0, 3.0, 0.0, -1.0, 3.0, 2.0, 2.0, 3.0, 2.0, 0.0, 1.0, 3.0, 1.0, -1.0, 0.0, 1.0, 0.0, 0.0, 2.0, -1.0, 0.0, 1.0, 1.0, 1.0, 3.0, 1.0, 0.0, 0.0, 2.0, 1.0, -1.0, -1.0, 0.0, 0.0, 0.0, 3.0, 2.0, 1.0, -1.0, 2.0, 3.0, 3.0, 3.0, -1.0, 3.0, 2.0, 2.0, 2.0, 3.0, -1.0, 94766.0, 581.0, 99453.0
0.0, 3.0, 2.0, 0.0, 0.0, -1.0, 3.0, 1.0, -1.0, 2.0, -1.0, 3.0, -1.0, 1.0, 1.0, -1.0, 2.0, 2.0, 2.0, 3.0, 0.0, 2.0, -1.0, 1.0, 2.0, 0.0, 1.0, 3.0, 0.0, 1.0, 1.0, 0.0, 1.0, 2.0, 3.0, 2.0, 3.0, -1.0, 1.0, 0.0, -1.0, 0.0, 1.0, 3.0, 0.0, -1.0, 3.0, 3.0, 2.0, 0.0, 94773.0, 568.0, 99449.0
1.0, 1.0, 3.0, 2.0, 3.0, 0.0, -1.0, 1.0, 0.0, 1.0, 2.0, 1.0, 1.0, -1.0, -1.0, 1.0, 2.0, 0.0, 1.0, 3.0, 3.0, 2.0, 2.0, 0.0, 3.0, 2.0, -1.0, 3.0, 1.0, -1.0, 2.0, 0.0, -1.0, 3.0, -1.0, 0.0, 2.0, 2.0, 0.0, 0.0, 0.0, 2.0, -1.0, 0.0, 0.0, 0.0, 3.0, 1.0, 1.0, 3.0, 94656.0, 581.0, 99466.0
3.0, 2.0, 0.0, 2.0, 1.0, 3.0, 0.0, -1.0, -0.832753764154, 2.0, 3.0, -1.0, -1.0, 1.0, 1.0, 3.0, -1.0, -1.0, 0.0, 1.0, 3.0, 1.0, 1.0, -1.0, -1.0, 1.0, -1.0, 1.0, 0.0, 0.0, 2.0, 3.0, 1.0, 2.0, 2.0, 2.0, -1.0, -1.0, -1.0, 3.0, -1.0, 0.0, 1.0, 0.0, -1.0, 2.0, 0.0, 0.0, 2.58528009605, 3.0, 95399.0, 508.0, 99531.0
3.0, 1.0, 2.0, -1.0, 3.0, 0.0, 2.0, -1.0, 1.0, 0.0, 2.0, 0.0, 0.0, -1.0, 1.0, 3.0, 2.0, -1.0, 1.0, 1.0, -1.0, 3.0, -1.0, 3.0, 2.0, 3.0, 2.0, 0.0, 2.0, 0.0, 1.0, -1.0, -1.0, 1.0, -1.0, 2.0, -1.0, 1.0, 0.0, -1.0, 0.0, 2.0, 1.0, -1.0, 3.0, 2.0, -1.0, -1.0, 0.0, 0.0, 95394.0, 499.0, 99535.0
-1.0, 3.0, -1.0, -1.0, 0.0, 3.0, -1.0, 3.0, 1.0, 3.0, 1.0, 1.08836140144, 0.0, -1.0, -1.0, -1.0, 3.0, 0.0, 1.0, -1.0, 2.21956139082, 1.0, -1.0, 2.0, 3.0, 1.0, 3.0, 0.0, 0.0, -1.0, 3.0, 2.0, -1.0, 2.0, 0.0, -1.0, 0.0, 2.0, 0.0, 0.0, 2.0, -1.0, 3.0, 2.0, 1.0, 2.0, 0.0, 2.0, 1.0, 2.0, 95136.0, 518.0, 99518.0
-1.0, 1.0, -1.0, 2.0, 3.0, 0.0, 2.0, 0.0, -1.0, 3.0, 1.0, 1.0, 3.0, 0.0, 1.0, 0.0, 3.0, 3.0, 3.0, 0.0, -1.0, 3.0, 0.0, -1.0, 0.0, 2.0, 0.0, 0.0, 0.0, -1.0, -1.0, 3.0, -1.0, 2.0, 3.0, 1.0, 2.0, -1.0, 1.0, 2.0, 1.0, 2.0, 1.0, -1.0, 1.0, 3.0, 2.0, 1.0, -1.0, -1.0, 95330.0, 530.0, 99501.0
-1.0, 1.0, -1.0, 2.0, 2.0, 3.0, 1.38985206679, -1.0, 0.0, -1.0, 0.0, 2.46839091609, 2.0, 1.0, 2.0, 3.0, -0.234678679789, 0.0, 0.0, -1.0, 1.0, -1.0, 0.0, 1.0, 0.0, 2.0, -1.0, -0.575170632561, 0.0, 3.0, 1.0, 3.0, 2.0, -1.0, 0.0, 1.0, -1.0, 2.84153523513, -1.0, -1.0, 2.55413278471, 1.0, 1.0, 0.0, 1.0, 3.0, 3.0, 2.0, 3.0, 2.25493998433, 95277.0, 536.0, 99489.0
2.0, 2.0, 3.0, 0.0, 0.0, 0.0, 1.0, 1.0, 1.0, 0.0, 0.0, 2.0, 2.0, 3.0, 1.0, 2.0, -1.0, 0.0, 2.0, -1.0, 2.0, 1.0, -1.0, 2.0, -1.0, 0.0, 1.0, 1.0, 1.0, 2.0, 0.0, -1.0, 3.0, 3.0, 3.0, 3.0, 2.0, 3.0, 3.0, 0.0, -1.0, 0.0, 1.0, 3.0, 3.0, 0.0, -1.0, -1.0, 2.0, 1.0, 95006.0, 579.0, 99460.0
1.0, 2.0, 3.0, 1.0, 3.0, 3.0, 2.0, 2.0, 0.0, 1.0, 1.0, -1.0, -1.0, -1.0, 1.0, 1.0, 3.0, 2.0, -1.0, 2.0, 0.0, 3.0, -1.0, 1.0, 0.0, 2.0, 2.0, 0.0, 3.0, -1.0, 2.0, 0.0, 3.0, 1.0, 0.0, 3.0, 3.0, 2.0, 3.0, 3.0, -1.0, -1.0, 2.0, 1.0, 1.0, 0.0, 0.0, 0.0, 0.0, 3.0, 94790.0, 587.0, 99458.0
2.0, 2.0, 3.0, -1.0, 3.0, 3.0, -1.0, 0.0, 2.0, 1.0, 3.0, 0.0, 2.0, -1.0, 1.0, 1.0, 3.0, 0.0, 3.0, 1.0, 0.0, 1.0, -1.0, -1.0, 0.0, 0.0, -1.0, 1.0, 1.0, 1.0, 0.0, 2.0, 0.0, 2.0, 1.0, 2.0, 3.0, 3.0, 2.0, 0.0, -1.0, 1.0, 1.0, -1.0, 2.0, 3.0, 2.0, 2.0, -1.0, 0.0, 94907.0, 569.0, 99464.0
-1.0, -1.0, 0.0, 2.0, 3.0, 2.0, 2.0, 0.0, 0.0, 2.0, 3.0, 2.0, 0.0, 0.0, 3.0, 3.0, 3.0, 3.0, 2.0, 0.0, 0.0, 1.0, 1.0, 0.0, -1.0, -1.0, 1.0, 0.0, -1.0, 0.0, 1.0, 2.0, 1.0, 1.0, -1.0, 2.0, 1.0, 1.0, 2.0, -1.0, 1.0, 3.0, 3.0, 2.0, -1.0, 1.0, -1.0, 2.0, 0.0, -1.0, 94853.0, 559.0, 99478.0
1.0, 0.0, 3.0, 1.0, -1.0, 0.0, 3.0, -1.0, 2.0, 2.0, -1.0, 3.0, 0.0, 2.0, 0.0, 3.0, 0.0, 3.0, 1.0, 1.0, -1.0, 0.0, 3.0, 2.0, 2.0, 1.0, 3.0, -1.0, 3.0, 0.0, -1.0, -1.0, 2.0, 1.0, -1.0, 1.0, 0.0, 0.0, 2.0, 1.0, 1.0, 0.0, 3.0, 3.0, 2.0, 1.0, 2.0, 0.0, -1.0, -1.0, 94861.0, 546.0, 99473.0
0.0, 0.0, -1.0, 1.0, 3.0, 2.0, 2.0, -1.0, 1.0, -1.0, -1.0, 3.0, 1.0, -1.0, 1.0, 1.0, -1.0, -1.0, 2.0, 3.0, 2.0, 1.0, 0.0, 2.0, 0.0, -1.0, 0.0, 0.0, 2.0, 3.0, 2.0, 0.0, -1.0, -1.0, 2.0, 0.0, -1.0, 2.0, 1.0, 2.0, 3.0, 3.0, 3.0, 0.0, 0.0, 0.0, 1.0, 1.0, -1.0, 1.0, 95041.0, 535.0, 99490.0
1.0, 3.0, -1.0, 0.0, 1.0, -1.0, 3.0, 2.0, -1.0, 2.0, -1.0, -1.0, 2.0, 2.0, -1.0, 1.59241284845, 0.0, 3.0, 3.0, 1.0, 0.0, 2.0, -1.0, 3.0, 0.0, 2.0, 1.85360629877, 2.0, -0.300904186739, -1.0, 0.0, 1.0, -1.0, 0.0, 0.0, -0.446200097689, 3.0, 0.667645484755, -1.0, 1.28614163573, 3.0, 1.0, 3.0, -1.0, 0.0, 1.0, 0.866220529782, 3.0, 0.0, 2.0, 95063.0, 541.0, 99482.0
-1.0, 0.0, 1.0, 2.0, 1.0, -1.0, 0.0, 2.0, -1.0, 1.0, 2.0, -1.0, 3.0, -1.0, 0.0, -1.0, 2.0, 2.0, -1.0, 3.0, 1.0, -1.0, 1.0, 0.0, 0.0, 1.0, 0.0, 1.0, 3.0, 2.0, 3.0, 3.0, 0.0, 2.0, -1.0, -1.0, 3.0, 1.0, -1.0, 3.0, 0.0, 0.0, 2.0, 2.0, 1.0, 1.0, 2.0, 1.0, 3.0, 0.0, 94955.0, 543.0, 99479.0
1.0, 2.0, 0.0, 3.0, -1.0, 0.0, -1.0, 3.0, 2.0, 3.0, 1.0, 3.0, 1.0, 0.0, 1.0, 2.0, 3.0, 1.0, 3.0, -1.0, -1.0, 0.0, 1.0, 3.0, 2.0, 3.0, -1.0, 2.0, 2.0, 2.0, -1.0, -1.0, 0.0, 0.0, 0.0, 1.0, 0.0, 1.0, 1.0, -1.0, 2.0, 2.0, 0.0, 3.0, 2.0, 1.0, 2.0, 1.0, 0.0, -1.0, 94780.0, 564.0, 99466.0
