3.0, 2.0, -0.721139812367, 1.0, -0.611815027053, 3.0, 3.0, -1.0, -1.0, 0.0, -1.0, 2.0, 3.0, 0.0, 1.53088438741, -0.700547896523, 0.210753036962, 1.0, 2.0, 2.0, 0.0405238976511, 1.0, -1.0, 2.0, -1.0, -1.0, -0.934161032505, -1.0, -1.0, -0.323056818686, 3.0, 1.02000146433, -1.0, 0.0, 1.22798418845, 2.0, 3.0, 1.0, 2.0, 0.0, -1.0, -1.0, 3.0, -0.987610139462, 1.0, -1.0, 2.0, -1.0, 0.257124636243, 2.55909357702, 95833.0, 433.0, 99566.0
-0.759497327713, 1.62585339904, 1.0, 2.0, 2.0, 2.93078964392, -1.0, 1.4485052735, -1.0, 0.0, -1.0, 2.0, 3.0, -1.0, 2.0, -1.0, 2.0, -0.0761735308209, 0.0606432157855, 3.0, 0.0, -1.0, -1.0, 2.0, 1.0, -1.0, 1.0, 1.1438292624, 2.0, 1.61067186711, 0.0, 1.0, -1.0, 2.0, 0.0, 2.04485096304, 3.0, 3.0, 3.0, 0.0, 1.65969435351, 1.0, 1.0, -0.948262005654, -0.314237324281, 0.0, -1.0, -0.00125042673144, 3.0, -1.0, 95040.0, 493.0, 99487.0
0.0998064030477, 2.0, 0.198945012913, 0.259415188411, 1.02925634011, 2.0, -1.0, -1.0, 2.0, 2.64151027087, -1.0, 0.0, -0.51834648, -1.0, 2.0, 3.0, -0.371636343865, -0.840572319115, 0.955221350339, -1.0, 1.0, -1.0, -1.0, -1.0, 3.0, 2.0, -0.674129957924, -1.0, 1.8811089813, 2.62160042403, -0.562918180067, 2.0, -0.573301971706, 2.10095221846, 0.727315003762, 2.0, 0.0, 3.0, 0.191948455823, -1.0, 1.0, 0.0, 3.0, 1.09338473337, 3.0, 0.0, -0.903361075272, 2.1885734879, 0.864857031439, -1.0, 95664.0, 438.0, 99545.0
-1.0, 2.45976889923, 1.78768557434, 3.0, 1.19626876957, 2.74998975512, -1.0, -0.0118796162936, 1.4935541338, 0.974597236127, -0.681098971993, -0.595374156211, -1.0, -1.0, -0.603221918437, 2.0, -0.0214314526039, -1.0, 0.705767914824, 0.124275171106, -0.544927743364, 3.0, 2.0, 2.0, 0.424129543317, -1.0, 3.0, 1.13273046429, 0.0, 2.13659970589, -0.632547657213, -1.0, 0.42749681201, 0.0, 1.3971123569, -1.0, 1.0, -0.368984273178, 1.30011107911, 2.35432600243, 3.0, -1.0, 3.0, 1.6591932639, -0.899666770314, 0.771861791951, -1.0, -1.0, 0.0, -0.634932603572, 95604.0, 426.0, 99588.0
1.42441925602, 2.6943074282, 0.0, -1.0, -0.416082069792, -1.0, -1.0, -1.0, -0.814672640678, 2.0, -1.0, 0.198038867862, -0.977568363973, -1.0, -0.334608745848, 3.0, 1.69327315206, 1.0, 0.955221350339, -1.0, 1.0, -1.0, -1.0, -1.0, 3.0, 2.0, 0.0, -1.0, 1.0, 0.528042948032, 0.0, -0.0584349146629, -0.85903775419, 1.0, 1.0, -0.974795145622, 0.0, 3.0, 3.0, -1.0, 1.0, 1.48197123264, 3.0, 3.0, 1.54044356352, -0.804277521619, 0.930838246935, -1.0, 3.0, -0.768427776649, 95879.0, 425.0, 99579.0
3.0, -0.670641313654, 1.88294438664, -0.906773075776, 1.0, -1.0, 3.0, 2.0, 2.59541498199, -0.831665597308, 3.0, -1.0, 0.498022994232, 0.988167771213, 2.12865929667, -1.0, 3.0, 1.0, 0.410910372253, 0.0, -0.669975214106, -1.0, -0.956062542019, 0.0, 2.0, -1.0, -0.511555147487, 3.0, 1.88914623059, -1.0, -1.0, -1.0, -1.0, 2.00694231745, 2.0, -0.128229119611, 1.0, 0.0, -1.0, 2.69591045779, 2.60187092205, 0.0, 1.0, 0.0, 1.0, -0.870741821508, -0.025054697661, 2.0, 0.295064974391, -1.0, 95448.0, 443.0, 99543.0
1.42441925602, 2.6943074282, 0.0, -1.0, -0.416082069792, -1.0, -1.0, -1.0, -0.814672640678, 2.0, -1.0, 0.198038867862, -0.982648662371, -1.0, -0.334608745848, 3.0, 1.69327315206, 1.0, 0.955221350339, -0.652166979863, 1.0, -1.0, -1.0, -1.0, 3.0, 2.0, 0.0, -1.0, 1.0, 0.528042948032, 0.0, -0.631080181562, 0.115929254083, 1.0, 1.0, -0.974795145622, 0.0, 3.0, 0.398990923687, -1.0, 1.0, 1.48197123264, 3.0, 1.96669685907, 1.50320830755, -0.511710949383, 0.930838246935, -1.0, 3.0, -0.768427776649, 95758.0, 423.0, 99584.0
1.0, 2.42846380985, 0.0, -1.0, 2.87402620721, 1.74044073694, -1.0, -1.0, 0.198789131376, 2.49485995053, -1.0, 2.77455463106, -0.51834648, -0.729530976173, 1.44884982954, -1.0, -0.975989595391, -0.429279632185, 1.66497802271, 0.536187389179, 1.0, -1.0, -1.0, -1.0, 2.86893448033, -0.865129316497, 2.59319621065, -1.0, -0.342125621535, 0.152762260608, -0.677591757602, 2.16123385167, 1.05045453031, 1.0, 1.28418928857, 2.0, 0.0, 3.0, 3.0, -1.0, 2.06742252433, 0.0, 3.0, 2.86256795483, 3.0, -0.941119884426, 1.20687258153, -1.0, 3.0, -1.0, 95968.0, 431.0, 99558.0
3.0, -0.670641313654, 1.88294438664, -0.906773075776, 1.0, -1.0, 3.0, 2.0, 2.59541498199, -0.831665597308, 3.0, -1.0, 0.498022994232, 0.988167771213, 2.12865929667, -1.0, 3.0, 1.0, 0.410910372253, 0.0, -0.393116679666, -1.0, -0.956062542019, 0.0, 2.0, -1.0, -0.511555147487, 3.0, 1.88914623059, 1.0, -1.0, -1.0, -1.0, 2.00694231745, 2.0, -0.128229119611, 1.0, 0.0, -1.0, 2.45994835431, 2.60187092205, 0.0, 1.0, 0.0, 1.0, -0.870741821508, -0.025054697661, 2.0, 0.295064974391, -1.0, 95099.0, 468.0, 99516.0
3.0, -0.670641313654, 1.88294438664, -0.906773075776, 1.0, -1.0, 3.0, 2.0, 2.59541498199, 1.22322737333, 3.0, -1.0, 0.498022994232, 0.988167771213, 2.95538023218, -1.0, 3.0, 0.978136307427, 0.410910372253, 0.0, -0.393116679666, -1.0, -0.956062542019, 0.0, 1.94572953656, -1.0, -0.511555147487, 3.0, 1.88914623059, 1.0, -1.0, -1.0, -1.0, 2.00694231745, 2.0, -0.128229119611, 1.0, 0.0, -1.0, 2.45994835431, 1.68400126124, 0.0, 1.0, 0.0, 1.0, -0.870741821508, -0.025054697661, 2.0, 0.295064974391, -1.0, 95033.0, 478.0, 99509.0
-1.0, 2.45976889923, 1.28909070445, -1.0, -1.0, 3.0, -1.0, -0.0118796162936, 2.58331703561, 1.0, -0.681098971993, -0.617678695589, -1.0, -1.0, -0.620747683284, 2.0, 0.354347534564, -1.0, 1.0, 0.124275171106, -0.688423473735, 3.0, 2.41425352411, 2.0, 0.424129543317, -1.0, 0.0, 1.13273046429, 0.0, 1.01052225334, -0.632547657213, -1.0, 0.42749681201, 0.0, 1.3971123569, -1.0, 1.0, -0.368984273178, 1.30011107911, 2.35432600243, 3.0, -1.0, 3.0, 1.94442604579, -0.899666770314, 1.0, -1.0, -1.0, 0.0, 0.167708976649, 95673.0, 418.0, 99609.0
-0.0621535174377, 2.13964335779, 2.37532153599, -0.584862795418, 2.96039990815, 0.768712559853, 0.452479877568, 2.0, -1.0, 0.4558141929, -1.0, 2.09746204196, -0.0257928351674, -1.0, -0.474639720477, 0.68281973008, -0.346084424864, 1.16102691698, 2.0, 0.657305108605, -0.0263137764021, -0.80641621769, -0.696664235866, 2.0, -0.912665887394, -1.0, 1.94523744587, 1.14314848323, -0.0411764927554, 2.0, 0.533273322968, 1.15696891245, -1.0, -0.821107662406, 0.0, -0.777721063842, -1.0, -0.410367556462, 1.45625566457, 0.0, -0.637460787345, 1.8913999124, 1.0, 0.0, 3.0, -0.960285835074, -1.0, 1.94799091547, 3.0, 1.22990059705, 94846.0, 479.0, 99518.0
1.0, 2.42846380985, 0.0, -1.0, 1.55023520515, 1.74044073694, -1.0, -0.916102562745, 2.71615852644, 2.49485995053, -1.0, 1.86731151473, -0.51834648, -1.0, 1.44884982954, -1.0, -0.975989595391, -0.429279632185, 0.304478861709, 0.536187389179, 1.0, -1.0, -1.0, -1.0, 2.86893448033, -0.865129316497, -0.805250158247, -1.0, -0.342125621535, 0.152762260608, -0.677591757602, 2.16123385167, 1.05045453031, 1.0, 1.28418928857, 2.0, -0.923458617211, 3.0, 3.0, 2.01862628867, 2.06742252433, 0.0, 3.0, 3.0, 3.0, -0.941119884426, 1.0, -1.0, 3.0, -1.0, 95955.0, 410.0, 99563.0
1.0, 2.42846380985, 0.0, -1.0, 1.55023520515, 1.74044073694, -1.0, -0.916102562745, 2.71615852644, 2.49485995053, -1.0, 1.86731151473, -0.51834648, -0.17447935479, 1.44884982954, -0.378348143232, -0.975989595391, -0.429279632185, 0.304478861709, 0.536187389179, 1.0, -1.0, -1.0, -1.0, 2.86893448033, -0.865129316497, -0.805250158247, -1.0, -0.342125621535, 0.152762260608, -0.677591757602, 2.16123385167, 1.05045453031, 1.0, 1.28418928857, -0.379940940587, -0.700191208086, 3.0, 3.0, 2.01862628867, 2.06742252433, 0.0, 3.0, 3.0, 3.0, -0.941119884426, 1.0, -1.0, 3.0, -1.0, 95611.0, 443.0, 99540.0
1.0, 2.42846380985, 0.0, -1.0, 2.87402620721, 1.74044073694, -1.0, -1.0, 2.71615852644, 2.49485995053, -1.0, 2.77455463106, -0.51834648, -1.0, 1.44884982954, -1.0, -0.975989595391, -0.429279632185, 1.66497802271, 0.536187389179, 1.0, -1.0, -1.0, -1.0, 2.86893448033, -0.865129316497, 2.59319621065, -1.0, -0.342125621535, 0.152762260608, -0.677591757602, 2.16123385167, 1.05045453031, 1.0, 1.28418928857, 2.0, 0.0, 3.0, 3.0, -1.0, 2.06742252433, 0.0, 3.0, 3.0, 3.0, -0.941119884426, 1.0, -1.0, 3.0, -1.0, 96043.0, 431.0, 99558.0
-1.0, 2.45976889923, 1.28909070445, -1.0, -1.0, 3.0, -1.0, -0.0118796162936, 2.58331703561, 1.0, -0.681098971993, -0.617678695589, -1.0, -1.0, -0.620747683284, 2.0, 0.914791904439, -1.0, 1.0, 0.124275171106, -0.688423473735, 2.39921935837, 2.41425352411, 2.0, 0.424129543317, -1.0, 0.0, 1.13273046429, 0.0, 1.01052225334, -0.632547657213, -1.0, 0.42749681201, 0.0, 1.3971123569, -1.0, 1.0, -0.368984273178, 1.63153984197, 2.35432600243, 3.0, -1.0, 3.0, 1.94442604579, -0.899666770314, 1.0, -1.0, -1.0, 0.0, 0.167708976649, 95719.0, 418.0, 99609.0
