3.0, 2.0, 0.0, 1.0, 1.0, 3.0, 3.0, 2.0, -1.0, 0.0, -1.0, 2.0, 3.0, 0.0, 0.0, 0.0, 0.0, 1.0, 2.0, 2.0, 0.0405238976511, 1.0, -1.0, 2.0, -1.0, -1.0, -1.0, -1.0, -1.0, -0.323056818686, 3.0, 0.409866103941, -1.0, 0.0, 1.22798418845, 2.0, 3.0, 1.0, 2.0, 0.0, -1.0, -1.0, 3.0, -0.930155839968, 1.0, -1.0, 2.0, -1.0, -1.0, 2.0, 95236.0, 479.0, 99531.0
1.0, 2.0, 0.0, -1.0, 0.586941624785, 2.64799216334, -1.0, -1.0, 2.71615852644, 2.47667911434, -1.0, 0.291630881989, -0.51834648, -1.0, 2.67120919301, -1.0, -0.346084424864, 1.94957206236, 1.66497802271, -1.0, 1.0, -1.0, -1.0, -1.0, 3.0, -0.865129316497, 0.0, -1.0, 1.0, 0.152762260608, 0.0, 2.16123385167, 1.05045453031, 1.0, 1.0, 2.0, 0.0, 3.0, 3.0, -1.0, 0.65411960414, 0.0, 3.0, 3.0, 3.0, 0.0, 1.0, -1.0, 3.0, -1.0, 95800.0, 456.0, 99546.0
1.0, 3.0, -1.0, 0.0545975345759, 1.0, -1.0, 0.782108226584, 2.0, -1.0, -0.509714151005, -1.0, -1.0, 1.0, 2.82575212289, -1.0, 1.0, 0.0, 3.0, 3.0, 1.0, 0.0, 2.0, -1.0, 3.0, 0.0, 2.0, -1.0, 1.03910712445, 0.0, -1.0, 0.0, 1.0, -1.0, 0.0, -0.639646377833, -0.181144584866, 3.0, -0.621768027853, -1.0, -0.0424172705412, 3.0, 2.0, 3.0, -1.0, -1.0, -0.942628923857, 0.0, 3.0, -0.563506504696, 2.0, 96034.0, 447.0, 99574.0
-0.759497327713, 1.62585339904, 1.0, 2.0, 2.0, 2.93078964392, -1.0, 1.4485052735, -1.0, 0.0, -1.0, 2.0, 3.0, -1.0, 2.0, -1.0, 2.0, 3.0, 2.0, 2.84603226179, 0.0, -1.0, 2.03343658456, 2.0, 1.0, -1.0, 1.0, 1.1438292624, 2.0, 1.61067186711, 0.0, 1.0, -1.0, 2.0, 0.0, -1.0, 0.647724814539, 0.0, 3.0, 0.0, 0.0, 1.0, 1.0, 0.0, -0.149610066742, 0.0, -1.0, 3.0, 3.0, -1.0, 94931.0, 511.0, 99478.0
1.0, -0.642461933875, 0.0, -1.0, 1.22197400313, 2.0, -1.0, -1.0, 2.0, 2.0, -1.0, 0.0, -0.0480439126573, 2.0, 2.0, -0.184182297412, 2.49216525509, 1.29862206502, 1.0, -1.0, 1.0, -1.0, -1.0, -1.0, 3.0, -0.755875091236, 0.0, -1.0, 3.0, 1.0, 0.0, 2.0, 0.0, 2.11734501108, 1.0, 2.0, 0.0, 3.0, 3.0, -1.0, 1.0, 0.0, 3.0, -1.0, 3.0, 0.0, 1.0, -1.0, 3.0, -1.0, 95580.0, 477.0, 99532.0
-1.0, 0.0, 2.0, 2.0, 0.0, 2.0, 2.0, 1.0, 3.0, -1.0, -1.0, 2.0, 1.22065234925, 0.0, 3.0, 1.0, 0.975112609514, 1.33174909865, 2.0, 0.0, 2.0, -1.0, -1.0, 3.0, -1.0, -1.0, 0.0, 3.0, 0.0, 0.0, 1.0, 2.0, -1.0, 1.0, 1.0, 1.0, 1.97617748017, 1.0, -1.0, 0.671376795177, -0.573207435114, 0.0, 2.0, 0.0, 3.0, 3.0, 2.0, 0.0, 3.0, -1.0, 94640.0, 541.0, 99459.0
-0.369203711688, 1.0, -1.0, -1.0, 2.96039990815, 3.0, 1.0, -1.0, 0.962607402278, 1.18119540117, -1.0, -0.141817332872, 1.19820826928, 3.0, -0.116334838962, -0.452438427021, 2.0, 0.0, -1.0, -1.0, -0.215361702039, 1.0, 1.66048797943, 0.0, 2.0, -1.0, -1.0, 2.0, 0.191949161516, 2.0838425341, 2.0700197092, -1.0, -1.0, -0.314307154944, 2.0, 1.0, 2.05106877249, 1.0, 1.0, -0.208452428077, -1.0, -1.0, 0.0, -1.0, 0.544067832254, -0.360005660447, 1.90464006784, 2.0, 0.997122077762, 3.0, 94712.0, 507.0, 99510.0
-1.0, 2.45976889923, 1.28909070445, 3.0, -1.0, 3.0, -1.0, -0.0118796162936, 2.45534361048, 0.974597236127, -0.681098971993, -0.595374156211, -1.0, -1.0, -0.603221918437, 2.0, 0.354347534564, -1.0, 1.0, 0.124275171106, -0.544927743364, 3.0, 2.0, 2.0, 0.424129543317, -1.0, 3.0, 1.0, 0.0, 1.01052225334, -0.632547657213, -1.0, 0.42749681201, 0.0, 1.3971123569, -1.0, 1.0, 0.0, 1.30011107911, 2.35432600243, 3.0, -1.0, 3.0, 3.0, 2.0, 1.0, -1.0, -1.0, 0.0, 0.167708976649, 95553.0, 444.0, 99581.0
1.0, 2.0, 0.198945012913, 0.259415188411, 1.02925634011, 2.0, -1.0, -1.0, 2.0, 2.0, -1.0, 0.0, -0.51834648, -1.0, 2.0, 3.0, -0.146634278417, -0.376632421647, 0.955221350339, -1.0, 1.0, -1.0, -1.0, -1.0, 3.0, 2.0, 0.0, -1.0, 1.0, 2.62160042403, -0.562918180067, 2.0, 0.0, -0.110625762076, 1.0, 2.0, 0.0, 3.0, 2.97086940048, -1.0, 1.0, 0.0, 3.0, 3.0, 3.0, 0.0, 1.0, -1.0, 1.5085077099, -1.0, 95345.0, 481.0, 99519.0
1.0, 2.92015342643, 0.0, -1.0, 0.586941624785, -1.0, -1.0, -1.0, 2.0, 2.0, -1.0, 0.198038867862, -0.834915046255, -1.0, 2.0, 3.0, -0.149414318378, 1.0, 0.955221350339, -1.0, 1.0, -1.0, -1.0, -1.0, 3.0, 2.0, 0.0, -1.0, 1.0, 1.0, 0.0, 2.0, -0.85903775419, 1.0, 1.0, 2.0, 0.0, 3.0, 3.0, -1.0, 1.0, 1.48197123264, 3.0, 3.0, 1.54044356352, -0.804277521619, 0.101652504967, -1.0, 3.0, -1.0, 95890.0, 451.0, 99558.0
1.0, 3.0, -1.0, 0.0, 1.0, -1.0, 0.782108226584, 2.91255046406, -1.0, -0.509714151005, -1.0, -1.0, 1.0, 2.0, -1.0, 1.0, -0.705963794601, 3.0, 3.0, 1.0, 1.36188508462, 2.0, -1.0, 3.0, 0.0, 2.4397354332, -1.0, 0.819916967983, 1.23919810633, -1.0, 0.0, 1.0, -1.0, 0.0, -0.639646377833, 2.0, 0.0, -0.621768027853, -1.0, -0.0424172705412, 0.617911450302, -0.322025418092, 3.0, -0.789859509852, 0.0, -0.942628923857, 0.0, 3.0, 0.0, -0.678620847529, 95708.0, 448.0, 99566.0
3.0, 1.0, 2.0, -1.0, 3.0, -0.640351050116, 2.0, -1.0, 1.0, 2.72500462717, 2.0, -1.0, -0.805638614525, 3.0, 2.50589262882, 3.0, 1.98963396363, -1.0, 1.0, 1.0, -0.748944080356, 3.0, -1.0, 3.0, 2.0, -0.866802048826, 2.0, 0.0, 2.0, 0.0, 1.0, -1.0, -0.732157260273, 1.0, -1.0, 2.0, -1.0, -1.0, -1.0, 1.92548423449, -0.910233873682, 2.0, 0.684289823368, -1.0, 3.0, 2.0, -1.0, -1.0, 0.0, -0.387792841269, 96582.0, 430.0, 99606.0
1.0, 2.92015342643, 0.0, -1.0, 0.586941624785, -1.0, -1.0, -1.0, 2.0, 2.0, -1.0, 0.0, -0.834915046255, -1.0, 2.0, 3.0, -0.149414318378, 1.0, 0.955221350339, -1.0, 1.0, -1.0, -1.0, -1.0, 3.0, 2.0, 0.0, -1.0, 1.0, 1.0, 0.0, 2.0, 0.0, 1.0, 1.0, 2.0, 0.0, 3.0, 3.0, -1.0, 1.0, 0.0, 3.0, 3.0, 1.54044356352, -0.804277521619, 2.26034569499, -1.0, 3.0, -1.0, 95745.0, 465.0, 99545.0
3.0, 2.0, 0.0, 1.0, 1.0, 3.0, 3.0, 2.0, -1.0, -1.0, -1.0, 2.0, 3.0, 0.0, 0.0, 0.0, 0.0, 1.0, 2.0, 2.86133564367, -0.0211314130647, 1.78225749299, -1.0, 2.0, -1.0, -1.0, -1.0, -1.0, -1.0, -0.323056818686, 3.0, 2.0, -1.0, 0.0, 0.721114429755, 2.0, 3.0, 1.0, 2.0, 1.43755752232, -1.0, -1.0, 3.0, 0.0, 1.0, -1.0, 0.189439614632, -1.0, -1.0, 2.0, 95258.0, 483.0, 99522.0
3.0, 2.0, -0.721139812367, 1.0, 1.0, 3.0, 3.0, 2.0, -1.0, 0.0, -1.0, 2.0, 3.0, 0.0, 0.0, 0.0, 0.0, 1.0, 2.0, 2.0, 0.0405238976511, 1.0, -1.0, 2.0, -1.0, -1.0, -0.934161032505, -1.0, -1.0, -0.323056818686, 3.0, 1.02000146433, -1.0, 0.0, 1.22798418845, 2.0, 3.0, 1.0, 2.0, 0.0, -1.0, -1.0, 3.0, -0.987610139462, 1.0, -1.0, 2.0, -1.0, -1.0, 2.0, 95467.0, 466.0, 99542.0
1.0, 2.92015342643, 0.0, -1.0, 0.586941624785, -1.0, -1.0, -1.0, 2.0, 2.0, -1.0, 0.0, -0.834915046255, -1.0, 2.0, 3.0, -0.149414318378, 1.0, 0.955221350339, -1.0, 1.0, -1.0, -1.0, -0.110350447441, 3.0, 2.50211127244, 0.0, -1.0, 1.0, 1.0, 0.0, 2.0, 1.72994118531, 1.0, 1.0, 2.0, 0.0, 3.0, 3.0, -1.0, 1.0, 0.0, 3.0, 3.0, 1.54044356352, -0.804277521619, 2.26034569499, -1.0, 3.0, -1.0, 95584.0, 480.0, 99529.0
-0.0621535174377, 2.0, 1.0, 1.0, 1.0, 1.0, -1.0, 2.60291242763, -1.0, 0.0, -1.0, 2.0, 0.0, -1.0, 2.0, -0.335151363517, 2.0, 0.0, 2.0, 1.57371474974, 0.0, -1.0, 2.28666692949, 2.0, 1.0, -1.0, 1.0, 1.7010566275, 2.0, 2.0, 0.0, 1.0, -1.0, -0.534753584834, 0.0, -1.0, -1.0, 0.0, 3.0, 0.0, -0.637460787345, 1.0, 1.0, 0.0, 3.0, -0.848021086334, -1.0, 3.0, 3.0, 1.22990059705, 95018.0, 504.0, 99503.0
1.0, 2.92015342643, 0.0, -1.0, 0.586941624785, -1.0, -1.0, -1.0, 2.0, 2.0, -1.0, 0.0, -0.834915046255, -1.0, 2.0, 3.0, -0.149414318378, 1.0, 0.955221350339, -1.0, 1.0, -1.0, -1.0, -1.0, 3.0, 2.0, 0.0, -1.0, 1.0, 1.0, 0.0, 2.0, -0.85903775419, 1.0, 1.0, 2.0, 0.0, 3.0, 3.0, -1.0, 1.0, 0.0, 3.0, 3.0, 1.54044356352, -0.804277521619, 1.01686625913, -1.0, 3.0, -1.0, 95894.0, 451.0, 99558.0
-1.0, 2.45976889923, 1.28909070445, 3.0, -1.0, 3.0, -1.0, -0.0118796162936, 2.45534361048, 0.974597236127, -0.681098971993, -0.595374156211, -1.0, -1.0, -0.603221918437, 2.0, 3.0, -1.0, 1.0, 0.124275171106, 0.0, 3.0, 2.0, 2.0, 0.424129543317, -1.0, 3.0, 1.0, 0.0, 1.0, 1.12669104193, -1.0, 0.42749681201, 0.0, 0.0, -1.0, 1.0, 0.0, 1.30011107911, 1.0, 3.0, 2.0, 3.0, 3.0, 2.0, 1.0, -1.0, -1.0, 0.0, -0.53240782895, 95438.0, 475.0, 99563.0
3.0, 2.0, 0.0, 1.0, 1.0, 3.0, 3.0, 2.0, -1.0, 0.0, -1.0, 2.0, 3.0, 0.0, 0.0, 0.0, 0.0, 1.0, 2.0, 2.0, 0.0405238976511, 1.0, -1.0, 2.0, -1.0, -1.0, -1.0, -1.0, -1.0, -0.323056818686, 3.0, 1.02000146433, -1.0, 0.0, 1.22798418845, 2.0, 3.0, 1.0, 2.0, 0.0, -1.0, -1.0, 3.0, -0.987610139462, 1.0, -1.0, 2.0, -1.0, -1.0, 2.0, 95283.0, 479.0, 99531.0
1.0, 2.0, 0.0, -1.0, 0.586941624785, 2.13240288344, -1.0, -1.0, 2.71615852644, 2.47667911434, -1.0, 0.291630881989, -0.51834648, -1.0, 2.67120919301, -1.0, -0.346084424864, 1.0, 1.66497802271, -1.0, 1.0, -1.0, -1.0, -1.0, 3.0, 2.0, 0.0, -1.0, 1.0, 1.0, 0.0, 2.16123385167, 1.05045453031, 1.0, 1.0, 2.0, 0.0, 3.0, 3.0, -1.0, 1.0, 0.0, 3.0, 3.0, 3.0, 0.0, 1.0, -1.0, 3.0, -1.0, 95704.0, 472.0, 99535.0
1.0, 3.0, -1.0, 0.0, 1.0, -1.0, 0.782108226584, 2.0, -1.0, -0.509714151005, -1.0, -1.0, 1.0, 2.0, -1.0, 1.0, 0.0, 3.0, 3.0, 1.0, 0.0, 2.0, -1.0, 3.0, 0.0, 2.0, -1.0, 1.0, 0.0, -1.0, 0.0, 1.0, -1.0, 0.0, -0.639646377833, 2.0, 3.0, -0.621768027853, -1.0, -0.0424172705412, 3.0, 1.0, 3.0, -1.0, 0.0, -0.942628923857, 0.0, 3.0, 0.0, 2.0, 95575.0, 474.0, 99543.0
2.23790544699, 2.0, 0.0, -1.0, 0.586941624785, 2.0, -1.0, -1.0, 0.274033270496, 2.47667911434, -1.0, -0.0273961063915, -0.51834648, -1.0, 2.0, 3.0, -1.0, 1.0, 0.955221350339, -1.0, 0.74748225249, -1.0, -1.0, -1.0, 1.07025096891, 2.0, 0.0, -1.0, 1.0, 1.66231800024, 0.990346460112, 2.16123385167, 0.0, 2.32882371224, 1.0, 2.0, 0.0, 3.0, 3.0, -1.0, -0.565562761743, 0.0311251216842, 2.29213273837, 3.0, 1.21990221087, 0.0, 1.0, -1.0, 3.0, -1.0, 95662.0, 466.0, 99552.0
-1.0, 0.0, 2.0, 2.0, 0.0, 2.0, 2.0, -0.689428320884, 3.0, -1.0, -1.0, 0.95430960402, 1.22065234925, 0.0, 3.0, 1.0, 0.975112609514, 2.20024646486, 2.0, 0.0, 2.0, -1.0, -1.0, 3.0, -1.0, -1.0, 0.0, 3.0, 0.0, 0.288423576648, 1.0, 2.0, 0.285408872104, 1.0, 1.0, 1.0, 1.97617748017, 1.0, -1.0, 0.671376795177, -0.543032178136, 0.0, 2.0, 2.63439331221, 3.0, 3.0, 2.0, 0.0, 3.0, -1.0, 94711.0, 540.0, 99455.0
3.0, 1.06201232934, 1.0, 1.17176544768, 1.0, 3.0, -0.780760673247, 3.0, -1.0, 1.0, -1.0, 1.51370609172, 3.0, -1.0, 0.0, 1.0, 0.0, 0.0, -0.996374463399, -1.0, 2.0, -1.0, 2.0, -0.882066772174, 3.0, 0.0, -1.0, 0.0, -1.0, 0.863260260537, 0.665438248517, 0.0, -0.679610976039, 0.0, 1.0, 0.0, 2.08005745075, 2.0, 0.0, 2.0, 3.0, 2.0, -1.0, 3.0, -0.159391356244, 0.0, 1.0, -1.0, 2.0, 1.0, 95033.0, 500.0, 99517.0
3.0, 2.0, 0.0, 1.0, 1.0, 3.0, 3.0, 2.0, -1.0, 0.0, -1.0, 2.0, 3.0, 0.0, 0.0, 0.0, 0.0, 1.0, 2.0, 2.0, 0.0405238976511, 1.0, -1.0, 2.0, -1.0, -1.0, -1.0, -1.0, -1.0, -0.323056818686, 3.0, 1.22862211047, -1.0, 0.0, 0.0, 2.0, 3.0, 1.0, 2.0, 0.0, -1.0, -1.0, 3.0, -0.919775578741, 1.0, 0.586564575749, 2.0, -1.0, -1.0, 2.0, 95100.0, 489.0, 99521.0
