1.0, 2.0, 0.0, -1.0, 0.586941624785, 2.64799216334, -1.0, -1.0, 2.71615852644, 2.47667911434, -1.0, 0.291630881989, -0.51834648, -1.0, 2.67120919301, -1.0, -0.346084424864, 1.94957206236, 1.66497802271, -1.0, 1.0, -1.0, -1.0, -1.0, 3.0, -0.865129316497, 0.0, -1.0, 1.0, 0.152762260608, 0.0, 2.16123385167, 1.05045453031, 1.0, 1.0, 2.0, 0.0, 3.0, 3.0, -1.0, 0.65411960414, 0.0, 3.0, 3.0, 3.0, 0.0, 1.0, -1.0, 3.0, -1.0, 95800.0, 456.0, 99546.0
1.0, 3.0, -1.0, 0.0, 1.0, -1.0, 0.782108226584, 2.91255046406, -1.0, -0.509714151005, -1.0, -1.0, 1.0, 2.0, -1.0, 1.0, -0.705963794601, 3.0, 3.0, 1.0, 1.36188508462, 2.0, -1.0, 3.0, 0.0, 2.4397354332, -1.0, 0.819916967983, 1.23919810633, -1.0, 0.0, 1.0, -1.0, 0.0, -0.639646377833, 2.0, 0.0, -0.621768027853, -1.0, -0.0424172705412, 0.617911450302, -0.322025418092, 3.0, -0.789859509852, 0.0, -0.942628923857, 0.0, 3.0, 0.0, -0.678620847529, 95708.0, 448.0, 99566.0
0.0, 1.0, -1.0, -1.0, 2.96039990815, 3.0, 1.0, -1.0, 1.0, 1.18119540117, -1.0, -0.141817332872, 0.0, 3.0, -0.116334838962, -0.452438427021, 2.0, 0.0, -1.0, -1.0, -0.215361702039, 1.0, -1.0, 3.0, 2.0, -1.0, -1.0, 2.0, 0.191949161516, 2.0838425341, 0.0, -1.0, -1.0, -1.0, 2.0, 1.0, 2.05106877249, 1.0, 1.0, -0.208452428077, -1.0, -1.0, 0.0, -1.0, 0.544067832254, -1.0, 1.0, 2.0, 0.997122077762, 3.0, 95262.0, 467.0, 99546.0
-1.0, 2.45976889923, 1.28909070445, 3.0, -1.0, 3.0, -1.0, -0.0118796162936, 2.45534361048, 0.974597236127, -0.681098971993, -0.595374156211, -1.0, -1.0, -0.603221918437, 2.0, 0.354347534564, -1.0, 1.0, 0.124275171106, -0.544927743364, 3.0, 2.0, 2.0, 0.424129543317, -1.0, 3.0, 1.13273046429, 0.0, 1.01052225334, -0.632547657213, -1.0, 0.42749681201, 0.0, 1.3971123569, -1.0, 1.0, -0.368984273178, 1.30011107911, 2.35432600243, 3.0, -1.0, 3.0, 3.0, -0.899666770314, 1.0, -1.0, -1.0, 0.0, 0.167708976649, 95699.0, 429.0, 99597.0
1.0, -0.642461933875, 0.0, -1.0, 1.22197400313, 2.0, -1.0, -1.0, 2.0, 2.0, -1.0, 0.0, -0.0480439126573, 2.0, 2.0, -0.184182297412, 2.49216525509, 1.29862206502, 1.0, -1.0, 1.0, -1.0, -1.0, -1.0, 3.0, -0.755875091236, 0.0, -1.0, 3.0, 1.0, 0.0, 2.0, 0.0, 2.11734501108, 1.0, 2.0, 0.0, 3.0, 3.0, -1.0, 1.0, 0.0, 3.0, -1.0, 3.0, 0.0, 1.0, -1.0, 3.0, -1.0, 95580.0, 477.0, 99532.0
1.0, 2.0, 0.0, -1.0, 0.586941624785, 2.78704407894, -1.0, -1.0, 2.71615852644, 2.47667911434, -1.0, 0.291630881989, -0.51834648, -1.0, 2.67120919301, -1.0, -0.346084424864, 1.94957206236, 1.66497802271, 0.657305108605, 1.0, -1.0, -1.0, -1.0, 3.0, -0.865129316497, 0.0, -0.899267086791, 1.0, 0.152762260608, 0.0, 2.16123385167, 1.05045453031, 1.0, 1.0, 2.0, 0.0, 3.0, 3.0, -1.0, 1.0, 0.0, 3.0, 3.0, 3.0, 0.0, 1.0, -1.0, 3.0, -1.0, 95614.0, 470.0, 99530.0
2.0, 2.0, 0.136915826209, -0.518828425721, 1.0, -1.0, -1.0, -1.0, 3.0, 3.0, -1.0, 1.0, 0.0, 2.1973497433, -1.0, 0.912474221967, 3.0, 1.0, -1.0, 2.0, 1.0, 2.7539663115, 2.80177685967, -1.0, 0.0, 0.0, 1.0, -1.0, 3.0, 0.0, -1.0, 1.31188689137, -1.0, 0.0, -0.432080882906, 1.1316901934, -0.807856185352, 0.0457276244901, -1.0, 0.0, 1.0, 2.95616563041, 1.50340091737, 0.0, -1.0, -0.162160157072, -1.0, 1.0, 3.0, 2.17097340398, 95190.0, 475.0, 99533.0
-0.432454542415, 2.92015342643, 0.0, -1.0, 0.586941624785, -1.0, -1.0, -1.0, 2.0, 2.0, -1.0, 0.0, -0.834915046255, -1.0, 2.0, 3.0, -0.149414318378, 1.0, 0.955221350339, -1.0, 1.0, -1.0, -1.0, -1.0, 3.0, 2.0, 0.0, -1.0, 1.0, 1.1534270867, 1.99641338528, 2.0, 0.0, 1.0, 1.0, 2.0, 0.0, 3.0, 3.0, -1.0, 1.0, 0.0, 3.0, 3.0, 1.54044356352, -0.804277521619, 2.26034569499, -0.638377355066, 3.0, -1.0, 95742.0, 465.0, 99545.0
1.0, 2.0, 0.198945012913, 0.259415188411, 1.02925634011, 2.0, -1.0, -1.0, 2.0, 2.0, -1.0, 0.0, -0.51834648, -1.0, 2.0, 3.0, -0.146634278417, -0.376632421647, 0.955221350339, -1.0, 1.0, -1.0, -1.0, -1.0, 3.0, 2.0, 0.0, -1.0, 1.0, 2.62160042403, -0.562918180067, 2.0, 0.0, -0.110625762076, 1.0, 2.0, 0.0, 3.0, 2.97086940048, -1.0, 1.0, 0.0, 3.0, 3.0, 3.0, 0.0, 1.0, -1.0, 1.5085077099, -1.0, 95345.0, 481.0, 99519.0
-1.0, 2.45976889923, 1.28909070445, 3.0, -1.0, 3.0, -1.0, -0.0118796162936, 2.45534361048, 0.974597236127, -0.681098971993, -0.595374156211, -1.0, -1.0, -0.603221918437, 2.0, 0.354347534564, -1.0, 1.0, 0.124275171106, -0.544927743364, 3.0, 2.0, 2.0, 0.424129543317, -1.0, 3.0, 1.0, 0.0, 1.01052225334, -0.632547657213, -1.0, 0.42749681201, 0.0, 1.3971123569, -1.0, 1.0, 0.0, 1.30011107911, 2.35432600243, 3.0, -1.0, 3.0, 3.0, 2.0, 1.0, -1.0, -1.0, 0.0, 0.167708976649, 95553.0, 444.0, 99581.0
-1.0, 0.0, 2.0, 2.0, 0.0, 2.0, 2.0, 1.0, 3.0, -1.0, -1.0, 2.0, 1.22065234925, 0.0, 3.0, 1.0, 0.975112609514, 1.33174909865, 2.0, 0.0, 2.0, -1.0, -1.0, 3.0, -1.0, -1.0, 0.0, 3.0, 0.0, 0.0, 1.0, 2.0, -1.0, 1.0, 1.0, 1.0, 1.97617748017, 1.0, -1.0, 0.671376795177, -0.573207435114, 0.0, 2.0, 0.0, 3.0, 3.0, 2.0, 0.0, 3.0, -1.0, 94640.0, 541.0, 99459.0
1.0, 2.92015342643, 0.0, -1.0, 0.586941624785, -1.0, -1.0, -1.0, 2.0, 2.0, -1.0, 0.198038867862, -0.834915046255, -1.0, 2.0, 3.0, -0.149414318378, 1.0, 0.955221350339, -1.0, 1.0, -1.0, -1.0, -1.0, 3.0, 2.0, 0.0, -1.0, 1.0, 1.0, 0.0, 2.0, -0.85903775419, 1.0, 1.0, 2.0, 0.0, 3.0, 3.0, -1.0, 1.0, 1.48197123264, 3.0, 3.0, 1.54044356352, -0.804277521619, 0.101652504967, -1.0, 3.0, -1.0, 95890.0, 451.0, 99558.0
2.2038989451, 2.0, 0.0, 1.0, 1.0, 1.0, 3.0, -0.817995572404, -1.0, 1.0, -1.0, 2.48481964515, 3.0, 0.0481854098781, 0.92282006478, 0.0, 0.0, 1.0, 2.0, 2.0, 1.64960136213, 1.0, -1.0, 2.0, -1.0, -1.0, -1.0, -0.372318281567, -1.0, -0.36547246345, 3.0, 2.0, -1.0, 0.0, 3.0, 1.0, -0.633611581807, 1.0, -0.349698774039, 0.0, -1.0, -0.340628951159, 0.941303739978, -0.688007402122, 1.0, -1.0, 2.84882853632, -1.0, -0.162534444719, 2.0, 94902.0, 492.0, 99510.0
-1.0, 1.0, -1.0, -1.0, 3.0, 3.0, 1.0, -1.0, 1.0, -0.667673074544, -1.0, 0.0, 0.0, 3.0, 0.0, 0.0, 2.0, 0.0, -1.0, -1.0, -0.215361702039, 1.01776630128, 1.0, 0.0, 2.0, -1.0, -1.0, -0.802252301991, 1.15096527815, 2.0838425341, 0.779367713375, -1.0, -1.0, -1.0, 2.0, -0.379940940587, 2.0, 1.0, 1.0, 0.749903182808, -1.0, -1.0, 0.0, -1.0, 2.0, -1.0, 0.32286511258, 2.0, 1.0, 3.0, 95460.0, 447.0, 99570.0
3.0, 2.09901607853, 0.0, 1.0, 1.0, 1.48056864406, 3.0, 2.00261065569, -1.0, 0.343512415688, -1.0, 2.99937615238, 3.0, 0.0, 0.0, 0.0, -0.869528068351, 1.0, 2.0, 2.0, 0.0405238976511, 1.0, -1.0, 2.0, -1.0, -1.0, -1.0, -1.0, -1.0, -0.323056818686, 3.0, 2.0, -1.0, 0.0, 0.621082077334, 2.0, 0.120064937434, 1.0, 2.0, 0.0, -1.0, -1.0, 0.813092419673, -0.914898052549, 1.0, -1.0, 2.0, 1.3139368257, -1.0, 2.0, 95061.0, 487.0, 99522.0
3.0, 2.0, 0.0, 1.0, 1.0, 3.0, 3.0, 2.0, -1.0, -1.0, -1.0, 2.0, 3.0, 0.0, 0.0, 0.0, 0.0, 1.0, 2.0, 2.86133564367, -0.0211314130647, 1.78225749299, -1.0, 2.0, -1.0, -1.0, -1.0, -1.0, -1.0, -0.323056818686, 3.0, 2.0, -1.0, 0.0, 0.721114429755, 2.0, 3.0, 1.0, 2.0, 1.43755752232, -1.0, -1.0, 3.0, 0.0, 1.0, -1.0, 0.189439614632, -1.0, -1.0, 2.0, 95258.0, 483.0, 99522.0
3.0, 2.0, -0.721139812367, 1.0, 1.0, 3.0, 3.0, 2.0, -1.0, 0.0, -1.0, 2.0, 3.0, 0.0, 0.0, 0.0, 0.0, 1.0, 2.0, 2.0, 0.0405238976511, 1.0, -1.0, 2.0, -1.0, -1.0, -0.934161032505, -1.0, -1.0, -0.323056818686, 3.0, 1.02000146433, -1.0, 0.0, 1.22798418845, 2.0, 3.0, 1.0, 2.0, 0.0, -1.0, -1.0, 3.0, -0.987610139462, 1.0, -1.0, 2.0, -1.0, -1.0, 2.0, 95467.0, 466.0, 99542.0
1.0, 2.92015342643, 0.0, -1.0, 0.586941624785, -1.0, -1.0, -1.0, 2.0, 2.0, -1.0, 0.0, -0.834915046255, -1.0, 2.0, 3.0, -0.149414318378, 1.0, 0.955221350339, -1.0, 1.0, -1.0, -1.0, -0.110350447441, 3.0, 2.50211127244, 0.0, -1.0, 1.0, 1.0, 0.0, 2.0, 1.72994118531, 1.0, 1.0, 2.0, 0.0, 3.0, 3.0, -1.0, 1.0, 0.0, 3.0, 3.0, 1.54044356352, -0.804277521619, 2.26034569499, -1.0, 3.0, -1.0, 95584.0, 480.0, 99529.0
3.0, 1.0, 2.0, -1.0, 3.0, -0.640351050116, -0.24777822642, -1.0, 1.0, 2.72500462717, 2.0, -1.0, -0.805638614525, -0.378928401449, 2.50589262882, 3.0, 1.98963396363, -1.0, 1.0, 1.0, -0.529343713796, 3.0, -1.0, 3.0, 2.0, -0.866802048826, 2.0, 0.0, 2.0, 0.0, 1.0, -1.0, -0.732157260273, 1.0, -1.0, 2.0, -1.0, -1.0, -1.0, 1.92548423449, -0.910233873682, 2.0, 0.684289823368, -1.0, 3.0, 2.0, -1.0, -1.0, 0.0, -0.387792841269, 96414.0, 430.0, 99606.0
1.0, 3.0, -1.0, 0.0545975345759, 1.0, -1.0, 0.782108226584, 2.0, -1.0, -0.509714151005, -1.0, -1.0, 1.0, 2.82575212289, -1.0, 1.0, 0.0, 3.0, 3.0, 1.0, 0.0, 2.0, -1.0, 3.0, 0.0, 2.0, -1.0, 1.03910712445, 0.0, -1.0, 0.0, 1.0, -1.0, 0.0, -0.639646377833, -0.181144584866, 3.0, -0.621768027853, -1.0, -0.0424172705412, 3.0, 2.0, 3.0, -1.0, -1.0, -0.942628923857, 0.0, 3.0, -0.563506504696, 2.0, 96034.0, 447.0, 99574.0
1.0, 2.92015342643, 0.0, -1.0, 0.586941624785, -1.0, -1.0, -1.0, 2.0, 2.0, -1.0, 0.0, -0.834915046255, -1.0, 2.0, 3.0, -0.149414318378, 1.0, 0.955221350339, -1.0, 1.0, -1.0, -1.0, -1.0, 3.0, 2.0, 0.0, -1.0, 1.0, 1.0, 0.0, 2.0, -0.85903775419, 1.0, 1.0, 2.0, 0.0, 3.0, 3.0, -1.0, 1.0, 0.0, 3.0, 3.0, 1.54044356352, -0.804277521619, 1.01686625913, -1.0, 3.0, -1.0, 95894.0, 451.0, 99558.0
-1.0, 2.45976889923, 1.28909070445, 3.0, -1.0, 3.0, -1.0, -0.0118796162936, 2.45534361048, 0.974597236127, -0.681098971993, -0.595374156211, -1.0, -1.0, -0.603221918437, 2.0, 3.0, -1.0, 1.0, 0.124275171106, 0.0, 3.0, 2.0, -0.18274701016, -0.542381188927, -1.0, 3.0, 1.0, 0.0, 1.0, 1.12669104193, -1.0, 0.42749681201, 0.0, 0.0, -1.0, 1.0, 0.0, 1.30011107911, 1.0, 3.0, 2.0, 3.0, 3.0, 2.0, 1.0, -1.0, -1.0, 0.0, -0.53240782895, 95472.0, 461.0, 99574.0
1.0, 3.0, -1.0, 0.0, 1.0, -1.0, 0.782108226584, 2.91255046406, -1.0, -0.509714151005, -1.0, -1.0, 1.0, 2.0, -1.0, 1.0, -0.705963794601, 3.0, 3.0, 1.0, 1.36188508462, 2.0, -1.0, 3.0, 1.38835377624, 2.4397354332, -1.0, 0.819916967983, 1.79723077563, -1.0, 3.0, 1.0, -1.0, 0.0, -0.639646377833, 2.0, 0.0, -0.621768027853, -1.0, -0.0424172705412, 0.617911450302, -0.322025418092, 3.0, -0.789859509852, 0.0, -0.942628923857, 0.0, 3.0, 0.0, -0.678620847529, 95812.0, 448.0, 99566.0
3.0, 2.0, 0.0, 1.0, 1.0, 3.0, 3.0, 2.0, -1.0, 0.0, -1.0, 2.0, 3.0, 0.0, 0.0, 0.0, 0.0, 1.0, 2.0, 2.0, 0.0405238976511, 1.0, -1.0, 2.0, -1.0, -1.0, -1.0, -1.0, -1.0, -0.323056818686, 3.0, 0.409866103941, -1.0, 0.0, 1.22798418845, 2.0, 3.0, 1.0, 2.0, 0.0, -1.0, -1.0, 3.0, -0.930155839968, 1.0, -1.0, 2.0, -1.0, -1.0, 2.0, 95236.0, 479.0, 99531.0
1.0, 2.0, 0.0, -1.0, 0.586941624785, 2.13240288344, -1.0, -1.0, 2.71615852644, 2.47667911434, -1.0, 0.291630881989, -0.51834648, -1.0, 2.67120919301, -1.0, -0.346084424864, 1.0, 1.66497802271, -1.0, 1.0, -1.0, -1.0, -1.0, 3.0, 2.0, 0.0, -1.0, 1.32985350589, 1.0, 0.0, 2.16123385167, 1.05045453031, 1.0, 1.0, 2.0, 0.0, 3.0, 3.0, -1.0, 1.0, 0.0, 3.0, 3.0, 1.0, 0.0, 2.98519700145, -1.0, 3.0, -1.0, 95664.0, 472.0, 99535.0
3.0, 2.0, -0.721139812367, 1.0, 1.0, 3.0, 3.0, 2.0, -1.0, 0.0, -1.0, 2.0, 3.0, -0.199092373492, 0.0, 0.0, 0.0, 1.0, 2.0, 2.0, -0.00374899517316, 1.0, -1.0, 2.0, -1.0, -1.0, -0.934161032505, -1.0, -1.0, -0.323056818686, 3.0, 1.02000146433, -1.0, 0.0, 1.78727342113, 1.8265208278, 2.63432825667, 1.0, 2.0, 0.0, -1.0, -1.0, 3.0, -0.987610139462, 1.0, -1.0, 2.0, -1.0, -1.0, 2.0, 95517.0, 466.0, 99542.0
1.0, 2.92015342643, 0.0, -1.0, 0.586941624785, -1.0, -1.0, -1.0, 2.0, 2.0, -1.0, 0.0, -0.834915046255, -1.0, 2.0, 3.0, -0.149414318378, 1.0, 0.955221350339, -1.0, 1.0, -1.0, -1.0, -1.0, 3.0, 2.0, 0.0, -1.0, 1.0, 1.0, 0.0, 2.0, 0.0, 1.0, 1.0, 2.0, 0.0, 3.0, 3.0, -1.0, 1.0, 0.0, 3.0, 3.0, 1.54044356352, -0.804277521619, 2.26034569499, -1.0, 3.0, -1.0, 95745.0, 465.0, 99545.0
3.0, 2.0, 0.0, 1.0, 1.0, 3.0, 3.0, 2.0, -1.0, 0.0, -1.0, 2.0, 3.0, 0.0, 0.0, 0.0, 0.0, 1.0, 2.0, 2.0, 0.0405238976511, 1.0, -1.0, 2.0, -1.0, -1.0, -1.0, -1.0, -1.0, -0.323056818686, 3.0, 1.22862211047, -1.0, 0.0, 0.0, 2.0, 3.0, 1.0, 2.0, 0.0, -1.0, -1.0, 3.0, -0.919775578741, 1.0, 0.586564575749, 2.0, -1.0, -1.0, 2.0, 95100.0, 489.0, 99521.0
0.0, 1.0, -1.0, -1.0, 2.96039990815, 3.0, 1.0, -1.0, 1.0, 1.18119540117, -1.0, 2.80166242524, 0.0, 3.0, -0.116334838962, -0.452438427021, 2.0, -0.115943731861, -1.0, -1.0, -0.857943709541, 1.0, 1.53816511383, 0.0, 2.0, -0.711180479792, -1.0, 2.0, 0.191949161516, 2.45524660761, 0.779367713375, -1.0, -1.0, -1.0, 2.0, 1.60450636686, 2.05106877249, 1.0, 1.0, -0.208452428077, -1.0, -1.0, 0.0, -1.0, 0.544067832254, -1.0, 0.283261491965, 2.0, 0.997122077762, 3.0, 95327.0, 469.0, 99550.0
