-1.0, 2.45976889923, 1.28909070445, 3.0, -1.0, 3.0, -1.0, -0.0118796162936, 2.45534361048, 0.974597236127, -0.681098971993, -0.595374156211, -1.0, -1.0, -0.603221918437, 2.0, 0.354347534564, -1.0, 1.0, 0.124275171106, -0.544927743364, 3.0, 2.0, 2.0, 0.424129543317, -1.0, 3.0, 1.13273046429, 0.0, 1.01052225334, -0.632547657213, -1.0, 0.42749681201, 0.0, 1.3971123569, -1.0, 1.0, -0.368984273178, 1.30011107911, 2.35432600243, 3.0, -1.0, 3.0, 3.0, -0.899666770314, 1.0, -1.0, -1.0, 0.0, 0.167708976649, 95699.0, 429.0, 99597.0
1.0, 2.42846380985, 0.0, -1.0, 0.586941624785, 2.64799216334, -1.0, -1.0, 2.71615852644, 2.47667911434, -1.0, 0.745248019624, -0.51834648, -1.0, 1.44884982954, -1.0, -0.975989595391, 1.94957206236, 1.66497802271, -1.0, 1.0, -1.0, -1.0, -1.0, 3.0, -0.865129316497, 0.0, -1.0, 1.0, 0.152762260608, 0.0, 2.16123385167, 1.05045453031, 1.0, 1.0, 2.0, 0.0, 3.0, 3.0, -1.0, 0.65411960414, 0.0, 3.0, 3.0, 3.0, -0.941119884426, 1.0, -1.0, 3.0, -1.0, 96047.0, 436.0, 99568.0
-1.0, 0.551002825446, 1.28909070445, 3.0, -1.0, 3.0, -1.0, -0.0118796162936, 2.45534361048, 0.974597236127, -0.910204165047, -0.939925988889, -1.0, -1.0, -0.603221918437, 2.55691309169, 0.354347534564, -1.0, 1.0, 0.124275171106, -0.544927743364, 3.0, 2.0, 2.0, 0.424129543317, -1.0, 3.0, -0.993382727415, 0.0, 1.01052225334, -0.632547657213, -1.0, 0.42749681201, -0.391320356582, 1.3971123569, 2.0, 1.0, -0.368984273178, 1.56877431003, 2.35432600243, 3.0, -1.0, 3.0, 3.0, -0.899666770314, 1.0, -1.0, -1.0, 0.0, 0.167708976649, 95830.0, 426.0, 99597.0
1.0, 3.0, -1.0, 0.0, 1.0, -1.0, 0.782108226584, 2.91255046406, -1.0, -0.509714151005, -1.0, -1.0, 1.0, 2.0, -1.0, 1.0, -0.705963794601, 3.0, 3.0, 1.0, 1.36188508462, 2.0, -1.0, 3.0, 0.0, 2.4397354332, -1.0, 0.819916967983, 1.23919810633, -1.0, 0.0, 1.0, -1.0, 0.0, -0.639646377833, 2.0, 0.0, -0.621768027853, -1.0, -0.0424172705412, 0.617911450302, -0.322025418092, 3.0, -0.789859509852, 0.0, -0.942628923857, 0.0, 3.0, 0.0, -0.678620847529, 95708.0, 448.0, 99566.0
1.0, 2.92015342643, 0.0, -1.0, 0.586941624785, -1.0, -1.0, -1.0, 2.0, 2.0, -1.0, 0.198038867862, -0.834915046255, -1.0, 2.0, 3.0, -0.149414318378, 1.0, 0.955221350339, -1.0, 1.0, -1.0, -1.0, -1.0, 3.0, 2.0, 0.0, -1.0, 1.0, 1.0, 0.0, 2.0, -0.85903775419, 1.0, 1.0, 2.0, 0.0, 3.0, 3.0, -1.0, 1.0, 1.48197123264, 3.0, 3.0, 1.54044356352, -0.804277521619, 0.101652504967, -1.0, 3.0, -1.0, 95890.0, 451.0, 99558.0
1.0, 2.0, 0.0, -1.0, 0.586941624785, 2.78704407894, -1.0, -1.0, 2.71615852644, 2.47667911434, -1.0, 0.291630881989, -0.51834648, -1.0, 2.67120919301, -1.0, -0.346084424864, 0.855714272672, 1.66497802271, 0.657305108605, 1.0, -1.0, -1.0, -1.0, 3.0, -0.865129316497, 0.0, -0.899267086791, 1.0, 0.152762260608, 0.779367713375, 2.16123385167, -0.345074081855, 1.0, 1.0, 2.0, 0.0, 3.0, 3.0, -1.0, 1.0, -0.0843219084208, 3.0, 3.0, 3.0, 0.0, 1.0, -1.0, 3.0, -1.0, 95545.0, 470.0, 99530.0
1.0, 2.0, 0.198945012913, 0.259415188411, 1.02925634011, 2.0, -1.0, -1.0, 0.91222887359, 2.0, -1.0, 0.0, -0.51834648, -1.0, -0.116334838962, -0.452438427021, -0.146634278417, -0.376632421647, 0.955221350339, -1.0, 1.0, -1.0, -1.0, -1.0, 3.0, 2.0, 0.0, -1.0, 1.0, 2.62160042403, -0.562918180067, 2.0, -0.644755175603, -1.0, 1.0, 2.0, 0.0, 3.0, 2.99310216036, -1.0, 1.0, 0.0, 3.0, 3.0, 3.0, 0.0, 1.0, -1.0, 1.5085077099, -1.0, 95570.0, 452.0, 99552.0
-1.0, 1.0, -1.0, -1.0, 3.0, 3.0, 1.0, -1.0, 1.0, -0.667673074544, -1.0, 0.0, 0.810779331308, 3.0, 0.0, -0.721471347021, -0.430973148282, 0.0, -1.0, -1.0, -0.215361702039, 1.85130850624, 1.0, 0.0, 2.0, -1.0, -1.0, -0.175661373336, 1.15096527815, 2.0838425341, 0.779367713375, -1.0, -1.0, -1.0, 2.0, -0.379940940587, 2.0, 1.0, 1.0, 0.749903182808, -1.0, -1.0, 0.0, -1.0, 2.0, 0.667230338599, 0.32286511258, 2.0, 1.0, 3.0, 95246.0, 454.0, 99557.0
3.0, 2.0, 0.0, 1.0, 1.0, 3.0, 1.66190729667, 2.0, -1.0, -1.0, -1.0, 2.0, 3.0, 0.0, 0.0, 0.0, 0.0, 1.0, 2.0, 2.86133564367, -0.0211314130647, 1.78225749299, -1.0, 2.0, -1.0, -1.0, -1.0, -1.0, -1.0, -0.323056818686, 3.0, 2.0, -1.0, 0.0, 0.721114429755, 2.0, 3.0, 1.0, 2.0, 1.43755752232, -1.0, -1.0, 3.0, 0.0, 1.0, -1.0, 0.189439614632, -1.0, 0.162238779944, 2.0, 95002.0, 495.0, 99507.0
2.0, 2.0, -0.356785745613, -0.518828425721, 1.0, -1.0, -1.0, -1.0, 3.0, 3.0, -1.0, 1.0, 1.83314356033, 2.1973497433, -1.0, 0.912474221967, 3.0, 1.0, -1.0, 2.0, 1.0, 2.7539663115, 2.80177685967, -1.0, 0.0, 0.0, 1.0, -1.0, 3.0, 0.0, -1.0, 0.388438082282, -1.0, 0.0, -0.504351501991, 1.1316901934, -0.807856185352, 0.0457276244901, -1.0, 0.0, 1.0, 2.95616563041, 2.0194550955, 0.0, -1.0, -0.162160157072, -1.0, 1.0, 1.18271547247, 0.273729237777, 95335.0, 460.0, 99550.0
2.0, 2.0, 0.136915826209, -0.518828425721, 1.0, -1.0, -1.0, -1.0, 3.0, 3.0, -1.0, 1.0, 0.0, 2.1973497433, -1.0, 0.912474221967, 3.0, 1.0, -1.0, 2.0, 1.0, 2.7539663115, 2.80177685967, -1.0, 0.0, 0.0, 1.0, -1.0, 3.0, 0.0, -1.0, 1.31188689137, -1.0, 0.0, -0.432080882906, 1.1316901934, -0.807856185352, 0.0457276244901, -1.0, 0.0, 1.0, 2.95616563041, 1.50340091737, 0.0, -1.0, -0.162160157072, -1.0, 1.0, 3.0, 2.17097340398, 95190.0, 475.0, 99533.0
3.0, 2.0, -0.721139812367, 1.0, 1.0, 3.0, 3.0, 2.69753877755, -1.0, 0.0, -1.0, 2.0, 3.0, 0.0, -0.0208001741261, 0.0, 0.210753036962, 1.0, 2.0, 2.0, 0.0405238976511, 1.0, -1.0, 2.0, -1.0, -1.0, -0.934161032505, -1.0, -1.0, -0.323056818686, 3.0, 1.02000146433, -1.0, 0.0, 1.22798418845, 2.0, 3.0, 1.0, 2.0, 0.0, -1.0, -1.0, 3.0, -0.987610139462, 1.0, -1.0, 2.0, -1.0, 0.377018731526, 2.0, 95277.0, 478.0, 99527.0
0.0, 1.0, -1.0, -1.0, 2.96039990815, 3.0, 1.0, -1.0, 1.0, 1.18119540117, -1.0, -0.141817332872, 0.0, 3.0, -0.116334838962, -0.452438427021, 2.0, 0.0, -1.0, -1.0, -0.215361702039, 1.0, -1.0, 3.0, 2.0, -1.0, -1.0, 2.0, 0.191949161516, 2.0838425341, 0.0, -1.0, -1.0, -1.0, 2.0, 1.0, 2.05106877249, 1.0, 1.0, -0.208452428077, -1.0, -1.0, 0.0, -1.0, 0.544067832254, -1.0, 1.0, 2.0, 0.997122077762, 3.0, 95262.0, 467.0, 99546.0
1.0, 2.0, 0.198945012913, 0.259415188411, 1.02925634011, 2.0, -1.0, -1.0, 2.0, 2.0, -1.0, 0.0, -0.51834648, -1.0, 2.0, 3.0, -0.146634278417, -0.376632421647, 0.955221350339, -1.0, 1.0, -1.0, -1.0, -1.0, 3.0, 2.0, 0.0, -1.0, 1.0, 2.62160042403, -0.562918180067, 2.0, 0.0, -0.110625762076, 1.0, 2.0, 0.0, 3.0, 2.97086940048, -1.0, 1.0, 0.0, 3.0, 3.0, 3.0, 0.0, 1.0, -1.0, 1.5085077099, -1.0, 95345.0, 481.0, 99519.0
0.0, 1.0, -1.0, -1.0, 2.96039990815, 3.0, 1.0, -1.0, 1.0, 1.18119540117, -1.0, -0.141817332872, 0.0, 3.0, -0.116334838962, 1.75249103441, 2.0, 0.0, -1.0, -1.0, -0.215361702039, 1.0, -1.0, 1.94508687634, 2.0, -1.0, -1.0, 2.0, 0.191949161516, 2.0838425341, 0.0, -1.0, -0.212224477777, -1.0, 2.0, 1.0, 2.05106877249, 1.0, 1.0, -0.208452428077, -1.0, -1.0, 0.0, -1.0, 0.544067832254, -1.0, 1.0, 2.0, 0.997122077762, 3.0, 95087.0, 481.0, 99533.0
0.0, 1.60672824405, 0.0, -1.0, 1.0, 2.67223805163, -1.0, -1.0, 2.0, 2.0, -1.0, 1.42816022555, 0.0, -1.0, 2.0, -0.184182297412, 2.49216525509, 1.0, 1.0, -1.0, 1.0, -1.0, -1.0, -1.0, 2.47927548824, -0.755875091236, 0.0, -1.0, 0.0, 1.0, 0.0, 2.0, 0.0, 2.11734501108, 1.0, 2.0, 0.0, 3.0, 3.0, -1.0, 1.0, 0.0, 3.0, -1.0, 3.0, 0.0, 1.0, -0.959233833683, 1.47472805857, -1.0, 95368.0, 472.0, 99535.0
1.0, 2.0, 0.198945012913, 0.259415188411, 1.02925634011, 2.0, -1.0, -1.0, 2.0, 2.0, -1.0, 0.0, -0.51834648, -1.0, 2.0, 3.0, -0.146634278417, -0.832621860599, 0.955221350339, -1.0, 1.0, -1.0, -1.0, -1.0, 3.0, 2.0, -0.674129957924, -1.0, 1.0, 2.62160042403, -0.562918180067, 2.0, 0.0, 2.10095221846, 1.0, 2.0, 0.0, 3.0, 2.97086940048, -1.0, 1.0, 0.0, 3.0, 3.0, 3.0, 0.0, 1.0, -1.0, 1.64974509124, -1.0, 95764.0, 453.0, 99541.0
1.0, 2.0, 0.198945012913, 0.259415188411, 1.02925634011, 2.0, -1.0, -1.0, 2.0, 2.0, -1.0, 0.0, -0.51834648, -1.0, 2.0, 3.0, -0.146634278417, -0.832621860599, 0.955221350339, -1.0, 1.0, -1.0, -1.0, -1.0, 3.0, 2.0, -0.674129957924, -1.0, 1.0, 2.62160042403, -0.792770858253, 2.0, 0.0, 2.10095221846, 1.0, 2.0, 0.0, 3.0, 2.97086940048, -1.0, 1.0, 0.0, 3.0, 3.0, 3.0, 0.0, 1.0, -1.0, 1.57470023052, -1.0, 95764.0, 453.0, 99541.0
0.0, 2.0, 1.0, 1.0, -0.495484369798, 1.0, -1.0, 2.0, -1.0, 0.0, -1.0, 2.0, 0.0, -1.0, 2.0, 1.0, 2.0, 3.0, 1.5037377872, 1.22350991713, 0.0, -1.0, 2.0, 2.0, 1.0, -1.0, 1.0, 1.0, -0.0415122748933, 2.0, 0.23334440037, -0.274204206011, -1.0, 1.30641068672, 0.0, -1.0, -1.0, 0.0, 3.0, 0.0, -1.0, 1.0, 1.0, -0.909211884668, 3.0, 0.0, -1.0, 3.0, 2.53572930255, -1.0, 94813.0, 499.0, 99500.0
3.0, 2.0, -0.753392843737, 0.0, 1.0, 3.0, 3.0, 2.1339723791, -1.0, -1.0, -1.0, 2.0, 1.67528252478, -0.509812706073, 0.0, 0.0, 0.0, 1.0, 1.13589649889, 2.86133564367, 3.0, 0.375787009037, 1.59671136739, 2.0, 1.49949499349, -1.0, -1.0, -1.0, -1.0, -0.323056818686, 3.0, 2.0, -1.0, -0.232664460629, 0.721114429755, 2.0, 3.0, 2.98990096672, 2.0, 1.43755752232, -1.0, -1.0, 3.0, 0.0, 1.0, -1.0, -0.577538545415, -1.0, 0.42317552911, 2.0, 95381.0, 476.0, 99526.0
1.0, 2.92015342643, 0.0, -1.0, 0.586941624785, -1.0, -1.0, -1.0, 2.0, 2.0, -1.0, 0.198038867862, -0.977568363973, -1.0, 2.0, 3.0, -0.149414318378, 1.0, 0.955221350339, -1.0, 1.0, -1.0, -1.0, -1.0, 3.0, 2.0, 0.0, -1.0, 1.0, 1.0, 0.0, 2.0, -0.85903775419, 1.0, 1.0, 2.0, 0.0, 3.0, 3.0, -1.0, 1.0, 1.48197123264, 3.0, 3.0, 1.54044356352, -0.804277521619, 0.101652504967, -1.0, 3.0, -1.0, 95890.0, 451.0, 99558.0
2.0, 2.0, 3.0, 0.0545975345759, 1.0, -1.0, 2.0, -1.0, 3.0, 1.13474419653, -0.833949023071, 1.0, 0.0, 1.15608756819, 2.5861220824, 0.912474221967, 3.0, 1.0, -1.0, 2.0, 1.0, 2.7539663115, 2.63284546828, -1.0, 2.0, -0.849196789675, 1.0, -1.0, 3.0, 0.0, -1.0, 1.31188689137, -1.0, 0.0, -0.0450681440752, 1.14812559327, -0.269867729069, 0.0457276244901, -1.0, 0.0, 2.0, 2.0, -0.0509025690413, 0.0, -1.0, -0.162160157072, -1.0, 0.604366547488, 3.0, 2.17097340398, 94794.0, 514.0, 99486.0
3.0, 2.0, 0.0, 1.0, 1.0, 3.0, 3.0, 2.0, -1.0, -1.0, -1.0, 2.0, 3.0, 0.0, 0.0, 0.0, 0.0, 1.0, 2.0, 2.86133564367, -0.0211314130647, 1.78225749299, -1.0, 2.0, -1.0, -1.0, -1.0, -1.0, -1.0, -0.323056818686, 3.0, 2.0, -1.0, 0.0, 0.721114429755, 2.0, 3.0, 1.0, 2.0, 1.43755752232, -1.0, -1.0, 3.0, 0.0, 1.0, -1.0, 0.189439614632, -1.0, -1.0, 2.0, 95258.0, 483.0, 99522.0
