0.5002273619, 0.935284789392, 2.12557024292, 0.471162454013, 47.9999079634, 43.5588404643, 2.77761487366, 2.32951843006, 31.5780800455, 288.948916223, 0.483261304602
0.70311448969, 1.19187031685, 2.31061651445, 0.222284144772, 37.730318204, 44.8050984977, 2.46675557793, 1.64788868888, 21.094007363, 352.747125602, 0.41536318071
0.603289810179, 1.1392222312, 5.11162339723, 0.266314792937, 17.766215696, 44.4059969724, 2.263028668, 1.57063693201, 40.8771920165, 972.085780936, 0.403941214488
0.5002273619, 0.935284789392, 2.12557024292, 0.471162454013, 47.9999079634, 43.5588404643, 2.76051890774, 1.7930218582, 31.5780800455, 330.855853594, 0.476938198258
0.70311448969, 0.890171898837, 2.31061651445, 0.222284144772, 37.730318204, 44.8050984977, 2.46675557793, 1.64788868888, 21.094007363, 280.533408515, 0.532560535952
0.547279523003, 0.928474774114, 7.56449590643, 0.240720400376, 27.5816114564, 44.0182063096, 2.89445433907, 1.65089351648, 26.0845121822, 1008.91233501, 0.392009998192
0.592222429475, 1.00883106135, 2.72310669646, 0.20541927003, 30.8010208498, 43.0407551128, 2.27973230882, 1.97783511132, 35.4990505323, 316.45443653, 0.495056833538
0.589922169326, 0.825881144064, 5.79399054004, 0.372847728982, 3.20278702764, 45.1376539145, 2.06175170314, 1.92815602216, 23.2026680322, 548.676372574, 0.445288787299
0.692633415628, 0.864187348367, 4.56220097797, 0.238150867734, 11.6709380758, 42.5623690664, 3.42571127951, 1.8762834175, 31.8443328273, 663.128481471, 0.416486376716
0.592222429475, 1.25797070815, 2.72310669646, 0.20541927003, 30.8010208498, 43.0407551128, 2.27973230882, 1.97783511132, 35.4990505323, 486.310718504, 0.446894643597
0.569776127342, 0.920089216615, 6.90379918662, 0.40077375221, 44.5337113961, 41.0105032493, 2.23829606369, 1.72650839388, 24.1176472299, 772.319090273, 0.431033367144
0.506161512388, 1.08317888053, 5.04142959584, 0.27834954273, 22.2696198463, 41.1460397174, 2.92835885099, 1.56960063799, 26.6871195687, 718.705183861, 0.43202053255
0.617039446632, 1.13420663621, 2.17001229989, 0.495255369158, 17.3135576082, 42.7989753369, 2.15115838217, 4.71308171919, 20.2062403749, 313.17765846, 0.61652664357
0.810130436541, 1.09055531343, 3.43528038103, 0.217012118936, 47.5670494234, 44.4839398832, 2.16406372307, 1.12882686045, 31.0469739678, 506.329878662, 0.448286624036
0.774449438627, 0.912779716785, 3.45317910616, 0.205737360703, 36.6874204158, 47.7582675778, 3.95774395778, 1.85657313775, 25.5187939122, 519.45352309, 0.476117508915
0.617039446632, 1.13420663621, 2.49612823903, 0.495255369158, 1.82333095449, 42.7989753369, 2.15115838217, 4.71308171919, 20.340124076, 351.849939268, 0.504191100726
0.625672872587, 0.876664400312, 2.32666242613, 0.271803908899, 37.5258222489, 47.513364813, 3.31292527079, 2.18564018153, 30.4755855104, 343.309616328, 0.571913097803
0.505299208576, 1.09656017222, 2.36175845291, 0.304366328172, 22.1532120507, 45.6082575079, 2.07692798812, 1.46220063129, 39.6676673867, 415.794742852, 0.500314770091
0.779211252014, 0.961995572369, 2.17564864488, 0.446735539425, 29.7789933019, 41.2551610436, 3.65424087, 3.14271537814, 26.7510299655, 371.959207255, 0.54397553995
0.625364271483, 1.22420914618, 4.92388029542, 0.327088686574, 42.2542407921, 43.9714893551, 2.9778553799, 1.80892572363, 39.5946759929, 974.612315125, 0.464918580695
0.566278758765, 0.947575200729, 6.97207647179, 0.336976316427, 31.6939630887, 43.538940077, 3.74442562768, 1.26807382342, 24.6958804751, 1133.26798226, 0.455798477397
0.779211252014, 0.961995572369, 2.17564864488, 0.446735539425, 29.7789933019, 41.2551610436, 3.65424087, 3.14271537814, 26.7510299655, 360.022406746, 0.573687761182
0.724011668686, 1.02516522122, 3.00828236026, 0.281287971728, 12.8507874353, 45.947580684, 3.2048021082, 1.79603073894, 43.6956704094, 642.37415037, 0.492575415522
0.707972218459, 0.928474774114, 7.56449590643, 0.240720400376, 27.5816114564, 42.1382211384, 3.18024421772, 1.6477424022, 26.0845121822, 1097.2325549, 0.475449956924
0.853030904557, 0.901719152992, 2.28565392999, 0.302667325944, 37.8130218127, 43.8457684335, 3.34806949864, 0.6510706652, 33.8151689063, 353.632206433, 0.662156527075
0.750187198742, 0.90880315268, 3.69237352948, 0.325457235744, 5.42147807383, 41.0309893539, 2.77771312197, 4.32973964619, 24.585476584, 381.08777893, 0.565892236687
0.559756215629, 0.846129563922, 4.08571320553, 0.278941856865, 26.2901350726, 40.4786348875, 2.02706650149, 0.825032472889, 22.6955756028, 500.938168526, 0.529500530352
0.589922169326, 0.97596100496, 4.98731649997, 0.372847728982, 3.20278702764, 45.1376539145, 2.16218360056, 1.92815602216, 23.2026680322, 724.524017738, 0.480019823295
0.692633415628, 1.02400536085, 4.12548117057, 0.238150867734, 11.6709380758, 45.5338509978, 3.42571127951, 1.8762834175, 27.2299823514, 815.286606701, 0.479690620671
0.735301950229, 0.858367541457, 5.32641128884, 0.490963306667, 27.0627347502, 42.4818158884, 2.35256325312, 3.61931198975, 24.7687219819, 470.558000855, 0.544271864857
0.625672872587, 0.82137732687, 3.38975286697, 0.40998242805, 37.5258222489, 47.513364813, 3.31292527079, 2.18564018153, 30.4755855104, 444.33031717, 0.561394498037
0.735027773906, 1.0427301788, 2.65102100481, 0.233429848197, 43.9382715329, 43.7546518843, 3.23740792734, 3.46868576, 26.0488658799, 419.913012347, 0.571072460714
0.652585743004, 0.959634059611, 2.60423599361, 0.492752100138, 44.8282004423, 48.7301933537, 3.21327397531, 2.7261215504, 43.5187247753, 466.83946282, 0.564258298595
0.894800982759, 0.876664400312, 4.030824217, 0.399385004183, 35.0622587123, 49.7431688411, 3.37710528644, 1.51170069679, 32.4893686066, 619.17778318, 0.502509103206
0.505299208576, 1.09656017222, 2.86106397747, 0.304366328172, 22.1532120507, 45.6082575079, 2.07692798812, 0.745792140075, 39.6676673867, 410.004829087, 0.586209665905
0.647476068145, 1.09483082025, 2.05592062647, 0.27563363994, 0.112111550279, 46.6262997246, 3.47125959376, 0.615565158704, 30.8656089719, 393.47960948, 0.603029707457
0.735027773906, 0.930956446164, 2.65102100481, 0.28455842211, 43.9382715329, 43.7546518843, 3.23740792734, 3.46868576, 26.0488658799, 402.335273727, 0.60204255743
0.653895489757, 1.01183170418, 2.44985455814, 0.367617741454, 29.2803213767, 42.8725006993, 3.05681858178, 0.909320994694, 30.8383832072, 443.054761687, 0.571464564869
0.647476068145, 1.09483082025, 2.05592062647, 0.27563363994, 0.112111550279, 46.6262997246, 3.47125959376, 0.615565158704, 30.8656089719, 404.249390794, 0.613865045319
0.774449438627, 0.912779716785, 5.60451667728, 0.205737360703, 36.6874204158, 47.7582675778, 3.95774395778, 1.85657313775, 25.5187939122, 765.372212076, 0.493318665738
0.559756215629, 0.846129563922, 4.08571320553, 0.278941856865, 26.2901350726, 40.4786348875, 2.92233504605, 0.825032472889, 22.6955756028, 406.732105581, 0.629839397344
0.551751971727, 0.931328291387, 3.46244368314, 0.498670053564, 18.5947543527, 44.7557959259, 3.39690990526, 2.46190248649, 34.2306619175, 581.655753599, 0.504429510054
0.744729415463, 0.996027418683, 3.41717925278, 0.398571688447, 30.7787589911, 43.1545598745, 2.48501431297, 4.92511196179, 24.8051706483, 433.94129963, 0.572124675457
0.810130436541, 1.09055531343, 3.43528038103, 0.217012118936, 47.5670494234, 48.5370254415, 2.16406372307, 1.12882686045, 33.2227123286, 595.074870442, 0.51688627903
0.714179623783, 0.957823721622, 3.10111574635, 0.230932437501, 5.51088118493, 46.8598644973, 2.10003089673, 2.8049026179, 39.445116652, 427.360995065, 0.598319083329
0.829780618268, 0.888523232949, 3.3575773817, 0.353255443384, 2.06295508828, 41.7817280745, 3.09083799219, 3.21631168668, 25.1696133965, 509.437005321, 0.561562329143
0.714179623783, 0.946803024201, 3.10111574635, 0.251812610298, 25.3288489822, 46.8598644973, 2.29686200206, 2.71703466339, 36.9583616551, 459.369066829, 0.574962994167
0.872575624303, 1.20651656122, 2.56545236435, 0.492037008676, 2.0107183903, 47.4404057229, 3.63746198201, 3.06668164436, 40.9136892161, 566.694354055, 0.556137248241
0.829780618268, 0.888523232949, 3.3575773817, 0.341670245013, 2.06295508828, 41.7817280745, 3.09083799219, 3.21631168668, 25.1696133965, 466.780191472, 0.604682984531
0.803058460421, 0.957823721622, 3.45265265676, 0.230932437501, 7.10760417898, 49.5957908208, 2.10003089673, 2.8049026179, 39.445116652, 478.894032379, 0.580103206392
0.776947529723, 0.854757569963, 3.16065679513, 0.263424879084, 15.9375543858, 40.0540591745, 3.95310340234, 0.0537379725817, 27.1696225906, 479.937441394, 0.585068205842
0.586257458018, 0.84625337962, 4.39550287654, 0.429506278949, 23.7309288775, 41.1067551083, 3.12191110717, 3.99037414481, 40.5047538046, 732.65127683, 0.528483672375
0.754440564886, 0.963167373163, 6.28994516868, 0.482645031257, 16.5279153528, 43.4688261041, 2.29653816011, 2.84793075598, 38.1694589775, 787.08536998, 0.514003923599
0.692469533292, 0.854757569963, 4.98301652749, 0.401275811733, 43.6818439784, 41.3481991022, 3.45705867238, 0.20565126166, 22.1004275633, 601.759593512, 0.556192492946
0.560866864671, 0.87295542577, 4.25162111294, 0.426192270021, 31.8337949348, 45.7373319788, 3.27430205892, 2.46094772088, 23.9183445037, 637.705335839, 0.547330990703
0.801077193309, 0.869668587455, 6.87638925478, 0.493169582176, 2.78964652849, 42.4981598893, 2.59738260527, 1.91829949877, 37.9748750574, 892.736225948, 0.506390072288
0.735301950229, 0.858367541457, 5.32641128884, 0.490963306667, 27.0627347502, 45.1892369391, 2.35256325312, 3.61931198975, 25.9922849247, 592.029082503, 0.563092352893
0.687970205467, 0.825881144064, 5.79399054004, 0.440876357228, 27.311569105, 49.380976232, 2.06175170314, 3.08124749953, 20.537525085, 613.915736084, 0.561174746484
0.710638916305, 0.888380727804, 4.95512509985, 0.467605115324, 42.9225244984, 43.768021291, 3.80592664575, 0.328602080114, 41.7462380589, 787.624246927, 0.521723262066
0.784049031596, 0.992662865546, 3.41717925278, 0.400260668891, 30.7787589911, 43.7511148665, 2.08618117301, 0.0491322282885, 36.3148459595, 483.528975749, 0.640887727775
0.586257458018, 0.84625337962, 4.26461130223, 0.429506278949, 23.7309288775, 46.6108256522, 3.12191110717, 3.99037414481, 40.5047538046, 630.06244165, 0.557710422867
0.820468299377, 1.01405665922, 5.30110591566, 0.351950815037, 49.3270813861, 40.7045718908, 2.57523673047, 3.98083909088, 32.5760821425, 642.787047454, 0.551016807185
0.812276636479, 1.09023004935, 4.35320867766, 0.499689286733, 12.7324587485, 40.2219210734, 3.50407046187, 1.36547886578, 23.656976773, 770.375984895, 0.530937142071
0.680234584907, 0.885357378709, 4.6405216912, 0.360271205819, 13.642976427, 47.3745259281, 2.5932820844, 1.08206631639, 24.9035702599, 494.455122328, 0.616634307822
0.735007249489, 1.08346728279, 2.44985455814, 0.367617741454, 18.0850092965, 42.8725006993, 3.05681858178, 0.909320994694, 30.8383832072, 492.178779633, 0.626129257394
0.727285660218, 1.03498172532, 4.37781125987, 0.339546214154, 26.8124389983, 44.1486800922, 2.97078021971, 3.19820860431, 23.9896807333, 515.494844195, 0.576311081913
0.51868707171, 1.23978989364, 6.91714785872, 0.375980800623, 23.6643192336, 43.7743525383, 2.88599980764, 2.3502242585, 23.8358076199, 1332.9843258, 0.511972085254
0.827782232409, 0.963167373163, 6.28994516868, 0.482645031257, 16.5279153528, 43.4688261041, 2.29653816011, 2.84793075598, 38.1694589775, 696.620923701, 0.553280420269
0.566278758765, 0.947575200729, 6.97207647179, 0.336976316427, 31.6939630887, 43.538940077, 3.74442562768, 1.26807382342, 24.6958804751, 1060.18630171, 0.520046367186
0.560866864671, 0.87295542577, 4.25162111294, 0.487779898454, 31.8337949348, 45.7373319788, 3.27430205892, 2.42660790671, 36.7026303674, 626.737906362, 0.563342465651
0.625364271483, 1.00561531256, 5.59916325446, 0.409623650262, 39.7006575058, 44.6159233604, 3.09682116533, 3.86184311227, 23.0414373727, 1020.52606304, 0.523140443636
0.896088651949, 0.930956446164, 3.26260208064, 0.332255335492, 36.5662319609, 44.2361778086, 3.47343150394, 2.53554578119, 30.8888432025, 518.091079586, 0.591802449099
0.652585743004, 0.959634059611, 2.60423599361, 0.423878743617, 44.8282004423, 48.7301933537, 3.21327397531, 2.7261215504, 43.5187247753, 538.689123454, 0.583896101986
0.551015439001, 1.24037519594, 5.00386651999, 0.334912278587, 1.66419398595, 40.4892312153, 3.72170845718, 3.19805154945, 25.9717231838, 1175.99012256, 0.520879166931
0.551751971727, 0.931328291387, 3.46244368314, 0.269542586574, 18.5947543527, 44.7557959259, 3.39690990526, 2.46190248649, 34.2306619175, 551.219924813, 0.57971786935
0.565480003029, 1.03498172532, 5.68745692833, 0.328455594873, 18.7448066892, 44.012150224, 2.97078021971, 0.460225065143, 23.9896807333, 666.214646892, 0.560915869476
0.569776127342, 0.920089216615, 6.90379918662, 0.40077375221, 29.0022390341, 41.0105032493, 2.23829606369, 1.72650839388, 24.1176472299, 803.298649558, 0.539598233118
0.599553010164, 0.99799908779, 6.08688835051, 0.49868530591, 49.0819588279, 48.6591086514, 2.93344791026, 0.457580932318, 41.8106930566, 999.172341988, 0.530480206292
0.803058460421, 0.946803024201, 3.45265265676, 0.251812610298, 25.3288489822, 49.5957908208, 2.29686200206, 1.64396636247, 36.9583616551, 563.512155301, 0.58006810711
0.551015439001, 1.1853119376, 3.96589256213, 0.334912278587, 1.66419398595, 43.4330561797, 3.72170845718, 3.19805154945, 25.9717231838, 901.225631949, 0.539408795628
0.820468299377, 1.01405665922, 5.30110591566, 0.351950815037, 49.3270813861, 40.7045718908, 2.93344791026, 3.98083909088, 32.5760821425, 834.492433367, 0.541348077718
0.584234837588, 1.10250157436, 3.98955901105, 0.360413908633, 31.2040841572, 46.3805761997, 2.19731798556, 4.57888446758, 24.5672428796, 528.453666733, 0.603539367963
0.598156188515, 1.19418510716, 7.86558324887, 0.349509749763, 6.46770377964, 49.9307749551, 3.11913929394, 3.09310446647, 26.8295897301, 2023.49818285, 0.529386981752
0.782351268282, 1.14936580431, 4.6405216912, 0.466614067844, 7.07777413995, 45.3769167428, 2.61831283924, 1.08206631639, 32.1927187368, 800.265098359, 0.546968021994
0.83052181766, 1.00645321922, 4.04378363522, 0.25873463713, 28.3648654697, 40.4892312153, 2.05226882426, 2.82031155747, 37.7388713053, 578.574198102, 0.581267512478
0.591099928436, 0.990942015387, 5.4807473214, 0.496562651508, 19.0540353058, 48.9711383448, 2.56407369531, 2.31120057885, 31.8274438639, 928.693323053, 0.540971723236
0.584081336678, 0.901719152992, 3.36087346825, 0.302667325944, 37.8130218127, 45.5338509978, 3.34806949864, 0.6510706652, 33.8151689063, 530.168282753, 0.62618073042
0.750187198742, 0.90880315268, 3.69237352948, 0.325457235744, 5.42147807383, 41.0309893539, 2.77771312197, 4.32973964619, 24.585476584, 559.620469405, 0.594729319688
0.812276636479, 1.09023004935, 4.35320867766, 0.499689286733, 12.7324587485, 40.2219210734, 3.50407046187, 1.36547886578, 23.656976773, 914.525898247, 0.543493841689
0.762787458529, 0.881035747328, 3.60616763767, 0.330169227974, 20.8997750988, 41.7589071096, 3.84732465251, 3.82588654916, 34.6375517723, 617.443566819, 0.573717934022
0.772511425328, 0.975758342914, 6.47205235954, 0.400307385702, 15.3501326691, 46.4602394689, 2.05159638631, 2.90320444357, 38.6450862961, 1033.06681478, 0.536950705542
0.734528527182, 1.13665276708, 6.92239049431, 0.331155070252, 25.9067165288, 44.131839445, 2.59667290116, 4.2149725961, 28.2291229699, 1045.90180531, 0.535172218063
0.762787458529, 0.881035747328, 3.60616763767, 0.330169227974, 20.8997750988, 40.9539883868, 3.84732465251, 3.98293612359, 34.6375517723, 593.104494826, 0.582141547577
0.665914199798, 1.18672161057, 4.26999211793, 0.464324080638, 4.11394820527, 43.572024095, 2.40571959694, 0.337800194724, 20.4723084583, 778.059473952, 0.559582102534
0.572686170476, 1.09791548447, 7.51483795368, 0.489232467822, 4.984818047, 49.8804873477, 2.08402262398, 3.7340415844, 34.8454564902, 1182.6382306, 0.535439724646
0.599553010164, 0.99799908779, 6.08688835051, 0.49868530591, 49.0819588279, 48.6591086514, 2.57523673047, 0.621718257075, 39.3867023804, 918.938624504, 0.546722941342
0.572686170476, 1.09791548447, 7.51483795368, 0.489232467822, 4.984818047, 49.8804873477, 2.08402262398, 3.7340415844, 34.8454564902, 1350.8978486, 0.536629951439
0.715269798625, 1.02431735342, 3.55747716947, 0.461287329992, 0.894717340767, 42.7220228796, 2.77917108308, 4.56263725874, 38.8970684962, 583.861310619, 0.599169978279
0.67588046812, 0.943895042098, 7.28684231768, 0.376003571686, 39.0374523663, 44.1007766202, 3.96644889481, 2.76437478042, 40.8603136651, 1313.91775222, 0.539638451697
0.896088651949, 1.0427301788, 3.26260208064, 0.332255335492, 36.5662319609, 44.2361778086, 3.47343150394, 2.60873265901, 30.8888432025, 591.307786902, 0.603457812191
