0.5002273619, 0.935284789392, 2.12557024292, 0.471162454013, 47.9999079634, 43.5588404643, 2.77761487366, 2.32951843006, 31.5780800455, 288.948916223, 0.483261304602
0.70311448969, 1.19187031685, 2.31061651445, 0.222284144772, 37.730318204, 44.8050984977, 2.46675557793, 1.64788868888, 21.094007363, 352.747125602, 0.41536318071
0.547279523003, 0.928474774114, 7.56449590643, 0.240720400376, 27.5816114564, 44.0182063096, 2.89445433907, 1.65089351648, 26.0845121822, 1008.91233501, 0.392009998192
0.5002273619, 0.935284789392, 2.12557024292, 0.471162454013, 47.9999079634, 43.5588404643, 2.77761487366, 1.64788868888, 31.5780800455, 238.578178236, 0.528783338837
0.5002273619, 0.935284789392, 2.12557024292, 0.471162454013, 47.9999079634, 43.5588404643, 2.76051890774, 1.7930218582, 31.5780800455, 325.545425871, 0.415480608676
0.70311448969, 0.890171898837, 2.31061651445, 0.240720400376, 27.5816114564, 44.0182063096, 2.46675557793, 1.64788868888, 21.094007363, 272.250695102, 0.51545646093
0.592222429475, 0.825881144064, 2.72310669646, 0.372847728982, 3.20278702764, 45.1376539145, 2.27973230882, 1.92815602216, 22.251729027, 297.482654112, 0.465524819836
0.551015439001, 0.946803024201, 3.45265265676, 0.202032266544, 25.3288489822, 49.5957908208, 2.29686200206, 1.64396636247, 40.9109805046, 505.721805133, 0.398361191
0.603289810179, 1.1392222312, 5.11162339723, 0.266314792937, 17.766215696, 44.4059969724, 2.263028668, 1.57063693201, 40.8771920165, 972.085780936, 0.403941214488
0.70311448969, 0.890171898837, 2.31061651445, 0.222284144772, 37.730318204, 44.8050984977, 2.46675557793, 1.64788868888, 21.094007363, 280.533408515, 0.532560535952
0.592222429475, 1.00883106135, 2.72310669646, 0.20541927003, 30.8010208498, 43.0407551128, 2.27973230882, 1.97783511132, 35.4990505323, 316.45443653, 0.495056833538
0.5002273619, 0.935284789392, 2.12557024292, 0.471162454013, 47.9999079634, 43.5588404643, 2.76051890774, 1.7930218582, 31.5780800455, 330.855853594, 0.476938198258
0.505299208576, 1.09656017222, 2.12702578837, 0.304366328172, 22.1532120507, 45.6082575079, 2.07692798812, 1.46220063129, 40.5049131943, 402.03712928, 0.416970962723
0.692633415628, 0.864187348367, 4.56220097797, 0.238150867734, 11.6709380758, 42.5623690664, 3.42571127951, 1.8762834175, 31.8443328273, 663.128481471, 0.416486376716
0.592222429475, 1.25797070815, 2.72310669646, 0.20541927003, 30.8010208498, 43.0407551128, 2.27973230882, 1.97783511132, 35.4990505323, 486.310718504, 0.446894643597
0.589922169326, 0.825881144064, 5.79399054004, 0.372847728982, 3.20278702764, 45.1376539145, 2.06175170314, 1.92815602216, 23.2026680322, 548.676372574, 0.445288787299
0.617039446632, 1.13420663621, 2.17001229989, 0.495255369158, 17.3135576082, 42.7989753369, 2.15115838217, 4.71308171919, 20.2062403749, 313.17765846, 0.61652664357
0.506161512388, 1.08317888053, 5.04142959584, 0.27834954273, 22.2696198463, 41.1460397174, 2.92835885099, 1.56960063799, 26.6871195687, 718.705183861, 0.43202053255
0.569776127342, 1.08317888053, 5.04142959584, 0.27834954273, 22.2696198463, 41.0105032493, 2.92835885099, 1.56960063799, 26.6871195687, 755.18042261, 0.425644810908
0.692633415628, 1.02400536085, 4.12548117057, 0.238150867734, 11.6709380758, 45.5338509978, 3.42571127951, 1.8762834175, 29.2426516723, 710.997446236, 0.441278220499
0.810130436541, 1.09055531343, 3.43528038103, 0.217012118936, 47.5670494234, 44.4839398832, 2.16406372307, 1.12882686045, 31.0469739678, 506.329878662, 0.448286624036
0.569776127342, 0.920089216615, 6.90379918662, 0.40077375221, 44.5337113961, 41.0105032493, 2.23829606369, 1.72650839388, 24.1176472299, 772.319090273, 0.431033367144
0.617039446632, 1.13420663621, 2.49612823903, 0.495255369158, 1.82333095449, 42.7989753369, 2.15115838217, 4.71308171919, 20.340124076, 351.849939268, 0.504191100726
0.552203033028, 1.09483082025, 2.05592062647, 0.304366328172, 0.112111550279, 46.6262997246, 2.07692798812, 0.615565158704, 30.8656089719, 321.788476067, 0.585303975424
0.774449438627, 0.912779716785, 5.60451667728, 0.205737360703, 36.6874204158, 47.7582675778, 3.95774395778, 1.85657313775, 25.5187939122, 791.882742278, 0.444739829235
0.603289810179, 1.1392222312, 5.11162339723, 0.258126859709, 17.766215696, 44.4059969724, 2.263028668, 1.57063693201, 40.8771920165, 1076.04071094, 0.432512297233
0.547279523003, 0.928474774114, 7.56449590643, 0.222284144772, 37.730318204, 44.8050984977, 2.89445433907, 1.65089351648, 26.0845121822, 1234.01461795, 0.434277366436
0.692633415628, 1.16990541896, 4.56220097797, 0.238150867734, 11.6709380758, 42.5623690664, 3.42571127951, 1.8762834175, 31.8443328273, 1084.31212532, 0.440416512445
0.810130436541, 1.10577126429, 3.43528038103, 0.217012118936, 48.3258333588, 44.4839398832, 2.16406372307, 1.12882686045, 31.0469739678, 572.344873373, 0.456698608164
0.653437823833, 0.928474774114, 7.56449590643, 0.355879808045, 27.5816114564, 42.1382211384, 3.18024421772, 1.6477424022, 26.0845121822, 1145.64370168, 0.443188790294
0.774449438627, 0.912779716785, 3.45317910616, 0.205737360703, 36.6874204158, 47.7582675778, 3.95774395778, 1.85657313775, 25.5187939122, 519.45352309, 0.476117508915
0.560866864671, 0.87295542577, 4.25162111294, 0.426192270021, 31.8337949348, 42.4981598893, 3.27430205892, 1.41157646814, 36.2528883901, 698.946161795, 0.448452935378
0.625672872587, 0.876664400312, 2.32666242613, 0.271803908899, 37.5258222489, 47.513364813, 3.31292527079, 1.27467710827, 30.4755855104, 374.999471617, 0.50685229724
0.584081336678, 0.90880315268, 3.36087346825, 0.325457235744, 5.42147807383, 40.5821329852, 2.77771312197, 4.32973964619, 24.585476584, 407.423321956, 0.497795124494
0.625672872587, 0.876664400312, 2.32666242613, 0.271803908899, 37.5258222489, 47.513364813, 3.31292527079, 2.18564018153, 30.4755855104, 343.309616328, 0.571913097803
0.70311448969, 1.19187031685, 2.31061651445, 0.222284144772, 37.730318204, 47.8853688633, 2.46675557793, 2.32951843006, 21.094007363, 340.871305707, 0.590365130007
0.820468299377, 1.01405665922, 2.47559338051, 0.351950815037, 24.8368731619, 40.7045718908, 2.71061713182, 3.98083909088, 32.5760821425, 381.876089225, 0.508730433306
0.727285660218, 1.09688767251, 2.44985455814, 0.339546214154, 18.0850092965, 42.8725006993, 2.97078021971, 0.367356208158, 23.9896807333, 347.773101745, 0.581518962008
0.505299208576, 1.09656017222, 2.36175845291, 0.304366328172, 22.1532120507, 45.6082575079, 2.07692798812, 1.46220063129, 39.6676673867, 415.794742852, 0.500314770091
0.566278758765, 0.947575200729, 6.97207647179, 0.336976316427, 31.6939630887, 43.538940077, 3.74442562768, 1.26807382342, 24.6958804751, 1133.26798226, 0.455798477397
0.506161512388, 0.920089216615, 6.90379918662, 0.40077375221, 44.5337113961, 42.6305137221, 3.12866441955, 1.72650839388, 25.276826682, 1178.5776654, 0.449792365079
0.779211252014, 0.961995572369, 2.17564864488, 0.446735539425, 29.7789933019, 41.2551610436, 3.65424087, 3.14271537814, 26.7510299655, 371.959207255, 0.54397553995
0.625364271483, 1.22420914618, 4.92388029542, 0.327088686574, 42.2542407921, 43.9714893551, 2.9778553799, 1.80892572363, 39.5946759929, 974.612315125, 0.464918580695
0.724011668686, 1.02516522122, 3.00828236026, 0.281287971728, 12.8507874353, 45.947580684, 3.2048021082, 1.79603073894, 43.6956704094, 584.755149941, 0.479856269992
0.779211252014, 0.961995572369, 2.17564864488, 0.446735539425, 29.7789933019, 41.2551610436, 3.65424087, 3.14271537814, 26.7510299655, 360.022406746, 0.573687761182
0.853030904557, 0.901719152992, 2.28565392999, 0.302667325944, 37.8130218127, 43.8457684335, 3.34806949864, 0.6510706652, 33.8151689063, 353.632206433, 0.662156527075
0.757172262087, 0.912779716785, 2.49612823903, 0.205737360703, 36.6874204158, 47.7582675778, 3.95774395778, 4.1874548379, 20.340124076, 359.971297687, 0.633912132528
0.617039446632, 1.13420663621, 2.17001229989, 0.495255369158, 17.3135576082, 42.7989753369, 2.15115838217, 3.86139428966, 20.2062403749, 374.110405474, 0.57866212049
0.750187198742, 0.90880315268, 3.69237352948, 0.325457235744, 5.42147807383, 41.0309893539, 2.77771312197, 4.32973964619, 24.585476584, 381.08777893, 0.565892236687
0.589922169326, 0.97596100496, 4.98731649997, 0.372847728982, 3.20278702764, 45.1376539145, 2.16218360056, 1.92815602216, 23.2026680322, 624.178665547, 0.491184642071
0.707972218459, 0.928474774114, 7.56449590643, 0.240720400376, 27.5816114564, 42.1382211384, 3.18024421772, 1.6477424022, 26.0845121822, 1097.2325549, 0.475449956924
0.724011668686, 1.02516522122, 3.00828236026, 0.281287971728, 12.8507874353, 45.947580684, 3.2048021082, 1.79603073894, 43.6956704094, 642.37415037, 0.492575415522
0.569776127342, 0.920089216615, 6.90379918662, 0.40077375221, 29.0022390341, 48.6591086514, 2.23829606369, 1.72650839388, 24.1176472299, 656.102629749, 0.49140312322
0.589922169326, 0.97596100496, 4.98731649997, 0.372847728982, 3.20278702764, 45.1376539145, 2.16218360056, 1.92815602216, 23.2026680322, 724.524017738, 0.480019823295
0.692633415628, 1.02400536085, 4.12548117057, 0.238150867734, 11.6709380758, 45.5338509978, 3.42571127951, 1.8762834175, 27.2299823514, 815.286606701, 0.479690620671
0.829780618268, 0.888523232949, 2.75277741881, 0.353255443384, 5.51088118493, 41.7817280745, 3.09083799219, 3.21631168668, 25.1696133965, 398.221833197, 0.566658517531
0.744729415463, 0.996027418683, 3.43528038103, 0.398571688447, 30.7787589911, 43.1545598745, 2.48501431297, 4.92511196179, 33.2227123286, 463.915968037, 0.518919200665
0.589922169326, 1.00883106135, 5.79399054004, 0.20541927003, 30.8010208498, 43.0407551128, 2.06175170314, 1.76495635479, 35.4990505323, 820.232442263, 0.481617889935
0.894800982759, 0.876664400312, 4.030824217, 0.399385004183, 35.0622587123, 49.7431688411, 3.37710528644, 1.51170069679, 32.4893686066, 619.17778318, 0.502509103206
0.894800982759, 0.876664400312, 4.030824217, 0.399385004183, 35.0622587123, 48.7301933537, 3.21327397531, 1.51170069679, 32.4893686066, 645.782975217, 0.499959478696
0.551602613793, 0.84625337962, 3.16065679513, 0.429506278949, 23.7309288775, 41.1067551083, 3.02518216818, 3.99037414481, 27.1696225906, 443.28658125, 0.542207786392
0.735027773906, 0.82137732687, 2.65102100481, 0.233429848197, 43.9382715329, 43.7546518843, 3.23740792734, 3.46868576, 26.0488658799, 385.479089305, 0.586460820662
0.551751971727, 0.931328291387, 3.46244368314, 0.498670053564, 18.5947543527, 44.7557959259, 3.39690990526, 2.46190248649, 34.2306619175, 581.655753599, 0.504429510054
0.647476068145, 1.09483082025, 2.05592062647, 0.27563363994, 0.112111550279, 46.6262997246, 3.47125959376, 0.615565158704, 30.8656089719, 393.47960948, 0.603029707457
0.774449438627, 0.912779716785, 5.60451667728, 0.205737360703, 36.6874204158, 47.7582675778, 3.95774395778, 1.85657313775, 25.5187939122, 765.372212076, 0.493318665738
0.559756215629, 0.846129563922, 4.08571320553, 0.278941856865, 26.2901350726, 40.4786348875, 2.02706650149, 0.825032472889, 22.6955756028, 500.938168526, 0.529500530352
0.714179623783, 0.957823721622, 3.10111574635, 0.230932437501, 2.06295508828, 46.8598644973, 2.10003089673, 2.8049026179, 39.445116652, 427.917525787, 0.566372638422
0.625672872587, 0.82137732687, 3.38975286697, 0.40998242805, 37.5258222489, 47.513364813, 3.31292527079, 2.18564018153, 30.4755855104, 444.33031717, 0.561394498037
0.735027773906, 1.0427301788, 2.65102100481, 0.233429848197, 43.9382715329, 43.7546518843, 3.23740792734, 3.46868576, 26.0488658799, 419.913012347, 0.571072460714
0.810130436541, 1.09055531343, 3.41717925278, 0.211726938694, 47.5670494234, 48.5370254415, 2.16406372307, 1.12882686045, 24.8051706483, 511.257883482, 0.523369696766
0.735027773906, 0.930956446164, 2.65102100481, 0.28455842211, 46.9995462126, 43.7546518843, 3.23740792734, 3.46868576, 26.0488658799, 459.048671253, 0.564285289764
0.735301950229, 0.858367541457, 5.32641128884, 0.490963306667, 27.0627347502, 42.4818158884, 2.35256325312, 3.61931198975, 24.7687219819, 470.558000855, 0.544271864857
0.566278758765, 0.961995572369, 3.51782483859, 0.446735539425, 29.7789933019, 41.2551610436, 3.65424087, 3.14271537814, 26.7510299655, 581.300668061, 0.509830887759
0.735027773906, 0.930956446164, 2.65102100481, 0.28455842211, 43.9382715329, 43.7546518843, 3.23740792734, 3.46868576, 26.0488658799, 402.335273727, 0.60204255743
0.750187198742, 0.894082997975, 3.69237352948, 0.325457235744, 5.42147807383, 41.0309893539, 2.77771312197, 4.32973964619, 24.585476584, 406.769373855, 0.599271625485
0.812276636479, 1.09023004935, 4.35320867766, 0.499689286733, 12.7324587485, 40.2219210734, 2.79268814642, 1.36547886578, 23.656976773, 746.777043852, 0.498642455248
0.653895489757, 1.01183170418, 2.44985455814, 0.367617741454, 29.2803213767, 42.8725006993, 3.05681858178, 0.909320994694, 30.8383832072, 443.054761687, 0.571464564869
0.591099928436, 1.00645321922, 4.04378363522, 0.25873463713, 28.3648654697, 40.4892312153, 2.05226882426, 2.1626594117, 37.7388713053, 543.716901846, 0.519752212258
0.647476068145, 1.09483082025, 2.05592062647, 0.27563363994, 9.73950894718, 46.6262997246, 3.47125959376, 0.615565158704, 30.8656089719, 406.405987805, 0.602883909966
0.652585743004, 0.959634059611, 2.60423599361, 0.492752100138, 44.8282004423, 48.7301933537, 3.21327397531, 2.7261215504, 43.5187247753, 466.83946282, 0.564258298595
0.647476068145, 1.09483082025, 2.05592062647, 0.27563363994, 0.112111550279, 46.6262997246, 3.47125959376, 0.615565158704, 30.8656089719, 404.249390794, 0.613865045319
0.505299208576, 1.09656017222, 2.86106397747, 0.304366328172, 22.1532120507, 45.6082575079, 2.07692798812, 0.745792140075, 39.6676673867, 410.004829087, 0.586209665905
0.744729415463, 0.996027418683, 3.41717925278, 0.398571688447, 30.7787589911, 43.1545598745, 2.48501431297, 4.92511196179, 24.8051706483, 433.94129963, 0.572124675457
0.559756215629, 0.846129563922, 4.08571320553, 0.278941856865, 26.2901350726, 40.4786348875, 2.92233504605, 0.825032472889, 22.6955756028, 406.732105581, 0.629839397344
0.735301950229, 0.847304098464, 5.32641128884, 0.490963306667, 27.0627347502, 42.4818158884, 2.35256325312, 3.61931198975, 24.7687219819, 433.480498927, 0.575101899433
0.687970205467, 0.858367541457, 5.79399054004, 0.490963306667, 27.0627347502, 45.1892369391, 2.35256325312, 3.61931198975, 25.9922849247, 586.8919996, 0.510228463194
0.853030904557, 0.901719152992, 2.28565392999, 0.302667325944, 37.8130218127, 43.8457684335, 3.34806949864, 0.6510706652, 33.8151689063, 409.76942222, 0.643567346486
0.714179623783, 0.957823721622, 3.10111574635, 0.230932437501, 5.51088118493, 46.8598644973, 2.10003089673, 2.8049026179, 39.445116652, 427.360995065, 0.598319083329
0.653895489757, 1.01183170418, 2.44985455814, 0.367617741454, 29.2803213767, 42.8725006993, 3.05681858178, 0.909320994694, 30.8383832072, 424.414435296, 0.606724285026
0.810130436541, 1.09055531343, 3.43528038103, 0.217012118936, 47.5670494234, 48.5370254415, 2.16406372307, 1.12882686045, 33.2227123286, 595.074870442, 0.51688627903
0.592222429475, 1.25797070815, 2.72310669646, 0.20541927003, 30.8010208498, 43.0407551128, 2.2055542194, 1.97783511132, 24.4326375682, 536.821770135, 0.539391721115
0.714179623783, 0.946803024201, 3.10111574635, 0.251812610298, 25.3288489822, 46.8598644973, 2.29686200206, 2.71703466339, 36.9583616551, 459.369066829, 0.574962994167
0.829780618268, 0.888523232949, 3.3575773817, 0.353255443384, 2.06295508828, 41.7817280745, 3.09083799219, 3.21631168668, 25.1696133965, 509.437005321, 0.561562329143
0.559756215629, 1.01668098922, 4.08571320553, 0.278941856865, 26.2901350726, 40.4736889461, 2.02706650149, 0.825032472889, 22.6955756028, 434.001242533, 0.624653562684
0.801077193309, 0.869668587455, 6.87638925478, 0.493169582176, 2.78964652849, 42.4981598893, 2.59738260527, 1.91829949877, 37.9748750574, 892.736225948, 0.506390072288
0.803058460421, 0.957823721622, 3.45265265676, 0.230932437501, 7.10760417898, 49.5957908208, 2.10003089673, 2.8049026179, 39.445116652, 478.894032379, 0.580103206392
0.652585743004, 0.959634059611, 2.60423599361, 0.492752100138, 44.8282004423, 49.7431688411, 3.37710528644, 2.7261215504, 43.5187247753, 546.399252916, 0.547752378704
0.776947529723, 0.854757569963, 3.16065679513, 0.263424879084, 15.9375543858, 40.0540591745, 3.95310340234, 0.0537379725817, 27.1696225906, 479.937441394, 0.585068205842
0.829780618268, 0.888523232949, 3.3575773817, 0.341670245013, 2.06295508828, 41.7817280745, 3.09083799219, 3.21631168668, 25.1696133965, 466.780191472, 0.604682984531
0.680234584907, 0.885357378709, 4.6405216912, 0.346742049047, 13.642976427, 47.3745259281, 3.50407046187, 1.08206631639, 24.9035702599, 662.748306487, 0.520722333076
