0.70311448969, 1.19187031685, 2.31061651445, 0.222284144772, 37.730318204, 44.8050984977, 2.46675557793, 1.64788868888, 21.094007363, 352.747125602, 0.41536318071
0.547279523003, 0.928474774114, 7.56449590643, 0.240720400376, 27.5816114564, 44.0182063096, 2.89445433907, 1.65089351648, 26.0845121822, 1008.91233501, 0.392009998192
0.5002273619, 0.935284789392, 2.12557024292, 0.471162454013, 47.9999079634, 43.5588404643, 2.76051890774, 1.7930218582, 31.5780800455, 325.545425871, 0.415480608676
0.551015439001, 0.946803024201, 3.45265265676, 0.202032266544, 25.3288489822, 49.5957908208, 2.29686200206, 1.64396636247, 40.9109805046, 505.721805133, 0.398361191
0.70311448969, 0.890171898837, 2.31061651445, 0.240720400376, 27.5816114564, 44.0182063096, 2.46675557793, 1.64788868888, 21.094007363, 232.704900224, 0.479268267314
0.70311448969, 0.890171898837, 2.31061651445, 0.222284144772, 37.730318204, 44.8050984977, 2.46675557793, 1.64788868888, 21.094007363, 278.819970749, 0.458772744263
0.617039446632, 1.13420663621, 5.04142959584, 0.27834954273, 22.2696198463, 42.7989753369, 2.92835885099, 1.56960063799, 20.2062403749, 976.734461827, 0.396402578271
0.603289810179, 1.1392222312, 5.11162339723, 0.266314792937, 17.766215696, 44.4059969724, 2.263028668, 1.57063693201, 40.8771920165, 972.085780936, 0.403941214488
0.5002273619, 0.935284789392, 2.12557024292, 0.471162454013, 47.9999079634, 43.5588404643, 2.77761487366, 1.64788868888, 31.5780800455, 238.578178236, 0.528783338837
0.70311448969, 0.890171898837, 2.31061651445, 0.240720400376, 27.5816114564, 44.0182063096, 2.46675557793, 1.64788868888, 21.094007363, 272.250695102, 0.51545646093
0.592222429475, 1.00883106135, 2.12557024292, 0.471162454013, 47.9999079634, 43.5588404643, 2.7003586846, 1.7930218582, 31.5780800455, 278.303184429, 0.488977386045
0.592222429475, 0.825881144064, 2.72310669646, 0.372847728982, 3.20278702764, 45.1376539145, 2.27973230882, 1.92815602216, 22.251729027, 297.482654112, 0.465524819836
0.566278758765, 0.947575200729, 2.06665874439, 0.336976316427, 31.6939630887, 43.538940077, 3.74442562768, 1.26807382342, 24.6958804751, 340.170690854, 0.448265933143
0.5002273619, 0.935284789392, 2.12557024292, 0.471162454013, 47.9999079634, 43.5588404643, 2.77761487366, 2.32951843006, 31.5780800455, 288.948916223, 0.483261304602
0.505299208576, 1.09656017222, 2.12702578837, 0.304366328172, 22.1532120507, 45.6082575079, 2.07692798812, 1.46220063129, 40.5049131943, 402.03712928, 0.416970962723
0.50015235922, 0.935284789392, 2.72310669646, 0.20541927003, 30.8010208498, 40.0383810433, 2.27973230882, 1.97783511132, 35.4990505323, 378.25342856, 0.430271118605
0.692633415628, 0.864187348367, 4.56220097797, 0.238150867734, 11.6709380758, 42.5623690664, 3.42571127951, 1.8762834175, 31.8443328273, 663.128481471, 0.416486376716
0.592222429475, 1.25797070815, 2.30139337042, 0.20541927003, 30.8010208498, 43.0407551128, 2.27973230882, 1.97783511132, 35.4990505323, 419.378400149, 0.425507737342
0.569776127342, 0.920089216615, 3.43528038103, 0.40077375221, 44.5337113961, 40.8838811244, 2.23829606369, 1.72650839388, 24.1176472299, 411.848542776, 0.427220961526
0.820468299377, 1.01405665922, 2.47559338051, 0.351950815037, 24.8368731619, 40.7045718908, 2.71061713182, 3.98083909088, 32.5760821425, 327.067088305, 0.470749108753
0.5002273619, 0.935284789392, 2.12557024292, 0.251107422871, 47.9999079634, 43.5588404643, 2.77761487366, 1.64788868888, 26.0845121822, 348.493021632, 0.459020094712
0.625672872587, 0.876664400312, 2.32666242613, 0.325457235744, 37.5258222489, 47.513364813, 3.31292527079, 1.27467710827, 43.3444142472, 372.07233375, 0.454029292387
0.5002273619, 0.935284789392, 2.12557024292, 0.471162454013, 47.9999079634, 46.7107860902, 2.49707519771, 1.7930218582, 31.5780800455, 302.849602657, 0.486267278431
0.70311448969, 0.890171898837, 2.31061651445, 0.222284144772, 37.730318204, 44.8050984977, 2.46675557793, 1.64788868888, 21.094007363, 280.533408515, 0.532560535952
0.5002273619, 0.935284789392, 2.12557024292, 0.471162454013, 47.9999079634, 43.5588404643, 2.76051890774, 1.7930218582, 31.5780800455, 330.855853594, 0.476938198258
0.531825461884, 1.00883106135, 6.91079852372, 0.20541927003, 30.8010208498, 43.1545598745, 2.06175170314, 1.76495635479, 35.4990505323, 1117.13863534, 0.425206218695
0.569776127342, 1.08317888053, 5.04142959584, 0.27834954273, 22.2696198463, 41.0105032493, 2.92835885099, 1.56960063799, 26.6871195687, 755.18042261, 0.425644810908
0.506161512388, 1.08317888053, 2.17001229989, 0.495255369158, 10.7539607519, 41.1460397174, 2.15115838217, 4.71308171919, 26.6871195687, 309.869586581, 0.494040754783
0.589922169326, 0.97596100496, 4.98731649997, 0.372847728982, 29.7960333924, 45.1376539145, 2.77771312197, 1.92815602216, 23.2026680322, 688.010360522, 0.430000631039
0.505299208576, 1.09656017222, 2.12702578837, 0.304366328172, 22.1532120507, 45.6082575079, 3.42571127951, 1.46220063129, 40.5049131943, 443.351453745, 0.436382324063
0.592222429475, 1.00883106135, 2.72310669646, 0.20541927003, 30.8010208498, 43.0407551128, 2.27973230882, 1.97783511132, 35.4990505323, 316.45443653, 0.495056833538
0.5002273619, 0.935284789392, 2.12557024292, 0.48211388397, 49.8088655396, 43.5588404643, 2.77761487366, 2.32951843006, 31.5780800455, 319.06752911, 0.494783890822
0.592222429475, 1.25797070815, 2.72310669646, 0.20541927003, 30.8010208498, 43.0407551128, 2.27973230882, 1.97783511132, 35.4990505323, 486.310718504, 0.446894643597
0.506161512388, 1.08317888053, 5.04142959584, 0.27834954273, 22.2696198463, 41.1460397174, 2.92835885099, 1.56960063799, 26.6871195687, 718.705183861, 0.43202053255
0.589922169326, 0.825881144064, 5.79399054004, 0.372847728982, 3.20278702764, 45.1376539145, 2.06175170314, 1.92815602216, 23.2026680322, 548.676372574, 0.445288787299
0.569776127342, 0.920089216615, 6.90379918662, 0.40077375221, 44.5337113961, 41.0105032493, 2.23829606369, 1.72650839388, 24.1176472299, 772.319090273, 0.431033367144
0.692633415628, 1.02400536085, 4.12548117057, 0.238150867734, 11.6709380758, 45.5338509978, 3.42571127951, 1.8762834175, 29.2426516723, 710.997446236, 0.441278220499
0.592222429475, 0.946803024201, 2.72310669646, 0.202032266544, 3.20278702764, 45.1376539145, 2.27973230882, 1.92815602216, 22.251729027, 351.443070139, 0.482640596875
0.603289810179, 1.1392222312, 5.11162339723, 0.258126859709, 17.766215696, 44.4059969724, 2.263028668, 1.57063693201, 40.8771920165, 1076.04071094, 0.432512297233
0.810130436541, 1.10577126429, 3.43528038103, 0.217012118936, 48.5824784343, 44.4839398832, 2.16406372307, 1.12882686045, 26.0845121822, 505.564135633, 0.449925461191
0.547279523003, 0.928474774114, 7.56449590643, 0.222284144772, 37.730318204, 44.8050984977, 2.89445433907, 1.65089351648, 26.0845121822, 1234.01461795, 0.434277366436
0.503036763667, 1.19412766437, 6.97207647179, 0.304366328172, 22.1532120507, 45.6082575079, 2.07692798812, 1.46220063129, 39.6676673867, 1596.7879503, 0.435627253568
0.625672872587, 0.876664400312, 2.32666242613, 0.222284144772, 37.5258222489, 47.513364813, 2.72122725803, 2.18564018153, 30.4755855104, 310.111499103, 0.588004293177
0.617039446632, 1.13420663621, 2.17001229989, 0.495255369158, 17.3135576082, 42.7989753369, 2.15115838217, 3.86139428966, 20.340124076, 312.703028209, 0.547604898774
0.801077193309, 0.869668587455, 6.87638925478, 0.230932437501, 2.78964652849, 42.4981598893, 2.59738260527, 1.91829949877, 37.9748750574, 771.287760396, 0.444454667313
0.810130436541, 1.09055531343, 3.43528038103, 0.217012118936, 47.5670494234, 44.4839398832, 2.16406372307, 1.12882686045, 31.0469739678, 506.329878662, 0.448286624036
0.774449438627, 0.912779716785, 5.60451667728, 0.205737360703, 36.6874204158, 47.7582675778, 3.95774395778, 1.85657313775, 25.5187939122, 791.882742278, 0.444739829235
0.692633415628, 1.16990541896, 4.56220097797, 0.238150867734, 11.6709380758, 42.5623690664, 3.42571127951, 1.8762834175, 31.8443328273, 1084.31212532, 0.440416512445
0.70311448969, 1.19187031685, 2.31061651445, 0.222284144772, 47.9999079634, 44.8050984977, 2.46675557793, 1.64788868888, 21.094007363, 350.020577771, 0.483275342315
0.617039446632, 1.13420663621, 2.17001229989, 0.495255369158, 17.3135576082, 42.7989753369, 2.15115838217, 4.71308171919, 20.2062403749, 313.17765846, 0.61652664357
0.653437823833, 0.928474774114, 7.56449590643, 0.355879808045, 27.5816114564, 42.1382211384, 3.18024421772, 1.6477424022, 26.0845121822, 1145.64370168, 0.443188790294
0.724011668686, 1.02516522122, 3.00828236026, 0.281287971728, 12.8507874353, 45.947580684, 3.2048021082, 1.79603073894, 43.6956704094, 591.683881112, 0.451269070342
0.560866864671, 0.87295542577, 4.25162111294, 0.426192270021, 31.8337949348, 42.4981598893, 3.27430205892, 1.41157646814, 36.2528883901, 698.946161795, 0.448452935378
0.552203033028, 1.09483082025, 2.05592062647, 0.304366328172, 0.112111550279, 46.6262997246, 2.07692798812, 0.615565158704, 30.8656089719, 321.788476067, 0.585303975424
0.810130436541, 1.10577126429, 3.43528038103, 0.217012118936, 48.3258333588, 44.4839398832, 2.16406372307, 1.12882686045, 31.0469739678, 572.344873373, 0.456698608164
0.506161512388, 0.920089216615, 6.90379918662, 0.40077375221, 44.5337113961, 42.6305137221, 3.12866441955, 1.72650839388, 25.276826682, 1178.5776654, 0.449792365079
0.779211252014, 0.961995572369, 2.17564864488, 0.446735539425, 29.7789933019, 41.2551610436, 3.65424087, 3.14271537814, 26.7510299655, 335.183913588, 0.551905443183
0.774449438627, 0.912779716785, 3.47851715788, 0.205737360703, 36.6874204158, 47.7582675778, 3.95774395778, 1.85657313775, 25.5187939122, 524.443160774, 0.465847038068
0.566278758765, 0.947575200729, 6.97207647179, 0.336976316427, 31.6939630887, 43.538940077, 3.74442562768, 1.26807382342, 24.6958804751, 1133.26798226, 0.455798477397
0.617039446632, 1.13420663621, 2.49612823903, 0.495255369158, 1.82333095449, 42.7989753369, 2.15115838217, 4.71308171919, 20.340124076, 351.849939268, 0.504191100726
0.774449438627, 0.912779716785, 3.45317910616, 0.205737360703, 36.6874204158, 47.7582675778, 3.95774395778, 1.85657313775, 25.5187939122, 519.45352309, 0.476117508915
0.625672872587, 0.876664400312, 2.32666242613, 0.271803908899, 37.5258222489, 47.513364813, 3.31292527079, 2.18564018153, 30.4755855104, 343.309616328, 0.571913097803
0.724011668686, 1.02516522122, 3.00828236026, 0.281287971728, 12.8507874353, 45.947580684, 3.2048021082, 1.79603073894, 43.6956704094, 598.766561667, 0.466461344884
0.727285660218, 1.09688767251, 2.44985455814, 0.339546214154, 18.0850092965, 42.8725006993, 2.97078021971, 0.367356208158, 23.9896807333, 347.773101745, 0.581518962008
0.70311448969, 1.19187031685, 2.31061651445, 0.222284144772, 37.730318204, 47.8853688633, 2.46675557793, 2.32951843006, 21.094007363, 340.871305707, 0.590365130007
0.812276636479, 1.16683477652, 4.35320867766, 0.499689286733, 12.7324587485, 40.2219210734, 2.79268814642, 1.36547886578, 23.656976773, 883.161767645, 0.465326369238
0.625364271483, 1.22420914618, 4.92388029542, 0.327088686574, 42.2542407921, 43.9714893551, 2.9778553799, 1.80892572363, 39.5946759929, 974.612315125, 0.464918580695
0.618332899466, 1.16990541896, 4.56220097797, 0.238150867734, 11.6709380758, 42.5623690664, 3.42571127951, 1.65089351648, 31.8443328273, 1055.76060178, 0.461539535099
0.692633415628, 0.860721029948, 4.56220097797, 0.238150867734, 11.6709380758, 42.5623690664, 2.07692798812, 1.8762834175, 31.8443328273, 590.763149104, 0.476302438298
0.625672872587, 0.876664400312, 2.32666242613, 0.271803908899, 37.5258222489, 47.513364813, 3.31292527079, 1.27467710827, 30.4755855104, 374.999471617, 0.50685229724
0.547279523003, 0.928474774114, 7.56449590643, 0.222284144772, 37.730318204, 44.8050984977, 2.89445433907, 1.8762834175, 26.0845121822, 955.59957775, 0.469369087439
0.724011668686, 1.02516522122, 3.00828236026, 0.281287971728, 12.8507874353, 45.947580684, 3.2048021082, 1.79603073894, 43.6956704094, 584.755149941, 0.479856269992
0.707972218459, 0.928474774114, 7.56449590643, 0.240720400376, 27.5816114564, 42.1382211384, 3.18024421772, 1.6477424022, 26.0845121822, 1127.46835723, 0.467103368375
0.625364271483, 1.22420914618, 4.92388029542, 0.327088686574, 42.2542407921, 43.9714893551, 3.8471863379, 1.80892572363, 39.5946759929, 1541.12877817, 0.467755873206
0.779211252014, 0.961995572369, 2.17564864488, 0.446735539425, 29.7789933019, 41.2551610436, 3.65424087, 3.14271537814, 26.7510299655, 371.959207255, 0.54397553995
0.603289810179, 1.1392222312, 5.11162339723, 0.21423414068, 17.766215696, 44.4059969724, 2.263028668, 1.57063693201, 40.8771920165, 967.644671614, 0.472668828471
0.584081336678, 0.90880315268, 3.36087346825, 0.325457235744, 5.42147807383, 40.5821329852, 2.77771312197, 4.32973964619, 24.585476584, 407.423321956, 0.497795124494
0.603289810179, 1.1392222312, 5.11162339723, 0.239790706715, 17.766215696, 44.4059969724, 2.263028668, 1.57063693201, 29.7713910008, 1007.39068254, 0.47458446155
0.820468299377, 1.01405665922, 2.47559338051, 0.351950815037, 24.8368731619, 40.7045718908, 2.71061713182, 3.98083909088, 32.5760821425, 381.876089225, 0.508730433306
0.707972218459, 0.928474774114, 7.56449590643, 0.240720400376, 27.5816114564, 42.1382211384, 3.18024421772, 1.6477424022, 26.0845121822, 1097.2325549, 0.475449956924
0.810130436541, 1.09055531343, 3.41717925278, 0.211726938694, 47.5670494234, 48.5370254415, 3.23740792734, 1.12882686045, 24.8051706483, 657.406163393, 0.482476220879
0.506161512388, 0.920089216615, 7.88738356194, 0.40077375221, 44.5337113961, 42.6305137221, 3.12866441955, 1.72650839388, 25.276826682, 1122.01635513, 0.473088604597
0.617039446632, 1.13420663621, 2.05592062647, 0.495255369158, 1.82333095449, 42.7989753369, 2.15115838217, 4.71308171919, 20.3321623447, 357.822013617, 0.564406935482
0.779211252014, 0.961995572369, 2.17564864488, 0.446735539425, 29.7789933019, 41.2551610436, 3.65424087, 3.14271537814, 26.7510299655, 365.087151361, 0.55341013594
0.774449438627, 0.912779716785, 3.45317910616, 0.205737360703, 36.6874204158, 47.7582675778, 3.95774395778, 1.85657313775, 22.985834358, 529.665503445, 0.484789848499
0.505299208576, 1.09656017222, 2.36175845291, 0.304366328172, 22.1532120507, 45.6082575079, 2.07692798812, 1.46220063129, 39.6676673867, 415.794742852, 0.500314770091
0.779211252014, 0.961995572369, 2.17564864488, 0.446735539425, 29.7789933019, 41.2551610436, 3.65424087, 3.14271537814, 26.7510299655, 360.022406746, 0.573687761182
0.589922169326, 0.97596100496, 4.98731649997, 0.372847728982, 3.20278702764, 45.1376539145, 2.16218360056, 1.92815602216, 23.2026680322, 724.524017738, 0.480019823295
0.589922169326, 0.821356996274, 5.79399054004, 0.372847728982, 3.20278702764, 45.1376539145, 2.06175170314, 1.92815602216, 23.2026680322, 519.610433164, 0.488755461254
0.853030904557, 0.901719152992, 2.28565392999, 0.302667325944, 37.8130218127, 43.8457684335, 3.34806949864, 0.6510706652, 33.8151689063, 353.632206433, 0.662156527075
0.692633415628, 1.02400536085, 4.12548117057, 0.238150867734, 11.6709380758, 45.5338509978, 3.42571127951, 1.8762834175, 27.2299823514, 815.286606701, 0.479690620671
0.559756215629, 0.846129563922, 5.91785000908, 0.278941856865, 26.2901350726, 40.4786348875, 2.02706650149, 2.35888756138, 21.5644958701, 778.526525076, 0.482301101855
0.757172262087, 0.912779716785, 2.49612823903, 0.205737360703, 36.6874204158, 47.7582675778, 3.95774395778, 4.1874548379, 20.340124076, 359.971297687, 0.633912132528
0.589922169326, 1.00883106135, 5.79399054004, 0.20541927003, 30.8010208498, 43.0407551128, 2.06175170314, 1.76495635479, 35.4990505323, 820.232442263, 0.481617889935
0.757172262087, 0.912779716785, 2.49612823903, 0.205737360703, 36.6874204158, 47.7582675778, 3.95774395778, 4.1874548379, 20.0842425633, 364.727785613, 0.648586887226
0.70311448969, 1.09780034687, 2.31061651445, 0.271803908899, 37.730318204, 47.8853688633, 2.46675557793, 2.32951843006, 21.0471704626, 383.789465994, 0.540045191889
0.559756215629, 0.846129563922, 4.08571320553, 0.278941856865, 26.2901350726, 40.4786348875, 2.92233504605, 4.92511196179, 22.6955756028, 389.599863015, 0.533634663585
0.559494963363, 1.09483082025, 2.49612823903, 0.304366328172, 0.112111550279, 46.6262997246, 2.07692798812, 0.615565158704, 30.8656089719, 369.872916401, 0.593351985434
0.505299208576, 1.09656017222, 2.05592062647, 0.304366328172, 22.1532120507, 45.6082575079, 2.07692798812, 0.745792140075, 39.6676673867, 371.173201743, 0.616978821319
0.617039446632, 1.13420663621, 2.17001229989, 0.495255369158, 17.3135576082, 42.7989753369, 2.15115838217, 3.86139428966, 20.2062403749, 374.110405474, 0.57866212049
