0.105780497258, 0.9523011045, 4.58506223312, 0.89041132296, 95.6606619137, 3.92882150383, 0.914104898038, 2.57149225152, 17.8307292561, 0.0, 0.0
0.195416314294, 0.968847680772, 7.66929198416, 0.804754536003, 93.7815484778, 9.61461794227, 0.179695690438, 4.93530035921, 14.3897509109, 0.00102591524558, 0.0
0.101952114421, 0.840883081792, 2.13592410827, 0.722660502841, 90.5706885596, 1.38406944034, 0.213106429961, 1.49123887473, 19.9621323372, 0.0100938753718, 0.0
0.160359195668, 1.03437541015, 5.26773338515, 0.942370318159, 89.1533623118, 1.69569960681, 1.93517993568, 2.85603089019, 11.7372524151, 0.0103963642634, 0.0
0.152373238838, 0.977949376463, 6.09778764631, 0.712281617852, 98.6390840436, 3.36663138464, 0.283601660723, 3.28397033976, 10.7577719827, 0.0105931224114, 0.0
0.163563662287, 1.06679993244, 7.55149768302, 0.858334309608, 98.7004678774, 2.63919054942, 1.72921174178, 0.573664036593, 12.7795071964, 0.0141918913742, 0.0
0.162865281505, 0.995401982281, 3.8153972062, 0.654581359144, 94.3889484712, 1.48860353306, 0.965094958572, 1.13184071694, 15.2791680948, 0.0145629216368, 0.0
0.134329883334, 0.935186808999, 5.56126035097, 0.673490599372, 98.9973470944, 2.61172846161, 0.570863042081, 3.32086382546, 10.3174260967, 0.0155320072715, 0.0
0.101952114421, 1.02064365187, 2.99133897428, 0.722660502841, 84.1936729973, 2.26265533495, 1.66767557139, 4.6476125582, 11.0770680427, 0.0148863905199, 0.1
0.169063792832, 1.09330586948, 7.52946850166, 0.665110933111, 93.2308943183, 1.3786515284, 1.4424040469, 4.1999775042, 19.4246687473, 0.0161801672113, 0.0
0.199696760003, 1.02560696962, 6.17079449416, 0.716138349129, 90.35008859, 1.13213632454, 1.49616776732, 1.43056257199, 14.8106180237, 0.0158918012773, 0.265306122449
0.129030148134, 0.893091785302, 7.50770778196, 0.704742938399, 93.4034709646, 3.46159813328, 1.7515854819, 2.0863746747, 16.4625801674, 0.0167448945819, 0.0
0.114443019212, 1.01264079746, 5.24580880978, 0.892401414128, 86.2122607473, 1.49753109009, 1.98239434004, 3.48053291921, 19.5425648752, 0.0161089538197, 0.372093023256
0.140614323573, 0.879847820103, 2.02243373952, 0.886840793019, 88.6050380836, 4.03176190634, 1.19886286426, 3.36614544908, 19.5509973992, 0.0172126802177, 0.0
0.100331661951, 0.985698758251, 5.29413398676, 0.792068276545, 89.9805094781, 2.06058025704, 1.43917816162, 3.20384582355, 17.66121259, 0.0170772184311, 0.21686746988
0.113008463795, 0.857129804704, 7.29721182156, 0.793783210932, 88.6133431789, 5.83974129328, 0.868369832989, 2.6811771397, 11.0208406806, 0.0187524738019, 0.0
0.176275907318, 0.926963626288, 6.23716991831, 0.783784255844, 82.1616656766, 2.40839618826, 0.874140857321, 4.66235977826, 15.0195526951, 0.0184255487453, 0.166666666667
0.134329883334, 0.935186808999, 5.56126035097, 0.673490599372, 98.9973470944, 2.61172846161, 0.570863042081, 3.32086382546, 12.8062828073, 0.0189090676181, 0.0
0.120227055068, 0.925829455584, 4.27580349369, 0.775787549874, 81.7135890962, 3.09493907196, 0.595128829888, 0.740934951796, 12.8452671521, 0.0215519637929, 0.0
0.100331661951, 0.985698758251, 5.29413398676, 0.792068276545, 89.9805094781, 2.06058025704, 1.43917816162, 3.20384582355, 12.3374850608, 0.0186975905501, 0.31884057971
0.127930135666, 0.917048416981, 6.08302020007, 0.625007683335, 88.1823695124, 1.54475475177, 1.22076434923, 4.45645052331, 19.423462933, 0.0184638846535, 0.323943661972
0.165712928157, 0.996799601817, 3.71987900891, 0.949472180223, 82.3420210391, 5.65190798833, 0.677118968778, 1.4887632466, 18.9741843958, 0.0243734039809, 0.0
0.113578975607, 1.01750080039, 2.92573542557, 0.921950240177, 87.6287072212, 5.59918089118, 1.91762865908, 3.49403865832, 17.8006773597, 0.0241957292895, 0.0555555555556
0.144663350601, 1.24477107156, 2.43353796112, 0.941075715114, 93.805197343, 2.60813270865, 0.0722901966953, 0.0643174063247, 15.0532420808, 0.0230626419646, 0.0952380952381
0.128113540667, 0.920184819903, 7.26923781219, 0.929745333141, 83.5403586809, 3.63439716668, 0.177204723495, 1.54740204996, 17.7559957103, 0.0229805306461, 0.1
0.196899295169, 1.13328522923, 2.51662302974, 0.759766955242, 81.8103818217, 2.73958729327, 0.758091212266, 3.86862444694, 14.7379497491, 0.0268143655955, 0.0
0.105919537832, 0.853374085084, 7.01899920886, 0.711195245075, 95.8204402384, 4.10766425495, 0.44727341692, 1.33534604529, 13.9597094703, 0.0249727329159, 0.0833333333333
0.111049231299, 1.18840393423, 7.73989162141, 0.626355876017, 91.0052571767, 3.52982928507, 0.0579224326486, 0.650997521661, 16.350400203, 0.0270706905318, 0.0
0.18466913329, 0.853580924443, 5.24580880978, 0.892401414128, 94.5838560332, 1.49753109009, 0.914443241181, 3.48053291921, 19.5425648752, 0.0207533357436, 0.535714285714
0.199696760003, 1.02560696962, 6.17079449416, 0.669140916741, 94.1993725182, 1.13213632454, 1.49616776732, 1.43056257199, 14.8106180237, 0.0206194980692, 0.611764705882
0.114443019212, 0.852906417014, 2.13612715619, 0.814502303433, 86.2122607473, 7.49099586111, 1.98239434004, 1.30698490009, 19.0099863852, 0.0327368572925, 0.0
0.124516203134, 1.24810764287, 4.71850922146, 0.720759769682, 88.5157341837, 3.1105532766, 0.697336546234, 4.52511007116, 14.5943683031, 0.0278626329362, 0.0714285714286
0.102237372124, 1.2389964703, 2.48924576721, 0.731474279723, 86.894621629, 8.12425421753, 1.14404558616, 0.249292480537, 13.4844756825, 0.0338898926423, 0.0
0.151727466858, 1.10653963427, 4.7455549282, 0.721931955782, 90.6541632084, 6.16531446767, 0.970455722089, 2.217025167, 18.5023777953, 0.0357996654418, 0.0
0.136848360084, 0.994667645732, 6.2538315564, 0.922435281493, 97.830569743, 3.64407602614, 0.766310029573, 3.56882288307, 15.3141212347, 0.025038214476, 0.1
0.141635449612, 0.835514464749, 2.13592410827, 0.924890256737, 90.5706885596, 1.38406944034, 0.213106429961, 1.49123887473, 19.9621323372, 0.0232372913995, 0.647058823529
0.171231469208, 0.86921897435, 7.52877182535, 0.722785782077, 95.4038457186, 5.54279314917, 1.90660529542, 3.23265618359, 10.1709805184, 0.0413210003356, 0.0
0.13280478796, 0.94454999531, 6.35536944542, 0.948739896893, 87.6678677016, 9.30637967217, 0.299577626451, 2.63576508456, 11.1015893728, 0.0425866353453, 0.0
0.100398596306, 0.893091785302, 7.53127311699, 0.704742938399, 93.4034709646, 3.46159813328, 1.7515854819, 2.0863746747, 16.4625801674, 0.026347245266, 0.189189189189
0.160359195668, 1.03437541015, 5.26773338515, 0.942370318159, 89.1533623118, 1.24580725151, 1.93517993568, 2.85603089019, 11.7372524151, 0.0248681331755, 0.5125
0.188637670152, 1.13612009418, 5.43242414353, 0.825600857894, 96.2793261123, 9.90970073537, 0.0663545042022, 0.0389062103604, 17.218695029, 0.042604442221, 0.0
0.173152879874, 1.11796597181, 5.89212868879, 0.624461179801, 86.3917043416, 2.00337215137, 0.35745292753, 2.48804649859, 10.3203218621, 0.0260870725006, 0.266666666667
0.19772849345, 1.13238122049, 2.49872692111, 0.722895294729, 99.0997577645, 5.35496554783, 1.69997867078, 4.57294665388, 15.7136429446, 0.0446599890592, 0.0
0.164992756576, 0.918501696808, 7.42625778805, 0.81627028596, 86.7456653756, 1.73359839449, 0.621915564259, 1.94110397326, 13.1053595814, 0.0252090748939, 0.333333333333
0.114347992277, 1.23396882321, 4.87359469871, 0.927737638391, 93.6583748918, 3.88655430169, 1.13964800291, 4.2211353934, 12.3374850608, 0.0314649251807, 0.146341463415
0.138790470401, 1.16422152293, 3.45870893083, 0.666307500727, 93.3502118605, 8.58089171464, 1.49078362406, 0.395736237876, 10.4469272993, 0.0461761726818, 0.0
0.191120797184, 0.826841730757, 7.26468940082, 0.931441241972, 94.2807240038, 5.03572980293, 1.57732036146, 0.597027258091, 14.1947379157, 0.0390510081884, 0.0967741935484
0.14017043067, 1.13657340442, 7.70859303345, 0.85807321538, 99.7203450273, 1.54458175103, 1.64880763118, 0.424701060911, 12.010440545, 0.025281617558, 0.5
0.141155414382, 1.03227173486, 2.20647457966, 0.734124601484, 86.3004447931, 5.64761469493, 1.99196508533, 1.16581341352, 19.0496721564, 0.0466859590201, 0.0
0.151727466858, 1.10653963427, 4.7455549282, 0.721931955782, 90.6541632084, 6.16531446767, 0.970455722089, 2.217025167, 17.1052730884, 0.0470158103655, 0.0
0.114931362922, 1.09957393255, 5.86530432799, 0.830532677835, 98.6162102607, 8.3042798583, 1.71970050229, 3.19865906133, 18.5210799229, 0.0482710162765, 0.0
0.121004882219, 1.03679825225, 3.84071586251, 0.641422225691, 81.7434018691, 6.36038200165, 1.20340868064, 3.65643023381, 13.8060695764, 0.0358587862869, 0.117647058824
0.153619898294, 1.12526461467, 7.32841393596, 0.690230173373, 91.7193312005, 2.22068737436, 1.37527176399, 4.14575569412, 15.050494768, 0.0332432601893, 0.189473684211
0.164992756576, 0.918501696808, 7.42625778805, 0.81627028596, 86.7456653756, 1.73359839449, 0.621915564259, 1.94110397326, 13.1053595814, 0.0269509127171, 0.612903225806
0.198282956963, 0.850703736206, 2.78881559866, 0.737471839103, 86.0248844229, 5.17604274137, 0.268095005133, 0.711114068418, 11.9724565421, 0.0484736760626, 0.0
0.127930135666, 0.917048416981, 6.08302020007, 0.625007683335, 88.1823695124, 1.54475475177, 1.22076434923, 2.28188427689, 19.423462933, 0.0271291954112, 0.336842105263
0.198142290931, 0.85029908166, 5.43934034929, 0.768588452029, 80.2670556271, 3.8140231178, 1.8736800774, 3.93198933207, 19.6901445311, 0.0384758358323, 0.117647058824
0.128113540667, 1.12526461467, 7.55733021329, 0.929745333141, 83.5403586809, 3.63439716668, 0.177204723495, 1.54740204996, 15.050494768, 0.0397778863131, 0.111111111111
0.150659741173, 0.98831454338, 4.4093594902, 0.932843857834, 98.6875756512, 5.4009424428, 1.09674885345, 2.4614521657, 19.9603848866, 0.0411126183343, 0.105263157895
0.197079756355, 0.872071080049, 2.80370965148, 0.617874524613, 91.455050687, 1.68723808492, 1.07803610999, 2.91259733887, 19.6944690276, 0.0274151704366, 0.348837209302
0.133766231746, 1.09813789533, 4.71082798321, 0.857026798064, 94.8170886493, 6.39218536625, 0.93906565859, 3.01244154726, 10.9677184544, 0.0490061602671, 0.0
0.199800857928, 1.18843993342, 4.24438369287, 0.793034650769, 81.4571005986, 4.25055230715, 0.277338622925, 3.13393278602, 18.3495405624, 0.0387221468119, 0.125
0.105919537832, 0.853374085084, 7.01899920886, 0.711195245075, 95.8204402384, 4.84055783206, 0.44727341692, 1.33534604529, 13.9597094703, 0.0343390859343, 0.2
0.12794190224, 0.95959563921, 3.53299284921, 0.601768600059, 95.2173443452, 9.12806553075, 0.0293563074858, 3.6927485987, 11.8308917983, 0.0497228037856, 0.0
0.147055530181, 1.08153224686, 6.44306575925, 0.608965506365, 84.1008224858, 3.64095791856, 1.66532793441, 0.235154636637, 11.9631925908, 0.0373875450536, 0.175
0.14017043067, 1.13657340442, 7.47724759828, 0.85807321538, 99.7203450273, 1.54458175103, 1.64880763118, 0.424701060911, 16.9425900323, 0.0289957072834, 0.413793103448
0.155789517931, 1.0753044393, 5.9600812422, 0.807005212324, 93.2051299004, 9.25480764438, 1.34257433233, 0.863264106822, 19.2742638656, 0.0517116193862, 0.0
0.120227055068, 0.904759723663, 4.27580349369, 0.775787549874, 81.7135890962, 3.09493907196, 0.595128829888, 0.740934951796, 12.8452671521, 0.0314849466108, 0.352941176471
0.100398596306, 0.839972585974, 7.69560900536, 0.744100468667, 89.7448559619, 8.27481001234, 0.862008609376, 3.12401769592, 16.5895731533, 0.0541611927196, 0.0
0.176275907318, 0.926963626288, 6.23716991831, 0.783784255844, 82.1616656766, 2.40839618826, 0.531114776226, 4.66235977826, 10.7858836241, 0.0349652851082, 0.266666666667
0.108345347765, 0.982101059323, 3.92725748313, 0.693411297019, 93.5020055856, 9.17138256253, 1.35285003296, 1.7580873361, 15.5077943199, 0.0548845836646, 0.0
0.197223013945, 1.04653793283, 7.98483329287, 0.829168019209, 93.7657537653, 2.38684778459, 0.929741942938, 0.0578188466265, 11.8990822967, 0.0354881430316, 0.304347826087
0.114417451388, 1.09731424523, 7.88275231316, 0.689694954284, 86.1500702121, 6.11546404619, 0.516778074882, 4.03140923223, 15.2446095766, 0.060157543037, 0.0
0.104603730785, 1.09957393255, 3.68964006434, 0.85192954857, 91.9495066664, 8.71051858, 0.264279406827, 2.09380183018, 11.1402200204, 0.0624307623179, 0.0
0.155755646154, 1.14670870601, 2.53030818742, 0.830014034046, 99.0732079373, 1.61612996216, 1.428812887, 1.70057494604, 15.0223197626, 0.0333889102231, 0.59595959596
0.188637670152, 0.8402121497, 7.33586831391, 0.647560927488, 96.2793261123, 6.51488832388, 1.97208090019, 0.7371473573, 16.9483794485, 0.0650784426341, 0.0
0.152373238838, 0.995401982281, 3.8153972062, 0.654581359144, 94.3889484712, 1.48860353306, 0.965094958572, 1.13184071694, 15.2791680948, 0.0358937370858, 0.272727272727
0.177367540203, 0.844909578425, 3.68964006434, 0.85192954857, 91.9495066664, 8.71051858, 0.264279406827, 2.09380183018, 11.1402200204, 0.0652854388419, 0.0
0.180807181557, 1.10287088954, 3.44956460295, 0.873278527907, 93.5041721411, 4.85465666081, 0.0767919247072, 0.898432542953, 11.0622363831, 0.040674375106, 0.214285714286
0.124865990146, 0.912485741983, 5.76968439944, 0.735360920841, 82.2117889985, 3.41847995934, 1.24174275704, 2.57981093925, 14.2956390708, 0.0383531508585, 0.301587301587
0.156539866101, 0.842803504865, 4.66550422493, 0.782604821288, 98.9082726665, 4.92867809957, 0.298562448943, 0.6354112208, 13.3247321131, 0.0678573621005, 0.0
0.193529913623, 0.964605501986, 2.43449845716, 0.828318475051, 92.01132539, 9.06658489421, 1.33108546131, 4.02722644222, 16.5584477388, 0.070252291116, 0.0
0.198142290931, 0.85029908166, 5.43934034929, 0.768588452029, 80.2670556271, 3.90525491171, 1.9809577104, 3.93198933207, 19.6901445311, 0.0475490042843, 0.111111111111
0.12255575275, 1.25421372655, 7.64403563763, 0.600837414148, 81.0848236176, 9.34731229711, 1.86420391137, 3.10848541736, 16.9436348125, 0.0725483477288, 0.0
0.136848360084, 0.994667645732, 2.10067053902, 0.922435281493, 97.830569743, 3.64407602614, 0.766310029573, 3.56882288307, 18.5191997341, 0.0415591064722, 0.2
0.199582183004, 1.13402476232, 5.69446573438, 0.848451466468, 86.7131970676, 4.45623716665, 0.445694639074, 0.905484561394, 19.2494890395, 0.085939721079, 0.0
0.105780497258, 0.9523011045, 4.58506223312, 0.72449422501, 95.6606619137, 3.92882150383, 0.914104898038, 2.57149225152, 17.8307292561, 0.0467017426042, 0.125
0.155789517931, 1.0753044393, 5.9600812422, 0.807005212324, 93.2051299004, 9.25480764438, 1.34257433233, 0.863264106822, 19.2742638656, 0.0862239602846, 0.0344827586207
0.155755646154, 1.13798622119, 3.53299284921, 0.601768600059, 95.2173443452, 9.12806553075, 0.0293563074858, 3.6927485987, 11.8308917983, 0.0904409442524, 0.0
0.184627672729, 0.976695321923, 5.43242414353, 0.825600857894, 97.9227834238, 9.90970073537, 0.0663545042022, 0.052221722967, 17.218695029, 0.0906701608856, 0.0
0.184586334379, 1.24288655248, 4.00366982788, 0.784350382362, 93.1231456496, 9.94925034707, 0.565302952284, 0.0647400947828, 15.2963681111, 0.0920190727783, 0.0
0.143150297505, 0.91734778607, 5.1496377798, 0.675468018792, 92.8250664098, 6.97053004672, 0.277398304001, 2.01292029547, 18.5712789664, 0.101282035868, 0.0
0.183312642969, 1.22098290523, 4.76104035622, 0.827222132335, 98.4560221863, 8.37926540783, 1.56133283217, 1.36428638395, 13.9836818564, 0.106333713857, 0.0
0.169063792832, 1.03587631157, 7.52946850166, 0.665110933111, 93.2308943183, 1.98926854774, 1.4424040469, 4.1999775042, 19.4246687473, 0.0377353123517, 0.378787878788
0.134245812922, 0.979140330233, 3.23939292599, 0.725501927404, 82.2597748055, 9.46136768121, 0.563641759199, 4.41711259971, 13.4767588466, 0.14363820555, 0.0
0.108345347765, 0.982101059323, 3.92725748313, 0.693411297019, 87.7574745521, 9.17138256253, 1.35285003296, 4.56985087348, 19.8945324472, 0.075553338039, 0.0769230769231
0.196527287757, 0.90652076199, 5.57868792105, 0.650784825921, 84.1093717461, 9.40662926586, 0.708246892732, 4.80194547517, 11.0322633337, 0.145898912153, 0.0
0.144663974979, 1.0231721982, 2.10067053902, 0.907245101485, 80.4632451615, 9.88823386698, 1.1605862717, 2.5152395605, 18.5191997341, 0.190976278331, 0.0
0.165712928157, 1.15725936273, 6.6360415413, 0.949472180223, 82.3420210391, 2.82797727905, 0.677118968778, 1.4887632466, 18.9741843958, 0.0360184280978, 0.666666666667
0.122504355295, 1.11796597181, 2.35141380769, 0.624461179801, 88.2046070505, 2.00337215137, 1.35575521125, 2.48804649859, 10.3203218621, 0.0376504370847, 0.56043956044
