0.105780497258, 0.9523011045, 4.58506223312, 0.89041132296, 95.6606619137, 3.92882150383, 0.914104898038, 2.57149225152, 17.8307292561, 0.0, 0.0
0.195416314294, 0.968847680772, 7.66929198416, 0.804754536003, 93.7815484778, 9.61461794227, 0.179695690438, 4.93530035921, 14.3897509109, 0.00102591524558, 0.0
0.136848360084, 0.994667645732, 2.01756975931, 0.922435281493, 97.830569743, 3.64407602614, 0.766310029573, 3.56882288307, 18.5191997341, 0.00481227719934, 0.0
0.149329714345, 0.853580924443, 5.24580880978, 0.892401414128, 94.5838560332, 1.49753109009, 0.914443241181, 3.48053291921, 19.5425648752, 0.00589987849519, 0.0
0.115266783571, 1.13657340442, 7.47724759828, 0.85807321538, 84.1008224858, 1.04351635182, 1.64880763118, 0.235154636637, 19.603485868, 0.00512474956855, 0.0810810810811
0.100331661951, 0.834666118226, 5.29413398676, 0.792068276545, 91.1373691522, 2.06058025704, 1.43917816162, 3.20384582355, 12.3374850608, 0.00856498347812, 0.0
0.101952114421, 0.840883081792, 2.13592410827, 0.722660502841, 90.5706885596, 1.38406944034, 0.213106429961, 1.49123887473, 19.9621323372, 0.0100938753718, 0.0
0.128996132921, 0.840883081792, 4.40275732317, 0.722660502841, 90.5706885596, 1.38406944034, 0.213106429961, 1.49123887473, 19.9621323372, 0.00937373759686, 0.5625
0.160359195668, 1.03437541015, 5.26773338515, 0.942370318159, 89.1533623118, 1.69569960681, 1.93517993568, 2.85603089019, 11.7372524151, 0.0103963642634, 0.0
0.152373238838, 0.977949376463, 6.09778764631, 0.712281617852, 98.6390840436, 3.36663138464, 0.283601660723, 3.28397033976, 10.7577719827, 0.0105931224114, 0.0
0.101952114421, 1.03437541015, 5.26773338515, 0.942370318159, 89.1533623118, 1.69569960681, 1.09499257908, 2.85603089019, 11.7372524151, 0.0104324131148, 0.0512820512821
0.122504355295, 1.11796597181, 2.35141380769, 0.624461179801, 88.2046070505, 2.00337215137, 1.35575521125, 2.48804649859, 10.3203218621, 0.0127687648125, 0.0
0.163563662287, 1.06679993244, 7.55149768302, 0.858334309608, 98.7004678774, 2.63919054942, 1.72921174178, 0.573664036593, 12.7795071964, 0.0141918913742, 0.0
0.18466913329, 1.02560696962, 6.17079449416, 0.669140916741, 95.863944605, 1.13213632454, 1.49616776732, 1.43056257199, 14.8106180237, 0.0123533411822, 0.352941176471
0.162865281505, 0.995401982281, 3.8153972062, 0.654581359144, 94.3889484712, 1.48860353306, 0.965094958572, 1.13184071694, 15.2791680948, 0.0145629216368, 0.0
0.114443019212, 1.01264079746, 5.24580880978, 0.892401414128, 86.2122607473, 1.49753109009, 1.98467803943, 3.48053291921, 19.5425648752, 0.0137295544335, 0.333333333333
0.136848360084, 0.944526050367, 6.2538315564, 0.922435281493, 97.830569743, 1.38406944034, 0.766310029573, 3.56882288307, 15.3141212347, 0.0137198925327, 0.4375
0.173152879874, 1.11796597181, 5.43242414353, 0.624461179801, 86.3917043416, 2.00337215137, 0.35745292753, 2.48804649859, 10.3203218621, 0.0151557722321, 0.0
0.108345347765, 1.04653793283, 7.98483329287, 0.829168019209, 93.7657537653, 2.38684778459, 0.163463198173, 0.0578188466265, 11.8990822967, 0.0152205352938, 0.0
0.101952114421, 1.02064365187, 2.99133897428, 0.722660502841, 84.1936729973, 2.26265533495, 1.66767557139, 4.6476125582, 11.0770680427, 0.0148863905199, 0.1
0.100331661951, 0.985698758251, 2.71808765133, 0.792068276545, 89.9805094781, 2.06058025704, 1.43917816162, 3.20384582355, 17.66121259, 0.0149966141197, 0.159090909091
0.134329883334, 0.935186808999, 5.56126035097, 0.673490599372, 98.9973470944, 2.61172846161, 0.570863042081, 3.32086382546, 10.3174260967, 0.0155320072715, 0.0
0.169063792832, 1.09330586948, 7.52946850166, 0.665110933111, 93.2308943183, 1.3786515284, 1.4424040469, 4.1999775042, 19.4246687473, 0.0161801672113, 0.0
0.10177952377, 1.02064365187, 2.99133897428, 0.665110933111, 84.1936729973, 2.26265533495, 1.66767557139, 4.6476125582, 11.0770680427, 0.0157847309681, 0.08
0.105919537832, 0.853374085084, 7.73989162141, 0.711195245075, 91.0052571767, 3.52982928507, 0.0579224326486, 0.650997521661, 10.5793047061, 0.0163869106439, 0.0
0.164992756576, 0.918501696808, 7.42625778805, 0.81627028596, 81.8028123771, 1.73359839449, 0.621915564259, 1.94110397326, 13.1053595814, 0.0165860703922, 0.0
0.162865281505, 0.995401982281, 3.8153972062, 0.654581359144, 94.3889484712, 1.48860353306, 0.965094958572, 0.418579535209, 10.3174260967, 0.0159744221742, 0.1
0.129030148134, 0.893091785302, 7.50770778196, 0.704742938399, 93.4034709646, 3.46159813328, 1.7515854819, 2.0863746747, 16.4625801674, 0.0167448945819, 0.0
0.199696760003, 1.02560696962, 6.17079449416, 0.716138349129, 90.35008859, 1.13213632454, 1.49616776732, 1.43056257199, 14.8106180237, 0.0158918012773, 0.265306122449
0.140614323573, 0.879847820103, 2.02243373952, 0.886840793019, 88.6050380836, 4.03176190634, 1.19886286426, 3.36614544908, 19.5509973992, 0.0172126802177, 0.0
0.1566614355, 1.03437541015, 5.26773338515, 0.704742938399, 89.1533623118, 1.24580725151, 1.93907112584, 3.2486334178, 11.7372524151, 0.0161752333754, 0.340425531915
0.114443019212, 1.01264079746, 5.24580880978, 0.892401414128, 86.2122607473, 1.49753109009, 1.98239434004, 3.48053291921, 19.5425648752, 0.0161089538197, 0.372093023256
0.111049231299, 1.18840393423, 7.01899920886, 0.626355876017, 95.8204402384, 4.10766425495, 0.44727341692, 1.33534604529, 16.350400203, 0.0172837222743, 0.0
0.199582183004, 1.13402476232, 5.69446573438, 0.848451466468, 86.7131970676, 4.45623716665, 0.445694639074, 0.905484561394, 19.2494890395, 0.017455136092, 0.0
0.169063792832, 1.09330586948, 7.52946850166, 0.722660502841, 93.2308943183, 1.3786515284, 1.4424040469, 4.1999775042, 19.4246687473, 0.0169157068342, 0.0833333333333
0.113008463795, 0.857129804704, 7.29721182156, 0.793783210932, 88.6133431789, 5.83974129328, 0.868369832989, 2.6811771397, 11.0208406806, 0.0187524738019, 0.0
0.134329883334, 0.935186808999, 5.56126035097, 0.673490599372, 98.9973470944, 2.61172846161, 0.570863042081, 3.32086382546, 12.8062828073, 0.0189090676181, 0.0
0.100331661951, 0.985698758251, 5.29413398676, 0.792068276545, 89.9805094781, 2.06058025704, 1.43917816162, 3.20384582355, 17.66121259, 0.0170772184311, 0.21686746988
0.165712928157, 0.996799601817, 3.71987900891, 0.949472180223, 82.3420210391, 5.65190798833, 0.677118968778, 1.4887632466, 18.9741843958, 0.0200033284116, 0.0
0.120227055068, 0.925829455584, 4.27580349369, 0.775787549874, 81.7135890962, 3.09493907196, 0.595128829888, 0.740934951796, 12.8452671521, 0.0215519637929, 0.0
0.197079756355, 0.829260833258, 2.80370965148, 0.616894053273, 91.455050687, 1.68723808492, 1.07803610999, 2.91259733887, 19.6944690276, 0.0215542231301, 0.0
0.127930135666, 0.917048416981, 6.08302020007, 0.795499013735, 88.1823695124, 1.54475475177, 1.22076434923, 4.45645052331, 19.423462933, 0.017880177754, 0.157894736842
0.165712928157, 0.996799601817, 3.71987900891, 0.949472180223, 82.3420210391, 5.65190798833, 0.677118968778, 1.4887632466, 18.9741843958, 0.0243734039809, 0.0
0.176275907318, 0.926963626288, 6.23716991831, 0.783784255844, 82.1616656766, 2.40839618826, 0.874140857321, 4.66235977826, 15.0195526951, 0.0184255487453, 0.166666666667
0.113578975607, 1.01750080039, 2.92573542557, 0.921950240177, 87.6287072212, 5.59918089118, 1.91762865908, 3.49403865832, 17.8006773597, 0.0241957292895, 0.0555555555556
0.196899295169, 1.13328522923, 2.51662302974, 0.759766955242, 81.8103818217, 2.73958729327, 0.758091212266, 3.86862444694, 14.7379497491, 0.0268143655955, 0.0
0.100331661951, 0.985698758251, 5.29413398676, 0.792068276545, 89.9805094781, 2.06058025704, 1.43917816162, 3.20384582355, 12.3374850608, 0.0186975905501, 0.31884057971
0.127930135666, 0.917048416981, 6.08302020007, 0.625007683335, 88.1823695124, 1.54475475177, 1.22076434923, 4.45645052331, 19.423462933, 0.0184638846535, 0.323943661972
0.153619898294, 1.12526461467, 7.32841393596, 0.631176543156, 91.7193312005, 1.73359839449, 0.621915564259, 4.14575569412, 15.050494768, 0.0178475149621, 0.416666666667
0.111049231299, 1.18840393423, 7.73989162141, 0.626355876017, 91.0052571767, 3.52982928507, 0.0579224326486, 0.650997521661, 16.350400203, 0.0270706905318, 0.0
0.195416314294, 0.9523011045, 4.58506223312, 0.647681894249, 95.6606619137, 3.92882150383, 0.914104898038, 2.57149225152, 17.8307292561, 0.0326011869172, 0.0
0.144663350601, 1.24477107156, 2.43353796112, 0.941075715114, 93.805197343, 2.60813270865, 0.0722901966953, 0.0643174063247, 15.0532420808, 0.0230626419646, 0.0952380952381
0.114443019212, 0.852906417014, 2.13612715619, 0.814502303433, 86.2122607473, 7.49099586111, 1.98239434004, 1.30698490009, 19.0099863852, 0.0327368572925, 0.0
0.124516203134, 1.24810764287, 4.71850922146, 0.720759769682, 88.5157341837, 3.1105532766, 0.697336546234, 4.52511007116, 14.5943683031, 0.0278626329362, 0.0714285714286
0.144663350601, 1.24477107156, 2.43353796112, 0.941075715114, 93.805197343, 2.60813270865, 0.0722901966953, 0.0643174063247, 15.0532420808, 0.0278947370396, 0.0555555555556
0.128113540667, 0.920184819903, 7.26923781219, 0.929745333141, 83.5403586809, 3.63439716668, 0.177204723495, 1.54740204996, 17.7559957103, 0.0229805306461, 0.1
0.102237372124, 1.2389964703, 2.48924576721, 0.731474279723, 86.894621629, 8.12425421753, 1.14404558616, 0.249292480537, 13.4844756825, 0.0338898926423, 0.0
0.105919537832, 0.853374085084, 7.01899920886, 0.711195245075, 95.8204402384, 4.10766425495, 0.44727341692, 1.33534604529, 13.9597094703, 0.0249727329159, 0.0833333333333
0.151727466858, 1.10653963427, 4.7455549282, 0.721931955782, 90.6541632084, 6.16531446767, 0.970455722089, 2.217025167, 18.5023777953, 0.0357996654418, 0.0
0.14017043067, 1.13657340442, 7.70859303345, 0.85807321538, 99.7203450273, 1.54458175103, 1.64880763118, 0.424701060911, 12.010440545, 0.0198868756725, 0.373333333333
0.188637670152, 1.13612009418, 2.75825951102, 0.825600857894, 96.2793261123, 9.90970073537, 0.0663545042022, 0.0389062103604, 17.218695029, 0.039279919107, 0.0
0.180807181557, 0.912485741983, 5.76968439944, 0.735360920841, 82.2117889985, 3.41847995934, 1.24174275704, 0.898432542953, 14.2956390708, 0.0376996022787, 0.0434782608696
0.105919537832, 0.853374085084, 7.01899920886, 0.711195245075, 95.8204402384, 4.84055783206, 0.44727341692, 1.33534604529, 13.9597094703, 0.0243403408321, 0.125
0.102237372124, 1.2389964703, 2.34080017389, 0.721931955782, 86.894621629, 6.16531446767, 0.970455722089, 0.249292480537, 13.4844756825, 0.0409857443435, 0.0
0.171231469208, 0.86921897435, 7.52877182535, 0.948739896893, 95.4038457186, 5.54279314917, 1.90660529542, 1.22012779503, 10.1709805184, 0.0413152512179, 0.0
0.18466913329, 0.853580924443, 5.24580880978, 0.892401414128, 94.5838560332, 1.49753109009, 0.914443241181, 3.48053291921, 19.5425648752, 0.0207533357436, 0.535714285714
0.199696760003, 1.02560696962, 6.17079449416, 0.669140916741, 94.1993725182, 1.13213632454, 1.49616776732, 1.43056257199, 14.8106180237, 0.0206194980692, 0.611764705882
0.136848360084, 0.994667645732, 6.2538315564, 0.922435281493, 97.830569743, 3.64407602614, 0.766310029573, 3.56882288307, 15.3141212347, 0.025038214476, 0.1
0.171231469208, 0.86921897435, 7.52877182535, 0.722785782077, 95.4038457186, 5.54279314917, 1.90660529542, 3.23265618359, 10.1709805184, 0.0413210003356, 0.0
0.104202320106, 1.0231721982, 2.10067053902, 0.907245101485, 84.1093717461, 9.88823386698, 1.1605862717, 2.5152395605, 18.5191997341, 0.0415627661886, 0.0
0.13280478796, 0.94454999531, 6.35536944542, 0.948739896893, 87.6678677016, 9.30637967217, 0.299577626451, 2.63576508456, 11.1015893728, 0.0425866353453, 0.0
0.188637670152, 1.13612009418, 5.43242414353, 0.825600857894, 96.2793261123, 9.90970073537, 0.0663545042022, 0.0389062103604, 17.218695029, 0.042604442221, 0.0
0.19772849345, 1.13238122049, 2.49872692111, 0.722895294729, 99.0997577645, 5.35496554783, 1.69997867078, 4.57294665388, 15.7136429446, 0.0446599890592, 0.0
0.100398596306, 0.893091785302, 7.53127311699, 0.704742938399, 93.4034709646, 3.46159813328, 1.7515854819, 2.0863746747, 16.4625801674, 0.026347245266, 0.189189189189
0.138790470401, 1.16422152293, 3.45870893083, 0.666307500727, 93.3502118605, 8.58089171464, 1.49078362406, 0.395736237876, 10.4469272993, 0.0461761726818, 0.0
0.141635449612, 0.835514464749, 2.13592410827, 0.924890256737, 90.5706885596, 1.38406944034, 0.213106429961, 1.49123887473, 19.9621323372, 0.0232372913995, 0.647058823529
0.141155414382, 1.03227173486, 2.20647457966, 0.734124601484, 86.3004447931, 5.64761469493, 1.99196508533, 1.16581341352, 19.0496721564, 0.0466859590201, 0.0
0.173152879874, 1.11796597181, 5.89212868879, 0.624461179801, 86.3917043416, 2.00337215137, 0.35745292753, 2.48804649859, 10.3203218621, 0.0260870725006, 0.266666666667
0.114347992277, 1.23396882321, 4.87359469871, 0.927737638391, 93.6583748918, 3.88655430169, 1.13964800291, 4.2211353934, 12.3374850608, 0.0314649251807, 0.146341463415
0.151727466858, 1.10653963427, 4.7455549282, 0.721931955782, 90.6541632084, 6.16531446767, 0.970455722089, 2.217025167, 17.1052730884, 0.0470158103655, 0.0
0.191120797184, 0.826841730757, 7.26468940082, 0.931441241972, 94.2807240038, 5.03572980293, 1.57732036146, 0.597027258091, 14.1947379157, 0.0390510081884, 0.0967741935484
0.134482983278, 0.976695321923, 3.53299284921, 0.601768600059, 95.2173443452, 9.12806553075, 0.0293563074858, 0.052221722967, 11.8308917983, 0.0472321485838, 0.0
0.164992756576, 0.918501696808, 7.42625778805, 0.81627028596, 86.7456653756, 1.73359839449, 0.621915564259, 1.94110397326, 13.1053595814, 0.0252090748939, 0.333333333333
0.114931362922, 1.09957393255, 5.86530432799, 0.830532677835, 98.6162102607, 8.3042798583, 1.71970050229, 3.19865906133, 18.5210799229, 0.0482710162765, 0.0
0.160359195668, 1.03437541015, 5.26773338515, 0.942370318159, 89.1533623118, 1.24580725151, 1.93517993568, 2.85603089019, 11.7372524151, 0.0248681331755, 0.5125
0.198282956963, 0.850703736206, 2.78881559866, 0.737471839103, 86.0248844229, 5.17604274137, 0.268095005133, 0.711114068418, 11.9724565421, 0.0484736760626, 0.0
0.133766231746, 1.18843993342, 4.71082798321, 0.857026798064, 94.8170886493, 1.26894275866, 0.93906565859, 3.01244154726, 10.9677184544, 0.0254587457623, 0.363636363636
0.105780497258, 0.968847680772, 7.66929198416, 0.89041132296, 93.7815484778, 9.61461794227, 0.179695690438, 4.93530035921, 13.0467472265, 0.0486526620818, 0.0
0.133766231746, 1.09813789533, 4.71082798321, 0.857026798064, 94.8170886493, 6.39218536625, 0.93906565859, 3.01244154726, 10.9677184544, 0.0490061602671, 0.0
0.14017043067, 1.13657340442, 7.70859303345, 0.85807321538, 99.7203450273, 1.54458175103, 1.64880763118, 0.424701060911, 12.010440545, 0.025281617558, 0.5
0.121004882219, 1.03679825225, 3.84071586251, 0.641422225691, 81.7434018691, 6.36038200165, 1.20340868064, 3.65643023381, 13.8060695764, 0.0358587862869, 0.117647058824
0.164992756576, 0.918501696808, 7.10350888103, 0.81627028596, 84.4678938014, 2.22068737436, 1.37527176399, 1.94110397326, 15.7394226961, 0.0266534098564, 0.363636363636
0.152373238838, 1.20068167863, 3.8153972062, 0.654581359144, 94.3889484712, 1.48860353306, 0.965094958572, 1.13184071694, 15.2791680948, 0.0252703272765, 0.617647058824
0.12794190224, 0.95959563921, 3.53299284921, 0.601768600059, 95.2173443452, 9.12806553075, 0.0293563074858, 3.6927485987, 11.8308917983, 0.0497228037856, 0.0
0.155789517931, 1.0753044393, 5.9600812422, 0.807005212324, 93.2051299004, 9.25480764438, 1.34257433233, 0.863264106822, 19.2742638656, 0.0517116193862, 0.0
0.198142290931, 0.85029908166, 5.43934034929, 0.768588452029, 80.2670556271, 3.8140231178, 1.8736800774, 3.93198933207, 19.6901445311, 0.0384758358323, 0.117647058824
0.127930135666, 0.917048416981, 6.08302020007, 0.625007683335, 88.1823695124, 1.54475475177, 1.22076434923, 2.28188427689, 19.423462933, 0.0271291954112, 0.336842105263
0.114931362922, 1.09957393255, 5.86530432799, 0.830532677835, 98.6162102607, 8.3042798583, 1.71970050229, 3.28045541441, 18.5210799229, 0.0528968282477, 0.0
0.153619898294, 1.12526461467, 7.32841393596, 0.690230173373, 91.7193312005, 2.22068737436, 1.37527176399, 4.14575569412, 15.050494768, 0.0332432601893, 0.189473684211
0.128113540667, 1.12526461467, 7.55733021329, 0.929745333141, 83.5403586809, 3.63439716668, 0.177204723495, 1.54740204996, 15.050494768, 0.0397778863131, 0.111111111111
