0.105780497258, 0.9523011045, 4.58506223312, 0.89041132296, 95.6606619137, 3.92882150383, 0.914104898038, 2.57149225152, 17.8307292561, 0.0, 0.0
0.195416314294, 0.968847680772, 7.66929198416, 0.804754536003, 93.7815484778, 9.61461794227, 0.179695690438, 4.93530035921, 14.3897509109, 0.00102591524558, 0.0
0.136848360084, 0.994667645732, 2.01756975931, 0.922435281493, 97.830569743, 3.64407602614, 0.766310029573, 3.56882288307, 18.5191997341, 0.00481227719934, 0.0
0.115266783571, 1.13657340442, 7.47724759828, 0.85807321538, 84.1008224858, 1.04351635182, 1.64880763118, 0.235154636637, 19.603485868, 0.00512474956855, 0.0810810810811
0.101506242599, 1.18843993342, 7.66929198416, 0.767282046599, 94.8170886493, 1.26894275866, 0.0857160945057, 4.93530035921, 10.9677184544, 0.00532421347445, 0.0
0.101952114421, 0.840883081792, 2.13592410827, 0.722660502841, 90.5706885596, 1.38406944034, 0.213106429961, 1.49123887473, 19.9621323372, 0.00583808128851, 0.0
0.149329714345, 0.853580924443, 5.24580880978, 0.892401414128, 94.5838560332, 1.49753109009, 0.914443241181, 3.48053291921, 19.5425648752, 0.00589987849519, 0.0
0.141635449612, 0.835514464749, 2.13592410827, 0.924890256737, 90.5706885596, 1.38406944034, 0.213106429961, 1.49123887473, 10.4469272993, 0.00637628797576, 0.0
0.136848360084, 0.843122440052, 6.2538315564, 0.922435281493, 97.830569743, 2.00337215137, 0.766310029573, 3.56882288307, 10.3203218621, 0.00666219268836, 0.0
0.133766231746, 1.09813789533, 4.71082798321, 0.857026798064, 94.8170886493, 1.54458175103, 0.93906565859, 3.01244154726, 12.010440545, 0.00759396560309, 0.0
0.127930135666, 0.917048416981, 6.08302020007, 0.625007683335, 88.1823695124, 1.54475475177, 1.71970050229, 2.28188427689, 19.423462933, 0.00832458793662, 0.0
0.100331661951, 0.834666118226, 5.29413398676, 0.792068276545, 91.1373691522, 2.06058025704, 1.43917816162, 3.20384582355, 12.3374850608, 0.00856498347812, 0.0
0.144663350601, 1.24477107156, 5.73711794477, 0.941075715114, 88.1738826966, 2.60813270865, 0.127950786565, 0.0643174063247, 15.0532420808, 0.00932237892527, 0.0
0.100331661951, 1.13657340442, 7.47724759828, 0.85807321538, 83.0382787486, 1.04351635182, 1.43917816162, 0.235154636637, 19.603485868, 0.00889514668025, 0.171052631579
0.101952114421, 0.840883081792, 2.13592410827, 0.722660502841, 90.5706885596, 1.38406944034, 0.213106429961, 1.49123887473, 19.9621323372, 0.0100938753718, 0.0
0.160359195668, 1.03437541015, 5.26773338515, 0.942370318159, 89.1533623118, 1.69569960681, 1.93517993568, 2.85603089019, 11.7372524151, 0.0103963642634, 0.0
0.128996132921, 0.840883081792, 4.40275732317, 0.722660502841, 90.5706885596, 1.38406944034, 0.213106429961, 1.49123887473, 19.9621323372, 0.00937373759686, 0.5625
0.179491674135, 1.09330586948, 7.52946850166, 0.722660502841, 93.2308943183, 1.3786515284, 1.4424040469, 2.6811771397, 19.4246687473, 0.0104195672951, 0.0
0.101952114421, 1.03437541015, 5.26773338515, 0.942370318159, 89.1533623118, 1.69569960681, 1.09499257908, 2.85603089019, 11.7372524151, 0.0104324131148, 0.0512820512821
0.152373238838, 0.977949376463, 6.09778764631, 0.712281617852, 98.6390840436, 3.36663138464, 0.283601660723, 3.28397033976, 10.7577719827, 0.0105931224114, 0.0
0.151727466858, 1.10653963427, 4.7455549282, 0.721931955782, 90.6541632084, 1.54458175103, 1.01103950153, 2.217025167, 13.6425362631, 0.0116253026857, 0.0
0.122504355295, 1.11796597181, 2.35141380769, 0.624461179801, 88.2046070505, 2.00337215137, 1.35575521125, 2.48804649859, 10.3203218621, 0.0127687648125, 0.0
0.128113540667, 1.12526461467, 2.79067356401, 0.929745333141, 83.5403586809, 1.78738466827, 0.177204723495, 1.54740204996, 15.050494768, 0.0113497533398, 0.333333333333
0.163563662287, 1.06679993244, 7.55149768302, 0.858334309608, 98.7004678774, 2.63919054942, 1.72921174178, 0.573664036593, 12.7795071964, 0.0141918913742, 0.0
0.162865281505, 0.995401982281, 3.8153972062, 0.654581359144, 94.3889484712, 1.48860353306, 0.965094958572, 1.13184071694, 15.2791680948, 0.0145629216368, 0.0
0.18466913329, 1.02560696962, 6.17079449416, 0.669140916741, 95.863944605, 1.13213632454, 1.49616776732, 1.43056257199, 14.8106180237, 0.0123533411822, 0.352941176471
0.136848360084, 0.853580924443, 5.24580880978, 0.892401414128, 94.5838560332, 1.49753109009, 0.914443241181, 3.48053291921, 18.5191997341, 0.0118026128482, 0.416666666667
0.101952114421, 1.03437541015, 2.35141380769, 0.624461179801, 89.1533623118, 1.69569960681, 1.09499257908, 2.85603089019, 11.7372524151, 0.0131253679088, 0.115384615385
0.173152879874, 1.11796597181, 5.43242414353, 0.624461179801, 86.3917043416, 2.00337215137, 0.35745292753, 2.48804649859, 10.3203218621, 0.0151557722321, 0.0
0.114443019212, 1.01264079746, 5.24580880978, 0.892401414128, 86.2122607473, 1.49753109009, 1.98467803943, 3.48053291921, 19.5425648752, 0.0137295544335, 0.333333333333
0.108345347765, 1.04653793283, 7.98483329287, 0.829168019209, 93.7657537653, 2.38684778459, 0.163463198173, 0.0578188466265, 11.8990822967, 0.0152205352938, 0.0
0.115266783571, 0.834666118226, 5.29413398676, 0.792068276545, 91.1373691522, 2.06058025704, 1.64880763118, 3.20384582355, 12.5967576235, 0.0151827249625, 0.0434782608696
0.136848360084, 0.944526050367, 6.2538315564, 0.922435281493, 97.830569743, 1.38406944034, 0.766310029573, 3.56882288307, 15.3141212347, 0.0137198925327, 0.4375
0.101952114421, 1.02064365187, 2.99133897428, 0.722660502841, 84.1936729973, 2.26265533495, 1.66767557139, 4.6476125582, 11.0770680427, 0.0148863905199, 0.1
0.134329883334, 0.935186808999, 5.56126035097, 0.673490599372, 98.9973470944, 2.61172846161, 0.570863042081, 3.32086382546, 10.3174260967, 0.0155320072715, 0.0
0.100331661951, 0.985698758251, 2.71808765133, 0.792068276545, 89.9805094781, 2.06058025704, 1.43917816162, 3.20384582355, 17.66121259, 0.0149966141197, 0.159090909091
0.169063792832, 1.09330586948, 7.52946850166, 0.665110933111, 93.2308943183, 1.3786515284, 1.4424040469, 4.1999775042, 19.4246687473, 0.0161801672113, 0.0
0.127930135666, 0.917048416981, 6.08302020007, 0.616894053273, 88.1823695124, 1.54475475177, 1.22076434923, 4.45645052331, 19.423462933, 0.0153474878049, 0.0576923076923
0.105919537832, 0.853374085084, 7.73989162141, 0.711195245075, 91.0052571767, 3.52982928507, 0.0579224326486, 0.650997521661, 10.5793047061, 0.0163869106439, 0.0
0.160359195668, 1.03437541015, 5.26773338515, 0.942370318159, 89.1533623118, 1.24580725151, 1.93517993568, 2.85603089019, 11.7372524151, 0.0164904312029, 0.0
0.10177952377, 1.02064365187, 2.99133897428, 0.665110933111, 84.1936729973, 2.26265533495, 1.66767557139, 4.6476125582, 11.0770680427, 0.0157847309681, 0.08
0.164992756576, 0.918501696808, 7.42625778805, 0.81627028596, 81.8028123771, 1.73359839449, 0.621915564259, 1.94110397326, 13.1053595814, 0.0165860703922, 0.0
0.129030148134, 0.893091785302, 7.50770778196, 0.704742938399, 93.4034709646, 3.46159813328, 1.7515854819, 2.0863746747, 16.4625801674, 0.0167448945819, 0.0
0.162865281505, 0.995401982281, 3.8153972062, 0.654581359144, 94.3889484712, 1.48860353306, 0.965094958572, 0.418579535209, 10.3174260967, 0.0159744221742, 0.1
0.160359195668, 1.03437541015, 5.26773338515, 0.942370318159, 89.1533623118, 1.69569960681, 0.283601660723, 2.85603089019, 11.0599980281, 0.015908390238, 0.117647058824
0.120227055068, 0.925829455584, 4.27580349369, 0.775787549874, 81.7135890962, 5.65190798833, 0.595128829888, 0.740934951796, 12.8452671521, 0.0170550879583, 0.0
0.199696760003, 1.02560696962, 6.17079449416, 0.716138349129, 90.35008859, 1.13213632454, 1.49616776732, 1.43056257199, 14.8106180237, 0.0158918012773, 0.265306122449
0.140614323573, 0.879847820103, 2.02243373952, 0.886840793019, 88.6050380836, 4.03176190634, 1.19886286426, 3.36614544908, 19.5509973992, 0.0172126802177, 0.0
0.152373238838, 0.95959563921, 3.53299284921, 0.654581359144, 94.3889484712, 1.48860353306, 0.0293563074858, 1.13184071694, 15.2791680948, 0.0155605538025, 0.375
0.111049231299, 1.18840393423, 7.01899920886, 0.626355876017, 95.8204402384, 4.10766425495, 0.44727341692, 1.33534604529, 16.350400203, 0.0172837222743, 0.0
0.127930135666, 0.985698758251, 6.08302020007, 0.625007683335, 88.1823695124, 1.54475475177, 1.22076434923, 4.45645052331, 19.423462933, 0.0165840958779, 0.112903225806
0.199582183004, 1.13402476232, 5.69446573438, 0.848451466468, 86.7131970676, 4.45623716665, 0.445694639074, 0.905484561394, 19.2494890395, 0.017455136092, 0.0
0.1566614355, 1.03437541015, 5.26773338515, 0.704742938399, 89.1533623118, 1.24580725151, 1.93907112584, 3.2486334178, 11.7372524151, 0.0161752333754, 0.340425531915
0.114443019212, 1.01264079746, 5.24580880978, 0.892401414128, 86.2122607473, 1.49753109009, 1.98239434004, 3.48053291921, 19.5425648752, 0.0161089538197, 0.372093023256
0.169063792832, 1.09330586948, 7.52946850166, 0.722660502841, 93.2308943183, 1.3786515284, 1.4424040469, 4.1999775042, 19.4246687473, 0.0169157068342, 0.0833333333333
0.134329883334, 0.925305322604, 5.56126035097, 0.673490599372, 98.9973470944, 2.61172846161, 0.570863042081, 3.32086382546, 12.8062828073, 0.017944111906, 0.0
0.18466913329, 0.853580924443, 5.24580880978, 0.892401414128, 94.5838560332, 1.49753109009, 0.914443241181, 3.48053291921, 19.5425648752, 0.0185100459828, 0.0
0.113008463795, 0.857129804704, 7.29721182156, 0.793783210932, 88.6133431789, 5.83974129328, 0.868369832989, 2.6811771397, 11.0208406806, 0.0187524738019, 0.0
0.134329883334, 0.935186808999, 5.56126035097, 0.673490599372, 98.9973470944, 2.61172846161, 0.570863042081, 3.32086382546, 12.8062828073, 0.0189090676181, 0.0
0.153619898294, 1.12526461467, 7.32841393596, 0.690230173373, 91.7193312005, 2.22068737436, 1.37527176399, 4.14575569412, 15.050494768, 0.0190529171548, 0.0
0.164992756576, 1.12460094199, 7.42625778805, 0.81627028596, 98.6162102607, 1.73359839449, 0.621915564259, 1.94110397326, 13.1053595814, 0.0168395367163, 0.222222222222
0.165712928157, 0.996799601817, 3.71987900891, 0.949472180223, 82.3420210391, 5.65190798833, 0.677118968778, 1.4887632466, 18.9741843958, 0.0200033284116, 0.0
0.120227055068, 0.925829455584, 4.27580349369, 0.775787549874, 81.7135890962, 3.09493907196, 0.595128829888, 0.740934951796, 12.8452671521, 0.0215519637929, 0.0
0.100331661951, 0.985698758251, 5.29413398676, 0.792068276545, 89.9805094781, 2.06058025704, 1.43917816162, 3.20384582355, 17.66121259, 0.0170772184311, 0.21686746988
0.197079756355, 0.829260833258, 2.80370965148, 0.616894053273, 91.455050687, 1.68723808492, 1.07803610999, 2.91259733887, 19.6944690276, 0.0215542231301, 0.0
0.125344887087, 0.917048416981, 5.29413398676, 0.792068276545, 89.9805094781, 2.06058025704, 1.43917816162, 3.20384582355, 12.3374850608, 0.0184262832774, 0.107142857143
0.164992756576, 0.918501696808, 7.10350888103, 0.81627028596, 84.4678938014, 2.22068737436, 1.37527176399, 1.94110397326, 15.7394226961, 0.0236205823211, 0.0
0.127930135666, 0.917048416981, 6.08302020007, 0.795499013735, 88.1823695124, 1.54475475177, 1.22076434923, 4.45645052331, 19.423462933, 0.017880177754, 0.157894736842
0.165712928157, 0.996799601817, 3.71987900891, 0.949472180223, 82.3420210391, 5.65190798833, 0.677118968778, 1.4887632466, 18.9741843958, 0.0243734039809, 0.0
0.113578975607, 1.01750080039, 2.92573542557, 0.921950240177, 81.2676498742, 5.59918089118, 1.91762865908, 3.49403865832, 14.7379497491, 0.0261524501512, 0.0
0.196899295169, 1.13328522923, 2.51662302974, 0.759766955242, 81.8103818217, 2.73958729327, 0.758091212266, 3.86862444694, 14.7379497491, 0.0268143655955, 0.0
0.176275907318, 0.926963626288, 6.23716991831, 0.783784255844, 82.1616656766, 2.40839618826, 0.874140857321, 4.66235977826, 15.0195526951, 0.0184255487453, 0.166666666667
0.113578975607, 1.01750080039, 2.92573542557, 0.921950240177, 87.6287072212, 5.59918089118, 1.91762865908, 3.49403865832, 17.8006773597, 0.0241957292895, 0.0555555555556
0.10177952377, 1.02064365187, 2.99133897428, 0.665110933111, 93.2308943183, 2.26265533495, 1.66767557139, 4.6476125582, 11.0770680427, 0.0179408473346, 0.257575757576
0.111049231299, 1.18840393423, 7.73989162141, 0.626355876017, 91.0052571767, 3.52982928507, 0.0579224326486, 0.650997521661, 16.350400203, 0.0270706905318, 0.0
0.144663350601, 1.13751606954, 2.43353796112, 0.941075715114, 93.805197343, 2.60813270865, 0.0722901966953, 1.54740204996, 15.0532420808, 0.0307393899348, 0.0
0.105919537832, 1.2389964703, 2.48924576721, 0.731474279723, 86.894621629, 8.12425421753, 1.14404558616, 0.249292480537, 13.9597094703, 0.0321051084543, 0.0
0.144663350601, 1.24477107156, 2.43353796112, 0.941075715114, 93.805197343, 2.60813270865, 0.0722901966953, 0.0643174063247, 15.0532420808, 0.0230626419646, 0.0952380952381
0.195416314294, 0.9523011045, 4.58506223312, 0.647681894249, 95.6606619137, 3.92882150383, 0.914104898038, 2.57149225152, 17.8307292561, 0.0326011869172, 0.0
0.153619898294, 1.12526461467, 7.32841393596, 0.631176543156, 91.7193312005, 1.73359839449, 0.621915564259, 4.14575569412, 15.050494768, 0.0178475149621, 0.416666666667
0.114443019212, 0.852906417014, 2.13612715619, 0.814502303433, 86.2122607473, 7.49099586111, 1.98239434004, 1.30698490009, 19.0099863852, 0.0327368572925, 0.0
0.127930135666, 0.917048416981, 6.08302020007, 0.625007683335, 88.1823695124, 1.54475475177, 1.22076434923, 4.45645052331, 19.423462933, 0.0184638846535, 0.323943661972
0.144663350601, 1.24477107156, 2.43353796112, 0.941075715114, 93.805197343, 2.60813270865, 0.0722901966953, 0.0643174063247, 15.0532420808, 0.0278947370396, 0.0555555555556
0.128113540667, 0.920184819903, 7.26923781219, 0.929745333141, 83.5403586809, 3.63439716668, 0.177204723495, 1.54740204996, 17.7559957103, 0.0229805306461, 0.1
0.102237372124, 1.2389964703, 2.48924576721, 0.731474279723, 86.894621629, 8.12425421753, 1.14404558616, 0.249292480537, 13.4844756825, 0.0338898926423, 0.0
0.114443019212, 1.01264079746, 5.24580880978, 0.892401414128, 89.9247586002, 1.49753109009, 1.98467803943, 3.48053291921, 19.5425648752, 0.0183639631791, 0.372881355932
0.124516203134, 1.24810764287, 4.71850922146, 0.720759769682, 88.5157341837, 3.1105532766, 0.697336546234, 4.52511007116, 14.5943683031, 0.0278626329362, 0.0714285714286
0.105919537832, 1.2389964703, 2.34080017389, 0.711195245075, 86.894621629, 6.16531446767, 1.24485361915, 0.249292480537, 13.4844756825, 0.0355560776418, 0.0
0.100331661951, 0.985698758251, 5.29413398676, 0.792068276545, 89.9805094781, 2.06058025704, 1.43917816162, 3.20384582355, 12.3374850608, 0.0186975905501, 0.31884057971
0.105919537832, 0.853374085084, 7.01899920886, 0.711195245075, 95.8204402384, 4.10766425495, 0.44727341692, 1.33534604529, 13.9597094703, 0.0249727329159, 0.0833333333333
0.151727466858, 1.10653963427, 4.7455549282, 0.721931955782, 90.6541632084, 6.16531446767, 0.970455722089, 2.217025167, 18.5023777953, 0.0357996654418, 0.0
0.134482983278, 0.826841730757, 7.26468940082, 0.931441241972, 95.2173443452, 5.03572980293, 1.57732036146, 0.597027258091, 14.1947379157, 0.0365054994163, 0.0
0.188637670152, 1.13612009418, 2.75825951102, 0.825600857894, 96.2793261123, 9.90970073537, 0.0663545042022, 0.0389062103604, 17.218695029, 0.039279919107, 0.0
0.152373238838, 0.977949376463, 6.09778764631, 0.712281617852, 98.6390840436, 3.36663138464, 1.93517993568, 3.28397033976, 10.7577719827, 0.0322223648143, 0.0681818181818
0.100331661951, 0.953330362346, 2.71808765133, 0.792068276545, 98.9973470944, 2.61172846161, 1.43917816162, 3.20384582355, 10.3174260967, 0.0220922400384, 0.153846153846
0.102237372124, 1.2389964703, 2.34080017389, 0.721931955782, 86.894621629, 6.16531446767, 0.970455722089, 0.249292480537, 13.4844756825, 0.0409857443435, 0.0
0.180807181557, 0.912485741983, 5.76968439944, 0.735360920841, 82.2117889985, 3.41847995934, 1.24174275704, 0.898432542953, 14.2956390708, 0.0376996022787, 0.0434782608696
0.171231469208, 0.86921897435, 7.52877182535, 0.948739896893, 95.4038457186, 5.54279314917, 1.90660529542, 1.22012779503, 10.1709805184, 0.0413152512179, 0.0
0.171231469208, 0.86921897435, 7.52877182535, 0.722785782077, 95.4038457186, 5.54279314917, 1.90660529542, 3.23265618359, 10.1709805184, 0.0413210003356, 0.0
0.136848360084, 0.994667645732, 6.2538315564, 0.922435281493, 97.830569743, 3.64407602614, 0.766310029573, 3.56882288307, 15.3141212347, 0.025038214476, 0.1
