4.61788471634, 1.00619168082, 1.53144525627, 1.02705618112, 4.81942352973, 1.14031920837, 5.24205743145, 1.1662152788, 1.0761810889, 3.73311160631, 6.41732053756, 0.916011433466, 3.89857108679, 1.20980023406, 0.987063047333, 1.33460048076, 1.04352018075, 0.904893877545, 9.54274894704, 1.05132580965, 0.973923401764, 142.040825035, 1.15182413877, 3.91813545335, 1.19874506732, 1.83213912206, 1.02138421208, 10.6649096795, 6.39993668758
4.5035991386, 1.19565627106, 1.34285045677, 0.912161743795, 3.15096042963, 0.859261830286, 1.827419245, 0.845321950815, 1.06920758578, 4.48446089222, 4.80603587448, 0.915202993204, 4.13984175337, 0.89536154062, 1.06417090466, 1.11277870192, 1.05396678095, 1.06019576143, 7.84482422544, 1.09369837219, 0.797817129668, 153.04652233, 1.19316730561, 3.69206114557, 1.05620334046, 2.17781413567, 1.17636118241, 20.3926707153, 7.76888544581
4.83378081492, 1.36787562936, 1.53541024557, 1.12410204302, 4.41128356752, 1.12011146363, 1.93451113235, 0.855416779376, 1.02293089629, 6.14342005948, 3.56087707132, 0.840437406851, 1.5802656153, 1.19977053686, 0.801196626476, 1.54142827792, 1.09462027923, 0.988310937792, 7.12730913857, 0.912153916117, 0.797568472461, 184.364380585, 0.892185915457, 5.48984234374, 1.13307594571, 1.19954559337, 1.14704414941, 37.4137024086, 7.75994309105
3.91078928264, 1.36996071297, 0.837153498518, 1.06769524391, 1.83167983174, 0.89229658176, 4.58272939351, 1.10956618612, 1.10127074784, 4.62856379227, 2.11678867648, 0.979090490057, 2.91268989991, 1.26425883706, 0.991832013176, 1.17786692557, 1.07319307528, 0.879606403989, 8.4364543943, 1.10987523995, 0.977362281648, 199.16523464, 0.992538515, 3.58294977455, 1.12146514493, 4.78120371404, 1.16600502004, 25.410353016, 13.436758517
1.60559576856, 1.23759254211, 1.39661780401, 1.14263147749, 2.73872930736, 0.855710716868, 4.05969422973, 0.913824783553, 0.9985517308, 4.82738726682, 3.6656565373, 0.885655715876, 4.55814293259, 1.24594834383, 0.988747238626, 1.49377773819, 1.06246699014, 0.88272839503, 4.98066784966, 0.920028698252, 0.910797304482, 340.431794595, 1.14964338252, 3.39704357827, 0.96474148211, 4.80960967353, 0.914954074711, 48.0453693722, 12.0583289427
1.60559576856, 1.23759254211, 1.39661780401, 1.14263147749, 3.6657052431, 0.855710716868, 3.95851897157, 0.913824783553, 0.9985517308, 4.82738726682, 3.6656565373, 0.885655715876, 4.55814293259, 1.24594834383, 0.988747238626, 1.49377773819, 1.06246699014, 0.88272839503, 8.14897399035, 0.920028698252, 0.910797304482, 340.431794595, 1.14964338252, 3.39704357827, 0.96474148211, 4.80960967353, 0.914954074711, 112.261249948, 10.9044889211
2.59360295856, 1.38478707329, 1.25012338391, 0.927741171165, 6.8061797661, 1.01111728499, 5.11847700682, 1.01056416177, 0.914989015331, 1.70672880992, 6.41863988455, 0.988236471382, 4.84073167338, 0.89687978157, 1.07972300051, 1.47872969299, 1.14410108149, 1.14228424641, 6.7827695965, 1.021522605, 0.770161203291, 139.723544495, 1.01440360587, 3.48715735815, 0.980901413982, 1.37111508469, 0.952422565216, 116.420603355, 10.917631982
5.40125294597, 1.06850112754, 1.14810692023, 1.00274131795, 4.85890388929, 0.812706538233, 5.14705506483, 1.24636117991, 1.0640353983, 4.1249611151, 5.5424172477, 0.979090490057, 3.61982001153, 0.8610735653, 0.787073557811, 1.35340250864, 1.06088206135, 1.07998021902, 8.92713513626, 0.96676044925, 0.819023256443, 66.7537120062, 0.893441445159, 2.91696409939, 1.04893104829, 1.53615297009, 1.03352548739, 48.6755420805, 12.0947990107
1.08398842604, 1.31627544727, 1.18943922222, 0.820269945293, 5.53461504797, 1.03782556855, 3.26931846399, 1.01997108351, 0.939951460063, 4.90199589547, 7.33590294646, 0.987059805737, 1.75856266365, 0.961360391508, 1.04985623951, 1.04179979239, 1.0874158079, 0.886982437506, 4.12381203076, 1.14243683276, 0.98968264424, 306.112689527, 1.18466541932, 5.51226270048, 1.12467586427, 4.81194496284, 1.2747845569, 142.472324613, 11.5703500231
3.91078928264, 1.36996071297, 0.837153498518, 1.06769524391, 1.83167983174, 0.89229658176, 4.58272939351, 1.10956618612, 1.1345695149, 4.62856379227, 2.11678867648, 1.1442076587, 2.91268989991, 1.26425883706, 0.991832013176, 1.17786692557, 1.07319307528, 0.879606403989, 8.4364543943, 1.10987523995, 0.977362281648, 199.16523464, 0.992538515, 3.58294977455, 1.12146514493, 4.78120371404, 1.16600502004, 145.880316607, 11.8455656491
3.61877531955, 1.09443170517, 1.26329144715, 1.07579631925, 2.89416007758, 0.98834990353, 4.91914855697, 1.12001319762, 0.950107356956, 3.8406726364, 7.29893823704, 0.818754302228, 2.77307155687, 0.999070983239, 1.00695858315, 1.27066761876, 1.16870909436, 1.11209864141, 5.76838691955, 1.16734345362, 0.799817706075, 380.582630025, 1.15130197584, 2.5747723227, 1.04662314234, 3.20798307854, 1.28833224161, 51.4614271231, 16.5635069139
4.17862944784, 1.297375074, 1.71787223225, 1.19216522642, 6.38234484808, 1.08728300905, 5.14265957316, 1.24303328169, 0.933673937511, 1.39262586821, 6.40865948672, 1.2141319331, 2.95021512388, 1.24632289721, 0.847425589831, 1.35075764214, 1.11853972992, 1.00303188005, 7.43630697252, 0.950422047388, 0.973069442058, 140.161950714, 1.03827916869, 3.82324315179, 0.951803247596, 1.31392533574, 1.27256989089, 74.0051117393, 13.6234438487
5.30822612644, 1.24431818936, 1.0925082515, 0.800753953779, 1.73023338551, 0.905524581068, 4.78934536878, 0.896016024107, 1.0240431022, 5.57702795932, 3.07549294086, 0.979949923885, 1.02864487001, 0.988819540361, 0.92148392583, 1.13189075113, 1.14633290603, 1.09940197544, 4.9682687677, 1.01387403328, 0.902842551522, 251.764252752, 0.932623819204, 5.47768131747, 0.979912031674, 5.07027599701, 1.09267437325, 81.2917731942, 14.3203823607
4.5035991386, 1.19565627106, 1.34285045677, 0.912161743795, 3.15096042963, 0.859261830286, 1.827419245, 0.845321950815, 1.06920758578, 4.48446089222, 4.80603587448, 0.915202993204, 4.13984175337, 0.89536154062, 1.06417090466, 1.13237403891, 1.03632642423, 0.838458162281, 7.84482422544, 0.98837201031, 0.816549623572, 153.04652233, 1.19316730561, 3.69206114557, 1.05620334046, 2.17781413567, 1.17636118241, 109.93460473, 21.5907049073
2.9979233121, 1.10201734925, 1.62709882134, 0.970970793317, 6.38069982501, 1.0691806595, 1.48663268347, 1.12941634509, 1.12347760728, 3.93465920052, 6.09223804923, 0.959695758527, 1.07312432684, 1.19892590074, 0.947784345592, 1.23981825929, 1.09117961774, 0.861705435933, 3.90614789941, 1.0530139276, 0.931102312789, 257.640144848, 1.00263677566, 4.53894604216, 1.20685343767, 1.79846758183, 1.20292745249, 200.898572951, 13.3865398036
1.59011672996, 1.40316387062, 1.39076567877, 1.09930311893, 6.61533843047, 1.04771875898, 3.23094648319, 1.24171128822, 0.956599346255, 3.34044856418, 2.85158247862, 0.870055512415, 1.95693845596, 0.991264353583, 1.01408908294, 1.08885947709, 1.03635458964, 1.19808689683, 3.25125386819, 0.924526652314, 0.794752890768, 321.512351633, 0.967807545295, 1.20373729627, 1.0068256344, 3.96403802798, 1.27288829581, 139.469864882, 14.1774050512
5.77057116677, 1.12564555953, 0.994724083414, 1.18139445792, 2.13226156475, 0.95889671331, 3.24455334889, 0.968058172347, 0.941876526621, 2.96151579686, 2.79039952017, 0.921582194206, 3.28678963284, 0.950828731058, 0.822831549696, 1.36302247341, 1.11242857277, 1.20705244908, 6.81877770193, 1.17775289756, 0.872169854461, 163.440646179, 1.051574639, 2.37343742399, 1.16601994912, 1.87393803322, 0.93580674507, 286.522169714, 13.9637584141
5.42444810968, 1.19856795364, 0.907744722952, 0.82291430216, 3.77931945959, 1.06595011034, 4.75076823132, 1.0425019964, 1.10748286134, 2.5558591143, 3.90794905455, 1.18633966214, 3.46257043313, 1.25748512783, 0.853293702149, 1.09356330423, 1.15762953559, 0.846043150575, 3.81064375496, 1.0314546046, 0.890792785134, 202.426568132, 1.15564512666, 5.78832473267, 1.09712484477, 3.11562623153, 1.00011147067, 141.206033329, 17.3277883085
2.17076592371, 1.29181203683, 1.51981818267, 1.16518368549, 3.22782087025, 1.1725910244, 2.30385842565, 1.06734216542, 0.96602847899, 3.52365815862, 6.56602648444, 0.923499280868, 4.3636627781, 1.10501459343, 0.873218270032, 1.32985513977, 1.05981099215, 1.08253096757, 6.26598707629, 1.049826223, 0.92652376854, 151.917670283, 1.09201421562, 2.75551740445, 1.08672832765, 5.44886898661, 0.881459488787, 144.430940675, 16.8305572322
1.41866040142, 1.26045520271, 1.29242569779, 1.02295656137, 6.40002445184, 0.984900188118, 1.39519138531, 1.17287728888, 0.981959784459, 4.12416255175, 7.34975221482, 1.17983327411, 2.44889527409, 0.929947209362, 0.97226812166, 1.34196768315, 1.03904801277, 1.05914312147, 6.43595835619, 0.974029823592, 0.818442830948, 238.646030803, 0.850913425909, 5.15906598208, 1.1939840357, 1.6724852374, 1.20745740571, 187.498497891, 14.8289820647
4.36066345546, 1.03276471667, 1.39212207123, 1.21176856146, 1.91852268571, 0.714768236303, 4.19322534395, 1.02174094476, 1.11598707405, 5.80956288257, 6.47704741898, 1.07569058584, 1.49743939868, 0.858521453643, 0.870645357262, 1.18587884064, 1.13252274998, 0.861854907824, 9.54274894704, 0.935992518549, 0.945486560357, 178.102278013, 1.18953132678, 5.3260616773, 1.17886156801, 3.47641336753, 1.0477864086, 322.227059922, 14.9899783165
5.53033325215, 1.32822096378, 1.06621555875, 0.971943333971, 2.00484762205, 0.937296000063, 3.147328139, 0.95319832448, 0.90938320918, 5.25797326723, 6.23078727858, 1.19387770134, 4.5499352828, 1.26940026783, 1.00856651174, 1.33799696625, 1.0116684179, 1.09242541841, 7.74854069831, 1.08013010809, 0.901035239357, 299.16528923, 1.02152154256, 3.19912982363, 1.13709697465, 3.27081198858, 1.12432382894, 147.885439586, 17.4764713207
1.85047880019, 1.30355421676, 1.29703855539, 1.06336849747, 2.28552185433, 0.769367953994, 5.77780443981, 1.06663089065, 0.940734451456, 2.70003733632, 7.63577902615, 0.810183759753, 1.61838476904, 0.939606311213, 0.926967717155, 1.55625390781, 1.08085774221, 1.12560035552, 9.35121858878, 0.99311715455, 0.793063636191, 101.157120372, 1.09167412469, 2.96197510917, 1.061742378, 4.28844362618, 1.12965576269, 341.620333827, 15.7280487404
1.87000969342, 1.27271572513, 1.46842541137, 0.969844446651, 6.75983715135, 0.987294805919, 2.46262591802, 1.0085048336, 1.11958134276, 1.24389666205, 4.10638372894, 1.06559536663, 1.85240266276, 0.996347932662, 1.04794609315, 1.10252169544, 1.07198464836, 0.964987819432, 9.17901787955, 1.05638727212, 0.793499946707, 114.8975763, 1.0800472948, 2.36643106896, 1.22132309265, 4.41147048303, 1.05999339273, 334.543204643, 15.7715929825
4.08700154085, 1.19176637204, 1.6848737601, 1.08848538282, 5.42575492903, 0.719640689897, 3.82591249485, 0.999956833831, 1.06166918284, 2.28638200341, 2.81198830208, 0.885396110992, 3.47503410273, 1.22405843261, 0.920210491127, 1.18062991586, 1.11416822101, 1.16628582883, 8.74775134928, 1.00268799738, 0.956292914154, 128.36457435, 1.1222116402, 5.65293162643, 1.2126604319, 3.11781919675, 1.04159040428, 184.788294893, 18.5419369888
2.26995897241, 1.26846201823, 1.51981818267, 0.95228548446, 1.97145367324, 0.760665990341, 2.64995557868, 1.02766745227, 1.06546779902, 5.37853067956, 3.03497069885, 1.12138991778, 2.01463998599, 1.10501459343, 0.895448825273, 1.16107240642, 1.13914577222, 1.21202100071, 7.90570987714, 0.917561501086, 0.986152237993, 101.616616039, 0.865361016785, 5.21547917111, 1.04884320244, 1.30794547262, 1.18262715701, 191.256534451, 18.7665316441
5.43692470143, 1.40058857453, 1.10275683144, 0.827165312375, 3.77690876816, 1.00087592541, 1.81759432499, 1.08368438838, 1.04957195842, 6.14173269226, 2.25435288433, 0.856719526186, 1.22839971487, 1.10056110742, 0.952699261156, 1.28800022561, 1.09931834703, 0.973253965983, 9.32667959899, 0.918084890949, 0.798085656448, 85.4140139629, 0.900919061726, 1.90930768742, 0.988124922671, 1.05338963731, 0.949798324968, 238.848689841, 19.3219765751
5.61229816355, 1.39236961086, 0.786821707069, 1.18146187354, 4.46241442397, 0.914727155006, 1.78938382845, 1.09835148296, 1.13919099545, 4.4472248253, 4.2456935101, 0.95164797541, 1.34800600329, 1.27292472698, 0.947939966622, 1.13359833276, 1.08340386394, 1.03206101927, 7.50624302834, 1.04878288022, 0.923212256455, 376.557861212, 0.920113215583, 3.92767929924, 1.23208781331, 1.12371179457, 1.18596094428, 213.513077706, 26.4368502281
1.21266171684, 1.18161193635, 1.68670944612, 1.18131750494, 6.71105792193, 0.977655452648, 3.26892023851, 1.09189655579, 1.00230842454, 5.75458717906, 1.58951681805, 0.844816786016, 2.75100883306, 0.811481739035, 1.03711604505, 1.47193644585, 1.04575596609, 0.838458162281, 3.76936131284, 0.98837201031, 0.930373305443, 117.355184535, 0.963938149123, 5.56999938082, 1.03906675575, 3.55120269738, 1.0315963568, 248.689442334, 20.3554849059
5.80471530295, 1.22596113114, 0.78943477835, 0.945201140119, 6.42918414744, 0.714300267143, 2.53618851475, 0.957194470804, 1.09210926644, 4.96236652583, 6.08349469225, 1.1051203636, 1.17344864534, 1.20725676765, 1.02542131125, 1.54770152748, 1.08161829666, 1.04954845646, 4.47322433563, 1.10537241873, 0.822318771673, 164.429007111, 0.877485691308, 4.97245129913, 1.06044686596, 4.45782638473, 1.09888489138, 260.122965693, 20.3670469511
2.66865580732, 1.16613468096, 1.39097373313, 0.881166996009, 6.75992131835, 0.871945167188, 2.09704464194, 1.22262672458, 0.954504065201, 3.4476625337, 6.19763828812, 1.13299177289, 1.32448580304, 0.979159136959, 0.993701475638, 1.06221833025, 1.05605704526, 1.13490150318, 8.34051316585, 0.983564854022, 0.787871066158, 149.958488691, 1.10354660788, 3.71519645682, 1.10729945905, 1.99078487988, 1.24169936793, 606.001058213, 17.6297703921
2.77123497716, 1.29681022523, 1.08755276171, 1.1589315456, 6.13367080794, 0.963162498234, 5.17569479323, 0.887865499471, 1.05916987469, 3.13297523246, 4.03014842008, 0.950629921017, 4.383490895, 1.06796698077, 0.991740470011, 1.34592490141, 1.07184396075, 0.898135485406, 8.1654593739, 1.16011223024, 0.817911270133, 108.077007756, 1.19426286682, 2.55045686515, 1.239311452, 4.5360929612, 0.899155998094, 609.626723027, 17.8891810652
3.82973205053, 1.30735449703, 1.68613816123, 0.90988336788, 4.95532805012, 1.18976233779, 2.72140117635, 1.20546827986, 1.04664340581, 4.95005819419, 5.51433879668, 0.915143734855, 1.49522566497, 0.968124323303, 0.876364902959, 1.56882654175, 1.15702089855, 0.928628536938, 9.75852164098, 1.00351781888, 0.852915604657, 338.046250811, 1.0738270273, 4.91999445271, 1.16808882982, 4.12791271574, 1.09899668443, 469.830137279, 18.9360561829
1.12890548922, 1.10139098163, 1.1866580604, 1.14928859324, 2.07772515313, 0.882568357855, 3.52210402476, 0.911364093705, 0.917069534375, 5.46992658382, 3.08002063064, 0.828658297811, 2.14478196821, 0.874706454655, 1.06784883521, 1.27369603409, 1.03844749095, 0.973651143923, 7.04286778, 0.962023654613, 0.938622867389, 237.497200881, 0.847551687254, 1.78324700435, 1.21316076766, 1.38776166232, 0.966876234754, 405.188414271, 19.1188563493
2.26995897241, 1.26846201823, 1.67811887227, 0.95228548446, 1.97145367324, 0.760665990341, 2.64995557868, 1.02766745227, 1.06546779902, 5.37853067956, 3.03497069885, 1.12138991778, 2.01463998599, 1.10501459343, 0.895448825273, 1.16107240642, 1.13914577222, 1.16628582883, 7.90570987714, 0.917561501086, 0.986152237993, 101.616616039, 0.852263270851, 5.21547917111, 1.04884320244, 1.30794547262, 1.18262715701, 283.954840105, 28.6962146072
5.77057116677, 1.12564555953, 0.994724083414, 1.18139445792, 2.19705148872, 0.95889671331, 3.24455334889, 0.968058172347, 0.941876526621, 2.96151579686, 2.79039952017, 0.921582194206, 3.28678963284, 0.950828731058, 0.822831549696, 1.36302247341, 1.11242857277, 1.20705244908, 6.81877770193, 1.17775289756, 0.973923401764, 163.440646179, 1.051574639, 2.37343742399, 1.16589628995, 1.87393803322, 0.895600145445, 658.322978957, 18.6546199785
2.44479946254, 1.09565048238, 1.01480907893, 1.04328081104, 1.92409381196, 0.858814109043, 2.26843637468, 0.953227820109, 0.911857937033, 2.32726252913, 6.88483373849, 0.851242449216, 3.77056972665, 1.07598145907, 0.88298767065, 1.274777124, 1.16453471618, 1.10440347928, 8.90747489476, 0.985000364922, 0.770269767177, 288.108120278, 1.01174879688, 5.62645850951, 1.21913535934, 2.63719133233, 1.18960083378, 327.193244426, 28.3870180549
2.96557721387, 1.22878310592, 1.06908791538, 1.14774944309, 2.93016518814, 0.886489664512, 5.20468919471, 1.16256960203, 0.962059970368, 5.98688426406, 3.66103241665, 0.932862421146, 3.82566770691, 1.20020805816, 1.03856784392, 1.14762851371, 1.1626538254, 0.855846296499, 8.12237922328, 1.14605359687, 0.782096461411, 148.879947018, 0.910359321397, 4.82289223764, 1.13622779973, 5.18308555699, 1.29157760117, 668.932717631, 18.8257449975
4.29527894134, 1.19293052702, 1.22945163929, 1.13738666587, 5.99284332171, 1.07671358698, 5.18312883362, 0.875475830643, 0.935251220042, 2.10279770677, 7.54276163759, 0.86738270541, 3.4252352726, 1.12702167063, 0.857972329261, 1.35793928496, 1.11239727674, 1.21858301126, 6.57856303993, 0.982667395684, 0.918539671507, 83.0646006545, 1.14889541105, 4.25712314412, 1.17510598304, 3.97614637871, 1.12608950919, 339.332447107, 21.9377512074
3.37201974015, 1.24970918959, 1.15509966346, 1.17867487606, 4.64437876823, 0.849705858546, 2.51198905006, 1.05776183688, 1.1258053876, 4.38596473935, 4.1673899427, 0.963725852049, 2.35091765681, 0.99280158484, 0.826134009584, 1.38742073618, 1.09406529922, 0.897075661871, 8.2917727686, 1.00166146726, 0.796160911513, 140.559289646, 1.02736884084, 3.41113344704, 0.971061197736, 1.89865605976, 1.19252412536, 504.171360799, 19.6061979099
1.00758128159, 1.27271572513, 1.29703855539, 0.927437051555, 2.28552185433, 0.769367953994, 5.77780443981, 1.06663089065, 0.940734451456, 2.06718455189, 7.63577902615, 0.824780615951, 1.61838476904, 0.939606311213, 0.926967717155, 1.55625390781, 1.08085774221, 1.22511513463, 6.76411714516, 0.99311715455, 0.793063636191, 214.528151049, 1.19931620945, 2.96197510917, 1.17731210726, 4.28844362618, 1.12965576269, 331.050906998, 30.2069836865
3.36799618958, 1.24464873472, 1.69448507868, 1.02805808093, 6.67514392539, 0.783828737933, 5.11755985822, 1.00202884346, 1.03367877845, 3.00524136937, 7.04136398608, 1.19167448757, 3.74156455407, 1.12106686844, 0.860859758169, 1.11171302076, 1.06990765583, 1.18034088987, 4.5221425377, 1.05001916523, 0.92379575615, 20.7491018931, 1.04765184434, 3.91218781323, 1.04458316666, 5.28746983172, 1.13951609395, 368.914288172, 21.6535509769
1.30934788898, 1.1938017157, 1.507931225, 0.842065974773, 6.55525645302, 0.764161175875, 1.45897808736, 1.20192486112, 0.92518664429, 2.4500189973, 3.22697802085, 0.891893415256, 3.72134454926, 1.28291965205, 0.809346662227, 1.62555442956, 1.08628608014, 0.948051983698, 6.74360228464, 1.14823020019, 0.92348118209, 336.231132109, 1.02157407641, 3.63332934209, 0.954404007633, 2.75716888997, 1.19301179458, 753.359090772, 19.0164711653
5.50317151705, 1.38964786519, 0.933929079306, 1.17652963876, 6.8016766031, 0.995605433075, 1.97788679745, 0.95309879714, 0.917318097872, 3.92254370057, 2.96241947773, 1.0346079082, 3.96459728345, 1.24625381849, 0.832674030183, 1.23718363132, 1.02437106189, 1.02959716407, 3.92344692212, 0.940851964303, 0.894783946364, 53.847065011, 0.991315205819, 4.25948292664, 1.00241844151, 2.41027293358, 0.959795219127, 570.124181461, 20.8304214463
5.23339783084, 1.28137910276, 1.30396051195, 1.16630395114, 3.74037287709, 1.09889766463, 1.07416816199, 1.19061361872, 0.938995769804, 3.94918711547, 6.94341016104, 1.01224872838, 1.5930867239, 1.23956578313, 1.06409748515, 1.25085600859, 1.04974006509, 1.12585154987, 7.4732277016, 0.993867980735, 0.871172667089, 411.926440817, 1.00197116125, 2.13387177146, 1.230739403, 1.88711831747, 1.21078864071, 346.91690934, 29.9725638881
3.06002882178, 1.05393381132, 1.46880058306, 0.993709553163, 2.09299739996, 1.04173742022, 3.90230944913, 0.866610101386, 1.07982622388, 5.31168854112, 2.46726545388, 0.851903596475, 2.58036505732, 1.2666883598, 0.985052237164, 1.35291713242, 1.05468309733, 0.846286894969, 8.96807430416, 1.12034409097, 0.977298876498, 404.521022186, 1.06516923678, 5.20814664247, 0.993449540562, 1.22306734651, 1.25147887077, 356.794990144, 29.7343642514
3.48768058005, 1.31080730779, 1.73411207927, 1.06456704873, 4.45514957455, 0.892997531849, 1.1556055151, 1.01904141637, 1.01111383134, 4.66323418968, 2.41574250287, 0.843094495947, 2.56770317675, 1.15548834659, 0.898649329452, 1.27423809717, 1.07025521491, 1.21624983504, 4.41858571008, 0.991672008102, 0.893079667842, 57.4110186782, 1.1992296743, 4.97853725042, 1.00446944072, 4.62310650182, 1.12002281016, 583.262157875, 20.8856056453
3.87466832717, 1.40981217486, 0.963902965998, 0.939534609283, 5.43120759811, 1.09985851402, 3.25221467328, 0.8431926783, 0.942383760982, 4.32203086992, 3.2593782349, 1.20267792046, 4.03016684502, 1.24269479105, 0.922385995051, 1.19136697944, 1.07148077005, 1.01961234465, 4.13571741285, 1.09903521224, 0.871492378519, 406.273918926, 1.18389810105, 2.40904618297, 1.1657555849, 5.05217328376, 1.04050148037, 839.634495275, 19.5788969965
3.01106788088, 1.41265860853, 1.65223758118, 0.858607300281, 4.32921751413, 0.804807661982, 3.10033113828, 1.10956618612, 1.11027281742, 1.49443980204, 6.77182703683, 1.01667370152, 4.73624922928, 1.23194681528, 0.925885225642, 1.21817877288, 1.10921802935, 1.18557429193, 4.99078369808, 1.10987523995, 0.778903153156, 402.994604298, 0.962327152578, 3.16463866939, 1.06401781484, 2.27239360778, 0.887215611205, 587.38543738, 21.2345053347
5.80576975631, 1.4191849693, 1.51314645848, 1.04447732714, 6.79373068057, 0.776941765814, 2.00530585265, 1.19343493655, 1.04936500987, 3.1633739393, 2.75903759628, 0.899609720656, 4.23417369022, 1.057760927, 0.936550546667, 1.29457959481, 1.08453742008, 0.811399158755, 5.12685375088, 1.15639633484, 0.846687752526, 394.992440901, 1.17565635967, 5.59861083635, 0.975775590534, 3.74632000625, 1.24020831882, 624.768745731, 20.6307583939
3.4918718888, 1.3070623505, 1.20944960716, 0.839662895574, 2.30912639841, 0.79199623748, 3.0473074584, 1.07066606041, 0.986831441036, 4.98074344932, 4.70271212699, 1.04768845775, 1.54738944514, 0.823360137753, 0.866517168288, 1.17897694713, 1.03429465602, 1.08533113301, 3.45107719514, 1.01541261502, 0.883321515619, 223.670131753, 1.05789990822, 3.56561817977, 1.1289321672, 2.66513674518, 1.22333536607, 493.686498784, 23.5171326774
5.53033325215, 1.32822096378, 1.06621555875, 1.00195619954, 2.00484762205, 0.937296000063, 2.86201483146, 0.95319832448, 1.02338144758, 5.25797326723, 6.23078727858, 1.19387770134, 4.5499352828, 1.26940026783, 1.00856651174, 1.33799696625, 1.0116684179, 1.09242541841, 7.74854069831, 1.08013010809, 0.901035239357, 299.16528923, 1.02152154256, 3.19912982363, 1.13709697465, 3.27081198858, 1.12432382894, 763.746470126, 19.9863076757
4.1415568528, 1.33832308532, 1.28976790588, 1.00985575512, 1.95734151113, 1.15021581943, 3.36957049747, 0.95704683177, 1.08910288371, 3.71129038466, 7.23269950985, 0.825883204012, 4.50140957358, 1.23089302909, 1.01932695891, 1.01629900575, 1.08114370031, 1.08295247403, 9.184229298, 0.911849230865, 0.999006843875, 8.0308050279, 1.14018709213, 3.15556814496, 1.0432395066, 2.28428783376, 0.87675983657, 784.72654721, 19.9161130538
1.65379244687, 1.40025508082, 1.57452505416, 0.818753142329, 4.27645409946, 0.825257876671, 3.37317251796, 1.19150653414, 1.05619616041, 2.01639094379, 5.04458240314, 0.936345333458, 4.00595063668, 1.21834195715, 0.883455833945, 1.53019303922, 1.1397008281, 0.834966969481, 7.30778304515, 0.971103037383, 0.960067527548, 130.365863814, 1.15997932551, 4.04520798114, 1.09176362746, 1.13799898629, 0.970965083668, 376.619775747, 30.3976711437
4.9227678298, 1.29681022523, 1.08755276171, 1.1589315456, 6.13367080794, 0.949802203862, 5.17569479323, 0.887865499471, 1.05916987469, 3.13297523246, 4.03014842008, 1.14622076146, 4.383490895, 0.961405260389, 0.991740470011, 1.27635692008, 1.16919077085, 0.898135485406, 8.1654593739, 1.03366072185, 0.817911270133, 108.077007756, 1.13654604759, 2.55045686515, 1.22203267252, 1.53589936008, 0.889865265521, 607.359129179, 21.3423244381
1.85047880019, 1.30355421676, 1.29703855539, 1.06336849747, 2.28552185433, 0.769367953994, 5.77780443981, 1.06663089065, 0.940734451456, 2.09063212202, 7.63577902615, 0.810462309158, 1.61838476904, 1.02704996851, 0.926967717155, 1.42397001332, 1.08085774221, 1.12560035552, 9.35121858878, 1.0771377049, 0.793063636191, 101.157120372, 1.09167412469, 2.96197510917, 1.061742378, 4.24179106668, 1.05316244235, 536.240207884, 25.6472195417
2.20257062164, 1.07800882244, 0.876756710379, 1.11692996218, 3.3908509782, 0.97179686931, 5.7156601011, 1.10821754143, 0.909758313568, 3.09511276392, 2.80135250784, 0.890699113369, 1.43233723276, 1.26977766711, 0.875058911546, 1.51902707216, 1.08375782675, 1.1386495302, 4.34102699238, 1.15639633484, 0.922852264336, 30.0020697111, 1.17565635967, 2.12104769408, 1.06460222573, 4.6639870403, 1.27314317212, 864.636780416, 20.0697400949
3.4918718888, 1.3070623505, 1.20944960716, 0.839662895574, 2.30912639841, 0.79199623748, 3.18923955125, 1.07066606041, 0.986831441036, 4.98074344932, 4.70271212699, 1.04768845775, 1.54738944514, 0.847388428416, 0.866517168288, 1.17897694713, 1.03429465602, 1.08533113301, 3.45107719514, 1.01541261502, 0.883321515619, 223.670131753, 1.05789990822, 3.56561817977, 1.1289321672, 2.35587987674, 1.22333536607, 407.412325534, 33.9129244021
4.36066345546, 1.03276471667, 1.39212207123, 1.21176856146, 1.91852268571, 0.753655660997, 4.19322534395, 1.02174094476, 1.11598707405, 5.62252633025, 6.47704741898, 1.10436478114, 1.49743939868, 0.856449980837, 0.870645357262, 1.18587884064, 1.13252274998, 0.908756835352, 6.81876478389, 1.03769419136, 0.919697397667, 142.022190663, 1.13492259688, 5.3260616773, 1.17886156801, 3.47641336753, 1.0477864086, 416.515509087, 31.8291007201
4.61788471634, 1.00619168082, 1.53144525627, 1.02705618112, 5.16270973691, 1.0934250736, 3.16506470405, 1.1662152788, 1.0761810889, 2.76641774659, 6.41732053756, 1.13340108311, 3.89857108679, 1.20980023406, 0.987063047333, 1.33460048076, 1.04352018075, 0.904893877545, 9.54274894704, 0.979550647258, 0.975896931137, 142.040825035, 1.15182413877, 3.91813545335, 1.19874506732, 1.83213912206, 1.02138421208, 457.257946609, 31.9648002234
4.96988274674, 1.23855223502, 1.60669199599, 0.895320417865, 1.8485921407, 1.14103062545, 3.95331062552, 0.961655972845, 0.960097105685, 1.63146299114, 4.01404600666, 1.13517557904, 3.72390180718, 1.06922548801, 0.931368554328, 1.15941651036, 1.16034757066, 0.983976252291, 5.80815018134, 1.01832347879, 0.82845828791, 373.785937778, 0.973156664984, 3.37572337683, 1.13420028529, 5.38571750512, 1.21447327029, 449.69303422, 33.8581759886
3.37201974015, 1.24970918959, 1.15509966346, 1.17867487606, 4.64437876823, 0.849705858546, 2.51198905006, 1.05776183688, 1.1258053876, 2.84735151194, 4.94095493234, 0.963725852049, 2.35091765681, 0.99280158484, 0.894537840192, 1.38742073618, 1.09406529922, 0.897075661871, 8.2917727686, 1.00166146726, 0.796160911513, 140.559289646, 1.08819990074, 1.51315403892, 0.971061197736, 1.89865605976, 1.19284057236, 467.813322762, 33.3317695206
3.87466832717, 1.40981217486, 0.963902965998, 0.939534609283, 5.43120759811, 1.09985851402, 3.25221467328, 0.8431926783, 0.942383760982, 4.32203086992, 3.2593782349, 1.13801926396, 4.03016684502, 1.24269479105, 0.922385995051, 1.19136697944, 1.0702941865, 1.01961234465, 4.13571741285, 1.09903521224, 0.871492378519, 406.273918926, 1.18389810105, 2.40904618297, 1.1657555849, 5.05217328376, 1.03691125109, 806.889067712, 20.7849988836
4.1415568528, 1.33832308532, 1.28976790588, 1.00985575512, 1.95734151113, 1.15021581943, 3.36957049747, 0.95704683177, 1.08910288371, 5.47819488093, 7.23269950985, 0.825883204012, 4.50140957358, 1.1544074796, 1.01932695891, 1.01629900575, 1.08114370031, 1.08295247403, 9.184229298, 0.911818672716, 0.999006843875, 8.0308050279, 0.933696837352, 3.15556814496, 1.0432395066, 2.28428783376, 0.87675983657, 491.591831015, 33.395333169
2.94613276329, 1.1655846059, 1.33734188555, 1.13588734074, 3.96228436829, 0.977545490091, 5.68663745744, 1.15564295594, 1.03621193293, 3.82508112638, 6.13572592104, 0.920270067881, 4.03451872492, 0.89124900036, 1.01653398345, 1.54267494304, 1.07764815527, 1.00815344951, 9.16767437189, 1.17620429989, 0.931647562316, 298.043637604, 0.880334645023, 4.16949682625, 1.0761316702, 5.40006426562, 1.05173762214, 472.403383122, 35.4150202332
4.1415568528, 1.33832308532, 1.28976790588, 1.00985575512, 1.95734151113, 1.15021581943, 3.36957049747, 0.95704683177, 1.08910288371, 3.71129038466, 7.23269950985, 0.825883204012, 4.50140957358, 1.23089302909, 1.01932695891, 1.01629900575, 1.08114370031, 1.08295247403, 9.184229298, 0.911818672716, 0.999006843875, 8.0308050279, 0.933696837352, 3.15556814496, 1.0432395066, 2.28428783376, 0.87675983657, 806.403510623, 21.1234157716
3.87466832717, 1.40981217486, 0.963902965998, 0.939534609283, 3.34519335984, 1.09985851402, 3.25221467328, 0.8431926783, 0.942383760982, 4.32203086992, 3.2593782349, 1.20267792046, 2.81417797212, 1.24269479105, 0.922385995051, 1.19136697944, 1.07148077005, 1.01961234465, 3.24496771284, 1.09903521224, 0.871492378519, 406.273918926, 1.18389810105, 4.5140540853, 1.1657555849, 5.05217328376, 1.04050148037, 642.71914632, 22.1225368658
4.1415568528, 1.33832308532, 1.28976790588, 1.00985575512, 6.28566201838, 1.15021581943, 3.36957049747, 0.95704683177, 1.08910288371, 3.71129038466, 7.23269950985, 0.825883204012, 4.50140957358, 1.23089302909, 1.01932695891, 1.01629900575, 1.08114370031, 1.08295247403, 9.184229298, 0.911849230865, 0.999006843875, 8.0308050279, 0.933696837352, 3.15556814496, 1.0432395066, 2.28428783376, 0.87675983657, 532.773600021, 33.3954923003
2.77123497716, 1.29681022523, 1.08755276171, 1.1589315456, 6.13367080794, 0.949802203862, 5.17569479323, 0.887865499471, 1.05916987469, 3.13297523246, 4.03014842008, 0.950629921017, 4.383490895, 1.06796698077, 0.991740470011, 1.34592490141, 1.07184396075, 0.898135485406, 8.1654593739, 1.16011223024, 0.817911270133, 108.077007756, 1.13654604759, 2.55045686515, 1.22203267252, 4.46952335184, 0.899155998094, 707.453511051, 21.756681691
5.77057116677, 1.12564555953, 0.994724083414, 0.945201140119, 2.19705148872, 0.95889671331, 2.57738636036, 0.957194470804, 0.941876526621, 2.96151579686, 2.79039952017, 1.1051203636, 3.28678963284, 0.950828731058, 0.822831549696, 1.36302247341, 1.11242857277, 1.20705244908, 6.81877770193, 1.17775289756, 0.973923401764, 163.440646179, 1.051574639, 2.37343742399, 1.16589628995, 1.29295861897, 0.895600145445, 834.332358238, 21.2037118113
4.1415568528, 1.20298567845, 1.28976790588, 1.00985575512, 6.28566201838, 1.01704937645, 3.36957049747, 0.95704683177, 1.08910288371, 3.71129038466, 7.23269950985, 0.825883204012, 4.2800880478, 1.18405210899, 1.01932695891, 1.01629900575, 1.08114370031, 1.08295247403, 9.184229298, 0.911849230865, 0.999006843875, 8.0308050279, 0.933696837352, 3.15556814496, 1.0432395066, 2.28428783376, 0.87675983657, 659.767744034, 22.6756196038
4.61788471634, 1.00619168082, 1.53144525627, 1.02705618112, 5.28042707393, 1.14031920837, 3.16506470405, 1.1662152788, 1.0761810889, 2.76641774659, 6.41732053756, 1.13340108311, 3.89857108679, 1.20980023406, 0.987063047333, 1.33460048076, 1.04352018075, 0.904893877545, 6.81876478389, 0.979550647258, 0.973923401764, 142.040825035, 1.15182413877, 3.91813545335, 1.19874506732, 1.83213912206, 1.02138421208, 668.763434629, 23.2998378147
1.51881304553, 1.162469388, 0.877363848516, 1.14802188386, 7.00611198956, 0.945863727604, 1.25827835731, 1.25233094232, 0.955123722692, 2.65344535986, 4.4107624932, 1.16341857561, 2.4980396016, 1.06127921856, 1.00687120085, 1.5948970555, 1.10359309592, 0.932581791379, 6.20276328739, 1.07488603386, 0.930186014106, 328.707179559, 0.884749423327, 1.33593910897, 1.02725667708, 1.12989965604, 1.08977942829, 690.201521303, 22.1375553453
4.96988274674, 1.23855223502, 1.60669199599, 0.895320417865, 1.8485921407, 1.14103062545, 3.95331062552, 0.961655972845, 0.987457905043, 2.19732255808, 4.01404600666, 1.13517557904, 3.72390180718, 1.06922548801, 0.931368554328, 1.15941651036, 1.16034757066, 0.983976252291, 5.80815018134, 1.01832347879, 0.82845828791, 373.785937778, 0.973156664984, 3.37572337683, 1.04770246239, 5.38571750512, 1.21447327029, 574.191989636, 34.0028892221
5.61229816355, 1.39236961086, 0.786821707069, 1.18146187354, 4.46241442397, 0.914727155006, 1.78938382845, 1.09835148296, 1.13919099545, 4.4472248253, 4.2456935101, 0.95164797541, 1.34800600329, 1.15854478629, 0.947939966622, 1.13359833276, 1.06958678638, 1.03206101927, 7.50624302834, 1.04878288022, 0.923212256455, 310.717763995, 0.920113215583, 3.92767929924, 1.23208781331, 1.12371179457, 1.18596094428, 580.233573983, 34.2185065462
1.30934788898, 1.40316387062, 1.39076567877, 1.09930311893, 6.45940772376, 1.04771875898, 3.23094648319, 1.24171128822, 0.956599346255, 3.34044856418, 2.85158247862, 0.870055512415, 1.95693845596, 0.991264353583, 1.01408908294, 1.08885947709, 1.03635458964, 1.19808689683, 3.25125386819, 0.924526652314, 0.794752890768, 321.512351633, 0.967807545295, 2.12803415876, 0.967387078841, 3.96403802798, 1.27288829581, 725.688660419, 22.4971317009
5.96166718986, 1.04463029305, 1.24525887737, 1.18540454005, 5.96868282537, 1.00087592541, 5.26201099638, 0.820845069929, 0.997707459338, 2.43473146252, 6.28686499851, 0.890505714366, 1.53844319061, 0.975067035549, 0.980257534247, 1.05298360921, 1.12619203778, 1.04401907806, 9.98671431831, 1.16614612564, 0.860565391047, 230.25783593, 1.17285737496, 1.80853285223, 1.22612726844, 1.74950087882, 1.26054734172, 754.633890325, 23.1652419156
1.59011672996, 1.1938017157, 1.507931225, 0.842065974773, 6.55525645302, 0.764161175875, 1.45897808736, 1.20192486112, 0.92518664429, 2.4500189973, 5.85115506236, 0.891893415256, 3.72134454926, 1.28291965205, 0.809346662227, 1.62555442956, 1.08628608014, 0.948051983698, 6.74360228464, 1.14823020019, 0.92348118209, 336.231132109, 1.02157407641, 3.63332934209, 0.954404007633, 2.75716888997, 1.19301179458, 802.669297644, 22.3347888641
2.26995897241, 1.26846201823, 1.56253436684, 0.95228548446, 1.72897875475, 0.760665990341, 2.64995557868, 1.02766745227, 1.13699328574, 1.70672880992, 2.46726545388, 1.12138991778, 3.09347275601, 1.18513597619, 0.782390400498, 1.35291713242, 1.04577620174, 1.22827652729, 7.90570987714, 0.917561501086, 0.990817291185, 174.06964637, 1.10498216161, 5.90325891634, 1.04884320244, 1.30794547262, 1.18262715701, 683.210258826, 28.5046940718
4.96988274674, 1.23855223502, 1.60669199599, 0.895320417865, 1.8485921407, 1.14103062545, 3.95331062552, 0.961655972845, 0.960097105685, 2.19732255808, 4.01404600666, 1.13517557904, 3.72390180718, 1.06922548801, 0.931368554328, 1.15941651036, 1.16034757066, 0.983976252291, 5.80815018134, 1.01832347879, 0.82845828791, 373.785937778, 0.973156664984, 3.37572337683, 1.04770246239, 5.38571750512, 1.21447327029, 695.137939878, 28.0473546161
3.06002882178, 1.05393381132, 1.46880058306, 0.993709553163, 2.09299739996, 1.04173742022, 1.11994168703, 0.866610101386, 1.07982622388, 5.37853067956, 3.03497069885, 0.882858324679, 4.84073167338, 1.2666883598, 0.985052237164, 1.16107240642, 1.05468309733, 0.846286894969, 8.96807430416, 1.12034409097, 0.972734454689, 404.521022186, 0.972025171615, 5.21547917111, 0.993449540562, 1.22306734651, 1.25147887077, 1032.16713017, 21.6567440417
2.17076592371, 1.29181203683, 1.51981818267, 1.16518368549, 2.07715230398, 1.1725910244, 2.30385842565, 1.06734216542, 0.96602847899, 3.52365815862, 6.56602648444, 0.923499280868, 4.7979571362, 1.10501459343, 0.873218270032, 1.32985513977, 1.05981099215, 0.984888140962, 6.26598707629, 1.049826223, 0.92652376854, 173.400444535, 1.09201421562, 2.75551740445, 1.08672832765, 5.44886898661, 0.882284182603, 882.004018528, 21.7600304843
3.61877531955, 1.297375074, 1.71787223225, 1.19216522642, 6.38234484808, 1.08728300905, 5.14265957316, 1.24303328169, 0.933673937511, 1.34553375421, 6.40865948672, 1.2141319331, 2.95021512388, 1.24632289721, 0.847425589831, 1.35075764214, 1.13271513142, 1.00303188005, 7.43630697252, 0.950422047388, 0.973069442058, 140.161950714, 1.03827916869, 3.82324315179, 0.951803247596, 1.31392533574, 1.27256989089, 725.460904966, 28.4842554923
4.32341036564, 1.39982831367, 1.22041999597, 0.995649719626, 2.03473267062, 0.717593741887, 3.12531276393, 1.00360168616, 1.07596222421, 5.79060450179, 5.37504619578, 0.852059575786, 3.92204680736, 0.893844127594, 0.808315655284, 1.36947731638, 1.01808355516, 1.20263376773, 3.62707750499, 1.14579861267, 0.894948434236, 413.729497977, 0.89465670555, 1.92794910756, 1.02492133845, 1.80725468344, 1.00939785919, 626.778481496, 40.0527693508
3.06002882178, 1.05393381132, 1.42673653095, 0.993709553163, 2.09299739996, 1.12826712119, 3.90230944913, 0.866610101386, 1.07982622388, 5.31168854112, 2.46726545388, 0.851903596475, 2.58036505732, 1.2666883598, 0.985052237164, 1.35291713242, 1.0702941865, 0.846286894969, 5.65909065959, 1.12034409097, 0.977298876498, 404.521022186, 1.06516923678, 5.20814664247, 1.1657555849, 1.22306734651, 1.25147887077, 641.700706755, 36.8207969787
4.32341036564, 1.40585830357, 1.22041999597, 0.995649719626, 2.03473267062, 0.883031992337, 3.12531276393, 1.00360168616, 1.07596222421, 5.79060450179, 5.37504619578, 0.852059575786, 3.92204680736, 0.893844127594, 0.807740183219, 1.36947731638, 1.01808355516, 1.22559364439, 3.62707750499, 1.14579861267, 0.894948434236, 413.729497977, 0.89465670555, 1.92794910756, 1.02492133845, 1.80725468344, 1.00939785919, 806.509581935, 24.7699358305
4.1415568528, 1.33832308532, 1.28976790588, 1.00985575512, 1.95734151113, 1.15021581943, 3.36957049747, 0.95704683177, 1.08910288371, 3.71129038466, 7.23269950985, 0.825883204012, 4.50140957358, 1.23089302909, 1.01932695891, 1.01629900575, 1.08114370031, 1.08295247403, 9.184229298, 0.911849230865, 0.999006843875, 8.0308050279, 0.933696837352, 3.15556814496, 1.0432395066, 2.28428783376, 0.87675983657, 1269.15899803, 22.4839614092
4.96988274674, 1.23855223502, 1.60669199599, 0.895320417865, 1.8485921407, 1.14103062545, 3.95331062552, 1.09835148296, 0.987457905043, 2.19732255808, 4.01404600666, 1.13517557904, 3.72390180718, 1.06922548801, 0.931368554328, 1.15941651036, 1.16034757066, 0.983976252291, 5.80815018134, 1.01832347879, 0.82845828791, 373.785937778, 0.973156664984, 3.37572337683, 1.10061124821, 5.38571750512, 1.21447327029, 1145.94411572, 22.5417326611
3.82973205053, 1.30735449703, 1.68613816123, 0.95228548446, 4.95532805012, 1.05727361378, 2.72140117635, 1.20546827986, 1.04664340581, 4.95005819419, 5.51433879668, 0.915143734855, 1.49522566497, 0.968124323303, 0.876364902959, 1.56882654175, 1.15702089855, 0.928628536938, 9.95134696355, 1.00351781888, 0.852915604657, 338.046250811, 1.0738270273, 4.91999445271, 1.16808882982, 4.12791271574, 1.09899668443, 1253.7133425, 22.5886270824
5.23339783084, 1.10345228461, 1.30396051195, 1.16630395114, 3.74037287709, 1.09889766463, 1.07416816199, 1.19061361872, 0.938995769804, 3.94918711547, 6.94341016104, 1.01224872838, 1.5930867239, 1.23956578313, 1.06409748515, 1.25085600859, 1.04974006509, 1.12585154987, 7.4732277016, 0.993867980735, 0.871172667089, 411.926440817, 0.926470425659, 2.13387177146, 1.230739403, 1.88711831747, 1.27384278893, 870.897161318, 23.4991157521
2.77123497716, 1.29681022523, 1.08755276171, 1.1589315456, 6.13367080794, 0.949802203862, 5.17569479323, 0.887865499471, 1.05916987469, 3.13297523246, 4.03014842008, 1.14622076146, 4.383490895, 1.06796698077, 0.991740470011, 1.34592490141, 1.16919077085, 0.898135485406, 8.1654593739, 1.16011223024, 0.817911270133, 108.077007756, 1.13654604759, 2.55045686515, 1.22203267252, 4.46952335184, 0.889865265521, 1332.34758489, 22.5676316854
5.80539818222, 1.00619168082, 1.53144525627, 1.02705618112, 4.64437876823, 1.0934250736, 4.61919536585, 1.1662152788, 1.0761810889, 2.76641774659, 6.41732053756, 1.13340108311, 3.89857108679, 1.20980023406, 0.987063047333, 1.33460048076, 1.04352018075, 0.904893877545, 9.54274894704, 0.979550647258, 0.855178382862, 142.040825035, 1.15182413877, 3.91813545335, 1.19874506732, 1.83213912206, 1.02138421208, 1178.66975278, 22.903818158
1.30934788898, 1.40316387062, 1.39076567877, 1.09930311893, 6.45940772376, 1.14591616228, 3.23094648319, 1.24171128822, 0.956599346255, 3.34044856418, 2.48725076901, 0.870055512415, 1.95693845596, 1.00004013798, 1.01408908294, 1.08885947709, 1.03635458964, 1.19808689683, 3.25125386819, 0.916490965331, 0.794752890768, 321.512351633, 0.967807545295, 2.12803415876, 0.967387078841, 3.96403802798, 1.28514946428, 1184.40859545, 22.8400812076
3.06002882178, 1.05393381132, 1.46880058306, 0.993709553163, 2.09299739996, 1.04173742022, 3.90230944913, 0.866610101386, 1.07982622388, 5.24192281465, 2.46726545388, 0.851903596475, 2.58036505732, 1.2666883598, 0.985052237164, 1.35291713242, 1.05468309733, 0.830091650008, 8.96807430416, 1.12034409097, 0.804174039752, 404.521022186, 1.06516923678, 5.15655813755, 0.993449540562, 1.22306734651, 1.26731728553, 1192.79923865, 22.7084339993
1.01400417189, 1.38915385809, 1.43152710109, 1.07785220109, 2.58930486882, 1.03669382431, 3.56839184227, 0.939848175646, 0.952526296213, 4.44142426239, 5.73828539775, 0.836667921993, 2.36809256837, 1.00747584061, 0.964066210223, 1.32023075625, 1.0381474842, 0.831346177484, 9.88989493172, 1.09709835386, 0.82115258974, 158.38760569, 1.11272606696, 1.32691757425, 1.02075541856, 1.7475726104, 1.0542318821, 1202.68160758, 22.7472436928
4.5035991386, 1.19565627106, 1.34285045677, 0.912161743795, 3.15096042963, 0.859261830286, 1.827419245, 0.845321950815, 1.06920758578, 4.48446089222, 4.80603587448, 0.915202993204, 4.13984175337, 0.89536154062, 1.06417090466, 1.13237403891, 1.05396678095, 0.838458162281, 7.84482422544, 0.98837201031, 0.930373305443, 153.04652233, 1.19316730561, 3.69206114557, 1.05620334046, 2.17781413567, 1.17636118241, 1246.81143364, 22.7443067653
1.72608148446, 1.1655846059, 1.33734188555, 1.13588734074, 3.96228436829, 0.977545490091, 5.68663745744, 1.15564295594, 1.03621193293, 3.82508112638, 7.23269950985, 0.920270067881, 4.03451872492, 0.89124900036, 1.01653398345, 1.54267494304, 1.15955667899, 1.08295247403, 9.16767437189, 1.17620429989, 0.999789968684, 298.043637604, 0.908293622136, 4.16949682625, 1.11909067816, 5.40006426562, 1.05173762214, 693.46898441, 37.4897884358
3.87466832717, 1.41014941348, 0.963902965998, 0.939534609283, 5.43120759811, 1.09985851402, 3.25221467328, 0.8431926783, 0.942383760982, 4.32203086992, 3.2593782349, 1.13801926396, 4.03016684502, 1.1905576529, 0.922385995051, 1.4899816623, 1.05468309733, 1.01961234465, 4.13571741285, 1.09903521224, 0.871492378519, 406.273918926, 1.19365460039, 2.40904618297, 0.993449540562, 5.05217328376, 1.03691125109, 979.489028418, 24.3260783899
3.01106788088, 1.41265860853, 1.65223758118, 0.858607300281, 4.32921751413, 0.804807661982, 3.10033113828, 0.927270499662, 1.11027281742, 1.49443980204, 6.77182703683, 1.01667370152, 4.73624922928, 1.23194681528, 0.925885225642, 1.21817877288, 1.10921802935, 1.18557429193, 4.99078369808, 1.07446895547, 0.778903153156, 402.994604298, 0.962327152578, 3.16463866939, 1.06401781484, 2.27239360778, 0.887215611205, 707.820542658, 37.4347774541
1.11743526417, 1.40844848804, 1.51234660102, 0.859861182412, 2.6900064483, 0.852961070006, 1.2893934727, 0.848352446423, 0.951176810973, 1.67028335253, 7.78397085557, 0.89275537668, 3.34585913137, 1.01947686318, 0.933269724276, 1.27635692008, 1.0405767115, 1.1346439005, 5.83013157462, 1.03366072185, 0.834310353128, 102.11241705, 1.16521762024, 5.13261189276, 1.1598057971, 1.53589936008, 1.29204396739, 900.404393845, 25.0030245324
