1.55856324534, 1.01595919917, 1.73577302227, 0.86387724007, 2.83000048717, 1.05559170244, 1.6895784819, 1.26000020339, 1.14000039534, 2.19582862412, 2.91424869664, 0.943831475415, 3.04000089742, 1.07963536432, 0.89049955489, 1.00000056665, 1.00000044773, 1.10653919374, 3.34585710873, 0.928097967861, 1.00000033293, 77.5864441727, 0.910435090509, 2.28071662204, 0.992424738179, 3.2900003246, 1.00000001809, 6.89838342829, 30.9128363466
2.36639341835, 1.0443066897, 1.64258044244, 0.986222624816, 2.83000073125, 1.11060277305, 2.36390794924, 1.26000009505, 1.14000075598, 1.96865072876, 2.04367338302, 1.08072511187, 3.04000070662, 1.09597371991, 0.784957319349, 1.00000064111, 1.00000006682, 1.0118235899, 6.79780285101, 0.947875590933, 1.00000053413, 102.028147513, 0.973173386969, 4.60870527086, 0.972484307612, 3.29000090748, 1.00000050402, 8.73778558531, 59.2064791618
1.43668492221, 1.07601698188, 1.53895306172, 0.921017143095, 2.83000043168, 0.89737810598, 2.86883388106, 1.26000055489, 1.14000036617, 3.08608221947, 1.95011889161, 1.08349129384, 3.04000098878, 1.06414091733, 0.970925908775, 1.00000001243, 1.00000014685, 1.0137172951, 4.17310673279, 0.954392695728, 1.00000077212, 109.014460303, 0.902842771659, 3.48888213466, 1.02767473774, 3.29000098527, 1.00000097183, 10.8173869633, 234.33290831
3.9194269182, 1.11702108501, 1.60056733806, 0.919950661544, 2.83000097712, 1.10913995005, 2.62761003597, 1.26000095356, 1.14000013038, 1.24910613854, 2.13110222974, 0.890228894018, 3.04000055719, 1.03046677784, 1.01223002847, 1.00000029018, 1.00000076971, 1.0353891655, 8.64799627162, 0.988295727731, 1.00000053891, 96.244776362, 0.863813155211, 1.15613817219, 1.00099540558, 3.29000057686, 1.00000059808, 19.6048925865, 159.788597028
4.60187491751, 1.03554699224, 1.40003496581, 0.824962734056, 2.83000043459, 0.853872350608, 5.86536362076, 1.26000062425, 1.14000099161, 1.66573732708, 3.03863273075, 0.90724434946, 3.04000026136, 1.09774441223, 0.982885280924, 1.00000011332, 1.0000009632, 1.03072622542, 7.46058137029, 0.971142503464, 1.00000028951, 107.350696352, 0.968461187145, 5.23237309689, 1.04791751372, 3.29000019459, 1.00000069691, 10.7220893894, 256.629476359
1.56842245758, 1.05353619915, 1.71891567462, 0.850159573211, 2.83000059716, 0.87183002604, 2.9663573262, 1.26000071772, 1.1400007705, 3.61905928839, 2.45398973707, 0.932801598457, 3.0400005122, 1.08003238447, 0.909227745623, 1.00000087418, 1.00000018288, 1.00346026145, 8.23305578433, 0.966956644787, 1.00000092276, 110.172241706, 0.938985932672, 1.6170574137, 1.03869857874, 3.29000067379, 1.00000018698, 14.7577237685, 266.63872171
1.56842245758, 1.05353619915, 1.71891567462, 0.850159573211, 2.83000059716, 0.87183002604, 2.9663573262, 1.26000071772, 1.1400007705, 1.98012398556, 2.45398973707, 0.932801598457, 3.0400005122, 1.08003238447, 0.909227745623, 1.00000087418, 1.00000034878, 1.00346026145, 8.23305578433, 0.966956644787, 1.00000092276, 110.172241706, 0.938985932672, 1.6170574137, 1.03747000704, 3.29000067379, 1.00000018698, 12.4940661712, 448.985720555
1.02001934607, 1.05866559687, 1.45197469595, 0.840343545968, 2.83000080925, 1.01014618726, 2.48192770571, 1.26000069646, 1.14000001384, 1.33597410279, 2.05577377158, 0.978876962569, 3.04000000389, 1.01065447541, 1.02734178502, 1.00000004072, 1.0000009003, 1.05667571907, 8.40494846721, 0.945579665269, 1.000000175, 80.1232274528, 0.88613278041, 1.95644315351, 1.06315897294, 3.29000022356, 1.00000012275, 11.7137983785, 725.150749252
2.72790138294, 1.02612014283, 1.39451629644, 0.963714987618, 2.83000043239, 1.01100260834, 4.33423542523, 1.26000071989, 1.14000091063, 2.62574823286, 2.5329727855, 1.08915896361, 3.04000061753, 1.08053557882, 0.884066024846, 1.00000079681, 1.00000088897, 1.10780588583, 7.96631750109, 0.958031608401, 1.00000023159, 118.797401923, 0.909481685052, 1.73427200536, 1.04857998907, 3.29000018, 1.00000033612, 13.8822321675, 478.588938456
3.88420217798, 1.13437923301, 1.50098209979, 0.886265000061, 2.83000017304, 0.853872350608, 5.31402110274, 1.26000045214, 1.14000098055, 3.61905928839, 2.11801384482, 1.06382934261, 3.04000048065, 1.04260233444, 1.01274100416, 1.00000085514, 1.0000009632, 1.08330800664, 8.68553952949, 0.917056673942, 1.000000028, 81.4614398566, 1.05165202146, 5.31679318174, 0.978944707248, 3.29000086256, 1.00000004422, 13.5063821641, 1006.7439321
1.62223416154, 1.11036184251, 1.70307888942, 0.933043640273, 2.83000078122, 0.930880720453, 1.88408344695, 1.26000011908, 1.14000053744, 1.3618616561, 2.96941997471, 0.932118231625, 3.04000050555, 1.04905136381, 0.976669122301, 1.00000059477, 1.00000053992, 1.01556207858, 7.64101161695, 0.992381462441, 1.00000051833, 82.4280627219, 1.02791109737, 3.33130087991, 0.966395035771, 3.29000091118, 1.0000007552, 25.0657172383, 691.106715013
2.18279026495, 1.12081227532, 1.55338532801, 0.945219625457, 2.8300004509, 1.12676456234, 1.75581598801, 1.26000013614, 1.14000016023, 3.57413207334, 3.06939082682, 0.990235740631, 3.04000000013, 1.00345705996, 1.02443423488, 1.00000071387, 1.0000008287, 1.08155755595, 4.03828849945, 0.985243810852, 1.00000028216, 107.084591463, 1.00923043187, 5.57308598379, 0.952794080326, 3.29000034724, 1.00000098917, 20.6366760148, 735.91088943
5.75139598547, 1.08554103539, 1.73026289843, 0.944801320619, 2.83000031123, 1.04111761012, 5.68898943453, 1.26000066463, 1.14000029786, 1.84591613626, 1.58993159158, 0.9014014646, 3.0400004231, 1.10431180673, 1.05511811618, 1.00000093333, 1.00000057796, 1.09284534756, 8.81704460122, 0.922501162642, 1.0000002819, 120.446930722, 0.866782235694, 4.27115530952, 1.05343349929, 3.29000034511, 1.00000057111, 20.8179233937, 694.582303622
2.13277833311, 1.0304055552, 1.68193043733, 0.832289687405, 2.83000004021, 0.947061109464, 1.21631791049, 1.26000050168, 1.14000021735, 1.90296698265, 3.04211509594, 1.06571616749, 3.04000099587, 1.10868804013, 0.985605910564, 1.00000053596, 1.00000054334, 1.04388619942, 6.66464799904, 0.919299756027, 1.0000009724, 124.136212315, 1.0230409941, 2.84196730316, 0.97035145375, 3.29000063442, 1.00000089568, 26.2843394342, 535.749904929
4.91846232174, 1.11171544465, 1.34222642688, 0.826145286321, 2.83000050608, 0.891956918807, 2.46902378694, 1.26000028733, 1.14000075238, 3.67204520139, 1.56651591831, 0.983856762983, 3.04000024037, 1.03320669127, 1.03269197535, 1.00000005913, 1.00000066508, 1.06934286758, 4.98436903029, 0.918583866691, 1.00000055246, 91.113749469, 0.903384567437, 4.86258941875, 0.992568029854, 3.29000038552, 1.00000090299, 13.9886077479, 1870.38470777
2.36639341835, 1.00432424906, 1.64258044244, 0.989890760061, 2.83000095114, 1.11060277305, 2.36390794924, 1.26000009505, 1.14000099312, 1.96865072876, 2.04367338302, 1.08072511187, 3.04000075191, 1.09597371991, 0.784957319349, 1.00000064111, 1.00000006682, 1.0118235899, 6.79780285101, 0.947875590933, 1.00000053413, 102.028147513, 0.973173386969, 4.60870527086, 0.97035145375, 3.29000063442, 1.00000050402, 16.856332114, 1261.88437077
2.90812944674, 1.00193490617, 1.34361267704, 0.916042892239, 2.83000057139, 1.02026362366, 2.65856593635, 1.26000077202, 1.14000000651, 3.69557044345, 1.66595776261, 0.966489432614, 3.0400004594, 1.09366189799, 0.972887716636, 1.00000019887, 1.00000082009, 1.00870438787, 8.21330033235, 0.939443289653, 1.0000002203, 103.626519339, 1.03251201775, 1.2298177753, 1.06553664071, 3.29000070189, 1.00000085061, 18.356555831, 1035.32708652
1.29895991681, 1.04807778867, 1.36824761656, 0.997516588076, 2.83000078372, 0.901807382434, 3.3312227461, 1.26000043498, 1.14000018389, 1.95831564113, 1.77752167443, 0.962360096311, 3.0400002633, 1.10832439047, 0.928154838461, 1.00000030461, 1.00000076603, 1.09523965387, 8.78577373614, 0.983336304026, 1.00000051051, 90.0199718789, 0.917783199145, 2.03440634381, 1.01892128737, 3.29000063506, 1.00000031219, 25.4769333743, 716.949627978
4.92024611078, 1.08399863353, 1.61777616791, 0.978590144328, 2.83000001982, 1.15832726202, 1.09175866753, 1.2600003085, 1.14000085495, 2.84391686068, 2.50944486435, 1.00277368614, 3.04000035045, 1.04897782216, 0.927194136768, 1.0000000842, 1.00000035814, 1.09940007321, 4.87029649029, 0.938414996572, 1.00000063441, 123.822936569, 0.964693659355, 3.31631324453, 0.972054719733, 3.29000030437, 1.00000096359, 32.8843125005, 616.741903715
1.25658841687, 1.12828336425, 1.67425617617, 0.974575607391, 2.83000008341, 1.18366718423, 5.55068104443, 1.26000075021, 1.14000088592, 2.79212248829, 2.35666910624, 0.967507556842, 3.04000016811, 1.0360845405, 0.912301504056, 1.00000062783, 1.0000000552, 1.0839702447, 8.52978426539, 0.960531891555, 1.00000087062, 123.381572713, 0.937867336465, 3.62506322108, 1.01024949744, 3.29000080249, 1.00000048476, 15.611105126, 2416.20778239
3.88420217798, 1.13437923301, 1.50098209979, 0.886265000061, 2.83000017304, 1.15551399155, 5.31402110274, 1.26000045214, 1.14000094477, 3.61905928839, 2.11801384482, 1.06382934261, 3.04000048065, 1.04260233444, 1.01274100416, 1.00000085514, 1.00000077888, 1.08330800664, 8.68553952949, 0.917056673942, 1.000000028, 81.4614398566, 1.05165202146, 5.31679318174, 0.978944707248, 3.29000086256, 1.00000004422, 15.533691294, 2553.18416457
2.90812944674, 1.00193490617, 1.34361267704, 0.916042892239, 2.83000057139, 1.02026362366, 2.65856593635, 1.26000077202, 1.14000000651, 3.69557044345, 1.66595776261, 0.966489432614, 3.0400004594, 1.09366189799, 0.972887716636, 1.00000019887, 1.00000082009, 1.00870438787, 8.21330033235, 0.939443289653, 1.00000034473, 103.626519339, 1.03251201775, 1.2298177753, 1.0115849607, 3.29000070189, 1.00000085061, 17.443009723, 1823.92354117
5.5674018891, 1.04714117847, 1.52607582804, 0.99674065879, 2.83000015227, 1.0137454916, 5.80952577959, 1.26000009848, 1.14000081044, 2.10671290567, 2.3113516255, 1.06565814826, 3.04000000714, 1.02639404625, 0.93113469698, 1.0000003975, 1.00000051003, 1.07462102638, 8.64872922077, 0.929236928119, 1.00000086937, 118.838603803, 0.85735778292, 5.20611287512, 0.96000109366, 3.29000034519, 1.00000046925, 18.6761281616, 1610.51121594
2.10411062853, 1.01992115093, 1.55836463449, 0.933219876154, 2.83000091125, 1.15246814013, 1.30082795299, 1.26000091144, 1.14000041489, 2.39809140393, 2.92880966309, 1.06340645266, 3.04000010035, 1.03109403682, 0.874823175439, 1.00000068684, 1.00000068459, 1.09467909427, 3.71303171153, 0.914538913311, 1.00000026425, 119.811235248, 0.865982216383, 1.7752812857, 1.00641446626, 3.29000099674, 1.00000069304, 19.06447471, 1407.67694284
2.10411062853, 1.01992115093, 1.55836463449, 0.933219876154, 2.83000091125, 1.15246814013, 1.30082795299, 1.26000091144, 1.14000041489, 2.39809140393, 2.91452116086, 1.06340645266, 3.04000010035, 1.07384791202, 0.874823175439, 1.00000068684, 1.00000037809, 1.09467909427, 3.71303171153, 0.914538913311, 1.00000026425, 119.811235248, 0.865982216383, 1.7752812857, 1.00641446626, 3.29000099674, 1.00000069304, 28.2398377326, 1050.5452314
2.4627134219, 1.03922606303, 1.35106488185, 0.862076268936, 2.83000022364, 0.968233094326, 5.05772422844, 1.26000093581, 1.14000033163, 3.17811867088, 3.04067518165, 0.980653788481, 3.0400000069, 1.06630628118, 1.06364928161, 1.00000075268, 1.00000085906, 1.06724156848, 4.61235546657, 0.956384222913, 1.00000067789, 106.610743815, 0.874021713074, 4.133698643, 1.03217097506, 3.2900002632, 1.00000049275, 29.2895183157, 917.567922981
3.74354131482, 1.05536828023, 1.4828964724, 0.823999080742, 2.83000099891, 0.98475787496, 1.94344814127, 1.26000091737, 1.14000015393, 3.67303088816, 2.44837946809, 1.02424321149, 3.04000041933, 1.00004919638, 0.836489534015, 1.00000043911, 1.00000050708, 1.08665867979, 5.46968730913, 0.942949561031, 1.00000084911, 114.234852219, 0.924320258247, 4.07080233846, 0.995469677729, 3.29000058598, 1.00000017072, 17.2534298712, 7284.19434934
2.72790138294, 1.02612014283, 1.39451629644, 0.963714987618, 2.83000043239, 1.15962379632, 4.33423542523, 1.26000071989, 1.14000091063, 2.62574823286, 2.5329727855, 1.05485467702, 3.04000061753, 1.08053557882, 0.891733844438, 1.00000079681, 1.00000088897, 1.10780588583, 7.96631750109, 0.958031608401, 1.00000023159, 118.797401923, 0.909481685052, 1.73427200536, 1.04857998907, 3.29000018, 1.00000001171, 17.3848858508, 3403.96032882
2.48183002977, 1.11563026964, 1.40756884149, 0.925050652174, 2.83000045885, 1.00695478065, 5.89210570713, 1.2600008459, 1.14000040798, 3.30218484286, 3.01542714945, 0.902714487468, 3.04000072901, 1.02330805766, 0.812464259771, 1.00000031735, 1.00000024609, 1.03530028294, 8.61744409612, 0.919358921269, 1.0000007645, 82.3406787239, 1.02253051099, 4.83215701461, 1.00453199567, 3.29000044344, 1.00000072607, 18.4943836713, 2496.86258103
1.1934311114, 1.11098694377, 1.39086417952, 0.833933573718, 2.83000005184, 0.985601729288, 4.08774180697, 1.26000075412, 1.1400001189, 1.42954462171, 2.36509117608, 0.951032112415, 3.04000021523, 1.11103112046, 0.780148070394, 1.0000007138, 1.00000089303, 1.07397048515, 3.12329477311, 0.993306359506, 1.0000006082, 93.5419581657, 1.00107293158, 3.24171118983, 1.03237997536, 3.2900001565, 1.00000056046, 19.2009318242, 2195.77525995
2.87924757596, 1.03211361982, 1.71018698231, 0.990258324702, 2.83000088594, 1.16704091165, 4.49786909639, 1.26000043454, 1.14000090539, 1.53783994946, 2.48337834021, 0.940464936128, 3.04000077897, 1.04449958532, 0.978152997998, 1.00000036042, 1.00000040038, 1.06326641116, 3.8308784156, 0.911141976735, 1.00000069905, 80.4657974255, 0.886212079147, 3.49539495928, 0.972790147904, 3.29000010624, 1.00000088409, 21.4937986877, 1765.0813623
5.48766875714, 1.07426006471, 1.70372919854, 0.840108356505, 2.83000090802, 1.1396646822, 5.13495262178, 1.26000089468, 1.14000038273, 3.1447578083, 3.08822482069, 0.966127614847, 3.04000099389, 1.00501106122, 0.995927963141, 1.00000033091, 1.00000052024, 1.03815657863, 8.51017653424, 0.918652652494, 1.00000082817, 81.9194381701, 1.03567081576, 1.94342674444, 1.04412671246, 3.29000005869, 1.00000045455, 31.6078745553, 1354.66295265
2.13277833311, 1.00139985921, 1.68193043733, 0.832289687405, 2.83000004021, 0.947061109464, 1.21631791049, 1.26000050168, 1.14000021735, 1.90296698265, 3.04211509594, 1.06571616749, 3.04000099587, 1.10868804013, 0.985605910564, 1.00000053596, 1.00000054334, 1.04388619942, 6.66464799904, 0.919299756027, 1.0000009724, 122.706864682, 1.0230409941, 2.84196730316, 0.97035145375, 3.29000063442, 1.00000089568, 18.3776322916, 3849.55560428
5.04515304868, 1.12602902121, 1.44760599517, 0.952492332257, 2.83000049454, 1.04075553684, 3.94126024978, 1.26000092291, 1.14000063971, 2.69928196927, 1.85623302199, 0.886581152145, 3.04000094796, 1.00993034428, 0.977786917712, 1.00000052392, 1.00000055313, 1.0517367241, 9.01664699323, 0.99925875202, 1.00000059366, 81.5768337287, 0.897184105948, 2.88587791187, 1.01529432487, 3.29000049577, 1.00000082221, 17.4559738261, 3932.92281197
1.8162744973, 1.10039580549, 1.62491110561, 0.841584098251, 2.83000032939, 1.16718609898, 3.62819379219, 1.26000094273, 1.14000072277, 3.48486304524, 1.56518735566, 0.923894646054, 3.04000001661, 1.07556606342, 0.855350712539, 1.00000000944, 1.00000056479, 1.09753911251, 8.20494163556, 0.985061470873, 1.00000012993, 103.905073837, 1.05233976671, 2.67704536512, 0.98506421615, 3.29000077013, 1.00000082412, 21.2682466989, 2328.24401831
1.43668492221, 1.03753163169, 1.53895306172, 0.921017143095, 2.83000043168, 0.89737810598, 2.86883388106, 1.26000055489, 1.14000036617, 3.08608221947, 2.60061337504, 1.08349129384, 3.04000098878, 1.06414091733, 0.970925908775, 1.00000001243, 1.00000014685, 1.0137172951, 4.17310673279, 0.954392695728, 1.00000077212, 109.014460303, 0.902842771659, 3.48888213466, 1.02767473774, 3.29000098527, 1.00000097183, 19.576871541, 2827.56515653
4.46467650182, 1.00771140651, 1.50198688139, 0.902549123294, 2.83000096587, 1.09792860002, 2.05698783397, 1.26000027948, 1.14000071849, 2.52491677805, 1.75326219113, 1.08731743463, 3.04000049239, 1.09822080263, 1.07575316247, 1.0000002498, 1.00000043347, 1.05273028246, 3.64688199804, 0.930067450257, 1.00000016507, 83.1198078394, 1.08692505732, 5.8936666483, 0.999936910483, 3.29000059836, 1.00000086735, 30.1406594027, 2038.13477924
5.48766875714, 1.07426006471, 1.70372919854, 0.840108356505, 2.83000090802, 1.1396646822, 5.13495262178, 1.26000089468, 1.14000059523, 3.1447578083, 3.08822482069, 0.966127614847, 3.04000099389, 1.00501106122, 0.995927963141, 1.00000033091, 1.00000052024, 1.03815657863, 8.05687899204, 0.918652652494, 1.00000082817, 81.9194381701, 1.03567081576, 1.94342674444, 1.04412671246, 3.29000005869, 1.00000045455, 33.5995463998, 1935.82615583
5.28042586872, 1.04676433727, 1.46931764557, 0.994677631687, 2.83000051313, 1.11965086017, 4.66159418394, 1.26000056292, 1.14000038042, 1.98444596219, 3.04465593142, 0.966309290951, 3.04000059921, 1.05932635612, 0.784317276242, 1.00000036652, 1.00000049746, 1.03989006202, 7.52484237622, 0.995892505853, 1.00000080717, 90.8805318437, 0.867460216849, 1.75296662814, 1.03054754594, 3.2900008918, 1.00000058979, 32.0180534444, 2018.83371791
2.87924757596, 1.03211361982, 1.71018698231, 0.990258324702, 2.83000088594, 1.16704091165, 4.49786909639, 1.26000043454, 1.14000090539, 1.53783994946, 2.48337834021, 0.940464936128, 3.04000077897, 1.04449958532, 0.978152997998, 1.00000036042, 1.00000040038, 1.06326641116, 3.8308784156, 0.911141976735, 1.00000069905, 80.4657974255, 0.848748299236, 3.49539495928, 0.972790147904, 3.29000050891, 1.00000089958, 17.7391152184, 6296.63916868
5.36215278062, 1.03775316575, 1.65044244175, 0.894891577316, 2.83000020124, 1.07800100414, 3.19439857139, 1.26000011003, 1.14000033394, 1.28884871485, 2.9465290731, 0.959126015774, 3.040000416, 1.00607089619, 0.872150611832, 1.00000055818, 1.00000024369, 1.05954440817, 3.84367285996, 0.995885058804, 1.0000006489, 99.0670252907, 0.956129845122, 5.87709427631, 0.987586486901, 3.29000069093, 1.00000014389, 22.4992519516, 2517.81461631
5.5674018891, 1.08387651659, 1.52607582804, 0.99674065879, 2.83000015227, 1.0137454916, 5.80952577959, 1.26000009848, 1.14000081044, 2.10671290567, 2.3113516255, 1.06565814826, 3.04000063983, 1.02639404625, 1.07575316247, 1.0000003975, 1.00000043347, 1.07462102638, 8.64872922077, 0.929236928119, 1.00000086937, 118.838603803, 0.85735778292, 5.53931211251, 0.96000109366, 3.2900001925, 1.00000046925, 19.8758460058, 3737.20082213
5.18137792478, 1.11358313887, 1.54873917006, 0.95421101076, 2.83000093242, 1.00730793996, 2.01103277874, 1.26000004322, 1.14000050798, 2.30952767842, 2.40427613268, 0.985126991674, 3.04000068053, 1.04728945503, 1.01144398691, 1.00000058518, 1.00000003607, 1.10780588583, 5.73478922723, 0.97845152153, 1.00000023159, 111.003929381, 1.02479551496, 2.45475199142, 1.03237231811, 3.29000020012, 1.0000000044, 20.6045213568, 3557.51593464
2.95691690214, 1.04364244327, 1.47709263882, 0.811561466788, 2.83000006066, 0.93199777081, 1.07089043917, 1.26000003961, 1.14000074016, 2.60530513589, 2.49006441888, 0.979532098263, 3.04000063576, 1.11485084877, 1.08986354951, 1.00000042964, 1.00000020114, 1.07471928865, 4.2922841834, 0.961882337249, 1.00000037338, 83.6553641107, 1.02969376479, 2.64305010354, 0.988922518705, 3.29000046999, 1.00000012655, 40.9419642976, 2286.10956485
2.62156826327, 1.02617984788, 1.36546811012, 0.965336584644, 2.83000012575, 0.94907482572, 4.88173123149, 1.26000022148, 1.14000052251, 2.65440497691, 2.36316812027, 0.940732857051, 3.0400009165, 1.08689748948, 1.04899523246, 1.00000020113, 1.00000050368, 1.03873875913, 6.51836681728, 0.935656459492, 1.00000069454, 102.448140126, 0.840199465389, 3.09034100644, 1.01868052475, 3.29000011903, 1.00000074047, 44.4438243323, 2089.23403144
5.41591586359, 1.06971101329, 1.53304930304, 0.851040092217, 2.83000033602, 0.858600809615, 5.30173323561, 1.26000020044, 1.14000079137, 1.31312220626, 2.94641719117, 1.07642752143, 3.04000022483, 1.08958367833, 0.967147404227, 1.00000028362, 1.00000047499, 1.07313073185, 4.00656677563, 0.91974387635, 1.00000099138, 86.2394353931, 1.06200683136, 3.43685981506, 1.05923263293, 3.29000007152, 1.00000015048, 18.0964683728, 6394.23856697
1.75328198276, 1.08737226424, 1.37439562595, 0.993655113112, 2.83000005807, 1.09099444894, 3.04182364046, 1.26000089115, 1.14000077404, 2.40084991469, 2.61767997189, 0.982276591779, 3.04000037454, 1.10303793839, 0.967933222206, 1.0000002118, 1.00000018456, 1.08419670033, 8.49247557965, 0.910224565318, 1.0000001607, 90.840166734, 1.05774022844, 5.38447972085, 1.06465944717, 3.29000093672, 1.00000055062, 28.9638688824, 2809.34550009
2.24199808865, 1.06667988269, 1.40488034588, 0.888470344672, 2.83000057923, 1.11887301, 5.57391207821, 1.26000073607, 1.14000029711, 2.10499214481, 1.73187896348, 0.93226052416, 3.04000058268, 1.00924458089, 0.987481169986, 1.00000037133, 1.00000091742, 1.0906871475, 8.02533950963, 0.9547017383, 1.00000064649, 86.1178573012, 0.928464028373, 1.39135495492, 0.963904413812, 3.2900002533, 1.00000006579, 25.3776378245, 2904.52088743
4.21505677691, 1.12895972939, 1.66867502416, 0.949819933626, 2.83000019637, 0.957400838468, 4.88745735999, 1.26000008559, 1.14000020435, 2.37635407872, 2.10289654954, 0.970182938287, 3.0400009817, 1.09540702903, 0.862431914007, 1.00000017488, 1.00000065021, 1.0344507481, 9.43761820289, 0.990601308348, 1.00000028051, 92.5539222643, 1.04928076156, 4.42427545302, 1.0617207823, 3.29000027236, 1.00000042317, 35.2714496569, 2527.87358961
3.29256177458, 1.08461289291, 1.37255739974, 0.835080995225, 2.83000047025, 1.16081511089, 1.06348540258, 1.26000062257, 1.14000029348, 3.32166655533, 1.8602848866, 0.932566046905, 3.04000099287, 1.06110926776, 1.0172608702, 1.00000026518, 1.00000038027, 1.07856433477, 9.60325130874, 0.958016833077, 1.00000085989, 101.883986258, 0.847820911545, 1.5221124408, 1.03066876618, 3.29000090586, 1.00000090212, 29.044859102, 2558.34075278
2.35924453236, 1.11634662576, 1.47322071474, 0.929288716311, 2.83000019993, 1.05487107907, 4.15848571305, 1.26000010384, 1.14000073062, 1.58339580835, 2.79630688808, 1.05349948012, 3.04000016033, 1.0661168809, 0.868504864835, 1.00000049864, 1.00000008986, 1.01911333169, 8.84434874466, 0.910496328412, 1.00000090063, 83.3722838894, 1.05199353041, 5.63362371929, 1.05581341802, 3.29000095678, 1.00000013694, 30.6762329719, 2542.24458393
3.38268022092, 1.11171544465, 1.34222642688, 0.826145286321, 2.83000050608, 0.995207313, 2.46902378694, 1.26000028733, 1.14000075238, 3.52826676952, 1.68392929117, 0.983856762983, 3.04000024037, 1.03320669127, 1.03269197535, 1.00000005913, 1.00000026655, 1.00397694783, 4.98436903029, 0.918583866691, 1.00000054861, 91.113749469, 0.903384567437, 4.86258941875, 0.992568029854, 3.29000038552, 1.00000090299, 24.5271540813, 3287.45079913
3.38268022092, 1.11171544465, 1.34222642688, 0.826145286321, 2.83000050608, 0.891956918807, 2.46902378694, 1.26000028733, 1.14000075238, 3.67204520139, 1.68392929117, 0.983856762983, 3.04000024037, 1.03320669127, 1.03269197535, 1.00000005913, 1.00000066508, 1.06934286758, 4.98436903029, 0.918583866691, 1.00000054861, 91.113749469, 0.903384567437, 4.86258941875, 0.992568029854, 3.29000038552, 1.00000090299, 23.4904313178, 3546.88176091
5.41591586359, 1.06971101329, 1.53304930304, 0.851040092217, 2.83000033602, 0.858600809615, 5.30173323561, 1.26000020044, 1.14000079137, 1.31312220626, 2.94641719117, 1.07642752143, 3.04000022483, 1.08958367833, 0.967147404227, 1.00000028362, 1.00000047499, 1.07313073185, 4.00656677563, 0.975192163078, 1.00000099138, 86.2394353931, 1.06200683136, 3.43685981506, 1.05923263293, 3.29000007152, 1.00000015048, 20.5537882233, 4777.55712167
2.62156826327, 1.02617984788, 1.36546811012, 0.965336584644, 2.83000012575, 0.94907482572, 4.88173123149, 1.26000055241, 1.14000052251, 2.65440497691, 2.36316812027, 0.940732857051, 3.0400009165, 1.08689748948, 1.04899523246, 1.00000043701, 1.00000028838, 1.08109831367, 9.91809933435, 0.935656459492, 1.00000069454, 102.448140126, 0.840199465389, 3.09034100644, 1.01868052475, 3.29000011903, 1.00000074047, 19.9004139912, 4799.71792519
1.39606231981, 1.06667988269, 1.40488034588, 0.893413688379, 2.83000057923, 1.11887301, 5.57391207821, 1.26000073607, 1.14000015913, 2.10499214481, 2.94685652327, 0.93226052416, 3.04000058268, 1.01039711336, 0.987481169986, 1.00000093741, 1.00000091742, 1.0906871475, 8.02533950963, 0.9547017383, 1.00000064649, 86.1178573012, 0.928464028373, 1.39135495492, 0.963904413812, 3.2900003176, 1.00000006579, 21.0952031138, 3953.74260833
2.2492674093, 1.00959136325, 1.73925362922, 0.831908672461, 2.83000061253, 1.06264070005, 2.76758590121, 1.26000084485, 1.14000059993, 1.67234577904, 3.00328615519, 0.914643380789, 3.04000091516, 1.09560345858, 0.805540437784, 1.00000091722, 1.00000029085, 1.04524318962, 8.7309011376, 0.954665799713, 1.0000004372, 99.1947189645, 0.859164949831, 4.74311105745, 0.96208441896, 3.29000060555, 1.00000023465, 18.5569476232, 10454.8280072
1.62223416154, 1.11036184251, 1.70307888942, 0.933043640273, 2.83000078122, 0.930880720453, 1.88408344695, 1.26000011908, 1.14000053744, 1.3618616561, 2.96941997471, 1.09914863336, 3.04000050555, 1.04905136381, 0.976669122301, 1.00000059477, 1.00000053992, 1.01556207858, 7.64101161695, 0.992381462441, 1.00000051833, 82.4280627219, 1.02791109737, 3.33130087991, 0.966395035771, 3.29000091118, 1.0000007552, 27.4987071009, 2981.81383604
2.74179176401, 1.10345753128, 1.47484312836, 0.885205700037, 2.83000012769, 0.874608606089, 1.11520607613, 1.26000063633, 1.1400005629, 3.71697877314, 2.66120617031, 0.921373900501, 3.04000065948, 1.04758093689, 0.900949637009, 1.00000074905, 1.00000010047, 1.101468865, 8.20449443509, 0.96372324932, 1.00000038987, 96.3082143935, 0.902842771659, 4.47858177503, 1.00958008171, 3.29000070946, 1.00000029958, 39.4497502321, 2665.78557849
3.9194269182, 1.07678911299, 1.60056733806, 0.919950661544, 2.83000097712, 1.10913995005, 2.62761003597, 1.26000095356, 1.14000013038, 1.24910613854, 2.00176366148, 0.890228894018, 3.04000055719, 1.03046677784, 1.01223002847, 1.00000063024, 1.00000076971, 1.03147311039, 8.67158359905, 0.999284885041, 1.00000053891, 96.244776362, 0.863813155211, 1.15613817219, 1.00099540558, 3.29000057686, 1.00000059808, 26.4359561059, 3324.32476326
3.35283920456, 1.12454504193, 1.60994377286, 0.963762646086, 2.83000082208, 1.01132197912, 5.71137311872, 1.26000095999, 1.14000066755, 2.78158911268, 2.30732040335, 0.915670380747, 3.04000050099, 1.04270515695, 0.97163284138, 1.00000023397, 1.00000070497, 1.08676633863, 7.46238723004, 0.916613758207, 1.00000023042, 84.6449400214, 1.00721699435, 2.90756504096, 0.990471821055, 3.29000094796, 1.00000074401, 25.1104847762, 3633.00186745
5.95897103668, 1.08102119148, 1.73018553635, 0.955222503337, 2.83000008355, 0.890340053488, 3.92435423675, 1.26000089254, 1.1400005645, 2.22883761418, 1.6350321535, 1.05263722307, 3.0400007179, 1.04998347794, 0.890620767167, 1.00000033202, 1.00000093521, 1.08514348469, 6.37207901249, 0.91974387635, 1.00000063673, 123.658253315, 0.844399418192, 3.95829677538, 1.00787240804, 3.29000049335, 1.00000016444, 19.9282107124, 9826.63244809
2.10411062853, 1.01992115093, 1.55836463449, 0.933219876154, 2.83000091125, 1.15246814013, 1.78199788972, 1.26000070576, 1.14000041489, 2.39809140393, 2.94326839894, 1.06340645266, 3.04000010035, 1.07384791202, 0.874823175439, 1.00000045967, 1.00000037809, 1.09467909427, 3.71303171153, 0.910061637035, 1.00000030249, 119.811235248, 0.865982216383, 1.87062478813, 1.00641446626, 3.29000099674, 1.00000069304, 24.4349099435, 4079.18990361
3.99924732812, 1.05327183468, 1.37255739974, 0.835080995225, 2.83000047025, 1.16081511089, 1.1516399158, 1.26000062257, 1.14000029348, 3.71245579763, 1.6606383052, 0.932566046905, 3.04000099287, 1.06110926776, 1.0172608702, 1.00000026518, 1.00000038027, 1.07856433477, 9.60325130874, 0.958016833077, 1.00000085989, 101.883986258, 0.847820911545, 1.5221124408, 1.05953030263, 3.29000090586, 1.00000090212, 21.2497351255, 5089.83484763
2.24199808865, 1.06667988269, 1.40488034588, 0.888470344672, 2.83000057923, 1.11887301, 5.57391207821, 1.26000073607, 1.14000018902, 2.10499214481, 1.73187896348, 0.93226052416, 3.04000058268, 1.01039711336, 0.987481169986, 1.00000093741, 1.00000091742, 1.0906871475, 8.02533950963, 0.9547017383, 1.00000064649, 86.1178573012, 0.928464028373, 1.39135495492, 0.963904413812, 3.2900003176, 1.00000006579, 24.2159333252, 4606.26481151
1.05245304818, 1.10931159323, 1.57659575499, 0.914053871457, 2.83000004384, 1.02478758686, 1.95231405499, 1.26000031032, 1.14000068478, 3.48486304524, 2.82014655169, 1.05510775653, 3.04000078581, 1.09778359894, 1.06736537864, 1.00000077778, 1.00000048723, 1.08484748943, 3.33460461211, 0.997055791438, 1.00000036836, 83.3057069103, 0.882063369427, 4.73620649949, 0.961531860197, 3.29000018104, 1.00000083796, 40.2011579943, 3197.00819893
5.75139598547, 1.0443066897, 1.73026289843, 0.938166606238, 2.83000031123, 1.04111761012, 5.68898943453, 1.26000066463, 1.14000029786, 1.84591613626, 1.58993159158, 1.00444102092, 3.0400004231, 1.04603573807, 1.05511811618, 1.00000093333, 1.00000057796, 1.09284534756, 8.81704460122, 0.922501162642, 1.0000002819, 120.446930722, 0.866782235694, 4.27115530952, 1.05343349929, 3.29000034511, 1.00000057111, 40.6891973908, 2752.08540519
4.61838497035, 1.03736139343, 1.69447536575, 0.839120941519, 2.830000641, 1.12013556263, 3.80361329403, 1.26000056538, 1.14000063972, 3.20652799278, 1.67106072758, 0.969600921598, 3.04000014778, 1.00951257447, 0.809565827481, 1.00000032274, 1.00000004789, 1.01292686771, 9.78137982186, 0.93782660367, 1.00000011898, 84.2032881776, 0.933602483272, 1.59682549742, 0.954902047255, 3.29000068603, 1.00000002689, 33.8747085434, 3344.8091604
1.88324698995, 1.05692772293, 1.58642248564, 0.953803073636, 2.83000047342, 0.904351320716, 1.95985871416, 1.26000048406, 1.14000046532, 1.94556010044, 3.04292282014, 0.977063807795, 3.04000098746, 1.02853565045, 1.03028049878, 1.0000008378, 1.00000059542, 1.09848987162, 9.87292665012, 0.971601079777, 1.0000004236, 79.6739413069, 1.00852770648, 3.06392596519, 1.02946949109, 3.29000034102, 1.00000027024, 32.1313371505, 3504.89086148
1.43668492221, 1.10345753128, 1.53895306172, 0.921017143095, 2.83000043168, 0.89737810598, 2.86883388106, 1.26000055489, 1.14000036617, 3.08608221947, 2.60061337504, 1.08349129384, 3.04000098878, 1.06414091733, 0.970925908775, 1.00000002463, 1.00000064169, 1.0137172951, 4.17310673279, 0.954392695728, 1.00000077212, 109.014460303, 0.902842771659, 3.48888213466, 1.02767473774, 3.29000098527, 1.00000097183, 30.4589142018, 3844.58574273
2.51187031853, 1.13532425819, 1.57617776431, 0.814070777236, 2.83000009697, 1.05076404664, 5.68644967907, 1.26000082076, 1.14000080303, 1.6127128088, 1.58213555497, 1.01218452384, 3.04000096402, 1.04542289144, 0.851834808635, 1.00000049454, 1.00000076479, 1.04842428381, 9.20203738506, 0.956130554032, 1.00000092674, 100.44179142, 0.843290884984, 1.06612288267, 1.03096994591, 3.29000036931, 1.00000070506, 20.6877017543, 17334.0994735
2.25844453939, 1.08574868913, 1.36208412436, 0.836537044286, 2.83000080693, 1.03269688013, 1.27711835243, 1.26000049495, 1.14000071572, 2.68595849191, 1.89870514068, 0.946215823741, 3.04000083381, 1.10259579277, 1.05894091842, 1.00000078049, 1.00000032246, 1.00059255499, 9.7015580991, 0.938853430235, 1.00000039846, 87.0206434892, 0.970550376763, 1.04031586263, 1.01126448322, 3.29000011389, 1.00000012965, 27.0685140427, 4136.93119718
2.60862190234, 1.12085603525, 1.54930919632, 0.918381620465, 2.83000061778, 1.06530368883, 1.68206534427, 1.26000093543, 1.14000002773, 2.96786190957, 2.23283952577, 0.897771193247, 3.04000068918, 1.1102402279, 0.78176798518, 1.0000009125, 1.00000020287, 1.0002201951, 4.00656677563, 0.926785681099, 1.0000004662, 90.339115763, 1.08030124398, 3.48896684119, 1.06877834978, 3.29000069845, 1.00000024768, 25.6884708167, 4548.83238796
5.5674018891, 1.11358313887, 1.52607582804, 0.99674065879, 2.83000015227, 1.0137454916, 5.80952577959, 1.26000009848, 1.14000050798, 2.10671290567, 2.3113516255, 0.900561739781, 3.04000063983, 1.02639404625, 1.07575316247, 1.0000003975, 1.00000043347, 1.09300662403, 8.64872922077, 0.929236928119, 1.00000086937, 118.838603803, 0.85735778292, 5.53931211251, 0.96000109366, 3.2900001925, 1.00000046925, 21.6920920426, 11214.5947981
2.2492674093, 1.00959136325, 1.73925362922, 0.831908672461, 2.83000044507, 1.06264070005, 2.76758590121, 1.26000084485, 1.14000059993, 1.67234577904, 3.00328615519, 0.914643380789, 3.04000091516, 1.09560345858, 0.805540437784, 1.00000091722, 1.00000029085, 1.04524318962, 8.7309011376, 0.954665799713, 1.00000001518, 99.5030683678, 0.951469100738, 4.74311105745, 0.96208441896, 3.29000060555, 1.00000023465, 22.5019791452, 8370.61595381
5.95897103668, 1.08102119148, 1.73018553635, 0.872835165445, 2.83000008355, 0.890340053488, 3.92435423675, 1.26000089254, 1.1400005645, 2.22883761418, 1.6350321535, 1.05263722307, 3.0400007179, 1.04998347794, 0.890620767167, 1.00000033202, 1.00000093521, 1.08514348469, 6.37207901249, 0.975192163078, 1.00000063673, 123.658253315, 0.844399418192, 3.95829677538, 1.00787240804, 3.29000049335, 1.00000016444, 23.1028013992, 6464.09622432
4.46467650182, 1.01021608296, 1.60342765633, 0.902549123294, 2.83000096587, 1.10945244371, 2.05698783397, 1.26000027948, 1.14000071849, 2.52491677805, 1.75326219113, 1.08731743463, 3.04000049239, 1.09822080263, 0.963409619999, 1.0000002498, 1.00000051003, 1.05273028246, 3.64688199804, 0.930067450257, 1.00000016507, 99.1947189645, 1.08692505732, 5.8936666483, 0.999936910483, 3.29000059836, 1.00000086735, 23.4450439506, 5116.68274486
2.74179176401, 1.00853835951, 1.47484312836, 0.885205700037, 2.83000012769, 1.02741439673, 1.11520607613, 1.26000063633, 1.1400005629, 3.71697877314, 2.66120617031, 0.921373900501, 3.04000065948, 1.04758093689, 0.900949637009, 1.00000092946, 1.00000010047, 1.101468865, 8.20449443509, 0.96372324932, 1.00000038987, 96.3082143935, 0.980930169391, 4.47858177503, 1.00958008171, 3.29000070946, 1.00000029958, 42.4119592496, 2933.33565541
2.10411062853, 1.01992115093, 1.55836463449, 0.933219876154, 2.83000091125, 1.15246814013, 1.30082795299, 1.26000091144, 1.14000041489, 2.39809140393, 2.94326839894, 1.06340645266, 3.04000010035, 1.07384791202, 0.874823175439, 1.00000068684, 1.00000037809, 1.09467909427, 3.71303171153, 0.910061637035, 1.00000026425, 119.811235248, 0.865982216383, 1.7752812857, 1.00641446626, 3.29000099674, 1.00000069304, 38.8976013461, 3551.63720119
5.66773978756, 1.12013436221, 1.68623311717, 0.923093967695, 2.8300008747, 0.905827080542, 4.16779019786, 1.26000015741, 1.1400002012, 3.1249459236, 3.01399976986, 1.02214001422, 3.04000046834, 1.08190091169, 0.927409291231, 1.00000045207, 1.00000053189, 1.03512687093, 4.69501016318, 0.98530038551, 1.00000023584, 83.218184527, 0.91261984847, 1.58698994709, 0.983779429805, 3.29000026762, 1.00000068889, 21.1492070632, 20305.1593422
5.18137792478, 1.08387651659, 1.54873917006, 0.95421101076, 2.83000093242, 1.00730793996, 2.01103277874, 1.26000004322, 1.14000081044, 2.30952767842, 2.40427613268, 0.985126991674, 3.04000062031, 1.04728945503, 1.01144398691, 1.00000058518, 1.00000003607, 1.10780588583, 5.73478922723, 0.97845152153, 1.00000023159, 111.003929381, 1.02479551496, 2.45475199142, 1.03237231811, 3.29000020012, 1.0000000044, 34.9976340131, 4290.38610061
1.84842389278, 1.0655749502, 1.35646009262, 0.802602763261, 2.83000058789, 0.907207824892, 2.62761003597, 1.26000070576, 1.14000020213, 2.85746401894, 2.71390906031, 0.998617462153, 3.04000097785, 1.07486342266, 0.881166878315, 1.00000090195, 1.00000051011, 1.04809990109, 8.50557299603, 0.943035677633, 1.00000077099, 110.887712783, 0.883306002462, 2.57422516073, 0.981269299202, 3.29000031748, 1.00000058764, 30.9269006981, 4310.53598069
1.88649842381, 1.06708423878, 1.59410307987, 0.95971520471, 2.83000071711, 1.16724684973, 5.60774487463, 1.26000044061, 1.1400007077, 3.64855959569, 2.3436673783, 1.04783736571, 3.04000070071, 1.01884524726, 0.88943512043, 1.00000013947, 1.00000036528, 1.01458109067, 9.08237877121, 0.937115039041, 1.00000099896, 124.492372664, 1.02855938847, 3.31859359339, 0.980340168259, 3.29000041143, 1.00000062037, 22.3648427575, 17740.8337529
2.62156826327, 1.02617984788, 1.36546811012, 0.965336584644, 2.83000012575, 0.94907482572, 4.88173123149, 1.26000055241, 1.14000052251, 2.65440497691, 2.36316812027, 0.940732857051, 3.0400009165, 1.08689748948, 1.04899523246, 1.00000043701, 1.00000050368, 1.08109831367, 6.51836681728, 0.935656459492, 1.00000069454, 102.448140126, 0.840199465389, 3.09034100644, 1.01868052475, 3.29000011903, 1.00000074047, 22.894691787, 9214.16672606
5.70353756412, 1.0968836712, 1.38078802916, 0.941906198337, 2.83000092483, 1.18366718423, 4.70372859803, 1.26000048814, 1.14000007431, 1.30602902303, 2.13807978758, 1.08106616641, 3.04000077613, 1.07420773682, 0.781927696322, 1.00000062783, 1.00000080238, 1.06686662465, 6.13402909731, 0.985311334831, 1.00000069967, 83.6271307483, 0.867489294719, 3.81601668445, 1.06057786449, 3.29000094943, 1.00000049089, 23.6186773618, 5383.9817692
1.25658841687, 1.12828336425, 1.67425617617, 0.970896603253, 2.83000008341, 0.883243706398, 5.55068104443, 1.26000075021, 1.14000088592, 2.79212248829, 2.35666910624, 0.967507556842, 3.04000016811, 1.0360845405, 0.912301504056, 1.00000078564, 1.0000000552, 1.0839702447, 8.52978426539, 0.960531891555, 1.00000087062, 123.381572713, 0.937867336465, 3.62506322108, 1.01024949744, 3.29000080249, 1.00000048476, 23.558685724, 8965.798725
2.49962392172, 1.03076897147, 1.55763723412, 0.948024345196, 2.83000099137, 0.947049964481, 1.07089043917, 1.26000089235, 1.14000034525, 2.98423970195, 2.49006441888, 1.02064074489, 3.04000076941, 1.0033293041, 0.955184767774, 1.0000003108, 1.00000021436, 1.09229401155, 4.39085448513, 0.96395273325, 1.00000069402, 116.687613684, 1.00833152843, 5.85481883139, 1.01075587729, 3.29000068317, 1.00000093631, 24.2547944529, 5341.44761255
1.31538710464, 1.13708955278, 1.63605914618, 0.810386624142, 2.83000044507, 1.1821147226, 4.83734682377, 1.26000008583, 1.14000077407, 1.39826586338, 2.84731219389, 0.882816195133, 3.04000041369, 1.00027506665, 0.914674030322, 1.00000011941, 1.00000028838, 1.04932686124, 9.11942857195, 0.937692964188, 1.00000045516, 104.799618263, 0.89929287772, 4.52606085524, 0.999550101723, 3.29000028056, 1.00000014953, 44.5176387182, 2976.02596139
5.31671541673, 1.05382811043, 1.40381125479, 0.983307824466, 2.83000090749, 1.1013944972, 2.35713490956, 1.26000034757, 1.1400006314, 2.70397204906, 1.82551102706, 1.07640735046, 3.0400003436, 1.04812762541, 0.978598374912, 1.00000095173, 1.00000021266, 1.09339521636, 7.7880855791, 0.953595346157, 1.00000006997, 78.6544999846, 0.895147357907, 3.07438972635, 1.04840967713, 3.29000064341, 1.00000072101, 43.6449944985, 4178.04872904
4.21505677691, 1.13884170542, 1.66867502416, 0.949819933626, 2.83000019637, 0.957400838468, 4.88745735999, 1.26000008559, 1.14000020435, 2.37635407872, 1.76391403505, 0.970182938287, 3.0400009817, 1.09540702903, 0.862431914007, 1.00000017488, 1.00000065021, 1.0344507481, 9.43761820289, 0.990601308348, 1.00000028051, 92.5539222643, 1.04928076156, 4.42427545302, 1.06502360078, 3.29000027236, 1.00000042317, 21.704429376, 26344.8941914
4.22563076112, 1.00954294822, 1.45926769826, 0.867459393022, 2.83000087925, 1.07236754638, 4.49532562219, 1.26000032124, 1.14000039471, 2.70057725709, 1.90147451027, 1.06524036257, 3.04000004721, 1.09320874066, 1.06498186791, 1.00000066874, 1.00000009329, 1.05250282585, 6.60166739156, 0.990293290016, 1.00000092674, 83.6778342061, 1.01495076379, 3.62993081114, 1.0523637707, 3.29000084135, 1.0000004591, 35.1602770949, 4410.11224611
4.90968656229, 1.04998103597, 1.66633094393, 0.966304263734, 2.83000090274, 1.14323399728, 2.03474724424, 1.26000068131, 1.14000096555, 3.6853877162, 2.86147301103, 1.08504115318, 3.04000076269, 1.0935681978, 0.925904334522, 1.0000003014, 1.00000053706, 1.03345301755, 6.59090764814, 0.978804740993, 1.00000081803, 98.7055831401, 0.920670266447, 3.03611254454, 0.986196867648, 3.29000092878, 1.00000065134, 32.2340346805, 4896.59865838
1.31538710464, 1.13708955278, 1.63605914618, 0.810386624142, 2.83000044507, 1.1821147226, 4.83734682377, 1.26000008583, 1.14000077407, 1.39826586338, 2.84731219389, 0.882816195133, 3.04000041369, 1.00027506665, 0.914674030322, 1.00000011941, 1.00000050368, 1.04932686124, 9.11942857195, 0.937692964188, 1.00000045516, 104.799618263, 0.89929287772, 4.52606085524, 0.999550101723, 3.29000028056, 1.00000028597, 22.9482394082, 11753.158666
2.89394453355, 1.11926856572, 1.62298812687, 0.940086924694, 2.83000047709, 0.984434939569, 5.4008909092, 1.26000017328, 1.14000033387, 2.69707798382, 1.72446319448, 0.908397508323, 3.04000071373, 1.0417322593, 1.07746269143, 1.00000077067, 1.00000011493, 1.09782320835, 6.27385722465, 0.939792216108, 1.00000040947, 87.7103961022, 0.922838228325, 3.87160699881, 0.976343768392, 3.29000056083, 1.00000038755, 24.0727567326, 5408.01344744
4.90968656229, 1.07290209454, 1.66633094393, 0.966304263734, 2.83000090274, 1.14323399728, 2.03474724424, 1.26000068131, 1.14000096555, 3.67347985202, 2.86147301103, 1.08504115318, 3.04000076269, 1.1067946324, 0.925904334522, 1.0000003014, 1.00000053706, 1.03345301755, 6.59090764814, 0.978804740993, 1.00000081803, 98.7055831401, 0.920670266447, 1.79174972853, 0.986196867648, 3.29000092878, 1.00000065134, 23.987938503, 5481.33251485
4.7030610261, 1.0946864592, 1.5922798231, 0.879868218082, 2.83000087039, 0.987595213219, 4.98653903937, 1.26000081721, 1.14000022483, 1.91235902895, 2.76238254681, 0.948108139324, 3.04000046753, 1.08079871363, 0.854308432068, 1.00000090424, 1.00000079777, 1.01725134885, 3.14938039038, 0.917372160371, 1.00000025025, 106.888075571, 0.936972445263, 2.08525538051, 1.03514559306, 3.290000641, 1.00000099417, 23.83190662, 7857.18281014
4.94593953541, 1.11751431693, 1.45266179125, 0.966737994041, 2.83000079037, 0.875588573743, 5.38623939668, 1.26000041495, 1.14000060873, 2.83657417988, 3.0182977695, 0.914367576778, 3.04000074072, 1.03996453438, 0.973857763407, 1.00000086436, 1.00000048884, 1.01955820866, 6.5294827756, 0.927805743978, 1.00000031847, 118.358834874, 0.853796060426, 3.62355807965, 0.954286740277, 3.29000016625, 1.00000061116, 23.6837084775, 11374.6261372
5.59729409873, 1.05542840898, 1.43672543629, 0.84653961529, 2.83000076531, 0.850618059927, 1.82537911035, 1.26000089572, 1.14000089733, 1.30262944275, 2.94379544375, 0.990114893821, 3.04000075084, 1.11159076054, 0.840428270843, 1.00000034192, 1.0000009455, 1.09881082185, 3.32741937773, 0.955163264652, 1.0000000792, 116.93864324, 0.844068304531, 4.45918670589, 0.998188837731, 3.29000038354, 1.00000084192, 47.8418675667, 3767.42610758
3.35283920456, 1.12454504193, 1.60994377286, 0.963762646086, 2.83000064927, 1.01132197912, 4.82346031986, 1.26000095999, 1.14000041625, 2.78158911268, 2.30732040335, 0.935373512186, 3.04000050099, 1.04270515695, 0.97163284138, 1.00000023397, 1.00000070497, 1.00810934773, 7.46238723004, 0.916613758207, 1.00000023042, 84.6449400214, 0.934360393517, 2.90756504096, 1.01494092858, 3.29000033768, 1.00000074401, 22.6132766427, 32826.7181411
4.94593953541, 1.11751431693, 1.42775610567, 0.966737994041, 2.83000079037, 0.875588573743, 5.38623939668, 1.26000041495, 1.14000060873, 2.83657417988, 3.0182977695, 0.914367576778, 3.04000074072, 1.03996453438, 0.973857763407, 1.00000086436, 1.00000048884, 1.01955820866, 6.5294827756, 0.927805743978, 1.00000031847, 103.373398476, 0.853796060426, 3.62355807965, 0.954286740277, 3.29000016625, 1.00000061116, 22.9479196509, 29068.5495097
