0.462310366812, 0.940848885362, 83.8496597183, 0.619120690818, 28.4839835754, 33.0196470293, 0.894952325822, 0.451069259199, 2.50027257341, 464.97404473, 0.0
0.775730057747, 1.03899140956, 88.2581689033, 0.659219747006, 75.2829735985, 31.1004687102, 0.990190433246, 3.18479959635, 1.33062954939, 106.752320395, 0.512992810711
0.251140354454, 0.858579432969, 80.0747481917, 0.630493629824, 27.1013542109, 14.0624417003, 0.201828141321, 1.85893660903, 19.6640279642, 2202.08882032, 0.143262226032
0.863445615772, 0.822270617055, 81.4861781403, 0.664286516992, 21.0185247165, 45.0330295277, 0.842335119688, 2.40190148759, 4.34535872701, 1567.35978102, 0.328305214806
0.748812761523, 0.980060036641, 80.5182899213, 0.471379103831, 10.0737983304, 4.49370137505, 0.474454980071, 2.32930727809, 6.63782730639, 2397.57522595, 0.0856693026377
0.261503136777, 0.858579432969, 91.3918482791, 0.628153585312, 15.9259136119, 5.13251041553, 0.84758669196, 4.01156946568, 6.38187684801, 2386.89449187, 0.10501190093
0.189035133116, 0.82652655774, 84.066192802, 0.60956508701, 66.8883419059, 16.7210151561, 0.548139149499, 3.93233193904, 17.6357764703, 1685.04133037, 0.152342332704
0.214539770805, 0.874467189828, 90.6614407959, 0.578621908941, 60.6140358697, 1.01857319682, 0.990190433246, 1.05684963849, 14.0002131565, 3504.48463736, 0.0170617234495
0.198386333676, 0.904100458396, 86.0264063987, 0.581282148512, 45.4167427693, 1.25170532937, 0.906105149976, 0.625879240781, 13.1177777178, 2980.32457914, 0.0174312176886
0.214539770805, 0.874467189828, 90.6614407959, 0.578621908941, 60.6140358697, 1.01857319682, 0.728828953518, 1.05684963849, 14.0002131565, 2971.68457247, 0.0180786575052
0.871530823842, 0.82652655774, 84.066192802, 0.566066767956, 66.8883419059, 16.7210151561, 0.548139149499, 3.93233193904, 17.6357764703, 1580.14649895, 0.452208301207
0.863445615772, 0.822270617055, 81.4861781403, 0.664286516992, 21.0185247165, 45.0330295277, 0.842335119688, 2.40190148759, 4.34535872701, 1611.44177486, 0.392255155112
0.261742186154, 0.884180361312, 81.7810368382, 0.451448930219, 45.4598230245, 8.75502539921, 0.474454980071, 4.84931003345, 7.99212498659, 2753.59150846, 0.119775409653
0.198386333676, 0.851163520842, 86.0264063987, 0.634662710469, 45.4167427693, 16.2966788946, 0.906105149976, 3.39388986565, 13.1177777178, 2780.72858109, 0.1180872062
0.261742186154, 0.884180361312, 81.7810368382, 0.434101296003, 45.4598230245, 8.75502539921, 0.555483866454, 4.84931003345, 7.99212498659, 2893.66968276, 0.116625873429
0.261503136777, 0.862316760164, 87.23068988, 0.628153585312, 40.8640439101, 12.5189818295, 0.765839423353, 4.01156946568, 6.38187684801, 1804.09207143, 0.240757461486
0.218175332166, 0.830662273007, 92.7557524052, 0.545847189368, 75.0006346075, 26.782111447, 0.241089458422, 1.50884189246, 11.0892706607, 1704.4528479, 0.3583735484
0.218175332166, 0.824120536634, 80.6663656811, 0.545847189368, 59.7182509017, 24.1017600922, 0.102510633783, 1.50884189246, 11.0892706607, 2058.70266806, 0.155161821667
0.198386333676, 0.851163520842, 81.4861781403, 0.49663555106, 45.4167427693, 16.2966788946, 0.906105149976, 3.39388986565, 13.1177777178, 1808.2185456, 0.221554330802
0.863445615772, 0.822270617055, 86.0264063987, 0.689194751206, 21.0185247165, 45.0330295277, 0.842335119688, 2.40190148759, 4.34535872701, 2317.76042772, 0.153780829503
0.206304100633, 0.904100458396, 85.133293966, 0.684756029204, 52.5823745807, 1.25170532937, 1.64517738259, 0.625879240781, 4.70768856222, 4901.00978897, 0.0226940807122
0.261742186154, 0.884180361312, 81.7810368382, 0.451448930219, 45.4598230245, 8.75502539921, 0.474454980071, 4.84931003345, 7.99212498659, 3105.5139354, 0.09407397431
0.131975659815, 1.0114754504, 85.7288423941, 0.519511167196, 69.9558152469, 2.67633797669, 0.72864433166, 4.02565487569, 9.91438628458, 3968.3425984, 0.0263369183059
0.218175332166, 0.859295253487, 93.6963964187, 0.663330421494, 74.5383427719, 5.00167378559, 0.241089458422, 1.50884189246, 11.0892706607, 3219.73588311, 0.0447077845911
0.157907091769, 0.862624865152, 81.6608248337, 0.676441832213, 50.0414818641, 5.00167378559, 1.32260811622, 1.13684163007, 8.42289639631, 3441.00664617, 0.0265471990714
0.358074153899, 0.904100458396, 85.133293966, 0.684756029204, 80.7292011298, 1.25170532937, 1.0195991128, 0.625879240781, 4.70768856222, 4396.42446591, 0.0237720754703
0.432363756265, 0.843546995551, 83.7540239156, 0.405216231326, 84.6609836883, 29.8129282683, 0.905387909008, 1.6362763603, 19.2764367268, 1614.16128048, 0.431650370176
0.261503136777, 0.862316760164, 90.8719847394, 0.628153585312, 40.8640439101, 16.4441383855, 0.765839423353, 2.29086139478, 6.38187684801, 2774.4417508, 0.142179937962
0.478048436637, 0.858727277572, 88.1405383666, 0.586024865861, 47.6059072669, 11.8646716526, 0.378284712422, 2.23892701478, 10.6962943905, 3024.38744786, 0.126184445004
0.884242270405, 0.837781170723, 80.3246266459, 0.446516709006, 44.6322914819, 45.4180819037, 0.30187538399, 0.852890469136, 6.8492603198, 2059.6431, 0.191384126623
0.261503136777, 0.824376353224, 83.4867409656, 0.628153585312, 40.8640439101, 12.5189818295, 0.765839423353, 4.01156946568, 6.38187684801, 2005.63951699, 0.222270091021
0.772552461632, 0.822270617055, 81.4861781403, 0.661221038521, 21.0185247165, 21.7728416465, 0.869723021364, 3.53017234031, 4.34535872701, 1897.15840161, 0.298588702746
0.655827826726, 0.82740035034, 88.1405383666, 0.66779303036, 47.6059072669, 11.8646716526, 0.234353520062, 2.23892701478, 11.4076867827, 2621.48228804, 0.155517388743
0.100572930096, 0.859295253487, 88.6487844005, 0.678907859805, 74.5383427719, 36.8896961665, 0.241089458422, 1.50884189246, 11.0892706607, 2549.03030322, 0.186571835608
0.261742186154, 0.884180361312, 81.7810368382, 0.451448930219, 45.4598230245, 8.75502539921, 0.474454980071, 4.84931003345, 7.99212498659, 2609.67557596, 0.185436527234
0.285126491395, 0.858579432969, 80.6663656811, 0.66621623887, 59.7182509017, 5.13251041553, 1.30388617493, 1.65338682236, 14.023833949, 3730.35672547, 0.0851126667107
0.131975659815, 1.0114754504, 85.7288423941, 0.519511167196, 69.9558152469, 2.67633797669, 0.72864433166, 4.02565487569, 9.91438628458, 3887.60646155, 0.0290442067064
0.251140354454, 0.94016384764, 80.2347769858, 0.695654608922, 4.59850978331, 15.4274776095, 0.276873638807, 1.85893660903, 19.6640279642, 3523.50417557, 0.11095542441
0.285126491395, 0.858579432969, 80.6663656811, 0.66621623887, 59.7182509017, 5.13251041553, 1.30388617493, 1.65338682236, 14.023833949, 3721.25852802, 0.0962417881869
0.772552461632, 0.822270617055, 81.4861781403, 0.664286516992, 21.0185247165, 21.7728416465, 0.869723021364, 3.53017234031, 4.34535872701, 1874.30107147, 0.437471499477
0.748812761523, 0.868728935727, 80.5182899213, 0.471379103831, 10.0737983304, 4.49370137505, 0.555483866454, 2.32930727809, 6.63782730639, 2304.76955415, 0.202309948985
0.748812761523, 0.868728935727, 80.5182899213, 0.471379103831, 10.0737983304, 4.49370137505, 0.555483866454, 2.32930727809, 6.63782730639, 2151.55049436, 0.237552704349
0.512388767837, 0.843546995551, 83.7540239156, 0.602408553121, 22.6408775636, 46.3989645864, 0.905387909008, 0.399593083538, 7.45878677299, 1923.23752541, 0.408957568097
0.512388767837, 0.843546995551, 83.7540239156, 0.602408553121, 22.6408775636, 46.3989645864, 0.905387909008, 1.6362763603, 7.45878677299, 2028.05852798, 0.387932948461
0.198386333676, 0.851163520842, 86.0264063987, 0.412152909392, 45.4167427693, 16.2966788946, 0.906105149976, 3.39388986565, 3.50496496775, 2087.81993074, 0.308382818253
0.198386333676, 0.851163520842, 86.0264063987, 0.46641312185, 45.4167427693, 16.2966788946, 0.906105149976, 3.39388986565, 13.1177777178, 2763.66889654, 0.173156616126
0.154698129081, 0.940848885362, 83.8496597183, 0.619120690818, 28.4839835754, 15.4274776095, 0.72864433166, 0.451069259199, 2.50027257341, 2680.71770686, 0.190905495871
0.285126491395, 0.858579432969, 80.6663656811, 0.66621623887, 59.7182509017, 5.13251041553, 1.30388617493, 1.65338682236, 14.023833949, 3756.81755112, 0.0922982015821
0.206304100633, 0.904100458396, 85.133293966, 0.684756029204, 52.5823745807, 1.25170532937, 1.64517738259, 0.625879240781, 4.70768856222, 4331.99700908, 0.0310048064452
0.358074153899, 0.904100458396, 85.133293966, 0.684756029204, 80.7292011298, 1.25170532937, 1.0195991128, 0.625879240781, 4.70768856222, 4146.07414938, 0.0330257439065
0.358074153899, 0.904100458396, 87.5208797792, 0.684756029204, 80.7292011298, 1.25170532937, 1.0195991128, 0.625879240781, 4.70768856222, 3965.40425583, 0.0651384819065
0.15544994441, 0.858727277572, 88.0287592475, 0.697933856945, 23.7940334986, 12.4974977593, 1.45672975728, 0.136960934037, 6.64741901555, 3737.15833953, 0.168481048689
0.218175332166, 0.824120536634, 92.7557524052, 0.545847189368, 75.0006346075, 26.782111447, 0.241089458422, 1.50884189246, 11.0892706607, 2561.53737153, 0.220456724026
0.198386333676, 0.851163520842, 86.0264063987, 0.411571971308, 45.4167427693, 16.2966788946, 0.906105149976, 3.39388986565, 3.50496496775, 2366.27067338, 0.291120090019
0.670855790228, 0.843546995551, 83.7540239156, 0.602408553121, 84.6609836883, 46.3989645864, 0.905387909008, 1.6362763603, 7.45878677299, 1936.90983009, 0.71412272527
0.610005762312, 0.854493972728, 82.0152881322, 0.422779002989, 75.0964560989, 33.7504167644, 0.942722546076, 3.01161631677, 4.21093390267, 1949.42193343, 0.424997735969
0.198386333676, 0.851163520842, 86.0264063987, 0.46641312185, 45.4167427693, 16.2966788946, 0.906105149976, 3.39388986565, 13.1177777178, 2327.42839171, 0.346843938436
0.189035133116, 0.837781170723, 80.3246266459, 0.60956508701, 44.6322914819, 45.4180819037, 0.30187538399, 0.852890469136, 16.8376226228, 2118.5078622, 0.375241478136
0.540904206665, 0.858727277572, 88.0287592475, 0.697933856945, 52.0805523062, 12.4974977593, 1.77008553648, 0.181873110003, 6.64741901555, 3043.45520316, 0.183356663061
0.214539770805, 0.874467189828, 92.1586736115, 0.682883051211, 8.57983902651, 11.5181161022, 0.728828953518, 1.05684963849, 14.0002131565, 2798.8352376, 0.194010684055
0.478048436637, 0.858727277572, 88.1405383666, 0.586024865861, 47.6059072669, 11.8646716526, 0.378284712422, 2.23892701478, 10.6962943905, 2883.38114854, 0.192589528008
0.285126491395, 0.858579432969, 80.6663656811, 0.66621623887, 59.7182509017, 5.13251041553, 1.30388617493, 1.65338682236, 14.023833949, 3792.51177964, 0.101135521518
0.169073582673, 0.895369127939, 81.6608248337, 0.642750984394, 50.0414818641, 5.00167378559, 1.32260811622, 1.13684163007, 8.42289639631, 4797.57753611, 0.0326405739108
0.206304100633, 0.904100458396, 85.133293966, 0.684756029204, 52.5823745807, 1.25170532937, 1.64517738259, 0.625879240781, 4.70768856222, 4365.58343678, 0.0457117983339
0.169073582673, 0.895369127939, 81.6608248337, 0.642750984394, 50.0414818641, 5.00167378559, 1.32260811622, 4.41499317843, 8.42289639631, 4149.37226772, 0.0702943808772
0.218175332166, 0.830662273007, 92.7557524052, 0.545847189368, 75.0006346075, 26.782111447, 0.241089458422, 1.50884189246, 11.0892706607, 2667.60398099, 0.23041284235
0.189035133116, 0.837781170723, 80.3246266459, 0.60956508701, 44.6322914819, 45.4180819037, 0.30187538399, 0.852890469136, 16.8376226228, 2593.00637037, 0.242858795363
0.476762819295, 0.84778623602, 89.7321265899, 0.524705185775, 94.3635881285, 19.8304422904, 0.479146962558, 3.89790274512, 3.50496496775, 2540.47821685, 0.302080660214
0.432363756265, 0.843546995551, 83.7540239156, 0.405216231326, 84.6609836883, 29.8129282683, 0.905387909008, 1.6362763603, 19.2764367268, 1982.81867939, 0.426923456513
0.879006217719, 0.963894266578, 80.3246266459, 0.446516709006, 45.6989875475, 45.4180819037, 0.534118888601, 1.6362763603, 8.15007553508, 1953.70858164, 0.562976402698
0.261503136777, 0.862316760164, 83.4867409656, 0.6563085099, 40.8640439101, 35.9335430818, 0.765839423353, 3.87763135396, 6.05439980645, 2322.39404225, 0.411422221688
0.862316671436, 0.822385534326, 87.3755504864, 0.653719551438, 58.5464951273, 24.8476450699, 0.659216159947, 2.91142513179, 6.8492603198, 2433.01442142, 0.380094537474
0.251140354454, 0.918547729273, 80.0747481917, 0.630493629824, 27.1013542109, 14.0624417003, 0.201828141321, 1.85893660903, 19.6640279642, 3101.02137573, 0.187578978256
0.748812761523, 0.868728935727, 80.5182899213, 0.471379103831, 10.0737983304, 4.49370137505, 0.555483866454, 1.6362763603, 6.63782730639, 2991.32061515, 0.206702482546
0.102654321367, 0.972675428451, 88.6487844005, 0.663007058207, 98.8945588937, 33.0196470293, 1.10259615147, 4.41499317843, 10.7601298199, 3935.26850243, 0.183943378663
0.214539770805, 0.874467189828, 90.6614407959, 0.686709651242, 60.6140358697, 11.5181161022, 0.728828953518, 1.05684963849, 14.0002131565, 4114.55629061, 0.134144890972
0.298708997918, 0.95527083625, 91.2956659958, 0.555144652219, 51.4510436755, 1.89205972272, 1.89802343063, 4.67003654212, 14.0202833242, 8451.02263538, 0.0370494355167
0.169073582673, 1.20516269923, 81.6608248337, 0.676441832213, 50.0414818641, 5.00167378559, 1.32260811622, 1.13684163007, 8.42289639631, 17274.5231996, 0.0365843325603
0.114866917796, 0.94016384764, 91.094905622, 0.680477532834, 91.1489806412, 9.63726705342, 1.55662789702, 2.23263471748, 5.91059142361, 6159.56668936, 0.052976229881
0.150908788983, 0.918547729273, 91.094905622, 0.630493629824, 91.1489806412, 6.35285965561, 1.55662789702, 2.23263471748, 5.91059142361, 5009.70166138, 0.0598182817492
0.285126491395, 0.858579432969, 92.7557524052, 0.66621623887, 75.0006346075, 5.13251041553, 1.30388617493, 1.65338682236, 14.023833949, 4150.47296992, 0.125519672578
0.815438230217, 0.880370703004, 94.8226776641, 0.510050481855, 2.87764289216, 1.15595983842, 1.45736567918, 0.677182070074, 16.4669507243, 4293.67072135, 0.106233243789
0.285126491395, 0.858579432969, 80.6663656811, 0.66621623887, 59.7182509017, 5.13251041553, 1.30388617493, 1.65338682236, 14.023833949, 4282.856737, 0.110448107877
0.683011541462, 0.880370703004, 84.955688498, 0.612063154651, 80.9703248674, 2.64520602614, 1.88871908489, 0.677182070074, 10.1794422761, 4430.99192276, 0.0913157900212
0.405811655095, 0.868284578906, 92.4777642992, 0.447212960996, 18.7986645599, 41.7536211664, 0.587073253332, 2.29880673484, 6.22592731991, 2006.28582824, 0.466781750009
0.358074153899, 1.10661830747, 85.133293966, 0.684756029204, 80.7292011298, 1.25170532937, 1.0195991128, 0.625879240781, 2.54780928016, 10293.7925906, 0.0481527813111
0.100785526778, 0.972675428451, 88.6487844005, 0.555144652219, 98.8945588937, 14.0624417003, 1.2151198951, 4.41499317843, 8.11456096781, 7264.66004939, 0.0706708177004
0.862316671436, 0.823065321756, 87.3755504864, 0.625094782643, 58.5464951273, 24.8476450699, 0.534118888601, 3.97979263114, 8.15007553508, 2548.50558316, 0.4001402577
0.114866917796, 0.94016384764, 91.094905622, 0.680477532834, 91.1489806412, 9.63726705342, 1.55662789702, 2.23263471748, 5.91059142361, 5944.46733483, 0.0788648358548
0.476762819295, 0.84778623602, 89.8906084646, 0.412152909392, 94.3635881285, 26.5605855142, 0.479146962558, 3.89790274512, 3.50496496775, 2639.33328698, 0.28871667443
0.62563917478, 0.880370703004, 84.955688498, 0.462374424788, 80.9703248674, 2.64520602614, 1.88871908489, 0.677182070074, 10.1794422761, 4227.1959986, 0.13449744023
0.261503136777, 0.977187790789, 83.4867409656, 0.628153585312, 40.8640439101, 12.5189818295, 0.765839423353, 4.01156946568, 6.38187684801, 3633.49259298, 0.19004279291
0.261503136777, 0.824376353224, 91.3918482791, 0.628153585312, 40.8640439101, 12.5189818295, 0.765839423353, 4.01156946568, 6.38187684801, 3103.5713847, 0.199072061165
0.218175332166, 0.859295253487, 93.6963964187, 0.663330421494, 74.5383427719, 36.8896961665, 0.241089458422, 1.50884189246, 11.0892706607, 2901.1577979, 0.260913399866
0.169073582673, 0.895369127939, 81.6608248337, 0.642750984394, 50.0414818641, 5.00167378559, 1.32260811622, 1.13684163007, 8.42289639631, 4711.23193366, 0.107869857204
0.285126491395, 0.918547729273, 80.6663656811, 0.66621623887, 59.7182509017, 5.13251041553, 1.30388617493, 1.65338682236, 14.023833949, 5060.16969084, 0.10054687304
0.189035133116, 0.837781170723, 80.178574799, 0.60956508701, 44.6322914819, 45.4180819037, 0.30187538399, 0.852890469136, 16.8376226228, 2366.91208672, 0.429353637472
0.862316671436, 0.822385534326, 87.3755504864, 0.625094782643, 58.5464951273, 24.8476450699, 0.534118888601, 3.97979263114, 8.15007553508, 2326.2522831, 0.451922317177
0.862316671436, 0.822385534326, 87.3755504864, 0.625094782643, 58.5464951273, 24.8476450699, 0.534118888601, 3.97979263114, 8.15007553508, 2743.48533829, 0.269988851271
0.871530823842, 0.82652655774, 84.066192802, 0.566066767956, 66.8883419059, 16.7210151561, 0.548139149499, 3.93233193904, 17.6357764703, 2008.24292632, 0.462718905055
