5.2221715835, 1.14249607253, 0.854586525307, 1.1498665659, 1.44329917331, 0.909164004651, 5.03756131394, 0.985440235014, 0.975507018818, 2.95190111083, 7.14188104396, 0.986389967463, 1.7675697971, 0.997078155774, 1.09000040604, 1.08459302703, 1.01201234664, 0.8485370642, 7.1145321202, 1.17531668504, 0.859255218644, 48.9538674757, 1.11333506745, 4.03627693497, 1.10193692848, 4.75838661031, 1.21532756794, 11.9607062902, 159.429744156
3.38702909887, 1.35379932331, 1.01597188849, 1.02192258215, 4.54754199918, 0.903943373346, 4.16952106383, 1.05128158719, 0.944859614999, 4.5975263305, 3.81778929252, 0.814668029394, 2.65131493723, 1.0255199555, 1.09000050708, 1.09566899655, 1.02433130718, 0.992586349973, 8.41724329649, 1.07827536729, 0.976508236823, 84.1645993267, 0.934795420897, 5.63843999095, 1.16605144644, 4.94447233334, 1.07310209179, 11.2011577787, 208.971212639
5.04938018849, 1.23564545864, 0.746199457422, 1.02202980867, 3.40748757864, 0.970001679989, 2.71514298497, 0.862859287721, 0.900630419768, 5.6836331425, 3.14621050964, 0.881633828317, 4.49874200023, 1.104143641, 1.0900002626, 1.00821489014, 1.00113978341, 0.825052394851, 4.29395064677, 0.947467342606, 0.80136759099, 68.694396025, 1.04800107736, 5.96450307032, 0.974196232626, 3.95982746719, 1.0113200016, 15.8626106918, 310.97832496
1.56562917061, 1.07584128277, 1.14360366299, 1.00834667703, 1.55158787211, 0.860649684327, 3.08775097457, 0.975780932945, 0.932713693457, 5.53533307735, 6.32794881248, 0.83453122867, 3.96825938985, 1.1288095598, 1.09000008002, 1.03004190658, 1.0024357083, 0.99908737374, 9.16566327033, 0.958619982102, 0.93453784316, 37.6475345734, 1.00896089512, 3.23640774452, 0.963258103446, 1.89632650577, 1.08339882266, 14.9614133696, 436.983385707
5.6381806641, 1.36820272613, 0.94390312426, 0.953184208439, 3.76791372188, 0.771585447458, 3.85263113442, 1.08039543663, 0.927512605775, 2.46031397223, 6.7537408152, 0.838092496683, 4.00510968108, 1.0739232086, 1.09000035839, 1.04948640135, 1.04693461021, 1.0016923169, 8.85764098645, 0.920430807396, 0.87840563174, 382.037299843, 1.13107355546, 5.01389324983, 1.01603319846, 3.34317134679, 1.13889725341, 13.995229462, 780.974321927
5.5640495085, 1.42365073259, 1.05770788377, 1.04709772029, 4.14819980341, 0.987892098336, 4.10060982997, 0.936112513671, 0.959440713995, 5.96251243081, 2.996271354, 1.0556304377, 1.37557618318, 0.890036799452, 1.09000028403, 1.08193600428, 1.02881570716, 0.920986647249, 9.8883166276, 1.0803124181, 0.915886007302, 166.79907354, 0.919957979309, 3.26464049587, 1.19973461088, 4.1970658973, 1.10721970942, 12.3088195182, 822.50813716
4.63464901283, 1.24422871381, 1.16926747114, 0.928299492938, 2.44369437169, 0.92595291675, 3.85083340576, 0.898913228321, 0.947049928035, 3.69973704085, 3.97513981007, 0.974065138298, 4.43837857096, 1.06817188187, 1.09000070963, 1.07483425507, 1.02453115934, 0.890655051004, 3.30790490449, 0.999061844756, 0.892434364389, 305.883546364, 0.998794556546, 2.89664622917, 1.05666365172, 3.90177241862, 1.04614521718, 14.524119442, 1065.34647111
5.04725932875, 1.20835114227, 1.06851404574, 0.88601533197, 1.62055244614, 0.961701778158, 1.45318284587, 1.081524827, 0.944915247469, 4.7572205611, 6.56218747268, 0.947610911584, 2.09467396574, 1.19521936464, 1.09000055827, 1.08640753049, 1.04552058037, 1.14473112486, 4.75174033329, 1.03943701328, 0.825557201245, 183.028138032, 1.11018832057, 5.61379484949, 0.996278088988, 1.65959186028, 1.11740596913, 24.5715066706, 621.318017719
1.49910536297, 1.00096448557, 1.13569821663, 0.825178320393, 4.62610894095, 0.875274330113, 1.26932881479, 0.850628277106, 0.904301983013, 3.71831926669, 5.4632084784, 0.902039198404, 2.96734524058, 1.00212997291, 1.09000012108, 1.08727597947, 1.03340125462, 1.18279486084, 3.48782823553, 1.05959235407, 0.845347736469, 256.474199692, 1.06075518713, 2.11746867315, 1.20615474308, 1.91977875346, 1.13809394905, 22.9986724874, 665.6820694
3.94085422575, 1.09411819839, 0.838669294758, 1.16165178237, 3.18854740952, 0.946964104107, 4.88600858849, 0.826887701172, 0.970726885174, 2.5549398134, 4.21260558207, 0.884936900363, 1.23290295847, 0.841509367672, 1.09000028778, 1.07401391168, 1.02334560064, 1.00567442368, 5.83756216006, 0.976230870593, 0.907966896435, 240.392253238, 1.02697919206, 4.67419719158, 0.983056278293, 1.76811361033, 1.20510531389, 26.4287431002, 491.032097209
4.62129125343, 1.14964203173, 1.00459387137, 0.83761662899, 3.22383222051, 0.85311495982, 1.62420785387, 0.946421809896, 0.969460994874, 5.32854868393, 5.47984711394, 1.03661266129, 1.52153014322, 0.907004952209, 1.09000008216, 1.09416248597, 1.01707255526, 1.15701126753, 6.28807314245, 1.10992423008, 0.964244363508, 223.775660032, 1.16027552221, 3.49395878773, 1.04682137771, 4.66164053137, 0.935855039207, 15.2445307101, 1312.64766725
1.56562917061, 1.07584128277, 1.14360366299, 1.00834667703, 1.55158787211, 0.860649684327, 3.08775097457, 0.975780932945, 0.932713693457, 5.53533307735, 6.32794881248, 0.825882861758, 3.96825938985, 1.1288095598, 1.09000097878, 1.03004190658, 1.0024357083, 0.99908737374, 9.16566327033, 0.958619982102, 0.93453784316, 37.6475345734, 1.00896089512, 3.23640774452, 0.950733425823, 1.30198788831, 1.08339882266, 17.2765628364, 918.105845137
2.34638819072, 1.15869811866, 0.730355115334, 1.03692249331, 7.04740839357, 0.917977080352, 5.8187419047, 0.902343003348, 0.9147177754, 1.67539435504, 4.24856845383, 1.01663652177, 2.08306393914, 1.02214762556, 1.09000084923, 1.07936739732, 1.03088829556, 0.839875406454, 9.54162402347, 0.993691561121, 0.848027555527, 390.802731802, 1.13118567897, 1.81529052485, 0.961160387478, 4.39835273215, 0.916792198243, 16.6945927177, 2629.41064812
1.80827503055, 1.02782595311, 0.94016282664, 0.893641066718, 5.1097349801, 0.956142622849, 5.46958330804, 0.929453414607, 0.971639846073, 2.38037780795, 7.71628506465, 0.825654938786, 4.84073773111, 0.898384157904, 1.09000009902, 1.08631518356, 1.00159040163, 0.817739605449, 7.55505788002, 1.15029314823, 0.977383673713, 310.598367176, 1.02343360796, 5.30172082824, 1.17745805568, 2.13552733519, 1.19487459386, 24.1919724882, 1194.3845935
1.18758238885, 1.32825131446, 0.82968220807, 0.953852999604, 3.79428643231, 0.728715379231, 2.40916986408, 0.940383531, 0.937002285598, 4.84326718093, 6.68947491413, 0.999695411442, 2.96274025732, 0.92140457614, 1.0900008448, 1.0573553011, 1.04520551328, 0.928923204907, 8.54956287114, 1.03696074285, 0.82480094479, 199.016078228, 1.06065952264, 5.07768211509, 1.14566471589, 3.49191224747, 1.21952818827, 17.7423620743, 1761.07943077
5.95217706814, 1.00021802129, 1.12563366511, 0.953120526537, 2.77697160962, 0.789059026552, 3.05622147194, 0.961526454167, 0.976348763974, 2.33146893525, 1.6778200269, 1.05868068729, 4.39899878235, 0.975101200279, 1.09000082776, 1.05169526356, 1.03303757069, 0.851282243718, 4.92124782769, 1.1771369189, 0.99441484828, 19.3730982032, 1.11658207196, 2.71173453813, 1.11541156596, 4.89710772257, 1.21124115717, 28.2143662675, 999.578949756
5.83046184867, 1.12332420992, 1.09104710175, 1.09636868196, 6.62906051539, 0.874182642302, 3.16493365715, 0.895974091412, 0.938957856883, 2.45302050281, 3.03533283978, 0.853419970696, 4.34763801798, 0.891987737521, 1.09000046625, 1.02759329706, 1.04199000782, 1.17795408583, 9.55098877943, 1.12920508138, 0.830765347872, 235.204234506, 1.04378228854, 2.30325921873, 1.03010049523, 4.00653108265, 1.20729545031, 20.397988531, 1828.2457419
3.36321902562, 1.16823352471, 0.767872973047, 0.948895531445, 3.34970458755, 0.938440420508, 5.84342797411, 0.903510082253, 0.984499753146, 1.56498548973, 3.67104635622, 0.997468490272, 4.80703389378, 1.23755957207, 1.09000088461, 1.05844804413, 1.03535822621, 0.996421235942, 3.46275844351, 1.11937565695, 0.855395100033, 184.016912756, 1.01248413696, 3.27220790718, 1.03510010037, 4.00202912846, 1.00686739528, 18.9994661827, 10057.5779126
2.2808041265, 1.25182437303, 0.861317386782, 0.841180238729, 3.13155881679, 0.786303960067, 2.7790420679, 0.960090751814, 0.983571839009, 2.47178224311, 3.02062188812, 0.93317452859, 1.55628640142, 1.21985123592, 1.09000058251, 1.10619364031, 1.04942099158, 0.829721790865, 8.27411156762, 1.03696074285, 0.844015304596, 85.8291185109, 0.93998245532, 1.10012914136, 1.00969625336, 3.54329225092, 1.21682222689, 19.0989722313, 3810.77637343
4.10531422483, 1.07403402611, 1.119750238, 0.849207411939, 4.3913059552, 0.899613771214, 4.20137527524, 1.08145747037, 0.990215565567, 1.94196214686, 4.01285699193, 1.05034891785, 1.2089203859, 1.06467648102, 1.09000033141, 1.07873639982, 1.01905645725, 0.881460768117, 6.06927619582, 0.912099467765, 0.990586633547, 267.465347188, 1.13366008633, 3.80902894255, 1.07003555245, 1.33254474819, 1.18136401496, 28.1424553149, 1283.45290365
2.35281206747, 1.35611270016, 0.872647866912, 0.956528845762, 1.6295811244, 0.878594542763, 4.27023501819, 1.02803329369, 0.925441667754, 2.61840427532, 4.24415463565, 0.974559478042, 2.78150954643, 0.851598180476, 1.09000064868, 1.0161340236, 1.00219391887, 1.1439542635, 9.03597330808, 1.04790763473, 0.968963583278, 24.0503604578, 0.975892477669, 2.48263671645, 1.05395492477, 3.89756584483, 1.05149983101, 25.8316366814, 1324.15607709
5.75296735755, 1.30614430044, 0.946448591808, 1.05359189324, 2.41667751081, 0.722894555119, 5.77150287832, 0.828202124616, 0.939316492492, 3.48354754774, 5.57805740735, 0.978162730987, 3.05215937772, 1.25680865887, 1.09000044862, 1.05702218841, 1.01224701613, 0.933716080388, 9.77210101046, 1.12189612584, 0.82565702347, 305.354814489, 0.978056363298, 1.60932508148, 1.06727153618, 1.19016421612, 1.16008581205, 20.0255031426, 3961.96181186
1.84607636395, 1.34594886327, 0.964026231437, 1.1026667683, 3.39987962827, 0.869428029765, 5.76991444802, 0.988255042465, 0.918698715446, 1.39830524061, 3.76703190376, 0.820438032428, 3.74094613168, 1.26039655895, 1.09000092307, 1.01735340534, 1.02998956777, 0.920986647249, 5.70418422868, 0.969636878732, 0.950314973933, 104.066026825, 1.05634334152, 3.69628398233, 1.11061910813, 2.41641701392, 0.940826889985, 23.0849985757, 1838.47294227
5.09101929352, 1.42980328729, 0.956910500699, 0.969386684806, 3.17917079601, 0.817370263624, 1.17681688196, 0.936732738212, 0.910325814677, 6.10557149071, 7.30552749798, 1.07021864985, 4.31075095, 0.930973045198, 1.09000010955, 1.01419408153, 1.04627132354, 1.05333719604, 7.08255005788, 0.935673821056, 0.773126729646, 186.461664929, 1.15094871891, 4.0198226335, 1.04666126531, 2.75196299552, 1.20401568269, 20.9020994888, 3050.67350794
5.5640495085, 1.42365073259, 1.05770788377, 1.04709772029, 4.14819980341, 0.987892098336, 4.10060982997, 0.936112513671, 0.959440713995, 3.01090829008, 2.996271354, 0.99228960952, 1.37557618318, 0.890036799452, 1.09000028403, 1.08193600428, 1.02881570716, 0.894110508543, 9.8883166276, 1.0803124181, 0.915886007302, 166.79907354, 0.919957979309, 3.26464049587, 1.19973461088, 4.1970658973, 1.10721970942, 20.3964060213, 5021.44932665
5.75296735755, 1.27654382429, 0.880264137525, 1.05359189324, 2.41667751081, 0.722894555119, 5.77150287832, 0.828202124616, 0.939316492492, 3.48354754774, 5.57805740735, 0.978162730987, 2.57648241115, 1.26155561966, 1.0900004907, 1.00258969124, 1.01224701613, 0.933716080388, 9.64341118322, 0.980597703208, 0.82565702347, 305.354814489, 0.978056363298, 1.60932508148, 1.06727153618, 1.2245669857, 1.16008581205, 20.2109638217, 8078.23354256
3.44357457757, 1.28446188336, 0.754933874121, 0.832996149439, 2.75317818034, 0.918812487369, 5.12471580281, 1.03469254904, 0.969570782194, 5.35006861737, 5.28009262239, 0.935717297994, 1.98510509132, 1.17915346558, 1.09000001123, 1.05818596469, 1.04029153075, 1.17566070039, 7.46753776022, 0.911605424067, 0.797065376209, 380.730624257, 0.989249148544, 3.08205637541, 1.16578647803, 3.95181681908, 0.992166741179, 23.8788909161, 2562.96962801
2.4887090085, 1.25518319805, 1.16602923824, 1.06705912632, 6.91916168179, 0.986460858955, 4.92648132547, 0.876712097345, 0.998359034627, 5.43652283243, 4.79473128821, 1.01019024724, 1.35954977147, 1.0923652005, 1.09000085392, 1.07280515854, 1.00834035322, 1.00235523021, 6.28743718113, 0.974507759328, 0.983026915966, 11.8735892805, 1.01954416575, 1.30693392159, 1.10956682438, 4.72021133297, 0.923066517987, 23.1407741363, 2906.01756299
1.11003578373, 1.41132761622, 0.875178314421, 0.942154193548, 6.00488600926, 0.979568160524, 2.62254679132, 1.09966645834, 0.97617724261, 3.62202552242, 2.52487053506, 0.900661134234, 2.90238548969, 1.15422133342, 1.09000059187, 1.09255500885, 1.01410530415, 0.859231690473, 4.98325305186, 1.03536677858, 0.824051369557, 25.6301604815, 1.14894957592, 1.81797875574, 1.17932470758, 4.0970049908, 0.989444076721, 20.5705230343, 5351.89733485
3.38702909887, 1.35379932331, 1.01597188849, 1.02192258215, 4.54754199918, 0.827333782749, 4.16952106383, 1.05128158719, 0.944859614999, 2.01893814824, 2.24162831086, 0.814668029394, 2.65131493723, 1.0255199555, 1.09000050708, 1.09566899655, 1.02433130718, 0.992586349973, 8.41724329649, 1.07827536729, 0.976508236823, 84.1645993267, 0.934795420897, 5.63843999095, 1.16605144644, 4.94447233334, 1.07310209179, 21.5508368913, 4671.51313061
4.46796632382, 1.12580095189, 0.961649492081, 1.10928083002, 6.67072902478, 0.913956528939, 5.67812431814, 0.914379881619, 0.945932175908, 5.5077844114, 3.00458304801, 0.841383137851, 4.44059747116, 1.03147479, 1.09000063735, 1.10827056752, 1.00283932408, 1.22082440262, 9.95968386696, 0.920198208975, 0.984929531964, 183.099141798, 0.984405799237, 1.76047518168, 0.996060015595, 1.19689010725, 0.984351067464, 33.6641678495, 1366.05687304
4.86904583732, 1.2103490636, 0.93623524269, 1.10801412128, 6.3613678587, 0.810485617666, 1.03691014649, 1.03772966585, 0.901319342929, 2.97259752404, 2.02163802622, 0.886676668863, 4.93846205674, 1.11584931988, 1.0900007871, 1.07645809544, 1.0392600398, 0.955472785386, 6.0040494672, 0.923983614645, 0.777275102931, 70.326661487, 1.19058841619, 1.93257082903, 0.997927681232, 4.40552764097, 1.22654917703, 22.9516796545, 4968.25413024
4.33345617606, 1.35603697681, 0.763126586094, 0.872544890569, 5.05397803494, 0.842858793492, 2.73905933524, 0.930267965677, 0.979675200116, 1.59378375675, 5.27332430759, 0.910396349996, 4.16300157453, 0.937395349386, 1.09000014097, 1.05966839679, 1.04917922361, 1.10230460163, 6.73736303599, 1.0921181102, 0.959025799106, 283.053144107, 1.18718477963, 3.93941847047, 1.06051751468, 5.36839228929, 0.970807354054, 27.2326763435, 2354.63741556
5.04725932875, 1.20835114227, 1.06851404574, 0.88601533197, 1.62055244614, 0.961701778158, 1.45318284587, 1.09246026923, 0.944915247469, 4.7572205611, 6.56218747268, 0.947610911584, 2.09467396574, 1.19521936464, 1.09000055827, 1.08640753049, 1.04552058037, 1.14473112486, 4.24586824942, 1.03943701328, 0.825557201245, 183.028138032, 1.11018832057, 5.61379484949, 0.996278088988, 1.65959186028, 1.11740596913, 22.0525916319, 7882.71652537
1.49910536297, 1.00096448557, 1.13569821663, 0.825178320393, 4.62610894095, 0.876527036615, 1.26932881479, 0.850628277106, 0.904301983013, 3.71831926669, 6.82741230058, 0.902039198404, 2.96734524058, 1.00212997291, 1.09000012108, 1.08727597947, 1.03340125462, 1.18279486084, 3.48782823553, 1.05959235407, 0.845347736469, 256.474199692, 1.06075518713, 2.11746867315, 1.20615474308, 1.91977875346, 1.05144822877, 21.1235404312, 32350.3616714
5.075042298, 1.28407626408, 0.913635888461, 1.05053917502, 3.25333860192, 0.876501419477, 5.66193013756, 0.848753462779, 0.933687124269, 1.56852560113, 5.32126730862, 0.967639403079, 3.94163177389, 1.00774148727, 1.09000091189, 1.08319744598, 1.04777810128, 0.810132712585, 8.83630838363, 1.01451329508, 0.859275416756, 311.676812096, 1.01645826065, 3.53785103025, 1.07365185355, 4.17194054075, 1.20052294184, 33.5130699892, 2196.04867771
1.07770437825, 1.29206036683, 0.734483665525, 0.923519659462, 4.4400514882, 0.956704253622, 5.84436278286, 1.05632225301, 0.969871169889, 1.28825971135, 7.06290431621, 0.837503218817, 4.79295236069, 1.27746670368, 1.09000023916, 1.00527891461, 1.00644555994, 0.832206165362, 9.92438830087, 1.18165388474, 0.789559187193, 207.547635444, 0.972203339334, 2.98394099177, 1.10860916435, 2.01404869898, 1.25483994288, 25.1093010804, 3429.77498183
1.4149321839, 1.17122236123, 0.990212415095, 0.907489494318, 2.66834088933, 0.949492559441, 3.81665682328, 1.07665680604, 0.936843893991, 4.96221085773, 6.20598379318, 0.821227367158, 2.95814757661, 1.00423491416, 1.09000059986, 1.0239234385, 1.02519234639, 0.827831588301, 4.04351100874, 0.991449907769, 0.976678828593, 358.753493069, 0.929320765911, 5.65411365959, 1.0649862564, 4.98925106385, 1.09872738851, 31.4497274362, 2369.10142808
5.77845285782, 1.40455761312, 0.842544219658, 0.944034657512, 5.05724004679, 0.890455814369, 2.02839198584, 1.08017241807, 0.936544973553, 3.45140041392, 5.36200068989, 0.837336171254, 4.26444802958, 1.16635905918, 1.090000792, 1.04448814839, 1.04850952249, 0.992167520155, 3.97270801784, 1.05728456931, 0.87649761441, 329.075705237, 1.16155054001, 3.63069431008, 1.123695732, 3.00684119666, 1.00888241127, 22.2443070938, 14345.0323764
1.69757770189, 1.28310094215, 0.906868838859, 0.932119430654, 2.40914157719, 0.990804388387, 4.53280629052, 0.9361041321, 0.994003237673, 5.90911872364, 5.18251776586, 0.957764614875, 4.93588099292, 0.931249325298, 1.09000099265, 1.04961843839, 1.02385699947, 1.14577164841, 3.83505434401, 0.997798418058, 0.79910268162, 64.3406569469, 0.915246608667, 4.11454783516, 1.20334486402, 4.28353162833, 0.877528605312, 22.903909727, 16043.7780588
1.00177966554, 1.39184586935, 0.88580833107, 0.80785305851, 2.78583526115, 0.902333135849, 1.73286800504, 1.00166857179, 0.99076220379, 5.08461553851, 1.91118298779, 0.831785673509, 3.51950527298, 1.15832692519, 1.09000073279, 1.03352067741, 1.0476723453, 0.978924493489, 3.42433048769, 1.07848013111, 0.839906504073, 34.6389854004, 1.08339659124, 4.9742329306, 1.19851443286, 4.44894643983, 1.09586093718, 23.382274134, 6354.72312984
5.53685978386, 1.32709099912, 1.07607158653, 0.887422877027, 6.5019980841, 0.905291218473, 2.04731226635, 1.04819144236, 0.911205347599, 3.03787708211, 1.92173380062, 0.848829484448, 3.75664964812, 0.8105127924, 1.09000045003, 1.04337295482, 1.0303362763, 0.96912785053, 8.55060338869, 1.09467497255, 0.956659470819, 295.626466991, 1.0158554105, 3.55675677988, 1.02477244501, 4.128383688, 1.20807326276, 31.3220063593, 2977.72817495
5.34970687759, 1.10147066182, 0.731788109391, 0.898916269355, 5.94053085272, 0.807589482204, 1.07850984531, 0.981221264184, 0.936083471842, 2.2294521922, 2.73429235952, 1.02350927683, 1.61930139466, 1.10449795814, 1.09000061148, 1.03190079851, 1.00608130935, 0.925093397379, 7.73413451013, 1.16507266848, 0.968424189833, 222.677407834, 0.980518810122, 3.12312530424, 1.09188699503, 3.53860941102, 1.12037155067, 33.1972970488, 2920.52336637
2.06248389792, 1.03515789699, 1.00240832517, 1.06485733572, 6.35399129758, 0.834949712103, 3.15222203045, 0.970465286179, 0.951371879688, 3.00269358973, 6.22495129222, 1.0770791605, 3.30312768952, 1.26104359909, 1.09000024633, 1.1056960692, 1.03627071499, 1.14983125425, 4.43226343037, 1.09417731565, 0.946649314598, 374.04445167, 1.00886382626, 2.98141508338, 1.20362707062, 3.52111123658, 1.26766545931, 24.0462546893, 6779.96161932
4.26647464812, 1.21931467387, 0.913884751019, 0.951913205165, 3.80159641065, 0.796414217389, 2.99786981061, 0.9800717744, 0.904376841178, 4.31162804418, 7.64936375056, 0.956415967412, 3.06604517105, 0.895447980566, 1.09000099312, 1.01762375706, 1.04691165083, 0.901122495921, 4.23912244557, 1.00611983762, 0.912504557749, 330.42806536, 1.00472677349, 2.31042429035, 1.15933228115, 4.74458142002, 1.25481469333, 38.1449887017, 2656.72346307
5.75688951426, 1.38425246816, 1.09579418461, 0.843855579534, 5.70355925616, 0.822974476696, 1.36846934417, 0.982924537963, 0.970159299361, 5.1018490525, 6.93304274659, 0.821157462971, 3.5164410492, 1.18806765738, 1.0900000349, 1.09538559582, 1.01910663508, 0.844123883192, 8.50848242864, 0.999732341058, 0.811965487955, 82.4301647413, 1.12469896661, 1.39328188747, 1.14350778089, 1.3876165921, 1.03639007702, 26.4855311731, 4242.35411627
1.25315464467, 1.32621599904, 1.02838880719, 1.12606153829, 2.79112693772, 0.899624061948, 3.54616873776, 0.870352467671, 0.926270781348, 4.34386057601, 2.12575026332, 1.02082859988, 1.42966695748, 0.912359072428, 1.09000006946, 1.05862406396, 1.04201817178, 0.928979539197, 5.67674264671, 1.03625858272, 0.931751175894, 306.939006329, 0.917268433794, 1.98111416385, 1.11971966399, 3.4769868057, 1.25961747193, 23.5626850955, 9764.39790923
5.53685978386, 1.32709099912, 1.07607158653, 0.887422877027, 6.5019980841, 0.905291218473, 2.04731226635, 1.04819144236, 0.911205347599, 3.03787708211, 1.92173380062, 0.848829484448, 3.75664964812, 0.8105127924, 1.09000045003, 1.04337295482, 1.0303362763, 0.96912785053, 8.55060338869, 1.09467497255, 0.956659470819, 295.626466991, 1.0158554105, 3.55675677988, 1.02477244501, 4.128383688, 1.20807326276, 27.3665516572, 4143.32990949
1.94730823871, 1.32149845989, 0.945369792809, 0.812129788352, 6.69982128505, 0.786961297246, 5.22197061851, 1.01900221664, 0.967065653328, 6.02006539235, 3.88432665716, 0.966520807013, 3.09206759021, 1.15907901765, 1.09000025557, 1.02007358006, 1.03913236812, 0.910144324531, 9.45548894166, 1.06186158583, 0.843466222396, 275.816027832, 1.05658758879, 3.58434585649, 1.09303745308, 3.70755311496, 1.12777563397, 30.3711166975, 3905.4254804
5.25152869909, 1.28493100756, 0.809386460257, 0.931885285759, 4.62629457245, 0.926480007916, 2.65214939086, 0.822529331321, 0.987952116504, 3.07200707191, 4.89974997689, 0.812932131672, 4.11633957118, 1.17916629413, 1.09000071357, 1.04697534121, 1.01333858256, 1.22622752031, 8.20705836883, 1.11309833519, 0.985722838584, 49.3966426691, 1.02727065152, 4.53984436985, 1.00602553558, 4.5553070585, 1.00351404534, 25.4308389501, 5385.7245999
2.52473998884, 1.34510666816, 1.06920559391, 0.922187314085, 5.68391961969, 0.803725363291, 4.03379227603, 1.05812839786, 0.966436839734, 4.69754199754, 6.75154479183, 1.0678851737, 1.31032128506, 1.14678209582, 1.09000095429, 1.03043440779, 1.0340100067, 1.03395448749, 4.83357832171, 1.18672232656, 0.961741050007, 253.686042366, 1.12773381348, 4.30194968375, 1.06183061326, 4.29080581498, 1.09640629693, 50.6119896877, 3020.78137736
1.25315464467, 1.32621599904, 1.02838880719, 1.12606153829, 2.79112693772, 0.899624061948, 3.54616873776, 0.870352467671, 0.926162553692, 4.34386057601, 1.63788331653, 1.02082859988, 1.08773192709, 0.912359072428, 1.09000006946, 1.05862406396, 1.04201817178, 0.928979539197, 4.33326741926, 1.03777576815, 0.931751175894, 306.939006329, 1.01140188942, 1.98111416385, 1.11971966399, 3.4769868057, 1.25961747193, 28.3117416197, 4036.80070568
2.06248389792, 1.03515789699, 1.05254256383, 1.06485733572, 6.35399129758, 0.926706232687, 2.02839198584, 0.86493652765, 0.936544973553, 3.00269358973, 6.22495129222, 1.0770791605, 3.30312768952, 1.26104359909, 1.09000024633, 1.0689995923, 1.03627071499, 1.14983125425, 4.43226343037, 1.09417731565, 0.946649314598, 374.04445167, 1.00886382626, 2.98141508338, 1.2105917223, 3.00684119666, 1.26766545931, 24.1360926093, 12238.311238
2.34638819072, 1.15869811866, 0.730355115334, 1.03692249331, 7.04740839357, 0.917977080352, 5.67945171798, 0.902343003348, 0.9147177754, 1.67539435504, 4.24856845383, 1.01663652177, 2.08306393914, 1.02214762556, 1.09000084923, 1.07936739732, 1.03088829556, 0.839875406454, 9.39378438018, 0.993691561121, 0.848027555527, 390.349935041, 1.11264968471, 1.81529052485, 0.961160387478, 4.39835273215, 0.916792198243, 25.1940938997, 7050.17339863
4.10531422483, 1.07403402611, 1.119750238, 0.849207411939, 4.3913059552, 0.899613771214, 4.20137527524, 1.08145747037, 0.990215565567, 2.29694252065, 4.01285699193, 1.05034891785, 1.92513389164, 1.06467648102, 1.09000033141, 1.07873639982, 1.01905645725, 0.881460768117, 6.06927619582, 0.912099467765, 0.792624552666, 267.465347188, 1.18758989007, 2.77330441099, 1.07003555245, 1.33254474819, 1.18136401496, 26.1440373414, 5454.00833859
3.23647648277, 1.29932016703, 1.1395811459, 1.16102285611, 6.60316387863, 0.896518140057, 1.04458363297, 1.07767730838, 0.945107920292, 3.8588400298, 2.35680307312, 1.01367121527, 4.10781906829, 0.811326865911, 1.090000585, 1.0304080469, 1.02232163486, 0.85334005259, 6.75911226778, 0.922364062586, 0.93363355008, 210.375514027, 1.1339719198, 3.3328728261, 0.987140730518, 1.92223312927, 1.11323347239, 45.3487256762, 3298.18141212
3.06741694563, 1.07743027053, 1.01571935573, 0.854474975404, 3.26711449169, 0.757072503204, 4.52949714517, 0.833960557765, 0.9955446805, 2.31157976101, 7.64936368891, 0.849717040659, 1.75002808595, 0.937503445031, 1.09000011357, 1.02872991867, 1.00677181328, 1.0745819449, 4.22017516128, 1.00507152952, 0.918440019422, 193.166911808, 0.992486521521, 1.22730412495, 1.2124941703, 4.40552764097, 1.08512958338, 33.0744138511, 3929.39211416
5.23161018875, 1.3944822517, 0.931715003417, 1.00793383067, 5.02543531348, 0.951267084675, 1.85655972377, 1.02519220378, 0.937374852506, 4.95480855681, 7.43548220676, 1.09737789203, 2.38947812646, 0.981463097956, 1.0900004584, 1.04345030148, 1.01196976038, 0.901249985183, 8.94913670082, 1.18791815793, 0.973792934494, 28.5333583509, 0.912211554891, 4.47480298692, 1.14545757033, 4.12760510309, 1.29789947233, 24.6613147032, 8535.0129548
1.16475065652, 1.35484921102, 0.803093410966, 0.910275126584, 4.20708732051, 0.964836392815, 5.05996872748, 0.989707727843, 0.904801070432, 2.3066655386, 7.50950070853, 1.01883198898, 1.30574462997, 0.967804091618, 1.09000029866, 1.10690688387, 1.02033493886, 0.998376105651, 3.2688347017, 1.00694679607, 0.905393786185, 182.586898647, 1.198180877, 4.45955767812, 0.993828350048, 4.6616864458, 1.01575557818, 35.775041193, 3626.04079041
3.94085422575, 1.09411819839, 0.838669294758, 1.16165178237, 3.18854740952, 0.946964104107, 2.51915497937, 0.826887701172, 0.970726885174, 2.5549398134, 4.21260558207, 0.884936900363, 1.23290295847, 0.841509367672, 1.09000028778, 1.07401391168, 1.02334560064, 1.00567442368, 5.83756216006, 0.976230870593, 0.907966896435, 240.392253238, 1.02697919206, 4.67419719158, 0.983056278293, 1.76811361033, 1.20510531389, 29.2196279237, 4207.90266865
2.22685533384, 1.15227159357, 1.10135144286, 0.875001253138, 3.07120213416, 0.76186132449, 5.86161155384, 0.980369870189, 0.939277408407, 4.17126076515, 3.5599418392, 0.993141781952, 1.46105843282, 1.22520159163, 1.09000052643, 1.03008844262, 1.02205404882, 1.20776828414, 3.53698375321, 1.16986549304, 0.902279313504, 103.357635384, 1.16817505398, 1.68487403872, 1.05051529585, 1.9809215958, 1.12518610903, 36.4582871917, 3685.85448765
4.87142799601, 1.37290826515, 1.10679247444, 1.19357126128, 5.01786336787, 0.983762500553, 3.09744702136, 1.06264478182, 0.943890205369, 2.98349305456, 4.2484165616, 0.872043317444, 4.65933015481, 1.12481199778, 1.09000069884, 1.03159781413, 1.00942196315, 1.20564762931, 5.57234202079, 1.09104367966, 0.935116862307, 355.792850619, 1.11642705091, 3.88072190628, 1.18162053237, 1.15314267081, 1.28518832496, 28.0264524173, 5312.5726021
2.01910379005, 1.39873471801, 0.885810611459, 1.14948112656, 3.96516592185, 0.950477116014, 3.63806833412, 0.958994283752, 0.910397000056, 4.92993671545, 5.80898753719, 0.82037581033, 3.0488942706, 0.814530246854, 1.09000054088, 1.03840803336, 1.04694107422, 0.83696718859, 9.06756477384, 0.981960235104, 0.894671272231, 218.507421201, 0.913708457962, 4.52202955758, 0.969633067831, 2.55327864202, 1.20882626824, 27.3067038208, 5442.86190324
1.36176767691, 1.09631537072, 0.996153783187, 0.976800316295, 3.92681726038, 0.816144432668, 5.17801601769, 0.980632971181, 0.990389653873, 5.11829059499, 2.7560069025, 0.906717235947, 2.64097507225, 0.814632057277, 1.09000043859, 1.07300117016, 1.04094981409, 1.06689874454, 4.39987362609, 1.15616785311, 0.932201566467, 22.4924011945, 0.973145711821, 3.44393900367, 0.96971755227, 3.11220821445, 1.13129628974, 27.2331314437, 6197.6624964
1.91495878601, 1.04132671579, 1.08700516247, 0.92245177844, 2.82036029491, 0.739793874014, 5.33374920827, 0.822117839953, 0.917313320215, 2.44858928937, 6.26637854857, 0.841661998264, 4.88741284395, 1.25510680289, 1.09000049002, 1.03208017658, 1.01471033556, 1.1807436276, 6.90472737431, 1.14243751137, 0.901868619885, 52.5473631807, 1.14136091621, 5.1542478209, 1.11176670373, 3.58273173933, 1.27123458515, 25.7831977287, 9290.43351312
4.46796632382, 1.12580095189, 0.961649492081, 1.10928083002, 6.67072902478, 0.913956528939, 5.67812431814, 0.914379881619, 0.945932175908, 5.5077844114, 3.00458304801, 1.00378713829, 4.44059747116, 1.03147479, 1.09000063735, 1.10827056752, 1.00283932408, 1.22082440262, 9.95968386696, 0.920198208975, 0.984929531964, 183.099141798, 0.984405799237, 1.76047518168, 0.996060015595, 1.19689010725, 0.984351067464, 27.5812553323, 5509.39004965
5.32101524, 1.26977889282, 1.0253485512, 1.16249278436, 5.24329735844, 0.984269112409, 1.97385280191, 1.05930254161, 0.915574936297, 3.41589657545, 5.07042044131, 0.905407997704, 2.73194260904, 0.960749460238, 1.09000037148, 1.03293827356, 1.02662958134, 0.970349641354, 4.96360356704, 0.984813396596, 0.869246536369, 378.272977057, 1.10694810918, 5.45276957307, 0.974674913436, 2.67816945136, 1.1524933109, 36.5068219945, 4596.50648824
1.36176767691, 1.02420990565, 0.996153783187, 0.976800316295, 3.92681726038, 0.816144432668, 5.17801601769, 0.980632971181, 0.990389653873, 5.11829059499, 2.7560069025, 0.906717235947, 2.64097507225, 0.813807452641, 1.09000043859, 1.07300117016, 1.04094981409, 1.06689874454, 4.39987362609, 1.15616785311, 0.919481027743, 22.4924011945, 0.973145711821, 3.44393900367, 0.96971755227, 3.11220821445, 1.27762134461, 26.1304470092, 36199.279116
2.31928588351, 1.42659247857, 0.969917156422, 1.19529676645, 4.18317098231, 0.759164338787, 1.18489513894, 1.07858092635, 0.920812431555, 5.03559567304, 2.1542905476, 1.01063927022, 2.43645563075, 1.03034755055, 1.09000024666, 1.0378908111, 1.0196987783, 1.05011173049, 6.84536511064, 0.921322076967, 0.982629406982, 234.659115469, 1.08942861458, 1.6100411609, 0.999652843712, 1.87306441603, 1.12123563625, 28.0697315872, 7003.11465086
5.64439670923, 1.03641627614, 0.785922823696, 0.846965037748, 3.94217712828, 0.817740220976, 5.37653745405, 0.987644154123, 0.96648869836, 3.76494484847, 5.35125408492, 0.957102652252, 4.93577422192, 1.17476287039, 1.09000034614, 1.01834369782, 1.00741279849, 1.13609232976, 7.99759733023, 1.15171562191, 0.950197951827, 375.33098992, 1.01293745955, 2.24782413912, 1.05215461118, 1.77420107618, 1.01583502661, 45.0982282466, 4687.65549307
5.65733191057, 1.36360875604, 1.1089622317, 0.912473553242, 6.55706840517, 0.961359070621, 1.97127514529, 0.831125634291, 0.959581683857, 1.70880216359, 6.19818529402, 0.931116038953, 1.65549683993, 0.919465486045, 1.09000058629, 1.09835595832, 1.04325900278, 1.20430947811, 7.63568825681, 1.13898901805, 0.986030847735, 181.368377665, 1.0196828937, 1.73396277255, 1.05170569577, 4.36242044714, 0.976374068809, 26.4708638938, 49084.6566763
2.31928588351, 1.42659247857, 0.969917156422, 0.948895531445, 4.18317098231, 0.938440420508, 1.18489513894, 1.07858092635, 0.920812431555, 3.13538586724, 2.1542905476, 1.01063927022, 2.43645563075, 1.03034755055, 1.09000024666, 1.04605468874, 1.03535822621, 1.05011173049, 6.84536511064, 0.921322076967, 0.982629406982, 234.659115469, 1.01248413696, 1.6100411609, 0.999652843712, 1.87306441603, 1.12123563625, 45.6278944555, 4907.65465197
2.35281206747, 1.39873471801, 0.885810611459, 1.00265574453, 3.96516592185, 0.950477116014, 3.63806833412, 0.958994283752, 0.910397000056, 4.92993671545, 5.80898753719, 0.82037581033, 3.0488942706, 0.851598180476, 1.09000077309, 1.03840803336, 1.04152681551, 0.83696718859, 9.06756477384, 0.981960235104, 0.894671272231, 218.507421201, 0.913708457962, 4.52202955758, 0.953999927776, 2.55327864202, 1.20882626824, 26.5944694497, 59796.4366036
3.51859297539, 1.0424293957, 0.93218083952, 1.05040175483, 5.41792810588, 0.756050567949, 4.73813871989, 1.08087138446, 0.948261161241, 3.9319974666, 2.31088888679, 0.963287721975, 3.56972536775, 1.14124210583, 1.09000094833, 1.03208017658, 1.01559995682, 0.912450770011, 7.28485765856, 1.17946271714, 0.767541387509, 316.434253944, 1.11927192926, 1.99829874038, 1.18659216899, 2.40994469791, 1.12972906403, 27.3334098112, 10804.2488919
5.37402635107, 1.19965079609, 0.858013667117, 1.09274440197, 6.48439561109, 0.922419178405, 1.05855888363, 0.965554356933, 0.972006815619, 4.09457080871, 1.57076668162, 0.924246295016, 1.4913081625, 1.26155561966, 1.09000075216, 1.00258969124, 1.01105703656, 0.894595315573, 4.21709530295, 1.04145069299, 0.965892461297, 288.843920388, 0.992926871274, 4.14812503532, 1.18294175773, 4.5288497592, 0.918728225297, 29.4834138123, 7268.34751705
5.95002633175, 1.36820272613, 0.94390312426, 0.953184208439, 3.76791372188, 0.771585447458, 3.85263113442, 1.08039543663, 0.927512605775, 2.46031397223, 6.7537408152, 0.838092496683, 4.00510968108, 0.951946558137, 1.09000035839, 1.04948640135, 1.04693461021, 0.86556677166, 8.85764098645, 0.920430807396, 0.87840563174, 382.037299843, 1.13107355546, 5.01389324983, 1.02342274756, 3.34317134679, 1.13889725341, 28.6066258484, 7933.03130862
3.88389709129, 1.14362425845, 0.878359601021, 1.0824465705, 1.76195626398, 0.90341696013, 2.94585622424, 0.848052528155, 0.987951872475, 4.95332786074, 7.42505661008, 0.967414187308, 3.6200389417, 1.26900375443, 1.09000022383, 1.00702010734, 1.03282622977, 1.22901302356, 7.82696395422, 1.02102465123, 0.827058930708, 14.8028534449, 1.10785032979, 5.3327702578, 1.07962298137, 1.8720965458, 1.23582300987, 33.8982159042, 5955.67388535
1.18758238885, 1.32825131446, 0.82968220807, 0.897004378917, 3.79428643231, 0.78083978765, 2.40916986408, 0.940383531, 0.937002285598, 4.84326718093, 6.68947491413, 0.911546210033, 2.96274025732, 0.92140457614, 1.0900008448, 1.0573553011, 1.04520551328, 0.928923204907, 8.54956287114, 0.911736910824, 0.82480094479, 199.016078228, 1.06065952264, 5.07768211509, 1.14566471589, 3.49191224747, 1.21952818827, 27.5358051453, 16792.77233
1.46113383797, 1.42007917019, 0.909640819904, 0.921490932803, 6.76960593152, 0.73275985667, 3.70106330907, 1.02059432184, 0.965905816752, 2.24595842702, 2.02266057343, 0.887731818044, 2.16732731176, 0.910309668791, 1.09000011508, 1.01973415317, 1.04747793568, 0.824148682859, 8.98743847922, 0.958507823258, 0.882605773662, 225.755601312, 0.938336712161, 1.02671604094, 1.08720798589, 3.9935220648, 1.03964829261, 27.8924490925, 16645.0517249
1.3134678465, 1.11655168365, 1.07500920726, 0.95287769494, 4.86161529682, 0.762565707472, 4.51767279323, 0.982872700455, 0.935641536263, 3.26039813886, 3.40973251839, 1.02316015661, 1.35954977147, 1.27129774256, 1.09000020262, 1.05259275544, 1.01283670823, 1.14837659751, 4.16741591216, 1.14733584156, 0.801660859965, 22.2695436086, 1.02554356716, 3.32409365248, 1.14081051199, 4.99280605429, 1.07134633041, 27.661983179, 18276.2175567
1.73002391691, 1.00279106101, 1.10208703268, 1.0303291115, 1.65318971531, 0.807394658236, 4.22329394539, 1.08297438324, 0.97620651855, 2.92270345458, 3.66461910849, 1.09986794744, 3.58900890937, 1.22787233662, 1.09000072566, 1.02611957074, 1.03321138685, 0.87250276296, 3.29317831095, 1.14932558708, 0.850192697216, 77.4790522427, 1.02949798289, 2.44065252191, 1.19653416435, 4.45363559952, 1.04614521718, 34.0198066769, 6229.7575372
5.77845285782, 1.40455761312, 0.918597406944, 0.944034657512, 5.05724004679, 0.920831330262, 3.15222203045, 1.08017241807, 0.951371879688, 3.45140041392, 5.36200068989, 0.837336171254, 4.759993639, 1.16635905918, 1.090000792, 1.04448814839, 1.04850952249, 0.992167520155, 6.1696171228, 1.05728456931, 0.87649761441, 329.075705237, 1.16155054001, 3.63069431008, 1.123695732, 3.52111123658, 1.00888241127, 40.6020578084, 5683.77535274
3.73957995927, 1.21248341376, 1.05725512239, 0.995460861835, 6.26718251256, 0.806175284966, 4.67009957948, 0.980608499985, 0.9371550901, 2.33645806629, 4.30269799679, 0.956886064568, 4.38849749058, 0.961111398484, 1.09000087696, 1.00680341697, 1.00533391905, 0.862660221538, 7.30747968543, 1.03381402029, 0.975424678335, 227.629776934, 1.03502944121, 2.45428595269, 1.00827065526, 2.40450087486, 0.980742610519, 28.0260532206, 22644.7489949
3.93242914986, 1.09745549824, 1.12421288456, 0.814346830282, 3.23612237672, 0.916338467004, 4.53851715994, 0.841709589106, 0.984936941011, 4.81166089633, 3.08847494965, 1.04129739641, 4.16218959951, 1.02424359152, 1.09000015683, 1.04701481662, 1.00793263105, 1.06563430126, 9.15402521585, 1.05832788041, 0.859810896444, 147.431157948, 1.06777340164, 3.6801196468, 1.00644441509, 3.04961721171, 0.936967419395, 42.2001514766, 6118.4261215
2.4887090085, 1.25518319805, 1.16602923824, 1.06705912632, 6.91916168179, 0.986460858955, 4.92648132547, 0.876712097345, 0.998359034627, 5.43652283243, 5.48170130483, 1.01019024724, 4.86703419385, 1.0923652005, 1.09000085392, 1.07280515854, 1.00834035322, 1.00235523021, 6.28743718113, 0.974507759328, 0.931652925358, 11.8735892805, 1.01954416575, 1.30693392159, 1.10956682438, 4.72021133297, 0.923066517987, 28.0453125385, 23885.3760405
2.2697187049, 1.40843224496, 1.08111464278, 1.04292740347, 6.00229122562, 0.929722145262, 4.05526475742, 1.06034123219, 0.980133940404, 2.67232694939, 7.35809734061, 0.818413645544, 1.6511822714, 1.27884583559, 1.0900002844, 1.05302581657, 1.02694914797, 1.12825422314, 8.65287804811, 1.05338979639, 0.909886156169, 295.383265755, 1.08358620333, 1.63606176603, 1.13737369345, 3.07309862211, 0.919385063252, 30.7925818248, 8975.42874277
5.23161018875, 1.3944822517, 0.931715003417, 1.00793383067, 5.02543531348, 0.984604955845, 1.85655972377, 1.07724609801, 0.937374852506, 4.95480855681, 5.08416555186, 1.00189173231, 2.38947812646, 0.981463097956, 1.0900004584, 1.04345030148, 1.01196976038, 0.901249985183, 8.94913670082, 1.18791815793, 0.973792934494, 28.6415426233, 0.912211554891, 4.47480298692, 1.13316883254, 5.15229324171, 1.26847359282, 28.7527370501, 14704.9447867
2.385013254, 1.17121661141, 0.809077327605, 1.04838093902, 5.38004683265, 0.817312524845, 4.19800906049, 0.971982257842, 0.927549189404, 2.52001248377, 2.96978016947, 0.870614366541, 3.16699426705, 1.24345796938, 1.09000031464, 1.08625375698, 1.03910291622, 0.866440924327, 8.94744502285, 1.09474998007, 0.872830279679, 379.4235892, 1.06719941314, 5.35833081233, 1.1757252703, 3.57957355914, 1.19695161344, 28.2898987391, 17686.8879063
2.22685533384, 1.12332420992, 1.09104710175, 1.09636868196, 6.62906051539, 0.891610651948, 3.16493365715, 0.895974091412, 0.938957856883, 4.17126076515, 3.03533283978, 0.853419970696, 4.34763801798, 0.891987737521, 1.09000046625, 1.02759329706, 1.04199000782, 1.17795408583, 9.55098877943, 1.12920508138, 0.830765347872, 235.204234506, 1.04378228854, 2.30325921873, 1.03010049523, 4.00653108265, 1.20729545031, 29.7922872971, 11356.0297371
1.16475065652, 1.35484921102, 0.803093410966, 0.910275126584, 4.20708732051, 0.964836392815, 5.05996872748, 0.989707727843, 0.904801070432, 2.3066655386, 7.50950070853, 1.01883198898, 1.30574462997, 0.967804091618, 1.09000029866, 1.10690688387, 1.02033493886, 0.998376105651, 3.2688347017, 1.00694679607, 0.905393786185, 182.586898647, 1.198180877, 4.45955767812, 0.993828350048, 4.6616864458, 1.01575557818, 49.0362518657, 6216.93986707
2.385013254, 1.17121661141, 0.809077327605, 1.04838093902, 5.38004683265, 0.817312524845, 4.19800906049, 0.971982257842, 0.927549189404, 2.52001248377, 2.96978016947, 0.870614366541, 3.16699426705, 1.24345796938, 1.09000048354, 1.08625375698, 1.00075556974, 0.866440924327, 8.94744502285, 1.09474998007, 0.778897285371, 379.4235892, 1.06719941314, 5.35833081233, 1.1757252703, 3.57957355914, 1.19695161344, 30.5575003842, 10236.1639467
4.66566565008, 1.09043648884, 1.09301112266, 0.932950550955, 1.46548505555, 0.733385127993, 1.01663752697, 1.00472808074, 0.9600230337, 4.86943103699, 7.05044775679, 0.937539669743, 3.60319761269, 0.841783222229, 1.09000018853, 1.01427337195, 1.02768515359, 1.1245751806, 9.67086023278, 1.02655752868, 0.913796116754, 19.0095445144, 1.15489424914, 4.94813386262, 1.02667385155, 4.60937137017, 1.22457929603, 34.104304033, 7778.53014623
4.99882333848, 1.07017626443, 0.967708415843, 0.908778743155, 5.50338163462, 0.918661638077, 2.40390896369, 0.924332905614, 0.988889380831, 3.54273609784, 7.76909384233, 1.02602516931, 3.06586136244, 0.955867178259, 1.09000010531, 1.07945035082, 1.03031135417, 1.05192996604, 9.55852522793, 1.04213823673, 0.931878816646, 343.960266424, 1.18422887623, 2.98247398239, 1.13952840921, 1.14066958308, 1.23762775799, 30.2028777002, 11483.8103081
2.10081325501, 1.42302131583, 0.742865840058, 1.02525482071, 5.21826485359, 0.828328894243, 4.93561845245, 0.835266836561, 0.905583710109, 2.46676066705, 7.43779405645, 0.91583739689, 1.06492499966, 0.996458979986, 1.09000073469, 1.05309240045, 1.0038046506, 1.06887816574, 6.74695567656, 1.00402685864, 0.859253213798, 20.7365129612, 1.17652553681, 2.13188211628, 1.20810467888, 4.66287909672, 0.91062784782, 42.7948860359, 6579.12933325
5.09373005127, 1.0424293957, 0.93218083952, 1.05040175483, 5.41792810588, 0.746176775268, 4.73813871989, 1.08087138446, 0.948261161241, 3.9319974666, 2.31088888679, 0.884300846975, 3.56972536775, 1.13600085944, 1.09000076425, 1.07962537518, 1.0211136453, 0.912450770011, 7.28485765856, 1.17946271714, 0.800773125875, 316.434253944, 1.11927192926, 1.99829874038, 1.18659216899, 2.40994469791, 1.12972906403, 29.771754518, 14243.0887465
4.75471125016, 1.14250213878, 0.993397704039, 1.00458823602, 4.53119020757, 0.774007239481, 5.74264726069, 1.04807246007, 0.978756763684, 3.17449934418, 2.7228186867, 0.930111598549, 2.92691249343, 1.04846191722, 1.09000044995, 1.07450384481, 1.01805233783, 0.942620814537, 8.93457718718, 1.15797817469, 0.784562503976, 274.068537091, 1.1207645504, 3.914109736, 1.09085262751, 3.18299897244, 1.26898584137, 32.3684550532, 9857.37383077
4.97573160768, 1.22524531627, 1.15956776785, 0.932464401223, 5.37039953644, 0.904208813956, 1.83824521489, 1.03222897295, 0.902962778709, 3.56473900338, 7.51624380127, 0.85037044664, 2.33275669897, 1.13812586494, 1.09000033587, 1.02185527791, 1.03615219726, 1.05654842166, 4.03094609851, 1.16851559382, 0.90273977031, 18.854777505, 1.16785392271, 4.75002081746, 0.959625206401, 1.7411250941, 1.07736775627, 29.2814029455, 16058.8397843
3.46340177261, 1.140773077, 1.08826114669, 1.19385262938, 2.25004737041, 0.930360177898, 3.19242112084, 0.961795188897, 0.929394038275, 4.60743235428, 6.96932977832, 0.959139437154, 2.16515129084, 1.02795330095, 1.09000099468, 1.02408381907, 1.01769397947, 0.884798772614, 6.36335863164, 1.18990401135, 0.842578799199, 11.7260095067, 0.938397002528, 5.14887903434, 1.07474958467, 3.56366613756, 1.09386413116, 44.9993060518, 6824.64260083
3.93242914986, 1.09745549824, 1.12421288456, 0.814346830282, 3.23612237672, 0.916338467004, 4.53851715994, 0.841709589106, 0.984936941011, 4.81166089633, 3.08847494965, 1.04129739641, 4.16218959951, 0.938877635959, 1.09000015683, 1.04701481662, 1.00793263105, 1.06563430126, 6.94182328692, 1.05832788041, 0.859810896444, 147.431157948, 1.06777340164, 3.6801196468, 1.00644441509, 3.04961721171, 0.936967419395, 31.1942841398, 11210.5656944
2.10081325501, 1.42302131583, 0.742865840058, 1.02525482071, 5.21826485359, 0.828328894243, 4.93561845245, 0.835266836561, 0.905583710109, 2.46676066705, 7.43779405645, 0.91583739689, 1.06492499966, 1.00622631727, 1.09000073469, 1.05309240045, 1.0038046506, 1.06887816574, 6.74695567656, 1.00402685864, 0.859253213798, 15.1219265518, 1.17652553681, 4.43063454727, 1.20810467888, 4.66287909672, 0.91062784782, 45.6789537335, 6743.92915574
