0.458082117353, 1.18628574075, 3.69189754444, 0.555437720542, 49.271810116, 1.9612217937, 2.50036050756, 1.26218336521, 33.3349596761, 0.0516679671689, 0.0
0.148028062843, 1.1885927329, 7.02786397379, 0.555437720542, 88.5538115597, 1.9612217937, 3.13493690572, 1.29801230282, 28.9800455745, 0.0210824526958, 0.294416243655
0.221577520989, 1.1783509383, 6.93166752306, 0.403384040996, 79.4554906507, 3.03232711651, 3.23409947129, 1.59459429613, 20.3080411446, 0.0333506205091, 0.11345646438
0.302583273272, 1.13959552205, 9.62169044524, 0.58063035152, 94.6417995392, 2.78234689908, 3.20523988584, 0.446237371083, 2.34759755214, 0.0468453556605, 0.229411764706
0.221577520989, 1.1783509383, 6.93166752306, 0.403384040996, 79.4554906507, 3.03232711651, 1.26400219963, 1.59459429613, 20.3080411446, 0.0346347382871, 0.308333333333
0.880675055278, 0.967590768774, 5.14531610056, 0.618900638972, 1.03511858842, 1.66199319306, 0.536352122851, 1.43031118181, 24.1574392869, 0.0570310356503, 0.0
0.104845607442, 0.824587484112, 7.99888878327, 0.519807470926, 87.1327602574, 2.86020953578, 0.06447447748, 1.80809545221, 6.42507323377, 0.0468408817282, 0.647058823529
0.180107398439, 1.15041772889, 3.15725054505, 0.503494031843, 38.6234382137, 7.55723578531, 0.702785031376, 3.84738525995, 3.60202765795, 0.0674318967269, 0.0
0.104845607442, 0.824587484112, 7.99888878327, 0.519807470926, 87.1327602574, 3.38504837504, 0.06447447748, 1.80809545221, 6.42507323377, 0.0535508056867, 0.521739130435
0.644194815291, 1.08065368066, 3.43900639996, 0.480664566016, 5.82431221206, 5.32961271989, 0.182399098251, 4.47708674854, 37.3386753071, 0.107505429512, 0.0
0.260478114044, 1.08065368066, 2.02429526675, 0.480664566016, 5.82431221206, 5.32961271989, 0.182399098251, 3.42172902036, 37.3386753071, 0.105866061201, 0.166666666667
0.212399056247, 0.841133503015, 6.16049463422, 0.54258742369, 88.3595110211, 16.6238339295, 3.10651342455, 2.1047606602, 42.5360845528, 0.144689982676, 0.0
0.434228666611, 1.04503830474, 4.59543476726, 0.538214027846, 35.6389266325, 7.29288027741, 3.12859965774, 4.21664053367, 4.85846384668, 0.13441564241, 0.0103092783505
0.314150213415, 1.15077028611, 2.1196467173, 0.574712516588, 6.96809807241, 5.98785738062, 1.88190561119, 2.04228495981, 6.59277439534, 0.119732305172, 0.121951219512
0.880675055278, 0.967590768774, 5.14531610056, 0.618900638972, 1.26269464109, 1.66199319306, 0.536352122851, 1.43031118181, 24.1574392869, 0.0902259016327, 0.574074074074
0.394787974119, 0.976298555669, 9.16339840337, 0.573828989305, 60.1205552332, 22.6334113186, 0.402635099222, 4.80652049579, 20.3069737978, 0.155048645177, 0.0
0.164056668801, 0.945508888369, 8.97584552165, 0.541376027158, 86.9475538783, 16.6130248004, 0.760808546255, 2.6524885293, 29.6639502473, 0.127121241616, 0.2
0.259387171511, 1.11013183579, 8.14996478333, 0.440983764453, 66.1492056827, 7.30855851934, 3.70001200231, 3.76647438334, 21.3408670077, 0.121369609181, 0.201219512195
0.107146517764, 0.913328900982, 8.84335161083, 0.669827846527, 57.6706624403, 34.1581766933, 1.45711709705, 1.8182306704, 28.7886700551, 0.161641345042, 0.0
0.418594494566, 1.0426558298, 2.81756702466, 0.599574520433, 63.2596516799, 2.86020953578, 2.49782023869, 3.45708684459, 43.2347522351, 0.112124464181, 0.308943089431
0.302583273272, 1.13959552205, 9.62169044524, 0.58063035152, 99.8425329488, 2.78234689908, 3.20523988584, 0.446237371083, 34.8881796634, 0.109110293191, 0.383378016086
0.353720556925, 0.851781915158, 8.36922708777, 0.570505924638, 50.5234554177, 8.96262401702, 1.5517618239, 1.86696325865, 18.3726219363, 0.156222269981, 0.0789473684211
0.107146517764, 0.913328900982, 8.84335161083, 0.669827846527, 57.6706624403, 34.1581766933, 1.45711709705, 1.8182306704, 28.7886700551, 0.16536879935, 0.0
0.405550218209, 1.03705332229, 5.73814462647, 0.639940241639, 60.4869840876, 12.0135104096, 3.03754368173, 0.849013142896, 28.8643860903, 0.175979219862, 0.0
0.180107398439, 1.15041772889, 3.08174335362, 0.503494031843, 38.6234382137, 7.55723578531, 0.702785031376, 3.84738525995, 3.60202765795, 0.124035852154, 0.590909090909
0.465666416439, 0.883955165468, 2.16761623089, 0.656094781772, 99.0800611149, 13.1219197698, 2.46133818024, 3.70636521335, 18.6636454704, 0.184408967488, 0.0
0.571891013276, 0.880468557699, 2.02429526675, 0.447119373495, 81.9247136953, 3.12721920373, 0.526158812722, 4.41606528961, 7.25992781601, 0.143089217782, 0.375
0.571891013276, 0.880468557699, 3.07317841906, 0.447119373495, 81.9247136953, 3.12721920373, 0.526158812722, 4.41606528961, 42.3246763928, 0.141160574208, 0.454545454545
0.174395983042, 1.17595648574, 4.86215022876, 0.670487760206, 79.5929752342, 20.1364158888, 3.81523594303, 0.550997514148, 22.2962760851, 0.181269991499, 0.0356083086053
0.264625454548, 0.833599233672, 2.0815498374, 0.613459581062, 53.517896576, 12.6814649828, 3.99191989158, 2.92177524224, 24.2560781503, 0.179524939766, 0.0548302872063
0.217733916186, 0.98645143844, 4.43947248556, 0.553943060307, 93.2917372508, 18.5754765049, 1.9569235814, 4.35390554873, 24.4403238722, 0.219832210221, 0.0
0.178550438564, 0.8720902849, 7.33546320704, 0.520489864957, 98.8951840849, 24.7652342676, 3.53884665481, 2.84830876831, 12.668531939, 0.20085772192, 0.00322580645161
0.465273657018, 1.06257570174, 7.21162365095, 0.64114169549, 57.7306206396, 14.725926971, 1.03013564374, 2.526104548, 8.72763404326, 0.239845595664, 0.0
0.418594494566, 1.0426558298, 2.62770403646, 0.599574520433, 63.2596516799, 3.38504837504, 2.49782023869, 3.60119848703, 43.2347522351, 0.155636332734, 0.503968253968
0.277103758182, 0.904488430325, 8.45856625569, 0.565002400576, 37.3007144862, 25.6021697632, 0.625869854886, 4.51263009359, 25.3897624844, 0.285484846454, 0.0
0.293400785756, 0.828466552455, 4.04052808144, 0.619935878051, 87.8901263906, 39.8911188493, 0.355975815148, 0.423445045413, 3.95615798127, 0.179515197937, 0.166666666667
0.248977603166, 1.17685290622, 7.18599575205, 0.442170579973, 1.25964111899, 39.2945857836, 2.85200103788, 3.33111003213, 25.2179612045, 0.286607915187, 0.0
0.217733916186, 0.98645143844, 7.45538638506, 0.64114169549, 93.2917372508, 18.5754765049, 3.4103393963, 4.35390554873, 24.4403238722, 0.224427975581, 0.0508905852417
0.340916588006, 0.987406629768, 8.47104377338, 0.662427942634, 41.7840811194, 43.2133753112, 2.49342518282, 4.1533741056, 27.5090331763, 0.295092020964, 0.0
0.697116082558, 1.00456420905, 4.75247699056, 0.658003657313, 1.48623920352, 12.1395324286, 3.93747487281, 1.12735079659, 2.20598334334, 0.255992826029, 0.0501792114695
0.745251894341, 1.17083915211, 2.80488920206, 0.520408004237, 81.3962725033, 10.3618439495, 2.31456835994, 3.71820356096, 26.7827827563, 0.298414269087, 0.0
0.286487290115, 1.19659646423, 3.08759688542, 0.578556582231, 28.2506598096, 37.3856383826, 2.12460775643, 3.09040589025, 34.7973099179, 0.305400643298, 0.0
0.157466026231, 0.965550175437, 9.17896059671, 0.525899580625, 6.72894177581, 30.7643070322, 2.61858455276, 2.96426147571, 17.3444822441, 0.226841907236, 0.103174603175
0.465273657018, 1.06257570174, 7.21162365095, 0.553943060307, 57.7306206396, 14.725926971, 1.03013564374, 2.526104548, 8.72763404326, 0.332069464415, 0.0
0.174395983042, 0.972104074486, 8.24489037818, 0.494658845505, 91.53986458, 25.426673946, 1.78783424798, 1.60041646889, 28.8188139517, 0.216152244619, 0.173913043478
0.895378431572, 1.14131869073, 2.25004935748, 0.545793803926, 97.9554881997, 2.78636470766, 2.70744227004, 4.47863704072, 15.1177237262, 0.1924263778, 0.20253164557
0.573605605796, 0.947389731377, 7.85357484833, 0.503568756, 8.91997211452, 20.0461349074, 2.43437485029, 4.69509906757, 22.6109798147, 0.335382540477, 0.0
0.226078631754, 0.880287269378, 2.48006771888, 0.463153757774, 98.2133137395, 38.0083905222, 1.51954179196, 2.97986000168, 33.7763943458, 0.353600917879, 0.0
0.226078631754, 1.11263758472, 6.45437202349, 0.512771047967, 12.869660118, 45.3823866562, 2.3415709432, 4.14430767206, 10.3109040832, 0.317574369986, 0.0126582278481
0.434228666611, 1.04503830474, 4.59543476726, 0.538214027846, 35.6389266325, 7.29288027741, 3.12859965774, 2.98123836252, 4.85846384668, 0.210817298378, 0.285024154589
0.232391032972, 1.0643131362, 8.44053254239, 0.560200489266, 34.7197506292, 46.0578430972, 2.46640653534, 1.22516261306, 23.2151501436, 0.397583640768, 0.0
0.259387171511, 1.11013183579, 8.14996478333, 0.440983764453, 66.1492056827, 7.30855851934, 3.70001200231, 3.76647438334, 21.3408670077, 0.184442592988, 0.423855165069
0.100840653274, 1.1861185226, 7.00227286487, 0.415307491892, 63.9384717464, 20.2850916193, 3.99525678734, 4.32426477081, 17.5628054199, 0.195560194174, 0.361823361823
0.353599502492, 0.999551180078, 2.44645012817, 0.576062789082, 8.58292711435, 20.4664832313, 3.00648213796, 4.93044570055, 12.709833273, 0.296626171826, 0.0586854460094
0.312089071693, 1.14352720243, 6.70803729675, 0.608337211894, 26.0366327425, 48.9857294967, 0.917884940282, 2.98123836252, 21.931561601, 0.414665765966, 0.0
0.751502312225, 0.980261725449, 4.16600449443, 0.51187771128, 20.2240606637, 7.984017024, 3.32632500356, 2.26844468453, 10.0556567133, 0.258884739107, 0.154696132597
0.759749034979, 0.972104074486, 6.05479326244, 0.494658845505, 91.53986458, 25.426673946, 1.70575959273, 1.60041646889, 28.8188139517, 0.437406021694, 0.0
0.353720556925, 0.851781915158, 8.36922708777, 0.570505924638, 50.5234554177, 8.96262401702, 1.5517618239, 1.86696325865, 18.3726219363, 0.213384406234, 0.338709677419
0.60503277105, 0.868799812598, 8.6060543495, 0.673257897531, 70.3492791165, 33.1688932908, 0.387403908754, 2.91046762443, 13.1337081683, 0.44980899988, 0.0
0.292862514807, 0.970882552625, 2.1196467173, 0.489195241066, 6.96809807241, 5.98785738062, 1.88190561119, 2.04228495981, 6.59277439534, 0.204767657428, 0.524390243902
0.164056668801, 0.969783373802, 9.20633578061, 0.541376027158, 86.9475538783, 16.6130248004, 0.760808546255, 2.6524885293, 2.68813073475, 0.212153383996, 0.44
0.499837554254, 1.19050292759, 4.95431419896, 0.667940456495, 29.4666641822, 49.7680725424, 1.91745808913, 0.84458726476, 5.52139274155, 0.458566920204, 0.0
0.489379632372, 1.08593037389, 8.43302308619, 0.607534456992, 61.0063085866, 43.1861053204, 1.73407012999, 2.09621951069, 41.1469011192, 0.468392018854, 0.0
0.101936845912, 1.1861185226, 7.00227286487, 0.415307491892, 63.9384717464, 20.2850916193, 2.88713037162, 4.32426477081, 17.5628054199, 0.21490486325, 0.509345794393
0.576870176228, 1.17823816965, 7.62903086545, 0.596507477544, 18.1431625978, 19.5487591199, 3.83553669301, 2.39921279255, 36.1994268429, 0.375617444032, 0.0487288135593
0.286487290115, 1.19659646423, 3.08759688542, 0.578556582231, 28.2506598096, 37.3856383826, 2.12460775643, 3.09040589025, 17.2527578186, 0.370466884273, 0.0487804878049
0.458082117353, 1.18628574075, 3.69189754444, 0.486855958209, 49.271810116, 35.0826463416, 2.50036050756, 1.26218336521, 33.3349596761, 0.471557941045, 0.0
0.353599502492, 0.999551180078, 2.44645012817, 0.560117347292, 2.00331087969, 20.4664832313, 3.00648213796, 4.93044570055, 12.709833273, 0.300073757396, 0.105392156863
0.782026920221, 1.03084764362, 8.07660011162, 0.515400445014, 80.061062382, 48.7736932688, 0.194692132087, 4.34801319113, 29.650910538, 0.471772849481, 0.0
0.755047262182, 0.913109060159, 8.08578887525, 0.570471239353, 1.25964111899, 19.2343931499, 0.643335502501, 1.0669245838, 43.5978868189, 0.484743591063, 0.0
0.264625454548, 0.833599233672, 2.0815498374, 0.613459581062, 53.517896576, 12.6814649828, 3.99191989158, 1.79501489202, 24.2560781503, 0.220116507223, 0.516203703704
0.389237580187, 1.00918275087, 8.47104377338, 0.668596552208, 28.0246539429, 43.2133753112, 2.49342518282, 4.1533741056, 27.5090331763, 0.424072075018, 0.0451127819549
0.714297282238, 1.14966471634, 6.99819898082, 0.619501382021, 50.1754699659, 43.9772428873, 2.68619147016, 0.234127309785, 4.37844785019, 0.489444692281, 0.0
0.258599877829, 0.881111839557, 3.70953527613, 0.664061878198, 22.5101405843, 26.612318974, 0.362953093174, 3.47639101163, 25.8018636576, 0.290872617564, 0.176470588235
0.745251894341, 1.17083915211, 2.80488920206, 0.520408004237, 81.3962725033, 10.3618439495, 2.31456835994, 3.71820356096, 26.7827827563, 0.309054160323, 0.10625
0.312089071693, 1.14352720243, 6.70803729675, 0.608337211894, 26.0366327425, 48.9857294967, 0.917884940282, 4.21664053367, 21.931561601, 0.504112246094, 0.0
0.300567748068, 0.841133503015, 6.16049463422, 0.54258742369, 88.3595110211, 16.6238339295, 3.10651342455, 2.1047606602, 42.5360845528, 0.275341142201, 0.243697478992
0.593800313659, 1.12503715771, 6.12223476735, 0.559555290281, 54.5988033039, 24.2975905858, 1.62905438416, 4.21341117293, 19.3470511833, 0.521170057792, 0.0
0.666382978829, 0.942539009595, 2.88601121787, 0.543884620005, 18.8283920002, 11.9528915374, 0.0839323764752, 1.58453262229, 15.9374721044, 0.30284214264, 0.153846153846
0.710864310884, 1.1421016589, 4.15099534534, 0.651942803064, 15.6991962835, 43.9864756408, 0.917332588719, 3.54200768267, 4.39246552219, 0.523836216901, 0.0
0.645851897861, 1.04138434158, 8.72357416568, 0.547800730192, 22.1008775565, 44.0298674246, 2.43655087665, 0.713524258873, 3.21068020597, 0.471373008781, 0.0263157894737
0.754128435207, 0.844057052225, 2.13768984904, 0.441322993717, 74.9827378384, 39.9693457475, 0.958733641408, 2.20624383163, 30.1619498652, 0.52894435837, 0.0
0.489379632372, 1.19907301318, 8.43302308619, 0.607534456992, 61.0063085866, 44.3594128977, 1.73407012999, 2.09621951069, 41.1469011192, 0.533720823842, 0.0
0.759933840388, 1.00456420905, 4.75247699056, 0.658003657313, 1.48623920352, 12.1395324286, 3.93747487281, 1.12735079659, 2.20598334334, 0.295156680908, 0.186046511628
0.60503277105, 0.868799812598, 8.6060543495, 0.603336541922, 70.3492791165, 33.1688932908, 1.41281205014, 2.91046762443, 13.1337081683, 0.553974881873, 0.0
0.805263376144, 1.12881741956, 2.90998864469, 0.69248099866, 1.93610261436, 49.5407378319, 2.76763206506, 4.09251498764, 23.622622692, 0.570054075945, 0.0
0.790640790996, 1.03801363998, 2.16487013901, 0.525001578431, 36.8327608076, 22.4610327623, 2.57405198942, 3.49681831272, 22.3298420263, 0.444873053947, 0.05
0.647939170075, 1.19489332279, 5.99837023455, 0.635801173101, 34.9740739358, 42.6936128247, 1.70685807113, 4.57290866642, 17.9198741314, 0.60023843111, 0.0
0.236118977824, 1.04138434158, 8.72357416568, 0.684049779937, 47.4397634518, 44.0298674246, 0.860058513908, 3.02008334792, 26.3434628843, 0.614113489163, 0.0
0.258599877829, 0.881111839557, 3.70953527613, 0.664061878198, 22.5101405843, 26.612318974, 0.362953093174, 3.4191943913, 25.8018636576, 0.242335617624, 0.5
0.895378431572, 1.0820256067, 2.25004935748, 0.545793803926, 97.9554881997, 2.78636470766, 2.70744227004, 4.47863704072, 15.1177237262, 0.243271045558, 0.495726495726
0.349597613523, 1.03391607792, 8.14295436267, 0.595768664561, 71.5182758372, 47.1802379963, 0.595528979163, 4.68142831924, 31.4196045209, 0.616163628295, 0.0
0.499837554254, 1.19050292759, 4.95431419896, 0.667940456495, 29.4666641822, 49.7680725424, 1.91745808913, 0.84458726476, 5.52139274155, 0.620619061654, 0.0
0.747101525429, 0.880287269378, 2.48006771888, 0.463153757774, 98.2133137395, 38.0083905222, 1.51954179196, 2.97986000168, 40.542626342, 0.6633402385, 0.0
0.747101525429, 1.11263758472, 6.45437202349, 0.512771047967, 6.62362823882, 45.3823866562, 2.3415709432, 4.14430767206, 40.542626342, 0.697127498645, 0.0
0.166938871629, 1.1710895702, 6.96697336243, 0.670496202867, 61.8027027367, 38.7912732778, 3.27120083576, 3.3025401134, 28.2461738753, 0.311254716904, 0.137152777778
0.486152321314, 1.06109345873, 7.76217719388, 0.686484819333, 35.9136752377, 43.7097404358, 2.03655941514, 2.43875815558, 29.6276337449, 0.491857097638, 0.0252100840336
0.425674466917, 1.06347713043, 3.26298793707, 0.632456343066, 74.6580835278, 41.6567970372, 0.997512620858, 4.97787944649, 38.3937989407, 0.263065468456, 0.384615384615
0.566481657159, 1.1369145815, 9.30235709042, 0.499024609865, 4.59806976612, 21.7620123297, 0.45418146657, 1.29297800934, 35.8348325233, 0.274262230474, 0.384615384615
0.293400785756, 0.872817529091, 4.04052808144, 0.619935878051, 56.7020180479, 22.8740216111, 0.355975815148, 2.86502265038, 20.4879287152, 0.267699722958, 0.473684210526
