5.45764449722, 1.00000086655, 1.53241919753, 0.91034170462, 5.42745289139, 0.762266854004, 4.97124825185, 1.0095968812, 0.912279139059, 5.47979415532, 5.13847392604, 0.827253237611, 3.53261961308, 1.12319961946, 1.09000083017, 1.04417870567, 1.04882978183, 1.17059163982, 6.67583819287, 1.03928204521, 0.969084019714, 288.867793439, 0.987925965079, 1.79811577847, 0.972300332186, 4.8871443886, 1.25420099021, 12.0214125204, 311.750116377
1.34048218609, 1.0000001672, 1.34936560641, 1.08607774516, 2.19404866047, 0.730054379084, 4.60594427545, 1.16367436363, 0.903100334803, 6.00715648756, 5.04027900561, 0.989525778084, 2.29130455464, 1.25339054323, 1.09000019091, 1.08696515504, 1.04740188968, 0.86345425357, 9.14228405012, 1.06797814249, 0.860062060185, 433.258500923, 1.05149580821, 1.610241813, 1.03477627829, 4.71546435248, 1.23788476181, 13.6434391098, 221.704561259
2.79338260494, 1.00000042301, 1.0321841792, 1.16254125813, 4.56477330407, 0.750640380619, 4.0855760868, 1.07594545155, 0.929963414068, 1.55639544633, 5.08830767697, 1.0868306837, 4.61952710615, 1.11169690105, 1.0900000833, 1.05648194603, 1.01904184686, 1.06482533817, 9.94779677936, 1.02824337475, 0.792465622526, 178.282239432, 1.19814193131, 3.13992151841, 1.12479746802, 4.97383598421, 1.03705616396, 13.7192274785, 103.95085995
4.82682641619, 1.00000042786, 1.37667269233, 1.07576947651, 5.47711044051, 0.763374464029, 4.50004590888, 1.11373262694, 0.949201543519, 3.10866024377, 5.85835903952, 1.01502156733, 4.5742393271, 0.872364153942, 1.09000059308, 1.07446766502, 1.0181278558, 0.971538675036, 5.86878644169, 0.968621459662, 0.796292562923, 81.2506253399, 1.08019818378, 5.24372516079, 1.19851044872, 4.1166178197, 0.964695272635, 18.3543811378, 141.220127761
1.06354986674, 1.00000097418, 1.18355107224, 0.908128307827, 2.0225417224, 0.827199694181, 5.08979771126, 1.15584179577, 0.974939856326, 5.01026129885, 6.18734711822, 1.07208808012, 1.77542676116, 0.901541386411, 1.09000002948, 1.04327563342, 1.04893649878, 1.12931685089, 6.28683617674, 1.07252218222, 0.971586680846, 259.506029133, 0.944465982758, 4.37502494259, 0.957143360946, 5.13597512098, 1.05889425332, 14.5528569692, 207.897756695
2.14695572387, 1.00000093117, 1.19202874461, 0.976940865901, 6.14753693102, 0.967854127537, 3.54252461444, 1.22301564158, 0.921849083978, 5.00638656169, 5.4717862669, 1.06454142002, 2.36447162584, 1.1724274698, 1.09000079958, 1.09779148288, 1.02701053351, 1.12718467492, 9.56687589471, 1.13785823205, 0.828642247436, 73.3082294893, 1.19960980375, 3.40202318715, 1.06021648177, 1.0286318689, 0.926517063241, 14.6821045854, 1115.33365351
1.5818384932, 1.00000081543, 1.22605721889, 0.918708019386, 4.07817155043, 0.891527008544, 5.94659543787, 1.2411845675, 0.923224397367, 2.11931566464, 5.49995053087, 0.970084460368, 3.9842776202, 1.02917887715, 1.0900005952, 1.04243790302, 1.02959112609, 1.10169403414, 9.91260886374, 1.04411743411, 0.954831575714, 902.735625612, 1.04849183191, 1.32803816564, 1.01033714696, 2.41289550323, 1.23148915346, 15.3741642154, 637.840141953
5.83183450009, 1.00000075272, 1.34498599145, 0.919260112129, 5.82650829208, 0.748325081146, 5.96799662305, 1.1091767797, 0.964985195009, 3.77354599999, 4.8728268566, 1.00749840146, 2.79693996825, 1.13342889633, 1.09000056059, 1.00118693838, 1.00237335472, 1.19439166907, 5.36442181993, 1.00880024587, 0.908901642857, 492.489673782, 1.17440887741, 4.22677062697, 1.23414991923, 2.66249734825, 1.04859386713, 34.6885009995, 421.482379954
4.22230899056, 1.00000075664, 1.67826422187, 1.13821785597, 5.19497323928, 0.869994856932, 5.01202445762, 1.0582682719, 0.984261466856, 2.57774719525, 4.90031445603, 1.07032252669, 3.12808175366, 1.27621579327, 1.09000076264, 1.07504435205, 1.00451512709, 0.918892234427, 7.87257524093, 1.16301811424, 0.902539209635, 849.336683949, 1.18328187774, 1.98190442742, 1.01600595997, 3.17495719687, 1.11096528815, 15.0252487073, 1355.1107234
1.4080387726, 1.00000014077, 1.37773930459, 1.07797618298, 6.94285880564, 0.984425215258, 2.06057409198, 1.22666895548, 0.991945943202, 2.04291724606, 5.65409705521, 1.01637170884, 3.31545873317, 1.10390223454, 1.09000022721, 1.06016173738, 1.00771489213, 1.03258425139, 5.42970164834, 0.914710619324, 0.835035709749, 514.316662744, 0.929302606817, 2.31422728876, 1.2011303981, 3.87211540773, 1.00278967044, 18.9068103517, 485.476342187
2.26449105056, 1.00000024433, 1.03413484448, 0.884271223251, 3.50766274119, 0.85876344804, 1.29675523607, 1.13869851914, 0.968126669141, 6.0162337384, 5.57752599679, 0.887676865349, 1.4110741653, 1.11441812202, 1.09000005134, 1.05426661831, 1.04706910453, 0.968957177917, 7.96300308251, 0.977785771323, 0.901536872881, 351.147010999, 1.00648567976, 1.39155355853, 0.972017635526, 4.14894097113, 1.2731707128, 15.4950596853, 1029.55247453
3.97990346549, 1.00000097275, 1.4995988652, 1.12113066722, 4.22320337376, 0.820775137458, 3.91209904827, 1.10393925939, 0.925402560349, 4.03910513109, 5.30950992938, 0.851452479158, 3.50163764451, 0.864556072379, 1.09000083435, 1.07659883661, 1.02790253546, 0.879714589663, 6.7497161356, 1.10688551931, 0.953617038547, 839.053096319, 1.02821957971, 1.18120559492, 1.22632130304, 2.59620921014, 0.987950558602, 15.7878524902, 644.485993801
3.18720023304, 1.00000030598, 1.17585426053, 1.01827965188, 2.42150580005, 0.883029038616, 1.89198635428, 1.1006680986, 0.937355105776, 3.54643464413, 5.23981570417, 0.859865544618, 1.86066970899, 0.823088939487, 1.09000085457, 1.02089448429, 1.00868174491, 1.17307401833, 6.45815707647, 0.933298983573, 0.904297728663, 509.566335966, 1.17492691313, 2.33234060371, 1.09722073106, 5.23853656629, 1.19350535331, 15.0472489674, 4768.64310138
2.62346314843, 1.00000000889, 1.13159508548, 0.837595250272, 4.50970981116, 0.826186348128, 5.80379371906, 1.21215872472, 0.995770804994, 6.14003326624, 5.55417903473, 1.1917852161, 1.8789609817, 1.21939594586, 1.09000071316, 1.02632682504, 1.02660548194, 1.06742086114, 4.26337336448, 0.999819836526, 0.947792940839, 68.8072285001, 1.10544235562, 3.49365181091, 1.03942563061, 2.59408089439, 1.21923481324, 19.8782849067, 669.653384841
5.34854730563, 1.00000025684, 1.72556747567, 1.05958011408, 4.38400467452, 0.80451474723, 1.69176931125, 1.05757180181, 0.939107581366, 4.9988124829, 5.0421012858, 0.914201148246, 1.21981765595, 0.829600219271, 1.09000040008, 1.01147131794, 1.01776406925, 0.914275870831, 8.89016970686, 1.15742083238, 0.963330243979, 659.027301787, 1.19886510208, 5.64676059258, 1.12433497689, 4.89477666094, 0.961521722559, 27.8349769548, 677.7644297
1.10623465719, 1.00000063406, 1.25097710812, 0.905045299017, 2.13803637615, 0.988302758367, 5.62724959387, 1.24965528673, 0.984180584237, 4.81298549661, 5.84674750335, 0.854512138291, 2.85417117259, 0.907794918685, 1.0900002133, 1.10298735098, 1.00457609061, 1.11749636538, 6.38517833947, 1.07469269644, 0.825397019857, 669.201283182, 1.11992961978, 4.00867952072, 1.18725742972, 5.2916259564, 1.13957691479, 21.185916122, 702.788804173
4.82370696216, 1.00000082413, 1.11082682392, 0.856466001603, 4.84364702892, 0.734480803577, 4.60594427545, 1.02067054664, 0.932387305188, 1.37302181676, 5.29016333859, 1.07653619354, 3.11242490929, 1.17829621974, 1.09000027415, 1.02863861433, 1.0002813878, 1.22420144756, 5.9749819924, 0.95114662114, 0.969943147578, 718.078004037, 1.00321514894, 5.94296851883, 1.19545525012, 4.44069645139, 0.880430526877, 15.8411939508, 1509.22460032
4.78983684101, 1.00000000801, 1.22765263023, 0.814260345547, 6.32952378003, 0.98345093885, 5.90761594123, 1.20368115762, 0.946532183973, 1.72893922429, 6.12146606145, 1.10148934261, 4.48961550798, 0.972566783819, 1.09000069121, 1.05515627946, 1.01814800427, 0.999765390328, 4.60017062564, 1.0858961472, 0.84194585317, 211.626710987, 1.0831210348, 2.05274034095, 1.19033491392, 3.54175563668, 1.20149498624, 18.7135948691, 1306.1979768
4.75724920754, 1.00000026783, 1.24752523995, 0.873805234415, 2.09108339187, 0.788117769889, 2.82536850951, 1.24067478436, 0.939176690111, 5.8799194128, 5.01750835302, 0.999184104671, 2.34316524906, 1.15679976355, 1.0900008374, 1.03983735222, 1.02287379901, 1.08169573121, 4.31961615543, 1.03348991606, 0.830471584233, 182.460616844, 1.17203214639, 2.98734254989, 0.971450599411, 1.27402569893, 1.05508985647, 27.2001917604, 832.802025464
4.03088069375, 1.00000018346, 1.67346316274, 0.972210359238, 4.68421921232, 0.817806957122, 3.66530439571, 1.00758865971, 0.985788414487, 1.51307840128, 5.33870845032, 1.1162891221, 1.30742681979, 1.13845611582, 1.09000007287, 1.01194064681, 1.00047590832, 1.04302587342, 9.8206692181, 1.15437340049, 0.780069078227, 301.684075152, 1.12166083395, 2.15624901718, 1.0199575995, 5.35741141959, 0.932462865964, 16.6435581024, 3324.5519857
3.30812620585, 1.00000073673, 1.1455818889, 0.87887690994, 4.34331198825, 0.819994219123, 5.25165253324, 1.18161705521, 0.972573027642, 3.13515573325, 5.83338442083, 0.822862551742, 2.7806798423, 0.981737013234, 1.09000019976, 1.09203903567, 1.04714187878, 0.971822161085, 4.80139293873, 1.05206074027, 0.973224580324, 101.544387676, 1.10790306766, 5.50603270294, 1.10999724672, 5.10377837437, 1.12507517157, 17.2992327049, 1961.63879956
5.48622744113, 1.00000013664, 1.04511218289, 1.023754743, 4.98154660573, 0.911994534955, 1.49444268084, 1.09383578929, 0.964234020347, 3.1641174426, 4.92200558664, 0.979270826589, 4.05299262084, 0.916825659433, 1.09000006972, 1.10227139484, 1.04026226605, 0.862025806209, 9.02098656296, 0.986553794358, 0.938869887036, 910.217840563, 0.936453824591, 4.27328356456, 1.00208089384, 4.97959487979, 1.04316790837, 16.8019359449, 2258.43546505
5.34854730563, 1.00000025684, 1.72556747567, 1.05958011408, 4.38400467452, 0.80451474723, 1.69176931125, 1.05757180181, 0.939107581366, 4.9988124829, 5.0421012858, 0.914201148246, 1.21981765595, 0.829600219271, 1.09000040008, 1.01147131794, 1.01776406925, 0.914275870831, 8.89016970686, 1.15742083238, 0.963330243979, 659.027301787, 1.19886510208, 5.64676059258, 1.08835255689, 4.89477666094, 0.907823146977, 21.951386286, 1084.69208907
4.17573314225, 1.00000044945, 1.62564441203, 1.19358179235, 3.80931688127, 0.79703043497, 5.53350784128, 1.2232038172, 0.915068602843, 5.07840182065, 5.13847241021, 1.12789026259, 3.20740349294, 0.841543519989, 1.09000040384, 1.05813812124, 1.01704541932, 1.01577822644, 4.64495456919, 0.984920803973, 0.848045705691, 665.489516767, 0.969681602629, 4.87714551042, 1.0365083118, 3.5729246246, 0.898150817317, 17.0181673442, 3892.36195117
1.71622082056, 1.00000065556, 1.68873864456, 0.855766378671, 3.37940214882, 0.993682003625, 1.8682244027, 1.103101149, 0.968529071424, 3.19036819014, 4.86241086035, 1.09020915409, 4.91794643391, 1.1570166884, 1.09000026841, 1.09891744239, 1.02197346179, 0.916950284495, 5.09283031253, 1.13718718562, 0.941833603861, 71.7356111303, 1.11100925786, 2.51689564094, 1.15820978183, 1.8428238301, 1.11765352065, 18.7130682163, 3125.16668334
2.62346314843, 1.00000000889, 1.13159508548, 0.837595250272, 6.24145751874, 0.826186348128, 5.80379371906, 1.21215872472, 0.995770804994, 4.42936231619, 5.55417903473, 1.1917852161, 1.8789609817, 1.21939594586, 1.09000019053, 1.02632682504, 1.02660548194, 1.06742086114, 5.95747199334, 0.999819836526, 0.947792940839, 68.8072285001, 1.10544235562, 3.49365181091, 1.03942563061, 2.59408089439, 1.21923481324, 26.7922210925, 1337.90738782
5.64289784849, 1.00000070766, 1.61452365682, 0.845654145911, 4.49795182633, 0.770490117747, 5.5767910551, 1.23131086566, 0.924883326319, 3.9497552204, 4.93450900185, 1.09468895715, 4.66512409266, 1.12649482576, 1.09000068319, 1.03654147789, 1.00843959956, 0.813427428799, 9.00849547532, 1.06131952391, 0.937631918154, 388.971337605, 1.05963059782, 4.75783112133, 1.08475022236, 2.16844058355, 1.15060060041, 18.4695500865, 9934.67584885
1.71622082056, 1.00000065556, 1.68873864456, 0.855766378671, 3.30937918695, 0.993682003625, 1.8682244027, 1.103101149, 0.968529071424, 3.19036819014, 5.72712829631, 1.09020915409, 4.91794643391, 1.1570166884, 1.09000026841, 1.09891744239, 1.02197346179, 0.916950284495, 5.09283031253, 1.13718718562, 0.941833603861, 71.7356111303, 1.11100925786, 2.51689564094, 1.15820978183, 1.8428238301, 1.07443456789, 22.1879608, 1935.08538478
3.64283069193, 1.00000025391, 1.50896142614, 1.02004529601, 2.6230770041, 0.992374197038, 2.94087793381, 1.03909900082, 0.934044329198, 4.65427484355, 6.02405072549, 0.820243672374, 3.98301015354, 1.2630667298, 1.09000091837, 1.05646601251, 1.00233104763, 1.07647827508, 7.918796194, 0.982385584098, 0.811055964124, 14.023575903, 1.14982024583, 3.94649616534, 1.05367181568, 3.82421616206, 1.20130831544, 22.3596307257, 1727.51169975
4.93225157405, 1.00000072038, 1.04724248263, 1.15473471882, 2.61762151152, 0.727222694995, 5.78627983658, 1.01201582372, 0.99441565731, 6.19344121275, 5.53591644529, 1.09251900995, 1.11727140327, 0.873187932269, 1.09000060002, 1.0243452601, 1.00988542858, 1.00087544881, 6.04477765504, 1.11368625962, 0.866839711247, 256.698573258, 1.19256160664, 4.88048382528, 0.980649763011, 3.59176496512, 0.996172503261, 25.8763583192, 1985.00119424
5.53033458953, 1.00000070814, 1.23874018785, 1.21007786799, 6.48821715278, 0.933140610632, 5.19508343382, 1.19316315273, 0.900232195101, 4.75520384125, 5.85459180593, 0.817503907806, 3.08753766137, 1.20641271296, 1.09000039379, 1.03120375059, 1.01670196196, 1.10941992757, 9.07223151255, 1.06795717777, 0.968701198165, 131.83735145, 1.16211827986, 1.83963585616, 1.15969774326, 5.32504966557, 1.03372276721, 42.2145012726, 1653.49227645
1.6673495831, 1.00000009503, 1.61029701666, 1.14258309726, 4.24201207619, 0.816948376256, 1.46902580021, 1.18359633768, 0.948084337611, 2.19013643469, 4.69746762433, 1.16543360873, 4.65986052445, 1.11446068527, 1.09000099954, 1.0712654345, 1.01288501915, 0.908734602368, 3.1844882854, 1.06283807576, 0.953668273263, 787.617150145, 1.04444839292, 2.1974485199, 1.04667900976, 4.20460760022, 0.89407696176, 19.4149013731, 18350.3063972
1.11504426585, 1.00000088653, 1.38718609551, 0.811998505283, 5.50529932621, 0.783067238934, 2.34229936741, 1.14914297256, 0.998756466515, 2.43823864426, 5.34424627918, 0.947420562796, 2.89180445251, 0.83110040045, 1.09000049769, 1.09103591882, 1.00968918159, 1.12806649626, 7.58898188146, 1.01295352229, 0.766415449686, 335.940760305, 1.16852978134, 1.37285179792, 1.08993795842, 3.70300469359, 1.00438082386, 20.1444327939, 5457.67012115
4.42708216312, 1.00000011765, 1.61390662887, 0.946604764127, 4.24198765647, 0.94975939179, 1.08201460272, 1.24632464596, 0.949536044717, 3.93374970988, 5.77240234345, 0.873011684569, 1.79893436812, 1.00521297351, 1.09000049388, 1.04264983791, 1.04356858441, 0.982242028396, 6.17472832629, 1.13467055346, 0.905413092789, 308.643671163, 0.929741489549, 4.52033394497, 1.08191879603, 4.98773949105, 0.895526760206, 25.6061976675, 2799.3416073
3.493617425, 1.00000016705, 1.44542879377, 1.14571284595, 4.1145351738, 0.989251448379, 3.73343891163, 1.05298995495, 0.998252622413, 2.35401628764, 6.06058865039, 1.19659292239, 1.42794004112, 1.19568407141, 1.09000049701, 1.05409635382, 1.02864096589, 0.935503599015, 5.36203199898, 1.10802316696, 0.918919719616, 800.526489754, 0.919481827158, 4.35331118181, 1.06244504348, 5.40604586868, 1.23024959148, 20.6788801373, 5724.99561451
1.88333549896, 1.00000009351, 1.4264530916, 0.954916234265, 1.73757038539, 0.899882968881, 4.49926487503, 1.02669721125, 0.97994232404, 6.04887074999, 6.13104879848, 0.87987376668, 2.75980670215, 1.06302368797, 1.09000025407, 1.04455938213, 1.0350094484, 1.12059516258, 6.24105232412, 1.02861977588, 0.936026204278, 436.714683435, 1.17512524417, 5.66130202501, 1.17719390405, 4.16881347405, 1.01532282578, 23.0320760995, 3181.57624089
3.59455882961, 1.00000033408, 1.42716826481, 1.00930479812, 5.16911275735, 0.992935638812, 4.69224791934, 1.22565023378, 0.9924779449, 3.071482985, 6.05565294467, 1.05647034752, 2.61756341328, 0.955280235062, 1.09000018785, 1.09693484921, 1.04293799808, 1.19495880684, 4.25056769278, 1.13180313127, 0.996553126113, 49.1887505948, 0.989763505019, 2.07598315367, 1.0702257166, 3.68456077059, 1.2132336247, 20.4381121851, 10342.1058705
2.09589411382, 1.00000006712, 1.34114698079, 1.15272292023, 1.75367131319, 0.881031502793, 2.71222089539, 1.06856902459, 0.903518460579, 4.03090822406, 4.81070936412, 0.840737251617, 1.07557499167, 1.10758242023, 1.0900008142, 1.05671828115, 1.00825758583, 1.21783007777, 4.48001867622, 1.04935844153, 0.959886456433, 245.625910899, 0.932256683517, 5.26515624729, 0.990676602987, 1.28103229566, 0.975617632073, 20.9826444216, 7402.38494984
2.08216139251, 1.00000012899, 1.43225867038, 1.13498692938, 5.51010052102, 0.939640079193, 4.57741850918, 1.18253258156, 0.995388337155, 3.30207643338, 4.71236667446, 1.20881417413, 3.06337484685, 1.25746265062, 1.09000003558, 1.091968341, 1.0203721778, 0.835263487914, 7.86871630416, 1.12392857922, 0.940642384223, 734.247909748, 0.952225286132, 4.04741690412, 1.18912918449, 2.86823764034, 1.06957408799, 26.5227924341, 2986.39227755
3.97990346549, 1.00000096385, 1.4995988652, 1.12113066722, 4.22320337376, 0.820775137458, 3.91209904827, 1.10393925939, 0.930102203048, 4.03910513109, 5.30950992938, 0.851452479158, 3.50163764451, 0.864556072379, 1.09000083435, 1.07659883661, 1.02790253546, 0.879714589663, 6.7497161356, 1.01808371554, 0.953617038547, 839.053096319, 1.02821957971, 1.18120559492, 1.22632130304, 2.59620921014, 1.24476621254, 28.5879017025, 2226.83131324
3.17452606026, 1.00000083749, 1.36034721985, 0.899397402391, 4.11550966784, 0.773740670471, 2.56369237719, 1.23139684222, 0.918435963039, 5.23333608766, 5.37962093739, 0.867230500736, 2.93454810851, 1.0667355543, 1.09000037564, 1.04448915473, 1.04858538774, 1.07516191597, 8.83129463123, 1.16190662667, 0.888528663025, 630.486356022, 1.0351308051, 1.71793936972, 0.96311819937, 5.03013718468, 0.947748059497, 22.2695426789, 5215.96926358
3.39309000129, 1.00000062323, 1.19103793497, 0.9731606873, 4.5736803863, 0.94975939179, 1.15381801121, 1.18231660955, 0.995219072381, 3.93374970988, 5.29685677476, 1.07910610607, 2.30603203687, 1.12133797342, 1.09000060176, 1.06045273384, 1.02358358552, 1.07464249272, 4.23469259312, 1.02354347603, 0.984921988073, 682.36664267, 1.15980226763, 4.52033394497, 0.953030017895, 4.66160787878, 1.0754352009, 30.310883665, 2588.89929392
1.09134343198, 1.00000088653, 1.47043146009, 0.811998505283, 5.50529932621, 0.783067238934, 2.34229936741, 1.14914297256, 0.998756466515, 2.43823864426, 5.34424627918, 0.947420562796, 2.89180445251, 0.83110040045, 1.09000049769, 1.09103591882, 1.00313560487, 1.12806649626, 7.58898188146, 1.08160659763, 0.766415449686, 335.940760305, 1.16852978134, 1.37285179792, 1.08993795842, 3.70300469359, 1.00438082386, 21.6334358485, 14599.6541889
2.55503516409, 1.0000002439, 1.22677664984, 0.900988114108, 6.2460713221, 0.721274071369, 2.04463537162, 1.04793368394, 0.922693439686, 1.43937530123, 5.66189592522, 1.19619303615, 2.26884396447, 1.00207095043, 1.09000076823, 1.02390458355, 1.03230821811, 0.933985712704, 6.83840430005, 1.0355292111, 0.800577010612, 964.812974392, 1.05642829329, 1.78185928264, 1.0662352285, 5.4188135426, 1.16730745064, 25.404031579, 5059.3410566
4.61816997105, 1.00000032878, 1.0516507771, 0.94379435201, 5.17271043593, 0.943726267398, 5.25110345482, 1.19254484925, 0.944710245961, 2.55548007508, 4.91597312513, 0.912480701969, 3.85864383258, 1.25703379457, 1.09000052263, 1.02682899148, 1.04823339854, 0.834766921202, 9.82732712911, 1.10128577078, 0.988597095599, 910.405000337, 1.19067677414, 1.97305304711, 0.997538724607, 5.41406774931, 0.948493408822, 37.3683780429, 2482.9554714
2.08216139251, 1.00000012899, 1.43225867038, 1.13498692938, 5.51010052102, 0.939640079193, 4.57741850918, 1.18253258156, 0.995388337155, 3.30207643338, 4.71236667446, 1.20881417413, 3.06337484685, 1.25746265062, 1.09000003558, 1.091968341, 1.0203721778, 0.835263487914, 7.86871630416, 1.12392857922, 0.940642384223, 734.247909748, 0.952225286132, 4.04741690412, 1.18912918449, 2.86823764034, 1.06957408799, 40.8222788882, 2417.85148361
4.93225157405, 1.00000072038, 1.04724248263, 1.15473471882, 2.61762151152, 0.727222694995, 5.78627983658, 1.01201582372, 0.99441565731, 6.19344121275, 5.53591644529, 1.09251900995, 1.11727140327, 0.873187932269, 1.09000060002, 1.0243452601, 1.00988542858, 1.00087544881, 6.04477765504, 1.11368625962, 0.866839711247, 815.096300017, 1.19256160664, 4.88048382528, 0.980649763011, 3.59176496512, 0.996172503261, 25.7497953474, 5005.32602743
1.4080387726, 1.00000014077, 1.37773930459, 1.07797618298, 6.08599942284, 0.984425215258, 2.06057409198, 1.22666895548, 0.991945943202, 2.04291724606, 5.42670339968, 1.01637170884, 3.31545873317, 1.10390223454, 1.09000022721, 1.06016173738, 1.00771489213, 1.03258425139, 5.42970164834, 0.990889317392, 0.835035709749, 514.316662744, 0.929302606817, 2.31422728876, 1.2011303981, 3.87211540773, 1.00278967044, 22.4174291445, 5915.36233611
2.30725095029, 1.00000040099, 1.27169903347, 1.06121185253, 3.5698676558, 0.860580920922, 5.68990745803, 1.25681362914, 0.947981572232, 1.96431196992, 4.74221372095, 0.841190754929, 3.54393704595, 1.12992496506, 1.09000079621, 1.08156514482, 1.04041692426, 1.11315182033, 5.22685140576, 1.1553314171, 0.996999910007, 349.518838523, 1.18897475311, 3.62713079543, 0.971152664192, 5.0359675672, 0.945105508716, 25.0813534743, 5531.42627766
2.0847323915, 1.00000039461, 1.66346679673, 1.19825113596, 1.63710795314, 0.831842449422, 1.33371578814, 1.19939832946, 0.985889780696, 5.00063121639, 5.63931413994, 1.20457748239, 2.665647819, 1.18702881424, 1.09000024298, 1.08061763127, 1.0017213649, 0.841295742542, 9.27998269488, 1.18586900925, 0.839383526846, 367.951124642, 1.18525243698, 2.23777087406, 1.10143374951, 4.1799586654, 1.25166678837, 48.1904881046, 2592.43545399
5.90456126138, 1.00000049865, 1.30614507781, 1.16861756791, 4.08438501595, 0.732194466529, 5.17644625702, 1.16520803338, 0.915498260167, 5.35241003731, 6.18620089788, 0.905517605164, 4.06303719873, 1.17518396628, 1.09000085301, 1.00091337637, 1.00208933599, 1.08540736774, 8.45636208463, 1.16345185072, 0.967012060958, 920.816807919, 1.11424727308, 5.45126958483, 1.10063917337, 3.36929863042, 1.06507139575, 26.8510575612, 4364.53757424
4.80254556539, 1.00000010338, 1.61058776254, 0.847414640594, 2.74064616134, 0.748573179162, 2.12903588758, 1.1457053156, 0.981691026035, 2.90662164279, 5.25749966878, 0.936741544739, 3.8081172916, 1.10698247046, 1.09000031557, 1.06283566047, 1.02161021777, 1.22680882433, 9.8268161713, 1.03645806919, 0.77997456322, 666.987356037, 0.926900987491, 1.91931712154, 0.999734698473, 4.8333199926, 0.874742084633, 53.7378425656, 2926.86323379
3.92674981518, 1.00000087278, 1.29046075118, 0.817063988129, 3.900627302, 0.991376731167, 2.41465988413, 1.02995046255, 0.95017307253, 2.05878130164, 5.08858606607, 0.836579448867, 1.26061661693, 1.21925650416, 1.09000057304, 1.10698441937, 1.00258558565, 1.21981076688, 3.13425747746, 1.11600208594, 0.954479338553, 974.756218168, 1.07967996179, 5.47776980951, 1.07039806299, 2.21516701794, 1.11697794879, 23.1794107327, 6344.07386729
1.94219337167, 1.00000052538, 1.04910674932, 0.973858449377, 3.28799937901, 0.966577690876, 2.22430597402, 1.04297081021, 0.932021906687, 2.9983116911, 5.03183226948, 0.868854614343, 4.67390395975, 1.27861108081, 1.09000017055, 1.02099327485, 1.01777413821, 1.14266532622, 3.36099280977, 1.040381157, 0.837380489691, 862.098586442, 0.986258036011, 3.95626890158, 0.995450630064, 3.87683961192, 1.14042612829, 25.7599875911, 5375.16631953
1.85143494282, 1.00000044663, 1.23857718509, 0.898586825836, 5.00221018327, 0.994367935811, 4.91380135171, 1.03076387385, 0.930578696417, 2.19641683937, 4.98155047813, 0.931259602248, 1.19706061007, 1.08176922801, 1.09000065143, 1.09458788263, 1.03425562515, 1.10661843801, 8.86368043005, 1.1828677191, 0.952384644034, 118.224433063, 1.18126651415, 5.98805252172, 1.21243611396, 2.71709259236, 0.975701964153, 25.0209889378, 9212.73494231
4.16136068384, 1.00000080018, 1.50124793133, 0.805277611633, 4.1710833562, 0.960027209588, 2.14738162103, 1.10415658879, 0.932077779272, 4.95916336466, 6.0828579759, 0.871819369222, 3.43529205714, 1.2864774862, 1.09000008268, 1.02108495184, 1.0159388591, 0.981998816147, 5.5999743669, 1.09098724509, 0.896233069648, 200.166061881, 1.19309121609, 3.27121325344, 1.20514555369, 5.42460690033, 1.17971163715, 23.9809641665, 9282.16209401
3.493617425, 1.00000016705, 1.44542879377, 1.14571284595, 4.1145351738, 0.989251448379, 3.73343891163, 1.05298995495, 0.998252622413, 1.68505985606, 6.06058865039, 1.19659292239, 1.42794004112, 1.19568407141, 1.09000049701, 1.05409635382, 1.02864096589, 0.935503599015, 5.36203199898, 1.10802316696, 0.918919719616, 800.526489754, 0.936641467028, 4.35331118181, 1.06244504348, 5.40604586868, 1.23024959148, 25.4144653477, 6142.20609221
3.31493449427, 1.00000001465, 1.55966597332, 1.12567862238, 3.37537019753, 0.840972973052, 1.50334339559, 1.11028830281, 0.947669999381, 4.03865489287, 6.05108740094, 0.830935435321, 4.51726082574, 1.06003051627, 1.09000005883, 1.04818696751, 1.0087534875, 1.12906722954, 7.67249044895, 0.990919419972, 0.796426354359, 167.491489548, 0.967764352324, 4.3038923503, 1.12143094435, 2.79547688224, 1.04404255453, 28.0105679299, 4563.65999677
2.46510089872, 1.00000002493, 1.61485237824, 0.907971103435, 6.71672571618, 0.726566880372, 3.96432418695, 1.18508071947, 0.984209383895, 5.88382138995, 5.12141543015, 0.891946543783, 5.04679363494, 0.921079436757, 1.09000010955, 1.05572484129, 1.03470480248, 0.927780057376, 7.78724779993, 0.914426734045, 0.952722757039, 182.560714497, 0.960945582268, 5.98394365554, 0.954746321455, 3.02379391616, 1.08305197123, 32.2011384007, 4099.13794238
5.01363778001, 1.00000000214, 1.60644159792, 1.0209453791, 3.5448261871, 0.785444800156, 5.77563780253, 1.13309492264, 0.982093780941, 5.87249491307, 4.76127088798, 0.972518587699, 3.30216717266, 1.06014192731, 1.0900001448, 1.0293546164, 1.00785553114, 0.991168057863, 8.62194888887, 1.01947989605, 0.770681672803, 249.403939464, 0.971475816248, 3.88723390048, 0.990113066115, 4.66378788211, 1.13706801823, 27.0080968632, 5125.72591615
4.05712350614, 1.00000039266, 1.08864355544, 1.17179813641, 2.09691108415, 0.984738229468, 4.60255965184, 1.01617587066, 0.944313288885, 5.86741716881, 6.03666679057, 1.14146929909, 3.58578125471, 1.20805694387, 1.09000055563, 1.08841444579, 1.04825971526, 0.81580085697, 6.45815707647, 1.1867839476, 0.983157770404, 859.851059459, 1.06136247339, 3.46574580251, 1.05552901911, 4.35929033962, 1.24784813333, 39.0274105137, 3697.12362508
1.96263848465, 1.00000030744, 1.5405220391, 0.925814755523, 2.29418840011, 0.716550305426, 1.65800631608, 1.14108385558, 0.954512099898, 2.23466654093, 5.6632363511, 1.21942776578, 3.53867774766, 1.16976239456, 1.09000002935, 1.05646601251, 1.01335748194, 0.815391917463, 6.88010608442, 0.920993965398, 0.91900402504, 247.594135357, 0.946467212285, 4.86387668802, 1.19753821719, 4.28047041628, 1.2159466222, 23.3289091403, 13237.7344319
4.54598170254, 1.00000046129, 1.15281575799, 1.21872414457, 1.42991351478, 0.946185320248, 4.58092673974, 1.07847210606, 0.955236241926, 2.72634266016, 5.68572253739, 0.869157271571, 1.88949770834, 0.930382347712, 1.09000092066, 1.09839509099, 1.01612757899, 1.10992045502, 4.27068882412, 0.991425746365, 0.875081698587, 258.718736107, 1.08358857913, 1.10409239528, 0.964445603184, 2.47316159718, 0.931302998188, 33.7752381262, 4254.09640868
5.97554888763, 1.00000025614, 1.19159049112, 0.881543378695, 3.4488100855, 0.97733513448, 1.3986937908, 1.22854102418, 0.932367077215, 5.9981745532, 5.92666108886, 0.838121779895, 2.40060419002, 1.2208691135, 1.09000019053, 1.02775852153, 1.04778836175, 1.14428819269, 9.40938794317, 1.16664919968, 0.832284175646, 112.889064053, 1.13954189106, 4.65211082143, 0.9633460964, 4.65955348445, 1.01889038962, 42.435191076, 3356.87698817
3.73905841356, 1.00000085289, 1.68961262336, 1.16033719418, 6.63060761989, 0.820967250103, 4.40982105746, 1.10213173436, 0.907423170702, 5.30164677504, 5.73435548657, 1.04114049126, 3.45283692177, 0.819403807056, 1.09000051911, 1.08238051808, 1.03797981403, 1.12806175655, 9.4124479718, 1.02596579784, 0.841134377576, 838.415674979, 0.940984005303, 1.84224421736, 0.961051807836, 5.25712707735, 1.21501350562, 49.638424501, 3362.6277703
1.96263848465, 1.00000030744, 1.5405220391, 0.925814755523, 2.29418840011, 0.716550305426, 1.65800631608, 1.14108385558, 0.954512099898, 2.23466654093, 5.6632363511, 1.21942776578, 3.53867774766, 1.16976239456, 1.09000002935, 1.1067404741, 1.01335748194, 0.815391917463, 6.88010608442, 0.920993965398, 0.91900402504, 247.594135357, 0.946467212285, 4.86387668802, 1.19753821719, 4.28047041628, 1.2159466222, 23.4678289264, 35150.5794108
1.81090078249, 1.0000009278, 1.42891747437, 0.906365457742, 2.24859539765, 0.800962496945, 3.44821472012, 1.12343469941, 0.954749338866, 3.48108561984, 5.1516972, 1.08798336994, 2.98613148173, 0.928711364557, 1.09000048535, 1.01949177482, 1.0416284523, 0.844620490212, 5.31175330644, 0.974392632416, 0.887473023554, 799.887884698, 0.96459596599, 2.70590659839, 1.17466096891, 4.25760917936, 1.29191482964, 55.9632779864, 3795.30193549
3.59455882961, 1.00000087625, 1.42716826481, 1.00930479812, 5.16911275735, 0.992935638812, 4.69224791934, 1.22565023378, 0.986053458831, 3.071482985, 6.05565294467, 1.05647034752, 2.61756341328, 0.955280235062, 1.09000006225, 1.09693484921, 1.04293799808, 1.19495880684, 4.25056769278, 1.13180313127, 0.996553126113, 49.1887505948, 0.989763505019, 1.42188775686, 1.0702257166, 3.68456077059, 1.22598721011, 26.8345718934, 5609.7370704
4.54598170254, 1.00000046129, 1.15281575799, 1.21120820913, 1.42991351478, 0.946185320248, 4.58092673974, 1.07847210606, 0.955236241926, 2.72634266016, 5.68572253739, 0.869157271571, 1.88949770834, 0.930382347712, 1.09000092066, 1.03982336518, 1.01612757899, 1.10992045502, 4.27068882412, 0.991425746365, 0.983063920166, 782.186923168, 1.08358857913, 1.10409239528, 0.964445603184, 2.47316159718, 0.997284799099, 39.4283193996, 4488.06420765
1.81090078249, 1.0000009278, 1.42891747437, 0.906365457742, 2.24859539765, 0.800962496945, 1.83720609848, 1.12343469941, 0.954749338866, 3.48108561984, 5.1516972, 1.08798336994, 2.98613148173, 0.928711364557, 1.09000048535, 1.01949177482, 1.0416284523, 0.844620490212, 5.31175330644, 0.974392632416, 0.887473023554, 799.887884698, 0.96459596599, 4.59674731851, 1.17466096891, 4.25760917936, 1.29191482964, 38.0743083067, 4758.09289593
2.31000343869, 1.00000032015, 1.10170991613, 1.11036462046, 3.14698417124, 0.827199694181, 2.44800641592, 1.09499715684, 0.99023884703, 3.99750984868, 5.03360095023, 1.06920204778, 4.40979510351, 0.961408723016, 1.09000063788, 1.08621751417, 1.01595330456, 0.822887137864, 8.11757410196, 0.991250003781, 0.792611112929, 219.045913195, 0.944465982758, 5.23830056793, 1.22194033074, 3.57282568056, 0.96366412947, 30.5447370079, 5134.68628309
1.6944452896, 1.00000039444, 1.27174211961, 1.17805067687, 2.75294992693, 0.966100646385, 1.27899114237, 1.09274647444, 0.962466409392, 3.33787162045, 6.16831409045, 0.818091870095, 1.44503498758, 0.8942603231, 1.09000083427, 1.10150576461, 1.03371285087, 1.03346974629, 7.25636030632, 0.945729253007, 0.998559967263, 733.200912163, 1.03826459533, 2.08681181642, 1.21896333275, 4.24520215972, 1.15849161257, 26.2567294525, 10242.99856
3.17452606026, 1.00000083749, 1.36034721985, 0.899397402391, 4.11550966784, 0.773740670471, 2.56369237719, 1.23139684222, 0.918435963039, 5.23333608766, 5.37962093739, 0.867230500736, 2.93454810851, 1.0667355543, 1.09000016737, 1.04448915473, 1.04858538774, 1.07516191597, 8.83129463123, 1.16190662667, 0.888528663025, 630.486356022, 1.0351308051, 1.71793936972, 0.963021646216, 5.03013718468, 0.947748059497, 31.2264628977, 5427.93241804
4.42708216312, 1.00000011765, 1.61390662887, 1.06884309867, 4.24198765647, 0.808935196953, 1.08201460272, 1.24632464596, 0.949536044717, 5.84163931973, 5.70490778433, 0.873011684569, 1.79893436812, 1.00521297351, 1.09000028824, 1.04264983791, 1.04356858441, 0.982242028396, 6.17472832629, 1.13467055346, 0.905413092789, 308.643671163, 0.929741489549, 3.31800797926, 1.08191879603, 4.98773949105, 0.895526760206, 60.1305321512, 4805.1211554
3.83060057532, 1.00000000801, 1.22765263023, 0.814260345547, 6.32952378003, 0.98345093885, 5.90761594123, 1.20368115762, 0.946532183973, 1.72893922429, 6.12146606145, 1.10148934261, 4.48961550798, 0.972566783819, 1.09000058024, 1.07911866762, 1.01814800427, 0.999765390328, 4.60017062564, 1.0858961472, 0.84194585317, 358.647362446, 1.0831210348, 2.05274034095, 1.19033491392, 3.54175563668, 1.20149498624, 62.4150682525, 4808.64167687
5.99760899097, 1.00000007213, 1.71608561289, 0.861240298151, 5.32917955208, 0.930398585281, 1.1757128482, 1.04384194077, 0.948931288381, 5.42044669509, 4.84964159015, 1.06460929076, 1.09301169933, 1.16415573991, 1.09000076918, 1.04354145365, 1.00391012458, 0.833107057968, 9.25403746277, 0.990889317392, 0.918961187674, 293.203613722, 0.923555178124, 1.18185944435, 1.01423738998, 3.74458732685, 0.999919393753, 46.3899332013, 5031.13439393
5.53033458953, 1.00000070814, 1.7120777278, 1.21007786799, 6.48821715278, 0.933140610632, 2.46779878039, 1.18945909535, 0.900232195101, 4.75520384125, 5.85459180593, 0.818699564556, 3.08753766137, 0.986121587484, 1.09000039379, 1.03120375059, 1.01670196196, 1.07579370082, 9.07223151255, 1.06795717777, 0.968701198165, 131.83735145, 1.16211827986, 1.83963585616, 1.15969774326, 5.32504966557, 1.03372276721, 26.098648136, 15340.7644482
2.7726190532, 1.00000021145, 1.49902427958, 0.938373024622, 6.81938228405, 0.747853894389, 1.61896309274, 1.04706716146, 0.90576410493, 2.26809804918, 6.00079508278, 1.08044510524, 2.10504806019, 1.08213264963, 1.09000078666, 1.0120585151, 1.02023968505, 1.21230195747, 8.89195991843, 1.10901591351, 0.885935058687, 157.260687151, 1.07195213927, 5.26296162687, 1.00848640386, 1.71034357644, 1.20227747281, 26.2440851388, 15055.6861804
3.73905841356, 1.00000085289, 1.68961262336, 1.16033719418, 6.63060761989, 0.820967250103, 4.40982105746, 1.10213173436, 0.907423170702, 5.837150133, 5.73435548657, 1.04114049126, 3.45283692177, 0.819403807056, 1.09000051911, 1.08238051808, 1.03797981403, 1.12806175655, 9.4124479718, 1.02596579784, 0.841134377576, 838.415674979, 0.940984005303, 1.84224421736, 0.961051807836, 5.25712707735, 1.06284536696, 26.7245917709, 10361.5356196
1.77179881913, 1.00000013027, 1.33708681199, 0.925557079865, 4.10092702658, 0.853290336441, 3.61051604695, 1.15234976271, 0.995938059306, 5.23298285933, 5.97287628113, 0.832374320396, 3.17807153358, 0.875616112923, 1.09000060071, 1.0567594296, 1.02839873041, 0.900705888813, 7.51453515552, 1.12436642454, 0.857674640312, 807.240705324, 0.96416982654, 5.10312713517, 1.1958908743, 4.41736198188, 1.28114823983, 26.6681094813, 11961.9773084
5.89444433812, 1.00000027234, 1.05209584498, 1.0808156413, 5.30294622689, 0.724766308925, 2.85382316846, 1.25702603334, 0.914766713585, 3.16089902261, 5.68151034249, 1.02085799646, 2.02401778724, 1.18224372724, 1.09000035416, 1.0335692051, 1.00938759575, 0.91272034289, 3.0083496593, 1.12912053175, 0.931486931759, 922.215064106, 0.986116603289, 5.23565921184, 1.20441292183, 2.23378010193, 1.20934057194, 25.9885744211, 35906.2857518
3.0962044888, 1.00000066406, 1.25831673276, 0.962753649833, 1.66934138953, 0.828973338971, 1.82831162057, 1.08308142188, 0.901727493632, 2.05320400901, 6.01870117387, 0.971849457449, 3.62132431484, 0.922388279157, 1.09000099823, 1.05837589288, 1.02488547134, 1.19907908554, 5.98223323867, 1.01742181455, 0.873379745982, 550.108050288, 1.19868431275, 2.37221414589, 1.00909985032, 4.19876328869, 1.2581422063, 30.3666966379, 6106.5101284
5.32488241745, 1.00000009292, 1.69592551663, 0.915205405714, 2.23642500625, 0.794722930068, 1.53244190044, 1.2298078497, 0.954394680755, 2.16565904258, 4.87703935384, 0.935394509451, 1.40483125278, 0.924749535839, 1.09000083674, 1.07094781427, 1.03571498082, 1.05967374662, 6.29113213309, 0.976181896752, 0.836072180925, 729.261210521, 1.01126002526, 3.32809272956, 0.992796652976, 1.17234517564, 1.1754155535, 53.2384321687, 5217.82600452
1.34048218609, 1.0000001672, 1.34936560641, 1.08607774516, 2.19404866047, 0.730054379084, 5.91158256773, 1.16367436363, 0.903100334803, 6.11602502969, 5.04027900561, 0.989525778084, 2.29130455464, 1.25339054323, 1.09000019091, 1.08696515504, 1.04740188968, 0.86345425357, 9.14228405012, 1.06797814249, 0.848534694681, 433.258500923, 1.05149580821, 1.610241813, 1.03477627829, 4.71546435248, 1.23788476181, 29.1159146851, 8729.21512183
4.16136068384, 1.00000080018, 1.50124793133, 0.994408706722, 3.39988983, 0.960027209588, 2.14738162103, 1.10415658879, 0.932077779272, 4.95916336466, 6.0828579759, 0.871819369222, 3.43529205714, 1.2864774862, 1.09000008268, 1.02108495184, 1.0159388591, 0.981998816147, 5.5999743669, 1.09098724509, 0.876815520036, 200.166061881, 1.19309121609, 3.27121325344, 1.20514555369, 1.55603184414, 1.17971163715, 30.2017958474, 8988.23503341
1.04647910892, 1.00000036031, 1.57293184868, 0.89573568037, 2.57353908729, 0.772066836441, 3.72875918217, 1.09520729443, 0.901469971354, 1.59330332723, 5.1767555327, 0.873012785768, 1.40119012836, 0.911209992387, 1.09000022216, 1.10662330847, 1.03844002761, 0.92978954334, 3.26815550492, 1.01463176116, 0.827588627978, 948.211880198, 0.959289595434, 5.34017224194, 1.08132948531, 3.54968905556, 0.983276460771, 28.7486457049, 9313.39239521
2.55503516409, 1.0000002439, 1.22677664984, 0.85195692943, 6.2460713221, 0.721274071369, 2.04463537162, 1.04793368394, 0.922693439686, 1.43937530123, 5.66189592522, 1.19619303615, 2.26884396447, 1.00207095043, 1.09000076823, 1.02390458355, 1.03230821811, 0.933985712704, 6.83840430005, 1.0355292111, 0.800577010612, 964.812974392, 1.05642829329, 1.78185928264, 1.0662352285, 5.4188135426, 1.16730745064, 31.5373841431, 7368.06890007
3.11357179238, 1.00000034467, 1.36606454604, 1.11573156386, 5.18620403804, 0.998783694563, 4.15344150114, 1.1881449115, 0.90576410493, 1.32498026208, 4.8940488771, 1.17891945919, 3.42341890941, 1.12124843944, 1.09000043291, 1.10437333576, 1.00405529761, 1.07038030309, 7.20628092194, 1.04291883163, 0.850085728312, 726.377565319, 1.07195213927, 3.76275611732, 1.12360262437, 3.58135695293, 1.22319028161, 26.8797316143, 16200.5435967
1.6431018985, 1.00000065464, 1.7035568501, 0.80506441367, 6.24032016978, 0.997264469633, 1.36711548225, 1.08945658643, 0.971088705077, 5.24277809392, 5.05216135499, 0.851080000204, 4.92828503994, 1.16545142851, 1.09000062908, 1.02920048731, 1.00098076909, 0.966040778887, 4.76218502472, 0.947422604538, 0.994323955244, 798.423600344, 1.1172321429, 1.86638125378, 0.991384321268, 1.17890742442, 0.89901103452, 39.7515165536, 5730.67367382
3.64283069193, 1.00000025391, 1.50896142614, 1.02004529601, 1.5494005586, 0.992374197038, 2.94087793381, 1.03909900082, 0.934044329198, 4.65427484355, 6.02405072549, 0.820243672374, 3.98301015354, 1.2630667298, 1.09000091837, 1.1067404741, 1.00233104763, 1.07647827508, 7.918796194, 0.982385584098, 0.811055964124, 14.023575903, 1.14982024583, 3.68160244869, 1.05367181568, 3.82421616206, 1.20130831544, 33.9334933783, 7094.75600619
4.80254556539, 1.00000010338, 1.61058776254, 0.847414640594, 2.74064616134, 0.748573179162, 2.12903588758, 1.1457053156, 0.981691026035, 2.90662164279, 5.1465872079, 0.936741544739, 3.4936650804, 1.10698247046, 1.09000031557, 1.06283566047, 1.02161021777, 1.22680882433, 9.82732712911, 1.03645806919, 0.77997456322, 666.987356037, 0.926900987491, 1.91931712154, 0.999734698473, 4.8333199926, 0.87378188696, 31.9326680842, 8487.05452074
3.30812620585, 1.00000073673, 1.1455818889, 0.87887690994, 4.34331198825, 0.819994219123, 5.25165253324, 1.18161705521, 0.972573027642, 3.13515573325, 5.83338442083, 0.822862551742, 2.7806798423, 1.16254909936, 1.09000019976, 1.05153753775, 1.04714187878, 0.971822161085, 4.80139293873, 1.05206074027, 0.973224580324, 101.544387676, 1.10790306766, 5.50603270294, 1.10999724672, 5.10377837437, 1.12507517157, 33.348828724, 8175.68843529
3.13309751289, 1.00000009044, 1.02330694072, 0.814378385976, 4.17234678711, 0.84615074718, 5.28912453429, 1.11366609501, 0.943863515751, 3.54106960907, 5.23706542206, 0.989631076796, 2.24735697107, 1.22668633183, 1.09000096502, 1.02713519715, 1.01531269146, 0.836894513055, 3.41212818371, 1.1466289431, 0.889162760172, 873.393738548, 1.0455967347, 1.58811580145, 1.23345590568, 1.9231646704, 1.13627567692, 27.7182865788, 16018.2732444
4.39053336718, 1.00000072826, 1.44431081548, 0.886494017069, 1.9942858579, 0.801714726085, 2.86528045391, 1.0497909602, 0.947338103292, 2.56846469264, 5.76729593501, 0.913969777834, 2.17927712283, 1.2322867315, 1.09000056348, 1.02938358765, 1.03245085924, 0.892134753529, 3.12092782461, 1.0023739758, 0.80124491454, 354.968521698, 1.00545819398, 1.31214058518, 0.96496604518, 4.18411463984, 1.09011487198, 28.2840933789, 14036.2939182
4.24738355732, 1.00000087976, 1.35439748661, 1.08027778518, 5.16308493962, 0.88297080417, 2.58555101846, 1.08308142188, 0.978087799162, 5.52216733626, 4.85625683189, 0.962672495234, 2.99031540934, 0.897841144564, 1.09000037248, 1.09044905711, 1.01169711749, 0.810884278945, 3.01836095881, 1.15342462816, 0.805161038758, 600.271941798, 0.976532505848, 4.23329903502, 1.1028757942, 1.20050176493, 1.03834090308, 33.5919582264, 8398.26052208
2.0847323915, 1.00000048962, 1.66346679673, 1.19825113596, 1.63710795314, 0.831842449422, 1.33371578814, 1.19939832946, 0.985889780696, 5.00063121639, 5.63931413994, 1.18886453079, 2.665647819, 1.18702881424, 1.09000081396, 1.01241499877, 1.0017213649, 0.841295742542, 9.27998269488, 1.13614170668, 0.839383526846, 367.951124642, 1.18525243698, 2.23777087406, 1.17636110541, 4.1799586654, 1.25166678837, 36.9571661767, 8349.68578779
4.17573314225, 1.00000044945, 1.62564441203, 1.19358179235, 3.80931688127, 0.79703043497, 5.53350784128, 1.2232038172, 0.915068602843, 5.07840182065, 5.13847241021, 1.12789026259, 3.20740349294, 0.841543519989, 1.09000040384, 1.05813812124, 1.02604801301, 1.01577822644, 3.35755743916, 0.984920803973, 0.848045705691, 665.489516767, 0.969681602629, 4.87714551042, 1.0365083118, 3.5729246246, 0.898150817317, 41.2460069214, 7317.27185694
4.08079420809, 1.00000003739, 1.68229464867, 1.12703753849, 1.77397347738, 0.72742153431, 2.75142145526, 1.16917980525, 0.983670601005, 2.28890771399, 6.16682505787, 0.964968808001, 1.03516517097, 1.22891234666, 1.09000080227, 1.10407174068, 1.02511784188, 1.20036511169, 6.10830624085, 1.04140776653, 0.933676325711, 889.919206573, 1.1964837515, 4.48078988246, 1.09957828251, 4.20460760022, 1.02851406728, 28.0555523703, 23575.7009297
1.5818384932, 1.00000081543, 1.22605721889, 0.918708019386, 4.07817155043, 0.891527008544, 5.94659543787, 1.2411845675, 0.923224397367, 2.11931566464, 5.49995053087, 0.970084460368, 3.9842776202, 1.02917887715, 1.0900005952, 1.04243790302, 1.02959112609, 1.10169403414, 9.91260886374, 1.04411743411, 0.954831575714, 902.735625612, 1.04849183191, 1.32803816564, 1.01033714696, 2.41289550323, 1.23148915346, 30.5301063417, 11540.9557286
1.54139768309, 1.00000032878, 1.0516507771, 0.94379435201, 5.17271043593, 0.943726267398, 5.25110345482, 1.19254484925, 0.944710245961, 2.55548007508, 5.25749966878, 0.912480701969, 3.85864383258, 1.25703379457, 1.09000052263, 1.02682899148, 1.04823339854, 0.834766921202, 9.8268161713, 1.10128577078, 0.988597095599, 910.405000337, 1.19067677414, 1.97305304711, 0.997538724607, 5.41406774931, 0.948493408822, 51.8548011361, 6526.53889098
