4.92580123551, 1.09326896197, 1.34667168233, 0.966879129777, 2.83000053448, 1.14530352747, 1.63785991301, 1.26000082503, 1.14000050948, 2.68456490997, 3.08785608467, 1.0763123352, 3.04000032772, 1.01506786544, 0.969560983211, 1.00000003392, 1.00000024505, 1.00671921269, 3.57982662704, 0.96086498986, 1.00000056189, 123.76922398, 1.03136839902, 4.9483569267, 1.00072279456, 3.29000046243, 1.00000013062, 9.30349759787, 14.0894277862
4.2748816318, 1.08836339979, 1.59255096132, 0.996994167679, 2.83000079891, 1.08202801275, 2.32155491697, 1.26000044154, 1.14000053024, 1.98484681939, 1.96575174211, 1.02937605763, 3.04000046753, 1.09777157771, 0.923355534869, 1.00000046403, 1.00000006909, 1.04326600213, 3.89115352054, 0.990597163341, 1.00000095119, 94.6356687342, 0.859958352053, 5.98388799404, 0.977562374355, 3.29000090733, 1.00000074764, 10.7471035472, 111.694336481
2.24199808865, 1.01813401282, 1.40488034588, 0.888470344672, 2.83000057923, 1.11887301, 5.57391207821, 1.26000073607, 1.14000018902, 2.10499214481, 1.73187896348, 0.93226052416, 3.04000058268, 1.01039711336, 0.987481169986, 1.00000093741, 1.00000091742, 1.0906871475, 8.02533950963, 0.9547017383, 1.00000064649, 86.1178573012, 0.928464028373, 1.39135495492, 0.963904413812, 3.2900003176, 1.00000006579, 9.99836009943, 155.837767127
1.56842245758, 1.05353619915, 1.71891567462, 0.850159573211, 2.83000059716, 0.87183002604, 2.9663573262, 1.26000071772, 1.1400007705, 1.98012398556, 2.45398973707, 0.932801598457, 3.0400005122, 1.08003238447, 0.909227745623, 1.00000087418, 1.00000034878, 1.00346026145, 8.23305578433, 0.966956644787, 1.00000092276, 110.172241706, 0.938985932672, 1.6170574137, 1.03747000704, 3.29000067379, 1.00000018698, 15.341322739, 121.950722758
4.2748816318, 1.05047744878, 1.59255096132, 0.996994167679, 2.83000079891, 1.08202801275, 2.32155491697, 1.26000094461, 1.14000053024, 1.98484681939, 1.96575174211, 1.02937605763, 3.04000046753, 1.09777157771, 0.923355534869, 1.00000046403, 1.00000006909, 1.04326600213, 3.89115352054, 0.990597163341, 1.00000093164, 94.6356687342, 0.859958352053, 5.98388799404, 0.977562374355, 3.29000090733, 1.00000074764, 11.1673590165, 405.32379208
2.79056893238, 1.11702108501, 1.60056733806, 0.919950661544, 2.83000057545, 1.10913995005, 2.19752998678, 1.26000095356, 1.14000013038, 1.24910613854, 2.13110222974, 0.890228894018, 3.04000055719, 1.03046677784, 1.01223002847, 1.00000029018, 1.00000028716, 1.0353891655, 4.83154328472, 0.988295727731, 1.00000053891, 93.8957217972, 0.850648671315, 1.15613817219, 0.981269299202, 3.29000057686, 1.00000060964, 11.59660813, 209.934106326
4.01229085562, 1.11582008107, 1.39659092133, 0.843601892789, 2.8300000738, 0.975636731098, 1.18582743577, 1.26000022148, 1.14000008411, 1.80787315736, 1.96346625128, 1.09108418972, 3.04000037315, 1.05225228872, 0.980848825324, 1.00000020113, 1.00000085232, 1.08233700568, 7.46782435228, 0.910729320825, 1.00000074089, 114.642612511, 0.9123503702, 1.80174072496, 1.03838368783, 3.29000002133, 1.00000011025, 15.8477566376, 186.95964579
1.15728269522, 1.12157292912, 1.68352218593, 0.872041453018, 2.83000075201, 1.13953624228, 3.68989115671, 1.26000098293, 1.14000067081, 3.31717590122, 3.05503546053, 1.06723491465, 3.0400009278, 1.02043163318, 0.94362656277, 1.00000020575, 1.00000028295, 1.10538837488, 7.0154579072, 0.954026224338, 1.00000009022, 123.564646565, 0.876509242755, 4.94471733818, 0.995051993393, 3.29000098262, 1.00000028264, 15.0036084918, 322.630379431
5.66773978756, 1.12013436221, 1.68623311717, 0.923093967695, 2.8300008747, 0.905827080542, 4.16779019786, 1.26000015741, 1.1400002012, 3.1249459236, 3.01399976986, 1.02214001422, 3.04000046834, 1.08190091169, 0.927409291231, 1.00000099196, 1.00000072024, 1.03512687093, 4.69501016318, 0.98530038551, 1.00000023584, 83.218184527, 0.91261984847, 1.58698994709, 0.983779429805, 3.29000026762, 1.00000068889, 14.1565834271, 377.61106705
2.60862190234, 1.12085603525, 1.54930919632, 0.800388978169, 2.83000061778, 1.06530368883, 1.69916394998, 1.26000092454, 1.14000002773, 2.96786190957, 2.23283952577, 0.897771193247, 3.04000068918, 1.1102402279, 0.78176798518, 1.0000009125, 1.00000020287, 1.0002201951, 6.00879236246, 0.926785681099, 1.0000004662, 90.339115763, 1.08030124398, 3.48896684119, 1.06877834978, 3.29000069845, 1.00000024768, 13.4657403581, 1542.50422502
2.89394453355, 1.11926856572, 1.62298812687, 0.940086924694, 2.8300000969, 0.984434939569, 5.4008909092, 1.26000017328, 1.14000033387, 3.05069033053, 2.6568748018, 0.908397508323, 3.04000038924, 1.0417322593, 1.07746269143, 1.00000063502, 1.00000016304, 1.09782320835, 6.27385722465, 0.939792216108, 1.00000040947, 87.7103961022, 0.922838228325, 3.87160699881, 0.976343768392, 3.29000056083, 1.00000038755, 13.1962999799, 2031.19514165
4.03316009309, 1.02877617602, 1.4427592381, 0.962117954868, 2.83000057545, 0.932837191689, 3.63179308484, 1.26000087834, 1.14000095505, 3.49399949522, 3.03041806431, 0.916191608538, 3.04000032064, 1.00710932903, 0.925300324719, 1.00000010276, 1.00000028716, 1.01238550611, 4.83154328472, 0.954296606655, 1.0000003766, 84.1707926506, 0.99949913084, 4.36763217368, 1.06095321729, 3.29000084933, 1.00000006529, 20.615004998, 325.814054035
4.03316009309, 1.02877617602, 1.4427592381, 0.962117954868, 2.83000057545, 0.932837191689, 3.63179308484, 1.26000087834, 1.14000095505, 3.49399949522, 3.03041806431, 1.09914863336, 3.04000032064, 1.00710932903, 0.925300324719, 1.00000010276, 1.00000028716, 1.01556207858, 4.83154328472, 0.954296606655, 1.0000003766, 92.1856457911, 0.99949913084, 4.36763217368, 1.03433225266, 3.29000084933, 1.00000006529, 15.1713867034, 614.807132236
4.7030610261, 1.0946864592, 1.5922798231, 0.879868218082, 2.83000087039, 0.987595213219, 4.98653903937, 1.26000081721, 1.14000022483, 1.91235902895, 2.76238254681, 0.948108139324, 3.04000046753, 1.08079871363, 0.854308432068, 1.00000090424, 1.00000079777, 1.01725134885, 3.14938039038, 0.917372160371, 1.00000025025, 106.888075571, 0.936972445263, 2.08525538051, 1.03514559306, 3.290000641, 1.00000099417, 16.5606728583, 531.74411883
3.93827917746, 1.08399863353, 1.61777616791, 0.978590144328, 2.83000001982, 1.15832726202, 1.09175866753, 1.2600003085, 1.14000085495, 2.84391686068, 2.50944486435, 1.00277368614, 3.04000035045, 1.04897782216, 0.927194136768, 1.0000000842, 1.00000035814, 1.09940007321, 4.87029649029, 0.938414996572, 1.00000063441, 123.822936569, 0.964693659355, 3.31631324453, 0.972054719733, 3.29000030437, 1.00000027024, 16.6998630309, 447.210149507
2.79056893238, 1.11702108501, 1.60056733806, 0.919950661544, 2.83000097712, 1.10913995005, 2.19752998678, 1.26000095356, 1.14000013038, 1.24910613854, 2.13110222974, 0.890228894018, 3.04000055719, 1.03046677784, 1.01223002847, 1.00000029018, 1.00000076971, 1.0353891655, 8.64799627162, 0.988295727731, 1.00000053891, 93.8957217972, 0.850648671315, 1.15613817219, 0.981269299202, 3.29000057686, 1.00000059808, 15.6770243626, 1685.71378635
1.25658841687, 1.12828336425, 1.67425617617, 0.970896603253, 2.83000008341, 0.883243706398, 5.55068104443, 1.26000075021, 1.14000088592, 2.79212248829, 2.35666910624, 0.967507556842, 3.04000016811, 1.0360845405, 0.912301504056, 1.00000078564, 1.0000000552, 1.0839702447, 8.52978426539, 0.960531891555, 1.00000087062, 123.381572713, 0.937867336465, 3.62506322108, 1.01024949744, 3.29000080249, 1.00000048476, 26.8412894575, 429.772944474
5.66773978756, 1.12013436221, 1.68623311717, 0.923093967695, 2.8300008747, 0.905827080542, 4.16779019786, 1.26000014095, 1.1400002012, 3.1249459236, 3.01399976986, 1.02214001422, 3.04000046834, 1.08190091169, 0.927409291231, 1.0000000754, 1.00000053189, 1.03512687093, 4.69501016318, 0.98530038551, 1.00000042263, 83.218184527, 0.91261984847, 1.58698994709, 0.983779429805, 3.29000072792, 1.00000068889, 26.3191155303, 486.097586861
2.99912382688, 1.11563026964, 1.40756884149, 0.900352047526, 2.83000045885, 1.00695478065, 5.89210570713, 1.2600008459, 1.14000040798, 2.83051813304, 3.01785412068, 0.902714487468, 3.04000046001, 1.02330805766, 0.812464259771, 1.00000031735, 1.00000024609, 1.03530028294, 8.54364854885, 0.919358921269, 1.00000086352, 82.3406787239, 1.02253051099, 4.83215701461, 1.04935383289, 3.29000044344, 1.00000033924, 16.5804688881, 1044.62818447
5.40382904851, 1.08461289291, 1.67463869423, 0.840366755169, 2.83000006821, 1.09067948266, 5.49497730372, 1.26000064105, 1.14000041907, 2.24477109074, 1.96603177676, 0.966516185244, 3.04000073162, 1.06270437377, 0.847420655218, 1.00000066352, 1.00000010976, 1.08973976691, 4.60340919951, 0.941141206992, 1.00000095719, 78.9117827508, 0.967752409431, 3.65677347993, 1.03066876618, 3.29000078462, 1.0000000408, 22.8270886901, 541.720461762
2.41602000857, 1.07426006471, 1.70372919854, 0.840108356505, 2.83000090802, 1.1396646822, 5.13495262178, 1.26000020212, 1.14000059523, 2.87642136094, 3.08822482069, 0.966127614847, 3.04000099389, 1.01851437479, 0.995927963141, 1.00000033091, 1.00000047738, 1.03815657863, 8.05687899204, 0.918652652494, 1.00000082817, 81.9194381701, 1.03567081576, 1.94342674444, 1.04412671246, 3.29000005869, 1.00000038372, 16.7586523842, 862.864099626
4.46467650182, 1.01021608296, 1.60342765633, 0.902549123294, 2.83000096587, 1.10945244371, 2.05698783397, 1.26000027948, 1.14000071849, 2.52491677805, 1.75326219113, 1.08731743463, 3.04000008755, 1.09929124844, 0.963409619999, 1.0000002498, 1.00000051003, 1.05273028246, 3.64688199804, 0.930067450257, 1.00000016507, 76.0675652811, 1.08692505732, 5.53931211251, 0.999936910483, 3.29000059836, 1.00000082193, 15.8772931513, 2916.49692233
2.18279026495, 1.13273007189, 1.55338532801, 0.99674065879, 2.8300004509, 1.11130843556, 1.75581598801, 1.26000013614, 1.14000053744, 2.9806874744, 3.06939082682, 1.01653110893, 3.04000000013, 1.02444629037, 1.02443423488, 1.00000071387, 1.0000008287, 1.08155755595, 7.12945968218, 0.985243810852, 1.00000028216, 107.084591463, 1.00923043187, 1.89004744536, 0.952794080326, 3.29000034724, 1.00000098917, 17.5963133695, 1003.38270709
2.5537511493, 1.06350631702, 1.51433917018, 0.82585427377, 2.83000062271, 1.12454242608, 1.138989234, 1.26000050593, 1.14000089153, 1.70605432057, 2.50230568549, 0.907541633066, 3.04000020335, 1.09601164995, 0.783741844257, 1.00000078042, 1.0000003858, 1.01296681544, 7.27679145342, 0.942568979931, 1.00000058364, 102.796088231, 0.943925513397, 5.1559637013, 0.960111733771, 3.29000063255, 1.00000036981, 17.2605467914, 1415.28799496
2.10411062853, 1.01992115093, 1.55836463449, 0.933219876154, 2.83000091125, 1.15246814013, 1.30082795299, 1.26000091144, 1.14000024749, 2.39809140393, 2.91452116086, 1.06340645266, 3.04000010035, 1.07384791202, 0.874823175439, 1.00000068684, 1.00000037809, 1.09467909427, 3.71303171153, 0.914538913311, 1.00000026425, 119.811235248, 0.865982216383, 1.7752812857, 1.00641446626, 3.29000099674, 1.00000069304, 27.8556468043, 542.993052548
2.2492674093, 1.00959136325, 1.67774223258, 0.831908672461, 2.8300007485, 1.06264070005, 5.60774487463, 1.26000084485, 1.14000059993, 1.67234577904, 2.9099224907, 0.914643380789, 3.04000091516, 1.09560345858, 0.805540437784, 1.00000091722, 1.00000004153, 1.04524318962, 9.7062057367, 0.954665799713, 1.00000001518, 99.5030683678, 0.951469100738, 4.74311105745, 0.96208441896, 3.29000060555, 1.00000055207, 27.4387297298, 555.367207091
2.51187031853, 1.13532425819, 1.57617776431, 0.814070777236, 2.83000009697, 1.05076404664, 5.73593979949, 1.26000082076, 1.14000080303, 1.6127128088, 1.58213555497, 1.01218452384, 3.04000096402, 1.04542289144, 0.851834808635, 1.00000070339, 1.00000076479, 1.04842428381, 9.20203738506, 0.956130554032, 1.00000015952, 100.44179142, 0.843290884984, 1.06612288267, 1.03096994591, 3.29000036931, 1.00000070506, 18.0847674248, 1046.19549726
3.99237199637, 1.07071544134, 1.47415393577, 0.823978929457, 2.83000060823, 1.11688196927, 5.64494856512, 1.26000008621, 1.1400000022, 3.65373158523, 2.93382436868, 0.932566046905, 3.04000007204, 1.04407214008, 1.06759923162, 1.00000032274, 1.00000094421, 1.10905548752, 7.21359033107, 0.964452268928, 1.00000007711, 101.883986258, 0.941087880194, 2.4253203481, 1.02212588681, 3.29000037879, 1.00000056568, 33.2101987269, 596.959520281
5.75139598547, 1.0443066897, 1.73026289843, 0.938166606238, 2.83000031123, 1.04111761012, 5.68898943453, 1.26000066463, 1.14000029786, 1.84591613626, 1.58993159158, 1.00444102092, 3.0400004231, 1.04603573807, 1.05511811618, 1.00000093333, 1.00000057796, 1.09284534756, 8.81704460122, 0.922501162642, 1.0000002819, 120.446930722, 0.866782235694, 4.27115530952, 1.05343349929, 3.29000034511, 1.00000057111, 18.6212274499, 1132.83272327
1.55914150852, 1.04346445753, 1.50346044913, 0.941189655178, 2.83000047502, 1.1086538814, 4.09077239594, 1.26000090224, 1.14000001668, 1.38211945356, 2.20427842313, 0.96047350847, 3.04000006371, 1.02015865158, 0.971067560908, 1.00000062875, 1.0000009354, 1.04401395173, 4.10954483254, 0.949254862533, 1.00000024113, 117.261062708, 0.961190569907, 2.10438798083, 1.04111276161, 3.29000098647, 1.00000060882, 30.6504264021, 726.183469153
2.5537511493, 1.06350631702, 1.51433917018, 0.82585427377, 2.83000062271, 1.07474489765, 1.138989234, 1.26000050593, 1.14000080303, 1.6370233805, 2.50230568549, 0.907541633066, 3.04000020335, 1.09601164995, 0.783741844257, 1.00000078042, 1.0000003858, 1.01296681544, 7.27679145342, 0.942568979931, 1.00000058364, 102.127051911, 0.943925513397, 4.05092259913, 0.962740846499, 3.29000063255, 1.00000036981, 20.1564609398, 1204.76621498
4.83344489676, 1.00853835951, 1.47484312836, 0.885205700037, 2.83000001954, 1.02741439673, 1.11520607613, 1.26000063633, 1.1400005629, 1.66630183778, 2.66120617031, 0.921373900501, 3.04000064371, 1.04758093689, 0.900949637009, 1.00000092946, 1.00000010047, 1.101468865, 8.20449443509, 0.96372324932, 1.00000079708, 96.3082143935, 0.980930169391, 4.47858177503, 1.04353280184, 3.29000070946, 1.00000029958, 28.1995971083, 870.276912286
5.48125131671, 1.12142034493, 1.44132914782, 0.868006377548, 2.83000009616, 1.00620786893, 3.11755773986, 1.26000072489, 1.14000012501, 2.31596415586, 1.77038917354, 0.935557103535, 3.04000007648, 1.04714702468, 0.835548339941, 1.00000017508, 1.00000046531, 1.07012214111, 4.4493579392, 0.931341834629, 1.00000022138, 81.4130023594, 1.01610327311, 2.23401406438, 0.956996920563, 3.29000058504, 1.0000003377, 16.9403481345, 4133.49367449
5.92537834024, 1.09014327, 1.42961194633, 0.981010374978, 2.83000034147, 0.98506416295, 2.60954216053, 1.2600008277, 1.14000024542, 1.53260149152, 1.85600731199, 0.939401033152, 3.04000038762, 1.039114403, 1.05449832442, 1.00000037579, 1.00000042166, 1.04631817158, 9.89902053131, 0.977746991492, 1.00000088742, 118.438641563, 0.98591248467, 5.00997168176, 1.0001408421, 3.29000049499, 1.0000009711, 19.4971245882, 1417.26549764
5.04515304868, 1.02765569183, 1.44760599517, 0.952492332257, 2.83000049454, 1.1686870586, 3.64507088136, 1.26000029809, 1.14000050948, 2.69928196927, 1.85623302199, 0.886581152145, 3.04000096865, 1.05031240444, 0.977786917712, 1.00000027599, 1.00000055313, 1.0517367241, 9.01664699323, 0.99925875202, 1.00000059366, 81.5768337287, 0.878728182397, 2.88587791187, 1.01529432487, 3.29000049577, 1.00000082221, 32.0081865912, 899.828505035
2.07810252503, 1.10931159323, 1.57659575499, 0.914053871457, 2.83000043427, 0.98506416295, 1.95231405499, 1.26000031032, 1.14000068478, 3.48486304524, 2.61767997189, 1.02975776451, 3.04000078581, 1.09778359894, 1.06736537864, 1.00000077778, 1.00000048723, 1.08484748943, 3.33460461211, 0.963604069484, 1.00000070713, 118.438641563, 0.859967473042, 4.73620649949, 0.95491856433, 3.29000018104, 1.00000083796, 17.7949444995, 2383.25706609
5.5924272345, 1.10110784241, 1.58346506023, 0.815465665178, 2.83000019023, 1.09550432356, 1.06010119349, 1.26000005357, 1.140000302, 1.6499341954, 1.64697348527, 1.0530196356, 3.04000072901, 1.11322633542, 0.888800449237, 1.00000020733, 1.00000064049, 1.09309027678, 5.60990301041, 0.967692852523, 1.00000036881, 105.737114177, 0.927122574081, 3.22194843048, 1.04647942696, 3.29000047247, 1.00000076515, 24.9469063978, 1314.83452335
2.35924453236, 1.11634662576, 1.47322071474, 0.929288716311, 2.83000019993, 1.05487107907, 4.15848571305, 1.26000010384, 1.14000073062, 1.58339580835, 2.79630688808, 1.05349948012, 3.04000016033, 1.01039711336, 0.868504864835, 1.00000049864, 1.00000091742, 1.01911333169, 8.84434874466, 0.910496328412, 1.00000090063, 94.9726390611, 0.951218915066, 1.39135495492, 1.05581341802, 3.29000095678, 1.00000006579, 18.7454287771, 1786.73561261
4.01229085562, 1.11582008107, 1.41473141827, 0.843601892789, 2.8300000738, 0.975636731098, 1.18582743577, 1.26000022148, 1.14000008411, 1.80787315736, 2.94641719117, 1.09108418972, 3.04000037315, 1.05225228872, 0.900706060493, 1.00000020113, 1.00000085232, 1.03135697036, 7.46782435228, 0.910729320825, 1.00000099138, 114.642612511, 0.9123503702, 2.63132751453, 0.957106771778, 3.29000011903, 1.00000011025, 19.4348720018, 1748.4082538
2.36639341835, 1.00432424906, 1.64258044244, 0.986222624816, 2.83000073125, 1.11060277305, 2.36390794924, 1.26000009505, 1.14000098471, 1.96865072876, 2.04367338302, 1.08072511187, 3.04000070662, 1.09597371991, 0.784957319349, 1.00000064111, 1.00000006682, 1.0118235899, 6.79780285101, 0.985160623748, 1.00000053413, 102.028147513, 0.973173386969, 4.60870527086, 0.972484307612, 3.29000090748, 1.00000050402, 20.4895765915, 1646.21945528
4.03316009309, 1.02877617602, 1.4427592381, 0.962117954868, 2.83000057545, 0.932837191689, 3.63179308484, 1.26000087834, 1.14000095505, 3.49399949522, 3.03041806431, 0.916191608538, 3.04000032064, 1.00710932903, 0.925300324719, 1.00000010276, 1.00000028716, 1.01238550611, 4.83154328472, 0.954296606655, 1.0000003766, 92.1856457911, 0.99949913084, 4.36763217368, 1.00208005161, 3.29000084933, 1.00000006529, 18.7751004875, 2537.79171746
1.62223416154, 1.11036184251, 1.70307888942, 0.933043640273, 2.83000078122, 0.930880720453, 1.88408344695, 1.26000011908, 1.14000053744, 1.3618616561, 2.96941997471, 1.09914863336, 3.04000050555, 1.04905136381, 0.976669122301, 1.00000059477, 1.00000053992, 1.01556207858, 7.64101161695, 0.992381462441, 1.00000051833, 82.4280627219, 1.02791109737, 3.33130087991, 0.966395035771, 3.29000091118, 1.0000007552, 19.4850823337, 2591.65277933
5.41591586359, 1.06971101329, 1.53304930304, 0.918381620465, 2.83000033602, 0.858600809615, 5.30173323561, 1.26000000342, 1.14000079137, 1.31312220626, 2.94641719117, 1.07642752143, 3.04000022483, 1.08958367833, 0.967147404227, 1.00000028362, 1.00000008114, 1.07313073185, 4.00656677563, 0.99558167785, 1.00000099138, 86.2394353931, 1.06200683136, 3.43685981506, 1.06206319626, 3.29000007152, 1.00000015048, 18.9252423187, 5226.80411821
5.61789035704, 1.03760846785, 1.68126995866, 0.874163569592, 2.83000019064, 1.13009291199, 4.66159418394, 1.26000040112, 1.14000000064, 2.5926988055, 2.81528286734, 0.899538065952, 3.04000014478, 1.04457263826, 0.901084004084, 1.00000086719, 1.00000017088, 1.00278959824, 6.71125830039, 0.973725396848, 1.00000022121, 113.589850207, 1.01272907581, 5.82999659521, 0.958081686792, 3.29000084488, 1.00000021086, 18.8266345525, 5273.234011
1.02001934607, 1.05866559687, 1.45197469595, 0.840343545968, 2.83000080925, 1.01014618726, 2.48192770571, 1.26000069646, 1.14000023869, 1.33597410279, 2.05577377158, 0.978876962569, 3.04000000389, 1.01065447541, 1.02734178502, 1.00000004072, 1.00000086284, 1.07653052352, 7.50968238177, 0.945579665269, 1.00000068816, 80.1232274528, 1.03713524377, 1.95644315351, 1.05922541994, 3.2900004074, 1.00000012275, 32.9182871932, 1536.76038431
3.88758750638, 1.05833267691, 1.61839087293, 0.945821726164, 2.83000027475, 1.1111831283, 3.47823700092, 1.26000056976, 1.14000008574, 1.42619666107, 2.06345692308, 0.907231553263, 3.04000093856, 1.00657760543, 0.901868395634, 1.00000000652, 1.00000012504, 1.08940555255, 5.02930265902, 0.98185806699, 1.00000002277, 105.775898874, 0.956591117565, 5.6061715856, 1.0199680735, 3.29000074133, 1.00000093428, 22.591072653, 2469.18685824
2.36639341835, 1.00432424906, 1.64258044244, 0.986222624816, 2.83000073125, 1.11060277305, 2.36390794924, 1.26000009505, 1.14000098471, 1.96865072876, 2.04367338302, 1.08072511187, 3.04000070662, 1.09597371991, 0.784957319349, 1.00000064111, 1.00000006682, 1.0118235899, 6.79780285101, 0.947875590933, 1.00000053413, 102.028147513, 0.973173386969, 4.60870527086, 0.972484307612, 3.29000090748, 1.00000050402, 26.4341553749, 2051.77881428
5.71634705497, 1.118753026, 1.46388229973, 0.818776267046, 2.83000043277, 1.02629546485, 1.59174751319, 1.26000048654, 1.14000053103, 3.0351149985, 1.73625704947, 0.938058330531, 3.04000076007, 1.01653900162, 0.907215501861, 1.00000019656, 1.00000016417, 1.01214096917, 7.3227773893, 0.931341834629, 1.00000099594, 110.534667786, 1.01896016154, 1.00318515807, 0.990215682148, 3.29000042674, 1.00000012084, 19.7711891558, 5834.55242422
4.7030610261, 1.0946864592, 1.5922798231, 0.879868218082, 2.83000087039, 0.987595213219, 4.98653903937, 1.26000081721, 1.14000022483, 1.91235902895, 2.76238254681, 0.937364573359, 3.04000090695, 1.08079871363, 0.854308432068, 1.00000090424, 1.00000079777, 1.00232791614, 3.14938039038, 0.917372160371, 1.00000025025, 82.7400922238, 0.987871544698, 2.08525538051, 1.03514559306, 3.290000641, 1.00000099417, 20.1416181168, 8587.34567223
1.49665537365, 1.11266934669, 1.66245888781, 0.983480451728, 2.83000077365, 0.86569018773, 2.01899083081, 1.26000003147, 1.1400002873, 3.1576318559, 1.64069575145, 0.924605570369, 3.04000051571, 1.0053786172, 0.958710731061, 1.00000082871, 1.00000005507, 1.06299913716, 3.89591509854, 0.999937343584, 1.00000033715, 120.793091986, 1.07607251077, 4.48275315327, 1.04396237937, 3.29000072792, 1.00000088436, 28.1915183546, 1987.10106663
2.49962392172, 1.08682415812, 1.55763723412, 0.948024345196, 2.83000099137, 0.947049964481, 1.07089043917, 1.26000089235, 1.14000048348, 2.98423970195, 2.49006441888, 1.02064074489, 3.04000092783, 1.0033293041, 0.955184767774, 1.0000003108, 1.00000021436, 1.09229401155, 4.39085448513, 0.96395273325, 1.00000069402, 116.687613684, 1.00833152843, 5.85481883139, 1.01075587729, 3.29000046999, 1.00000093631, 21.0482618191, 4067.19917949
2.3226800116, 1.01287697649, 1.66842533516, 0.862145267179, 2.83000076041, 0.917751154403, 2.62989026718, 1.26000085492, 1.1400006359, 3.37269378787, 2.16884031955, 1.06771199688, 3.04000084166, 1.07942697623, 0.792421979214, 1.00000038808, 1.00000085906, 1.00429331266, 6.90211243345, 0.910118782208, 1.0000005929, 103.057578148, 1.03535020906, 1.31532778078, 0.992926056104, 3.29000018638, 1.00000061121, 21.2986388227, 3872.65893284
2.6609571532, 1.09702970287, 1.38078802916, 0.825929768208, 2.83000000352, 1.11260862685, 4.70372859803, 1.26000006765, 1.14000053128, 1.96509638817, 2.93230707388, 0.980087233088, 3.04000077613, 1.03567494642, 0.934695307178, 1.00000062783, 1.00000048399, 1.06963110467, 9.0681484098, 0.983983443608, 1.00000085802, 118.296862699, 0.874720888597, 3.53462827645, 1.03119286186, 3.29000099599, 1.00000032237, 22.1185828897, 3361.41137846
2.6609571532, 1.09702970287, 1.38078802916, 0.825929768208, 2.83000000352, 1.11260862685, 4.70372859803, 1.26000006765, 1.14000053128, 1.96509638817, 2.93230707388, 0.980087233088, 3.04000077613, 1.03567494642, 0.934695307178, 1.00000062783, 1.00000048399, 1.06963110467, 9.0681484098, 0.983983443608, 1.00000085802, 118.296862699, 0.874720888597, 3.53462827645, 1.03119286186, 3.29000099599, 1.00000032237, 20.6966930099, 4160.49824966
4.92024611078, 1.08399863353, 1.61777616791, 0.978590144328, 2.83000001982, 1.15832726202, 1.09175866753, 1.2600003085, 1.14000085495, 2.84391686068, 2.50944486435, 1.00277368614, 3.04000035045, 1.04897782216, 0.927194136768, 1.0000000842, 1.00000035814, 1.09940007321, 4.87029649029, 0.938414996572, 1.00000063441, 123.822936569, 0.964693659355, 3.31631324453, 0.972054719733, 3.29000030437, 1.00000027024, 20.1912429475, 11506.5048432
2.4627134219, 1.03922606303, 1.35106488185, 0.862076268936, 2.83000022364, 0.968233094326, 5.05772422844, 1.26000093581, 1.14000033163, 3.17811867088, 3.04067518165, 0.980653788481, 3.0400000069, 1.06630628118, 1.06364928161, 1.00000075268, 1.00000085906, 1.06724156848, 4.61235546657, 0.956384222913, 1.00000067789, 106.610743815, 0.874021713074, 4.133698643, 1.03217097506, 3.2900002632, 1.00000049275, 26.2420293665, 2655.34527466
5.5924272345, 1.10110784241, 1.58346506023, 0.815465665178, 2.83000019023, 1.09550432356, 1.06010119349, 1.26000005357, 1.140000302, 1.6499341954, 1.64697348527, 1.0530196356, 3.04000072901, 1.11322633542, 0.888800449237, 1.00000080189, 1.00000064049, 1.09309027678, 5.60990301041, 0.967692852523, 1.00000038987, 105.737114177, 0.927122574081, 3.22194843048, 1.00958008171, 3.29000047247, 1.00000076515, 21.1052692247, 4780.12145079
3.99237199637, 1.07071544134, 1.47415393577, 0.823978929457, 2.83000060823, 1.11688196927, 5.5046838299, 1.26000008621, 1.1400000022, 3.65373158523, 2.93382436868, 1.07543270981, 3.04000008059, 1.04025356942, 1.06759923162, 1.00000032274, 1.00000094421, 1.10905548752, 7.21359033107, 0.964452268928, 1.00000000636, 86.4597136698, 0.994336050719, 2.4253203481, 1.02212588681, 3.29000037879, 1.00000056568, 24.5543562854, 3718.76486657
5.07664482995, 1.02617984788, 1.36546811012, 0.965336584644, 2.83000012575, 0.94907482572, 4.88173123149, 1.26000055241, 1.14000052251, 2.65440497691, 2.36316812027, 0.940732857051, 3.0400009165, 1.08689748948, 1.04899523246, 1.00000035483, 1.00000050368, 1.08109831367, 6.51836681728, 0.935656459492, 1.00000069454, 110.475770515, 0.840199465389, 3.09034100644, 1.01868052475, 3.29000011903, 1.00000074047, 28.0196799546, 2444.317994
3.29256177458, 1.05327183468, 1.37255739974, 0.835080995225, 2.83000047025, 1.16081511089, 1.1516399158, 1.26000062257, 1.14000029348, 3.32166655533, 2.0703992968, 0.932566046905, 3.04000099287, 1.06110926776, 1.0172608702, 1.00000026518, 1.00000038027, 1.07856433477, 9.60325130874, 0.958016833077, 1.00000085989, 101.883986258, 0.847820911545, 1.5221124408, 1.05871392574, 3.29000090586, 1.00000090212, 21.7436844091, 4860.78620524
2.24199808865, 1.06667988269, 1.40488034588, 0.888470344672, 2.83000057923, 1.12644374789, 5.57391207821, 1.26000073607, 1.14000018902, 2.10499214481, 1.73187896348, 0.93226052416, 3.04000058268, 1.0661168809, 0.987481169986, 1.00000093741, 1.00000008986, 1.0906871475, 9.45877405448, 0.9547017383, 1.00000064649, 86.1178573012, 0.928464028373, 5.63362371929, 0.963904413812, 3.2900003176, 1.00000013694, 27.4773258967, 2595.89640616
3.74354131482, 1.10732248207, 1.4828964724, 0.823999080742, 2.83000099891, 0.98475787496, 1.94344814127, 1.26000074128, 1.14000015393, 3.67303088816, 2.44837946809, 1.02424321149, 3.04000041933, 1.00004919638, 0.836489534015, 1.00000043911, 1.00000050708, 1.08665867979, 5.46968730913, 0.942949561031, 1.00000012217, 101.367318012, 0.924320258247, 4.07080233846, 0.995469677729, 3.29000058598, 1.00000017072, 36.9776328043, 2220.33061249
3.99237199637, 1.07071544134, 1.47415393577, 0.823978929457, 2.83000060823, 1.11688196927, 5.5046838299, 1.26000008621, 1.1400000022, 3.65373158523, 2.93382436868, 1.02176732588, 3.04000008059, 1.04407214008, 1.06759923162, 1.00000032274, 1.00000094421, 1.10905548752, 7.21359033107, 0.964452268928, 1.00000007711, 86.4597136698, 0.941087880194, 2.4253203481, 1.02212588681, 3.29000037879, 1.00000056568, 39.1518303177, 2235.80082152
5.5674018891, 1.11140360987, 1.52607582804, 0.912530281671, 2.83000050282, 1.0137454916, 5.80952577959, 1.26000009848, 1.14000081044, 2.10671290567, 2.3113516255, 0.995705845885, 3.04000063983, 1.02639404625, 1.07575316247, 1.0000003975, 1.00000043347, 1.07462102638, 8.64872922077, 0.910708517628, 1.00000086937, 118.838603803, 0.85735778292, 5.8936666483, 0.96000109366, 3.2900001925, 1.00000046925, 28.5657421031, 2486.31567228
2.24594908713, 1.12106369588, 1.57616409736, 0.890151916838, 2.83000084869, 1.0645390162, 1.33197236432, 1.26000070335, 1.14000040553, 1.46828528247, 2.93824381454, 0.964322221924, 3.04000038788, 1.0968306439, 0.832274212468, 1.00000061298, 1.00000024578, 1.00199215394, 4.96777779057, 0.951299603033, 1.00000051779, 116.970695772, 0.855055442299, 2.96693589822, 1.05649197091, 3.29000043099, 1.00000007204, 21.2331968532, 9899.10146891
5.71634705497, 1.118753026, 1.46388229973, 0.818776267046, 2.83000043277, 1.02629546485, 1.59174751319, 1.26000048654, 1.14000058087, 3.0351149985, 1.73625704947, 0.938058330531, 3.04000059023, 1.02596799561, 0.907215501861, 1.00000019656, 1.00000016417, 1.01214096917, 7.3227773893, 0.931341834629, 1.00000099594, 110.534667786, 1.06396929467, 1.00318515807, 0.990215682148, 3.29000093285, 1.00000012084, 23.5917558195, 4776.34307095
5.41591586359, 1.06527782231, 1.53304930304, 0.851040092217, 2.83000033602, 0.858600809615, 5.30173323561, 1.2600003749, 1.14000079137, 1.31312220626, 1.96346625128, 1.05436935289, 3.04000022483, 1.08958367833, 0.967147404227, 1.00000028362, 1.00000047499, 1.07313073185, 4.00656677563, 0.975192163078, 1.00000074089, 98.3024919316, 1.06200683136, 3.43685981506, 1.05923263293, 3.29000007152, 1.00000015048, 21.3571463204, 7782.27843625
2.72790138294, 1.02612014283, 1.39451629644, 0.951525798619, 2.83000043239, 1.01100260834, 4.33423542523, 1.26000071989, 1.14000091063, 2.30952767842, 2.5329727855, 1.08915896361, 3.04000061753, 1.08053557882, 0.907855035908, 1.00000079681, 1.00000039899, 1.01663664601, 7.96631750109, 0.992064071574, 1.0000007626, 118.797401923, 0.909481685052, 1.73427200536, 1.04857998907, 3.29000018, 1.00000052999, 21.8598450337, 6437.61856717
2.08371325744, 1.10931159323, 1.57659575499, 0.914053871457, 2.83000043427, 1.02478758686, 1.95231405499, 1.26000031032, 1.14000068478, 3.48486304524, 2.61767997189, 1.02975776451, 3.04000078581, 1.09778359894, 1.06736537864, 1.00000077778, 1.00000048723, 1.08484748943, 3.33460461211, 0.963604069484, 1.00000070713, 90.840166734, 0.859967473042, 4.73620649949, 0.95491856433, 3.29000018104, 1.00000083796, 23.2834811489, 5022.39437922
1.88324698995, 1.05692772293, 1.58642248564, 0.953803073636, 2.83000014089, 0.904351320716, 3.30771796549, 1.26000048406, 1.14000046532, 1.94556010044, 3.04292282014, 0.977063807795, 3.04000098746, 1.02853565045, 1.03028049878, 1.0000008378, 1.00000059542, 1.09848987162, 9.87292665012, 0.971601079777, 1.00000030401, 76.2077438928, 1.00852770648, 3.06392596519, 1.02946949109, 3.29000034102, 1.00000096359, 24.7185470261, 4842.57199433
2.4627134219, 1.03922606303, 1.35106488185, 0.862076268936, 2.83000022364, 0.968233094326, 5.05772422844, 1.26000093581, 1.14000033163, 3.17811867088, 3.04067518165, 0.980653788481, 3.0400000069, 1.06630628118, 1.06364928161, 1.00000075268, 1.00000085906, 1.06724156848, 4.61235546657, 0.956384222913, 1.00000067789, 106.610743815, 0.874021713074, 4.133698643, 1.03217097506, 3.2900002632, 1.00000049275, 21.9073958757, 9271.10615263
3.35283920456, 1.12454504193, 1.60994377286, 0.963762646086, 2.83000064927, 1.01132197912, 4.82346031986, 1.26000095999, 1.14000041625, 2.78158911268, 2.30732040335, 0.935373512186, 3.04000050099, 1.04270515695, 0.97163284138, 1.00000023397, 1.00000070497, 1.00810934773, 7.46238723004, 0.916613758207, 1.00000023042, 84.6449400214, 0.934360393517, 2.90756504096, 1.01494092858, 3.29000033768, 1.00000074401, 28.5633989297, 2980.91109381
2.87924757596, 1.03211361982, 1.71018698231, 0.990258324702, 2.83000088594, 1.16704091165, 4.49786909639, 1.26000043454, 1.14000094239, 1.53783994946, 2.48337834021, 0.940464936128, 3.04000077897, 1.04449958532, 0.978152997998, 1.00000036042, 1.00000040038, 1.06326641116, 3.8308784156, 0.911141976735, 1.00000069905, 86.8479100299, 0.877572935095, 3.49539495928, 0.972790147904, 3.29000010624, 1.00000083233, 32.2348746841, 2916.22279537
2.24199808865, 1.06667988269, 1.40488034588, 0.888470344672, 2.83000057923, 1.11887301, 5.57391207821, 1.26000073607, 1.14000018902, 2.10499214481, 1.73187896348, 0.93226052416, 3.04000058268, 1.01039711336, 0.987481169986, 1.00000093741, 1.00000091742, 1.0906871475, 8.02533950963, 0.9547017383, 1.00000064649, 86.1178573012, 0.928464028373, 1.39135495492, 0.963904413812, 3.2900003176, 1.00000006579, 22.2856035261, 12469.230603
2.4627134219, 1.03922606303, 1.35106488185, 0.862076268936, 2.83000022364, 0.968233094326, 5.05772422844, 1.26000093581, 1.14000033163, 3.17811867088, 3.04067518165, 0.918080437198, 3.0400000069, 1.06630628118, 1.06364928161, 1.00000075268, 1.0000009915, 1.06724156848, 4.61235546657, 0.956384222913, 1.00000067789, 106.610743815, 0.874021713074, 4.133698643, 1.03217097506, 3.2900002632, 1.00000049275, 25.9352248041, 5160.25535775
1.1934311114, 1.11098694377, 1.39086417952, 0.833933573718, 2.83000005184, 0.985601729288, 4.08774180697, 1.26000075412, 1.1400001189, 1.42954462171, 2.36509117608, 0.951032112415, 3.04000021523, 1.11103112046, 0.780148070394, 1.0000007138, 1.00000089303, 1.07397048515, 3.12329477311, 0.993306359506, 1.0000006082, 93.5419581657, 1.00107293158, 3.24171118983, 1.03237997536, 3.2900001565, 1.00000056046, 29.0952111416, 3019.52647113
5.04515304868, 1.12602902121, 1.44760599517, 0.952492332257, 2.83000049454, 1.08605682605, 3.64507088136, 1.26000029809, 1.14000063971, 2.69928196927, 1.85623302199, 0.959689165999, 3.04000094796, 1.0504165095, 0.977786917712, 1.00000052392, 1.00000055313, 1.0517367241, 9.01664699323, 0.99925875202, 1.00000059366, 81.5768337287, 0.878728182397, 2.88587791187, 1.01529432487, 3.29000049577, 1.00000082221, 22.8233151878, 12509.1764454
3.32569258079, 1.10732248207, 1.4828964724, 0.823999080742, 2.83000099891, 0.98475787496, 1.94344814127, 1.26000074128, 1.14000015393, 2.95837210635, 2.44837946809, 1.04411064344, 3.04000041933, 1.00004919638, 0.836489534015, 1.00000043911, 1.00000050708, 1.08665867979, 5.46968730913, 0.942949561031, 1.00000012217, 120.4167907, 0.851352950482, 4.07080233846, 0.995469677729, 3.29000058598, 1.00000017072, 31.3386668123, 3121.16832495
2.5537511493, 1.06350631702, 1.51433917018, 0.82585427377, 2.83000035208, 1.12454242608, 1.138989234, 1.26000050593, 1.14000089153, 1.70605432057, 2.50230568549, 0.907541633066, 3.04000020335, 1.09601164995, 0.783741844257, 1.00000078042, 1.00000047347, 1.06018783066, 7.27679145342, 0.942568979931, 1.00000058364, 102.796088231, 0.929220448188, 5.1559637013, 0.960111733771, 3.29000063255, 1.00000036981, 23.3539673256, 9578.12576823
2.36639341835, 1.00432424906, 1.64258044244, 0.986222624816, 2.83000073125, 1.11060277305, 2.36390794924, 1.26000009505, 1.14000098471, 1.96865072876, 2.04367338302, 1.08072511187, 3.04000070662, 1.09597371991, 0.784957319349, 1.00000064111, 1.00000006682, 1.0118235899, 6.79780285101, 0.947875590933, 1.00000053413, 108.991947223, 0.973173386969, 4.60870527086, 0.972484307612, 3.29000090748, 1.00000050402, 24.9170882925, 6946.20423032
5.41591586359, 1.06971101329, 1.53304930304, 0.918381620465, 2.83000033602, 0.858600809615, 5.30173323561, 1.26000000342, 1.14000079137, 1.31312220626, 2.94641719117, 1.07642752143, 3.04000022483, 1.08958367833, 0.967147404227, 1.00000028362, 1.00000006699, 1.07313073185, 4.00656677563, 0.99558167785, 1.00000099138, 86.2394353931, 1.06200683136, 2.08655135083, 1.06206319626, 3.29000007152, 1.00000015048, 25.049494859, 6099.09419333
1.75328198276, 1.08737226424, 1.37439562595, 0.993655113112, 2.83000038363, 1.18126549721, 3.35023990406, 1.26000089115, 1.14000009697, 2.40084991469, 2.82014655169, 0.982276591779, 3.04000037454, 1.10303793839, 0.967933222206, 1.0000002118, 1.00000037668, 1.08419670033, 8.49247557965, 0.912692346772, 1.0000001607, 98.733188763, 1.05774022844, 5.77173358475, 1.06465944717, 3.29000093672, 1.00000055062, 30.7958592029, 3554.92826797
5.92537834024, 1.09057568498, 1.42961194633, 0.981010374978, 2.83000034147, 0.98506416295, 1.46509223507, 1.2600008277, 1.14000024542, 1.53260149152, 1.85600731199, 0.939401033152, 3.04000038762, 1.039114403, 1.05449832442, 1.00000037579, 1.00000042166, 1.04631817158, 9.89902053131, 0.977746991492, 1.00000088742, 118.438641563, 0.98591248467, 5.00997168176, 1.0001408421, 3.29000049499, 1.0000009711, 29.7347914701, 3866.15607432
5.41591586359, 1.06971101329, 1.53304930304, 0.851040092217, 2.83000033602, 0.858600809615, 5.30173323561, 1.26000020044, 1.14000079137, 1.31312220626, 2.94641719117, 1.07642752143, 3.04000022483, 1.08958367833, 0.967147404227, 1.00000028362, 1.00000047499, 1.07313073185, 4.00656677563, 0.975192163078, 1.00000099138, 86.2394353931, 1.06200683136, 3.43685981506, 1.05923263293, 3.29000007152, 1.00000015048, 24.9350290538, 7708.18577012
3.99237199637, 1.07071544134, 1.47415393577, 0.823978929457, 2.83000060823, 1.11688196927, 5.5046838299, 1.26000008621, 1.1400000022, 3.65373158523, 2.93382436868, 1.07543270981, 3.04000008059, 1.04025356942, 1.06759923162, 1.00000032274, 1.00000094421, 1.10905548752, 7.21359033107, 0.964452268928, 1.00000000636, 86.4597136698, 0.994336050719, 2.4253203481, 1.02212588681, 3.29000037879, 1.00000056568, 31.0151802683, 3650.15087971
1.74180598296, 1.08218005693, 1.70437089884, 0.827440052864, 2.83000001985, 0.897906019931, 1.27166683871, 1.26000072077, 1.14000022247, 1.62485926493, 1.7727559349, 0.934946709721, 3.0400005986, 1.09500437594, 0.848564606283, 1.00000080014, 1.00000039008, 1.03618325707, 3.661627665, 0.930703978022, 1.00000046665, 100.218235015, 0.876182966134, 1.58670618064, 1.05078108498, 3.29000033916, 1.0000007544, 26.0395307815, 5899.44055539
2.49962392172, 1.08682415812, 1.55763723412, 0.948024345196, 2.83000089057, 0.947049964481, 1.07089043917, 1.26000089235, 1.14000041436, 2.98423970195, 2.49006441888, 1.02064074489, 3.04000092783, 1.0033293041, 0.955184767774, 1.0000003108, 1.00000021436, 1.08330800664, 4.39085448513, 0.96395273325, 1.00000037338, 116.687613684, 1.00833152843, 5.85481883139, 1.01075587729, 3.29000046999, 1.00000093631, 23.2897984365, 15128.7558756
5.75139598547, 1.03812961345, 1.73026289843, 0.940561411079, 2.83000031123, 1.04111761012, 5.68898943453, 1.26000066463, 1.14000029786, 1.84591613626, 1.58993159158, 1.00444102092, 3.0400004231, 1.04603573807, 1.05511811618, 1.00000093333, 1.00000057796, 1.09284534756, 8.81704460122, 0.922501162642, 1.0000002819, 120.446930722, 0.866782235694, 4.27115530952, 1.0684514443, 3.29000034511, 1.00000057111, 29.4928768877, 3883.09401734
2.95691690214, 1.04364244327, 1.47709263882, 0.811561466788, 2.83000006066, 0.89737810598, 4.01349089222, 1.2600006787, 1.14000074016, 2.60530513589, 2.41023252772, 0.979532098263, 3.04000063576, 1.06414091733, 1.08986354951, 1.00000042964, 1.00000054491, 1.07471928865, 4.2922841834, 0.978179775276, 1.00000043875, 83.6553641107, 1.02969376479, 2.64305010354, 0.988922518705, 3.29000023684, 1.00000012655, 46.7572388982, 3054.99462396
2.51187031853, 1.13532425819, 1.57617776431, 0.814070777236, 2.83000009697, 1.05076404664, 5.73593979949, 1.26000082076, 1.14000089153, 1.6127128088, 1.58213555497, 1.01218452384, 3.04000097788, 1.04542289144, 0.851834808635, 1.00000070339, 1.00000076479, 1.04842428381, 9.20203738506, 0.956130554032, 1.00000015952, 104.228309769, 0.843290884984, 1.06612288267, 1.03096994591, 3.29000036931, 1.00000070506, 55.6849389477, 3167.96997553
2.5083645677, 1.09389636275, 1.67378707701, 0.862461846263, 2.83000060129, 1.07164880685, 3.85467483313, 1.26000062963, 1.14000058529, 2.04333800061, 2.55707482095, 0.999847939296, 3.04000058649, 1.01552550123, 1.08503347004, 1.00000074841, 1.00000027551, 1.00352909015, 4.00722717578, 0.957373603927, 1.00000086873, 94.5549652662, 0.882023331292, 5.28280226375, 1.04748279396, 3.29000083473, 1.00000069417, 23.7410045607, 15452.961463
1.34919143793, 1.04807778867, 1.36824761656, 0.999886699909, 2.83000041593, 0.901807382434, 3.11307367366, 1.26000043498, 1.14000018389, 1.95831564113, 2.96300150711, 0.962360096311, 3.0400002633, 1.10832439047, 0.928154838461, 1.00000051475, 1.00000076603, 1.00399462325, 8.90992512484, 0.957642576248, 1.00000051051, 90.0199718789, 0.845249997101, 1.1005834468, 1.01892128737, 3.29000046494, 1.00000017536, 24.367780155, 15171.5326346
2.5537511493, 1.06350631702, 1.51433917018, 0.82585427377, 2.83000035208, 1.12454242608, 1.138989234, 1.26000050593, 1.14000089153, 1.70605432057, 2.50230568549, 0.907541633066, 3.04000020335, 1.09601164995, 0.783741844257, 1.00000078042, 1.00000047347, 1.01296681544, 7.27679145342, 0.942568979931, 1.00000058364, 102.796088231, 0.943925513397, 5.1559637013, 0.960111733771, 3.29000063255, 1.00000036981, 24.54273117, 17085.4559304
2.35924453236, 1.11634662576, 1.47322071474, 0.929288716311, 2.83000019993, 1.05487107907, 4.15848571305, 1.26000010384, 1.14000073062, 1.58339580835, 2.79630688808, 1.05349948012, 3.04000016033, 1.0661168809, 0.868504864835, 1.00000049864, 1.00000008986, 1.01911333169, 8.84434874466, 0.910496328412, 1.00000090063, 94.9726390611, 0.951218915066, 5.63362371929, 1.05581341802, 3.29000095678, 1.00000013694, 29.28320735, 4720.99247922
1.88324698995, 1.05692772293, 1.58642248564, 0.84214279123, 2.83000014089, 0.904351320716, 3.30771796549, 1.26000004915, 1.14000046532, 1.94556010044, 3.04292282014, 0.977063807795, 3.04000098746, 1.05539339858, 1.03028049878, 1.0000008378, 1.00000059542, 1.09848987162, 7.0626187058, 0.971601079777, 1.00000030401, 76.2077438928, 0.86715224359, 3.06392596519, 1.02946949109, 3.29000034102, 1.00000096359, 24.6710215133, 15569.5703934
4.01229085562, 1.11582008107, 1.39659092133, 0.843601892789, 2.8300000738, 0.975636731098, 1.18582743577, 1.26000022148, 1.14000008411, 1.80787315736, 1.96346625128, 1.09108418972, 3.04000037315, 1.05225228872, 1.04150628984, 1.00000020113, 1.00000085232, 1.03135697036, 7.46782435228, 0.910729320825, 1.00000074089, 114.642612511, 0.9123503702, 1.80174072496, 0.957106771778, 3.29000011903, 1.00000011025, 42.0559482586, 3663.25010892
2.89394453355, 1.11926856572, 1.62298812687, 0.940086924694, 2.8300000969, 0.984434939569, 5.4008909092, 1.26000017328, 1.14000033387, 3.05069033053, 2.6568748018, 0.908397508323, 3.04000038924, 1.0417322593, 1.07746269143, 1.0000006994, 1.00000011493, 1.09782320835, 6.27385722465, 0.939792216108, 1.00000040947, 87.7103961022, 0.922838228325, 3.87160699881, 0.976343768392, 3.29000056083, 1.00000038755, 25.1650561898, 9592.74560318
1.43668492221, 1.10345753128, 1.53895306172, 0.921017143095, 2.83000043168, 0.89737810598, 2.86883388106, 1.26000055489, 1.14000036617, 3.08608221947, 2.60061337504, 1.08349129384, 3.04000098878, 1.06414091733, 0.970925908775, 1.00000002463, 1.00000064169, 1.0137172951, 4.17310673279, 0.954392695728, 1.00000077212, 109.014460303, 0.902842771659, 3.48888213466, 1.02767473774, 3.29000098527, 1.00000097183, 41.9551618641, 3804.05959611
1.15728269522, 1.12157292912, 1.68352218593, 0.872041453018, 2.83000075201, 1.13953624228, 3.68989115671, 1.26000098293, 1.14000067081, 3.31717590122, 3.05503546053, 1.06723491465, 3.0400009278, 1.02043163318, 0.94362656277, 1.00000020575, 1.00000028295, 1.10538837488, 7.0154579072, 0.954026224338, 1.00000009022, 123.564646565, 0.876509242755, 4.94471733818, 0.995051993393, 3.29000098262, 1.00000028264, 28.4632599605, 4880.14855774
4.7030610261, 1.0946864592, 1.5922798231, 0.879868218082, 2.83000087039, 0.987595213219, 4.98653903937, 1.26000081721, 1.14000022483, 1.91235902895, 2.76238254681, 0.937364573359, 3.04000090695, 1.08079871363, 0.854308432068, 1.00000090424, 1.00000079777, 1.00232791614, 3.14938039038, 0.917372160371, 1.00000025025, 82.7400922238, 0.987871544698, 2.08525538051, 1.03514559306, 3.290000641, 1.00000099417, 30.5167531148, 4607.54610605
