3.53641151151, 1.37588286878, 1.06208014333, 0.822288015885, 5.98192799506, 0.85568028712, 5.31072175407, 1.09271258225, 0.962370150693, 2.33935976499, 4.66419614506, 0.901882020969, 2.38391917013, 0.894424650557, 1.09000085325, 1.04551190147, 1.02070904197, 1.15970355516, 4.64511749681, 0.947267131979, 0.794766257646, 62.3567092215, 1.16518093353, 3.91468413196, 1.21652828037, 4.91849716256, 1.05840933715, 13.7977480222, 5.88820887557
2.86817836654, 1.19393524931, 1.10668334146, 1.20726993325, 2.07921664831, 0.979087993929, 4.20560324553, 0.910426362168, 0.98909092554, 5.5517277551, 2.22838429204, 1.09402690542, 4.7302095522, 0.968744632512, 1.09000081732, 1.07141337853, 1.02624346169, 0.814740083362, 3.05359609759, 1.17872313385, 0.848492724461, 239.007855093, 1.14644920348, 1.70283461094, 1.12922762994, 3.70898531764, 0.935431389658, 48.7169965501, 8.44204247076
4.9468720227, 1.39110628933, 0.750580695848, 1.13084740698, 4.26367206824, 0.907948372413, 4.83424358561, 0.99953570805, 0.902131427449, 2.42615634997, 5.27367479618, 0.86434809138, 1.10537002161, 1.00143141455, 1.09000039942, 1.07440162822, 1.04777836295, 0.900167484698, 4.991800116, 1.006013399, 0.788132229938, 205.53578295, 1.14040956782, 3.89408708506, 0.98873277202, 5.09745968698, 1.27138556766, 118.421766156, 11.1176718554
5.1839097131, 1.40712119932, 1.08152024917, 1.08087819914, 2.67518371569, 0.831722001391, 4.02809553988, 0.899375869276, 0.973453632365, 4.26754375391, 7.15462542588, 1.01898652563, 4.9365603368, 1.04790636712, 1.09000093415, 1.03578691522, 1.01541312107, 0.967725766344, 3.28455429221, 1.06911488214, 0.761897428811, 201.46278232, 1.06105693523, 5.79231500379, 1.10858638458, 4.08603389724, 1.29955575084, 51.27769588, 11.9913587919
2.58977023064, 1.27474352501, 1.00912971836, 0.835178713908, 3.04837287469, 0.820770643525, 5.86807316059, 0.853026298989, 0.936803104827, 2.09387980221, 7.02512671932, 1.06998267269, 4.07974003603, 1.23511276084, 1.09000017311, 1.10906125485, 1.00135210211, 1.114428453, 9.50855631892, 0.933196782486, 0.786248241324, 102.331084083, 0.958307737625, 3.94668188335, 1.04771466601, 4.76767854428, 1.25630453067, 69.7990394855, 13.8899285458
1.40945823624, 1.29330607655, 0.959348104205, 1.18806094688, 3.33794485685, 0.84496008867, 2.72309867414, 1.08994453098, 0.994580889816, 2.58453756162, 2.37283826834, 0.859389601432, 3.37889524185, 1.2049950532, 1.09000015153, 1.04134942949, 1.01487462982, 0.986522397669, 5.61185881825, 1.08578067946, 0.89647202167, 359.407489971, 1.13953434519, 5.63203174351, 1.06027211573, 5.16063773392, 1.12756795815, 205.939033101, 13.5029396341
3.3676749874, 1.35082985218, 0.994857190133, 0.974649542396, 3.36972107664, 0.942584915535, 2.51090565214, 1.02535568495, 0.959259142644, 2.90671449156, 4.26075229326, 0.869330526665, 1.08022507132, 1.19395511136, 1.09000034439, 1.07537272763, 1.00920575624, 0.979892002502, 6.17679109911, 1.14365484466, 0.819216317708, 232.768940633, 1.02200778215, 2.90394574041, 0.969105987703, 3.40650818999, 1.12744499168, 163.589637039, 14.1484018562
3.59717435609, 1.42962323031, 1.08880431106, 0.833935767376, 6.96142590067, 0.782567232349, 1.29005084249, 0.95034571646, 0.979231975065, 5.81513993217, 7.08330315779, 0.953317208067, 4.13453900272, 1.19762149807, 1.09000016793, 1.02070139164, 1.01195609036, 0.980543962589, 9.10633551198, 1.03833815916, 0.99918007009, 221.935143023, 1.00600846097, 2.55870805111, 0.977684563301, 1.71786188397, 1.1451926005, 162.037700708, 14.3092150754
2.5734164636, 1.0374241744, 0.898593531171, 1.10887164055, 5.5925328391, 0.973567599159, 4.69452314917, 0.846561322734, 0.958110570327, 3.14717173257, 4.55399780232, 1.01523949393, 3.80118993596, 0.971595241598, 1.09000028767, 1.06327173157, 1.04602703803, 0.954934593391, 9.81029613129, 0.917129315672, 0.97963285091, 172.908166587, 1.1679257371, 2.97331587064, 1.19591207577, 2.27768247852, 1.22317725702, 187.858818524, 15.0812812539
2.35299290605, 1.24970609973, 0.783309756252, 0.970180292594, 5.74028601424, 0.866325599947, 5.96827978306, 0.919946464797, 0.959492420533, 2.92875196293, 6.78822593657, 0.951236220884, 4.80415876987, 1.26928783245, 1.09000085759, 1.0334693722, 1.00932730149, 0.955887688089, 4.37351502718, 1.04938821989, 0.941417053162, 78.6269419544, 0.992889537347, 5.07409960005, 1.15009872657, 1.95353802546, 0.904868208174, 169.210833503, 17.7632675626
2.47438356587, 1.06208469621, 0.960422441588, 1.09881682656, 6.42106571545, 0.806575734148, 4.34054559956, 1.00390319575, 0.947528577454, 5.5879651553, 1.83625901191, 0.938898398056, 4.08665757509, 0.957859628331, 1.09000082549, 1.05363106488, 1.01807158159, 1.10572034202, 7.90434402405, 1.15965043124, 0.991295325478, 316.141613399, 0.966493820771, 3.39119059045, 0.97688352893, 4.41898176573, 1.26342457546, 187.087851324, 24.7641149983
2.56591878741, 1.28528855227, 0.755609544278, 1.15025091633, 3.70008901205, 0.720023785751, 3.19672385211, 0.899375869276, 0.951234700687, 3.37047729362, 1.73049420534, 0.950215975582, 3.50453026346, 0.969045854939, 1.09000020152, 1.02040727005, 1.00995595311, 1.05717357971, 8.02399071329, 0.938402766436, 0.988548897768, 306.418665242, 1.03053323546, 5.40310815448, 1.13173535023, 5.4336199444, 0.988930450185, 291.074029564, 14.7311235456
4.14719539592, 1.19273950003, 0.820736425993, 1.05431404812, 1.69841840593, 0.742942290625, 3.06311644819, 0.84181882794, 0.983311390547, 2.44886106348, 3.00370618007, 0.888360397048, 3.19960152104, 1.16958007684, 1.09000017525, 1.00686778917, 1.00116204066, 1.14476911244, 5.19206596066, 1.15855172896, 0.912235926192, 168.100734878, 1.04516908212, 5.68198665731, 1.03196773181, 1.05324012613, 1.08644594229, 309.20301039, 15.0706641672
4.99352906045, 1.2228032289, 0.8363224951, 1.15783831223, 1.82752333845, 0.967866133218, 1.2630620485, 0.986883982047, 0.907081759167, 2.25704022738, 2.2124170085, 0.892142231052, 1.02419400086, 0.907099265332, 1.09000097568, 1.02596141405, 1.01095490452, 0.933434620823, 9.34702527118, 1.0798621752, 0.887735571555, 260.402810442, 0.959045722952, 4.68437245964, 1.18157898296, 3.47719057505, 1.05385698752, 207.18769446, 15.3130606993
4.40849923913, 1.04188057475, 1.10643328766, 1.1434940091, 5.75379942573, 0.822632087477, 1.95149097444, 1.04825462935, 0.923625470721, 2.83442043929, 2.47256034555, 0.974019360679, 4.62315790128, 1.03153972106, 1.0900001348, 1.01379561381, 1.03746084729, 1.12758031671, 3.09260660243, 1.07081797488, 0.842027045867, 387.194528198, 1.11609262458, 3.08321778292, 1.16698707288, 1.81635089893, 1.25216696049, 205.331393951, 26.9008922795
5.63391024877, 1.42810899614, 0.946774405072, 1.20741939574, 3.27807933423, 0.962937550341, 2.21600124806, 0.937792568935, 0.929300658057, 5.58610945818, 4.25633871632, 1.06569218796, 1.53751289301, 0.886367643416, 1.09000053966, 1.07957818171, 1.04732163696, 1.05586699972, 8.61148550419, 1.04980852223, 0.992504646089, 344.579076544, 0.945552108248, 4.9911190257, 1.04522788376, 1.72755373299, 1.22284953786, 282.141569681, 17.1651800483
5.98822952825, 1.21653550692, 0.783139215486, 1.02878116737, 5.90089859657, 0.804315285062, 2.74631619303, 0.908662033741, 0.920291555921, 5.88322950912, 4.41720399871, 0.994365250099, 3.17603938617, 1.17198773109, 1.09000016995, 1.03868365119, 1.02743491043, 0.817626682125, 9.45624747217, 0.926508380293, 0.776217250385, 387.057511243, 0.928731298892, 5.56046090967, 1.00372143966, 1.15212039985, 1.05538962081, 210.501233572, 24.4279588615
3.83779502238, 1.30156847619, 1.15597433837, 1.15102001402, 4.39227317058, 0.744200283126, 4.77564447132, 0.91103036965, 0.922401654518, 2.37066463237, 4.55804233803, 1.02917508292, 4.29967115499, 1.18966520159, 1.09000015742, 1.01006056622, 1.03217091507, 1.21224457103, 9.62936923308, 1.13994440892, 0.83241649539, 57.0583459112, 0.931499797536, 2.79767480424, 1.18741523278, 4.91093142548, 1.07679155435, 484.413362545, 16.8164808439
3.15858532466, 1.09486205251, 0.898814721745, 1.08956185896, 4.80883094451, 0.781960716549, 3.12678427598, 0.928985986384, 0.97078558015, 3.75187671147, 6.41574148591, 1.01824290991, 2.15303923546, 1.0092820557, 1.0900001272, 1.08212962857, 1.04925047622, 1.14167624816, 9.34882426492, 0.981488536318, 0.95363592543, 249.261118248, 1.15291135746, 2.61458839213, 0.976549263274, 2.26253723201, 1.20327037741, 502.176682572, 16.2901011566
1.80933642778, 1.41268275078, 0.879842453679, 1.19845251486, 4.60048328666, 0.805438448566, 2.51258347264, 1.06135610484, 0.941552613461, 2.56589084338, 1.67578941442, 0.819064181016, 4.47127207567, 1.26673748941, 1.09000076559, 1.07770620296, 1.0028431983, 1.0337726066, 9.12665566775, 0.949938038109, 0.994572392729, 309.129773395, 1.15002897738, 5.72976956544, 1.2097043804, 2.39558455806, 1.29339547692, 286.379085448, 22.4291788981
3.47262247827, 1.20438036407, 1.00543267442, 0.857021978895, 5.86329991822, 0.753416673109, 1.42408349877, 1.04670290304, 0.940087666609, 2.36946759912, 5.04900276458, 0.925904735491, 3.89761341662, 1.26767826289, 1.09000023024, 1.03553621524, 1.0138413484, 1.22760525498, 6.42951602323, 0.910919920507, 0.824672538877, 142.465411533, 1.13328344896, 4.57256088504, 1.04527377251, 4.10024295587, 0.952091470437, 232.344060967, 26.8079922345
5.36523884403, 1.13054236924, 1.03839480847, 0.884939228792, 3.09273505732, 0.868306578937, 2.99673394467, 1.05163013202, 0.91552854272, 1.92795042315, 4.25679350642, 0.82427742046, 1.78183889352, 1.21809514241, 1.09000029313, 1.00316038579, 1.03366256493, 1.07237538541, 3.7651780003, 1.18861930328, 0.796014512593, 390.382170504, 0.921375657552, 5.57743242175, 1.00091243633, 2.76475376768, 1.20705990605, 402.055802921, 18.6459845933
4.14685027393, 1.40473155322, 0.799130597033, 0.924331944761, 4.28861072969, 0.961095847432, 3.4953036777, 0.980475148595, 0.954387509113, 2.77579298637, 7.31056896828, 1.07954675898, 4.52845472437, 0.838875829145, 1.09000080208, 1.09905389202, 1.04608927654, 0.886451842832, 5.83506459856, 1.08545346912, 0.971037311143, 154.741012368, 1.19817223243, 2.61853103041, 1.14258727975, 1.49614719964, 0.988326477912, 353.823102288, 21.6975156136
3.95529001916, 1.40425479121, 0.968302250941, 1.19404230385, 4.32760949275, 0.784884304589, 1.46439894999, 0.960700025174, 0.964247671894, 4.39483016969, 3.26735351871, 1.08715629095, 4.55455781842, 1.21178471536, 1.09000057349, 1.02525543856, 1.00789171526, 0.88457835047, 4.1850888977, 0.937737150249, 0.904120656622, 175.182544102, 1.05782757114, 2.03851698175, 1.21796341975, 2.48292458864, 1.14488775805, 277.248047211, 27.5767620913
3.77834035365, 1.38472426504, 0.743143873449, 0.86131357613, 5.91982723793, 0.931880377496, 2.37874298787, 0.951158489119, 0.941789580955, 4.8108256998, 4.05406415148, 1.00184299482, 3.60495523954, 1.27528622621, 1.09000012433, 1.02407375408, 1.0136026352, 1.03679804919, 6.56166248751, 1.13287585864, 0.779940556732, 89.8264444824, 1.17905881876, 4.30578444545, 1.22302976104, 4.3409875898, 1.07797888513, 239.129520544, 27.7608102912
4.66942800665, 1.14876690603, 1.12438154362, 1.05136448366, 5.16079520639, 0.767218126917, 4.10425963385, 1.00471336986, 0.96074457443, 1.68856821223, 7.66978375594, 0.833910375605, 2.61740095081, 0.93647633587, 1.09000001822, 1.05518848352, 1.03460025584, 1.00029815854, 7.56703898168, 1.09049787319, 0.914291812127, 42.1067044465, 1.10731413621, 3.35276483368, 0.992162892839, 3.57294600097, 0.968557003944, 442.811626434, 18.9948684752
2.88934659414, 1.37023563088, 0.808564741862, 1.16808680622, 5.81736499542, 0.717526551204, 3.05243471412, 0.887309620652, 0.970372283695, 2.1573987598, 1.65438629515, 0.992736732684, 3.24999499801, 0.879366051976, 1.09000040202, 1.05926506511, 1.00590158595, 0.995450765259, 8.50378672147, 1.01861294174, 0.945053208355, 35.4731396406, 1.02175991338, 1.55451623407, 1.05045552967, 5.40777028827, 1.25320795591, 404.243120669, 19.279391658
1.61671154394, 1.31754359982, 0.817278893363, 1.07873968216, 2.29890190253, 0.888424032598, 5.77503396805, 0.858158638947, 0.935754217581, 3.12774546333, 1.78280328221, 0.844787741868, 3.50748275015, 1.00445541524, 1.09000013116, 1.0421125162, 1.00128982995, 1.10353508674, 3.4782783708, 0.988692180121, 0.819708846405, 300.645419778, 1.18508796211, 4.69024000779, 1.03700754577, 3.19178845146, 0.886149819635, 387.42565239, 23.3372048742
5.27973891764, 1.21402299176, 1.03585419794, 1.11123143097, 1.45067975868, 0.903435639629, 3.82412467915, 0.917348705861, 0.949598383323, 1.52026731314, 6.48239777236, 0.876268155629, 4.57781807602, 0.837311406844, 1.09000063302, 1.0065636776, 1.011243374, 1.18850061321, 8.19834001862, 0.974997403913, 0.931169758712, 130.516397726, 1.01719444837, 1.93007484684, 1.13115139268, 3.87200024865, 0.950846192306, 625.438201676, 18.3800661598
2.94437848033, 1.27948467524, 1.07315605986, 0.973613934191, 4.73326874997, 0.926885685744, 5.07524325755, 1.07588057647, 0.946912845286, 4.14035944606, 2.18074365975, 0.856049897012, 1.72602160571, 1.06929032588, 1.09000027699, 1.01406232312, 1.00975537567, 1.18056650812, 7.98187573291, 1.18059569017, 0.9148150858, 141.910028677, 1.16931342214, 4.03303651698, 1.09259102702, 5.24277148504, 1.27466281669, 430.874939968, 20.0058490804
5.40344682421, 1.11384435577, 0.963181724305, 0.889762429113, 3.01359762787, 0.782279953288, 3.23332519413, 0.86226643281, 0.945026919491, 1.39627273108, 7.68602072934, 1.08247124669, 4.40277637371, 0.950401239855, 1.09000084275, 1.03591998425, 1.01348007218, 0.834846034247, 7.87239059171, 1.08364863239, 0.987533320717, 340.176323285, 0.984847815725, 1.51252065061, 1.13040242026, 4.22855363376, 1.00539674255, 660.061370178, 18.4131235562
3.10740127178, 1.3679842612, 0.758086222626, 1.00068681272, 2.91530078247, 0.86311801494, 5.28482705091, 0.871734600876, 0.903547889626, 2.48155457651, 2.6620308313, 1.05198054014, 3.72003781604, 1.10453933549, 1.09000023867, 1.06968585559, 1.04521107986, 0.83101482911, 9.03870705884, 0.992698393792, 0.760849290091, 369.946379874, 1.14746320958, 2.5914402583, 1.23276000825, 1.1710363948, 0.901041487895, 713.214468482, 18.4366834584
4.99352906045, 1.2228032289, 0.8363224951, 1.15783831223, 1.82752333845, 0.967866133218, 1.2630620485, 0.986883982047, 0.907081759167, 2.25704022738, 1.67151062848, 0.892142231052, 1.02419400086, 0.907099265332, 1.09000097568, 1.04675265664, 1.01095490452, 0.933434620823, 9.34702527118, 1.0798621752, 0.887735571555, 260.402810442, 0.959045722952, 4.68437245964, 1.18157898296, 3.47719057505, 1.05385698752, 676.326241104, 19.1319235022
5.67191462283, 1.40831690435, 0.799067709664, 1.21993900351, 4.30898214354, 0.978887693446, 1.26438853627, 1.05208991598, 0.983999257635, 5.0215054301, 3.30591302673, 0.896386353814, 3.55199243494, 1.03895637462, 1.09000050774, 1.03908772435, 1.00952003307, 0.851569455385, 7.67894413702, 1.09433869413, 0.964150382341, 329.973204994, 1.12319243861, 3.87216605328, 1.14353994726, 1.28431077577, 0.932840047812, 507.134246282, 20.5490539994
2.1927303981, 1.08569377829, 1.04610155734, 1.18298288462, 5.14856597024, 0.749377811764, 2.51597214715, 0.936168427418, 0.962556632657, 4.73892256132, 5.99509972142, 1.07887405133, 1.48656478968, 1.09005062398, 1.09000094778, 1.02565836584, 1.03731606765, 1.1727831823, 3.22770946232, 1.05398904908, 0.992465347896, 29.3816587837, 0.927794110105, 5.42124775611, 1.19591207577, 4.37246647912, 0.958773938136, 620.529316147, 21.0505769071
5.37630839797, 1.00316660536, 1.12408138161, 1.01041256134, 5.69579543403, 0.884149494042, 4.29780187082, 0.843650414925, 0.900398147335, 4.23310208161, 7.11838335125, 0.850501875293, 2.8597852678, 1.27624954758, 1.09000051931, 1.08749078148, 1.04290882199, 0.962274230692, 3.92278389121, 0.970094159243, 0.924116552863, 201.053867919, 1.15184788069, 2.52383829139, 1.02789933917, 3.68211071311, 1.19325028331, 495.924220693, 24.2930383361
5.38758166762, 1.18723112822, 0.946426622354, 1.1269577657, 6.27850368481, 0.800121049285, 1.67490985585, 0.871945497347, 0.911632811585, 1.89068759907, 3.20027599285, 0.94090362754, 3.27181320559, 1.00847351054, 1.09000072513, 1.05213975269, 1.04203959677, 1.15805765273, 7.37565720789, 0.922878923385, 0.891141224128, 248.84900074, 0.960223133949, 2.7103904607, 1.04711001911, 1.73649744998, 0.942739489036, 395.69541349, 30.6832019405
4.09456483125, 1.07509642624, 1.10663008166, 0.984079880786, 5.31728115437, 0.889831543668, 1.50337219695, 0.828767867508, 0.948817324587, 5.87154100705, 3.15038084918, 0.874777563708, 2.79392911386, 0.975622575576, 1.09000030121, 1.03745519232, 1.00948104075, 0.864332870131, 7.14722539197, 1.01908177654, 0.905584050238, 185.908817501, 1.12323286517, 3.73266830028, 1.17059593375, 4.95035335971, 1.13125930522, 585.098784823, 21.8459582802
2.03989744324, 1.36930630141, 0.753661358868, 0.964076287518, 2.50342315816, 0.738657314148, 5.99923431377, 1.07716862131, 0.98707950051, 2.24750084579, 5.3712319517, 0.955755114217, 1.94910982308, 0.978803404724, 1.09000098217, 1.02692688682, 1.01399348504, 0.89867169493, 7.85708065088, 1.13177090238, 0.860014280253, 310.767000857, 1.05109102464, 1.3323943769, 1.23367975425, 4.3278902379, 1.1414188618, 781.571049375, 19.4605550565
4.92703495778, 1.3826111857, 0.946653986861, 0.955675198117, 6.44031765905, 0.900663810316, 3.74171220298, 1.0726494286, 0.920192365996, 1.73290155353, 6.75510717859, 1.0480703555, 4.6916373721, 0.953398393623, 1.09000046348, 1.03405847533, 1.0393859823, 0.855357848668, 8.64377466561, 0.915366206334, 0.939523856992, 231.57918403, 1.02095561199, 2.37536144353, 1.05305834616, 3.93127715692, 1.00437108204, 402.324240706, 31.206374314
5.00150968938, 1.0434401662, 0.978804694196, 1.12747439574, 1.55288778969, 0.724626794602, 5.43950932226, 0.826443278229, 0.90125253636, 1.62716012621, 2.07754865852, 0.997024169601, 4.0396111291, 1.04806284777, 1.09000061884, 1.00084983272, 1.00883870371, 0.934382148869, 6.49032734343, 1.06188402112, 0.844775671202, 42.2185476347, 1.18944600352, 4.7209126033, 0.99188971167, 3.02761440603, 0.872587410147, 823.568304539, 19.7436608534
5.21982811401, 1.08016537628, 1.02040223904, 0.929936163102, 3.48451159338, 0.780422814776, 5.95615724887, 0.94196410907, 0.922593752437, 1.63358601425, 4.60193181648, 1.0910204815, 4.18610376084, 1.09647291158, 1.09000036176, 1.10194341889, 1.0326384054, 0.923545603662, 8.47115176987, 1.03942986304, 0.852612699097, 163.346229066, 0.920250717953, 4.75568508906, 1.134348554, 4.77875861278, 1.13428994278, 828.925015084, 20.6762225559
5.0834935562, 1.25754141813, 0.927371449358, 0.800685653565, 1.92438406151, 0.96935155401, 2.44306201801, 0.89460064875, 0.952099241422, 3.2303776771, 1.92849440198, 0.960588098316, 3.46704448674, 1.27905195442, 1.09000028879, 1.07306959426, 1.00138145044, 1.18235458132, 8.91378063128, 0.912929442501, 0.818804793154, 147.57157767, 0.952262946846, 1.5781317026, 1.0814699866, 3.04706387545, 1.27477750742, 660.371704628, 22.91932127
3.39752593545, 1.06999840371, 1.1410827695, 0.904156296656, 5.27147076579, 0.981725800274, 5.82408379655, 0.927794177503, 0.968393356983, 1.32573122721, 5.35124014679, 0.875755069049, 2.14218765707, 0.962006481421, 1.09000012294, 1.05711756822, 1.0143015664, 1.06809409428, 6.90820967484, 1.08569512993, 0.835726509797, 330.305549889, 1.09574066733, 5.78058440504, 1.16349516413, 3.21423548328, 0.92525869317, 1013.42215693, 20.7069069157
2.62912619805, 1.05115364374, 0.789300672966, 1.08576968013, 1.56120068687, 0.92323076415, 2.0353892353, 0.930153410732, 0.940585675433, 4.38688170685, 4.62575500555, 0.820407742397, 2.04993359447, 1.17455948937, 1.09000070446, 1.00974643207, 1.02205066615, 0.88825347913, 4.94610308838, 1.05664211948, 0.954392729901, 275.864369723, 0.951778831402, 5.35575063356, 1.17522044446, 1.59886030684, 1.14966301475, 490.138152349, 32.8327994372
4.9468720227, 1.39110628933, 0.750580695848, 1.13084740698, 4.26367206824, 0.907948372413, 4.83424358561, 0.99953570805, 0.902131427449, 2.42615634997, 5.27367479618, 0.86434809138, 1.10537002161, 1.00143141455, 1.09000039942, 1.07440162822, 1.04858466673, 0.900167484698, 9.39417516286, 1.006013399, 0.788132229938, 205.53578295, 1.14040956782, 3.15005248022, 0.98873277202, 5.09745968698, 1.27138556766, 493.743241875, 34.4795967477
1.38122053704, 1.35499124401, 0.821268352526, 0.824664555525, 3.7962958449, 0.84468135142, 3.03307150499, 0.994189814829, 0.975672844134, 3.38120147492, 2.50459042793, 0.991645479498, 4.87351867582, 0.831965490073, 1.09000013165, 1.02629152755, 1.00902353421, 1.09220192925, 4.96269783264, 1.1714077621, 0.915297723409, 245.989836556, 0.987616856158, 3.45878800291, 1.17166082678, 4.30696508946, 0.984842583288, 787.371040714, 22.8674655763
5.89282666806, 1.15360237396, 1.01182459579, 0.885608898628, 5.69355802022, 0.739963234885, 1.42199805457, 1.07265166501, 0.960037171871, 4.91585399508, 6.59898383942, 0.918526839649, 1.60164532812, 0.837187417982, 1.09000047729, 1.00382838508, 1.02793985102, 0.963504527274, 4.18221479809, 1.14839726688, 0.822870350369, 40.8261108057, 1.14976644038, 4.75330860291, 0.993565417433, 1.77668304722, 0.899512486516, 760.22394731, 23.9398019861
1.91403276773, 1.12894165394, 0.932336044831, 1.13197088798, 2.00281180368, 0.854756030975, 4.53347047609, 0.971362370143, 0.940134859771, 5.23540500329, 3.79973703513, 1.03981689874, 3.64922821786, 0.87383906992, 1.0900005088, 1.1084641505, 1.03475904537, 1.17655798777, 3.32838682087, 1.15063333652, 0.949201066553, 173.10660634, 1.04489700006, 3.05217626809, 1.15398066187, 2.72579292253, 1.05812969644, 1278.24849096, 22.3475272671
2.62473447041, 1.07869291191, 0.80786525123, 1.14841903686, 4.01529586082, 0.717523654206, 1.27601078131, 1.07114455449, 0.914994698837, 3.99349077276, 2.01691505729, 0.853781266997, 1.79398265872, 1.16043579528, 1.09000015013, 1.10247851317, 1.04724782332, 1.22058609931, 9.76543207544, 0.959367008166, 0.995541761798, 102.274600432, 1.09933799509, 5.9120789676, 1.19847341552, 3.83634259231, 1.05639922707, 1047.3339191, 22.3665619406
1.09273411094, 1.40831690435, 0.799067709664, 1.21993900351, 4.30898214354, 0.978887693446, 1.26438853627, 1.05208991598, 0.983999257635, 5.0215054301, 3.30591302673, 0.896386353814, 3.55199243494, 1.03895637462, 1.09000050774, 1.03908772435, 1.00774955868, 0.851569455385, 7.67894413702, 1.0855408122, 0.867508185883, 329.973204994, 1.12319243861, 3.87216605328, 1.14353994726, 1.28431077577, 0.932840047812, 813.129309259, 23.2846607376
5.38758166762, 1.18723112822, 0.946426622354, 1.1269577657, 6.27850368481, 0.800121049285, 1.67490985585, 0.871945497347, 0.940597430327, 1.89068759907, 3.20027599285, 0.94090362754, 3.27181320559, 1.00847351054, 1.09000072513, 1.03538923422, 1.04203959677, 1.15805765273, 5.8038591644, 0.922878923385, 0.891141224128, 248.84900074, 0.960223133949, 2.7103904607, 1.04711001911, 1.73649744998, 0.942739489036, 511.526286375, 35.4259752327
5.8877974521, 1.14876690603, 1.12438154362, 1.05136448366, 5.16079520639, 0.767218126917, 4.10425963385, 1.00471336986, 0.96074457443, 2.38953505454, 7.73472683753, 0.833910375605, 3.01788893199, 0.93647633587, 1.09000000617, 1.05518848352, 1.03460025584, 1.00029815854, 7.56703898168, 1.09049787319, 0.914291812127, 42.1067044465, 1.10731413621, 3.35276483368, 0.992162892839, 3.57294600097, 0.968557003944, 613.61825372, 35.1249504173
3.46559237919, 1.01339516795, 0.7587913404, 1.0687458077, 6.40138306152, 0.997649164262, 3.52755824109, 1.07647943669, 0.987531982593, 2.128259433, 3.0581072486, 0.92779964569, 4.05963633858, 1.10368227491, 1.09000010803, 1.1085993707, 1.03982768978, 1.0571068945, 4.52428770242, 1.1715753755, 0.947379487306, 242.119639141, 0.999316919283, 3.7885789169, 1.22035446606, 1.1698894518, 0.994142351016, 1515.74930113, 22.6362506289
4.40849923913, 1.04188057475, 1.10643328766, 1.1434940091, 5.75379942573, 0.822632087477, 1.95149097444, 1.04825462935, 0.923625470721, 2.83442043929, 2.47256034555, 0.974019360679, 4.62315790128, 1.03153972106, 1.0900001348, 1.00747278025, 1.03746084729, 1.10670509604, 3.09260660243, 1.07081797488, 0.818864900927, 387.194528198, 1.11609262458, 3.08321778292, 1.16698707288, 1.81635089893, 1.25216696049, 1142.95433869, 23.0170262374
4.74640124608, 1.34737766139, 0.857484580593, 1.0482061059, 1.94215163363, 0.824958422289, 3.32079323595, 0.838615062625, 0.9923668444, 5.5229850137, 7.30729340206, 1.02823200511, 3.20181754246, 1.04387681675, 1.09000087715, 1.00431783524, 1.04699367114, 1.20737128754, 6.3082897567, 1.09530300729, 0.992062181335, 73.5280962008, 1.09039884465, 4.58803112014, 1.01708709732, 1.13679999357, 0.90402048014, 1425.07941712, 22.992750695
2.03233035267, 1.28991975345, 1.09020270143, 1.09067523151, 4.91167366342, 0.80232677702, 5.45834273001, 0.913119164902, 0.977488898306, 4.04780163992, 3.64626477463, 0.994365250099, 3.38882274046, 0.83230772039, 1.09000052021, 1.04763710127, 1.03268957051, 1.11921606351, 3.40034684699, 0.986213476934, 0.924712754496, 63.7349828651, 0.972708765691, 2.23161847049, 1.15725146332, 1.15212039985, 1.01137617793, 760.110646921, 28.9779369623
1.80933642778, 1.41268275078, 0.879842453679, 1.19166004436, 4.60048328666, 0.805438448566, 2.51258347264, 1.06135610484, 0.941552613461, 2.86094774977, 1.67578941442, 0.819064181016, 4.47127207567, 1.23511276084, 1.09000076559, 1.07770620296, 1.0028431983, 1.114428453, 9.12665566775, 0.949938038109, 0.993696069374, 309.129773395, 1.15002897738, 5.00050827499, 1.2097043804, 2.39558455806, 1.29339547692, 638.728389067, 37.2006689115
4.81081497815, 1.27107866224, 0.813831208797, 0.979280944417, 3.90476462829, 0.840139757704, 2.56066690604, 0.916349110158, 0.990007033031, 2.05794352715, 6.4614574548, 0.903175674771, 1.14684646236, 0.856705250509, 1.09000041653, 1.10508705592, 1.02988055162, 1.05665030779, 7.32502432745, 0.99540659644, 0.949748105087, 268.620894326, 1.19208586337, 2.22013379823, 1.00296761735, 2.24356929541, 1.23291562429, 860.394180111, 24.322508856
4.81081497815, 1.27107866224, 0.813831208797, 0.979280944417, 3.90476462829, 0.875495405789, 2.56066690604, 0.891341672803, 0.990007033031, 2.05794352715, 6.4614574548, 0.903175674771, 1.14684646236, 0.856705250509, 1.09000041653, 1.10508705592, 1.02988055162, 1.05665030779, 7.32502432745, 0.99540659644, 0.949748105087, 268.620894326, 1.19208586337, 2.22013379823, 1.00296761735, 2.24356929541, 1.23291562429, 1318.90955097, 23.3767686338
2.56027885663, 1.389057988, 1.02228984305, 0.887634928655, 1.71371647496, 0.803819198043, 4.65617608345, 0.978391206506, 0.989711099738, 1.31346413552, 4.91808619328, 0.841430068403, 2.11839883159, 1.28292642759, 1.0900006467, 1.06862150708, 1.01522304728, 0.927976129648, 8.30832103403, 1.08943073114, 0.762102895171, 382.211655127, 1.06916592586, 5.57210641553, 0.97517991282, 1.89804092754, 1.27258641915, 816.722515797, 27.2091304297
3.07185873029, 1.000842971, 1.02467570702, 0.823860499173, 3.64791071892, 0.817941632642, 3.76665607882, 0.975429688213, 0.995137780745, 5.0787539607, 5.70368998994, 0.94785511172, 5.06532369808, 0.897374271608, 1.09000090912, 1.08409542628, 1.00200737058, 1.10095972406, 7.91751838474, 1.09065017873, 0.821069702356, 189.078096441, 1.07521247817, 1.96876989586, 1.13463562921, 1.05145768584, 0.997362231455, 966.826229702, 25.1758206571
2.11749789517, 1.0600395247, 0.742644056514, 1.17582081219, 3.04479008663, 0.893026643891, 1.79791930744, 0.942180050367, 0.933314837717, 2.7958011037, 3.98510723325, 1.0443622977, 1.08545460263, 0.877630550969, 1.09000025322, 1.09809402705, 1.01795788901, 1.09551745943, 8.26672933626, 0.976177652545, 0.796926561961, 328.698067482, 1.17214992513, 3.48750857641, 1.19403590966, 4.31492400814, 1.28677313604, 1463.60210153, 23.4294312419
5.9887650632, 1.05021443221, 1.14613895125, 0.853656017178, 7.03424565416, 0.864036222382, 2.7835884392, 0.911016797237, 0.952682934596, 2.13979306164, 6.11366920264, 0.89858950352, 1.61684376255, 0.85000407294, 1.09000044429, 1.01646075831, 1.0475485046, 1.17089402071, 5.86523482763, 1.1441782249, 0.979860394361, 54.5729730936, 1.09531175675, 2.19031106118, 1.02759945786, 1.28108089126, 1.23730775537, 1397.61905725, 23.9813926525
4.14685027393, 1.07151741951, 0.799130597033, 0.924331944761, 4.28861072969, 0.961095847432, 3.4953036777, 0.980475148595, 0.954387509113, 1.29594198708, 7.31056896828, 1.07954675898, 4.52845472437, 0.838875829145, 1.09000080208, 1.09905389202, 1.04608927654, 0.886451842832, 6.42973190834, 1.08545346912, 0.971037311143, 154.741012368, 1.19817223243, 2.61853103041, 1.14258727975, 1.49614719964, 0.988326477912, 993.21584746, 25.7855256468
4.58403056395, 1.10755835001, 0.753582731104, 1.19933802035, 1.93396372949, 0.75869984636, 2.07937112071, 0.945167655936, 0.984626296532, 2.38552774952, 5.75491612373, 0.96834978064, 1.37879475393, 0.832135195518, 1.09000074585, 1.01093632531, 1.02510165034, 1.15485768107, 3.46016126121, 0.947049714227, 0.913626858709, 86.7413647137, 1.10350375227, 5.33081177593, 1.01120508004, 2.94836922789, 1.27167183999, 1551.30611991, 23.3879063345
2.69424788035, 1.22523267644, 1.05063215051, 1.19353898651, 2.53261301171, 0.992337028056, 4.5061452426, 1.05221814477, 0.906499961578, 3.73796943955, 2.77585639418, 0.910592020506, 1.99162417705, 1.24862078885, 1.09000006588, 1.00747278025, 1.00764476583, 1.10670509604, 7.21709941751, 1.03602912189, 0.818864900927, 232.749802355, 1.02178092562, 2.93484111507, 1.09572389385, 3.07611756773, 1.2228825494, 1418.76615417, 24.038781793
1.62708858462, 1.0693353039, 0.960178572582, 0.932809846983, 1.4383182331, 0.762046005122, 3.86666705901, 1.05523133061, 0.952935188755, 4.03929364758, 3.87760663746, 1.08980920472, 3.4018439749, 1.10280625685, 1.09000042398, 1.10417158438, 1.02325966371, 1.02478596657, 4.70192839147, 1.14523753483, 0.97717445497, 270.147256016, 1.0370517592, 1.76726651735, 1.0895127841, 4.57611365073, 1.15542402051, 1176.65391319, 25.155017794
3.69991204236, 1.18859385861, 1.11918391652, 1.20347193991, 5.14840484467, 0.879596428007, 3.15714249561, 1.08373456943, 0.990311015744, 2.96012468236, 4.23318388901, 0.840283305779, 5.04541032295, 1.28257156699, 1.09000094425, 1.10502351605, 1.02823770485, 1.06088477054, 7.0993404387, 0.959730480864, 0.976629511557, 113.898747475, 1.19874932965, 4.36971524484, 1.11436222768, 2.36455536556, 1.21741189237, 927.008281295, 28.962709206
4.74805824172, 1.31131219934, 0.756313755332, 0.891961068615, 5.21101742168, 0.813791504515, 5.69782839867, 1.03543306154, 0.990085065372, 4.09689879897, 3.83333700465, 1.02088880371, 5.04688581842, 0.954314797365, 1.09000043077, 1.089560185, 1.00737262179, 1.21287693029, 9.36410675942, 1.09092595719, 0.953747516515, 258.084546551, 1.16367812924, 3.60216424023, 1.15235091109, 4.71631122668, 1.26693959909, 1260.51115341, 26.1922248822
4.49050858568, 1.36219494569, 0.870403094242, 1.19111089263, 4.3088770896, 0.800076271249, 5.35195358293, 0.83628629219, 0.987054127795, 4.26581297096, 7.27951069879, 0.878034038189, 4.65200680254, 1.02957341007, 1.09000081153, 1.05458002766, 1.00263374049, 1.21046744277, 6.01570060546, 1.09964327639, 0.929233383883, 362.010004578, 1.09039904254, 1.44761150785, 1.0326514362, 3.95189980693, 1.13911538027, 879.187957217, 29.0011470574
1.32984113126, 1.17425576932, 1.00605594792, 0.817196091061, 2.96430846266, 0.953815635921, 3.83619898695, 0.859424497466, 0.965865037821, 1.39862780003, 3.70139451513, 0.881621074278, 1.78740821299, 0.925841926938, 1.09000087773, 1.06546696795, 1.02944442873, 1.00066871147, 9.48672857059, 1.11539190098, 0.825113065985, 115.886149584, 0.910462262918, 3.47622075424, 0.981713971411, 4.8796800077, 0.923304670352, 969.777131375, 30.5632188968
4.28034476723, 1.16620520129, 1.00754517515, 0.890219947305, 5.82275284956, 0.716618697869, 5.92253233525, 0.907926642772, 0.947792164228, 3.23204784519, 3.67494197744, 0.904812344744, 4.54397958598, 1.00694837364, 1.09000025937, 1.00167021216, 1.01652806253, 0.908147830659, 6.57732078442, 1.17404459158, 0.999671367374, 386.811097063, 1.13764276794, 1.23752302073, 1.20499314917, 3.4489984752, 1.07316146325, 1265.21975882, 26.9140907362
4.15593564331, 1.32360297825, 1.01499158589, 0.874070564291, 5.12687011265, 0.835729329099, 2.14956696425, 0.937428373016, 0.934459285997, 2.44451792909, 2.44462749247, 0.941142961384, 3.70412150865, 1.1280746779, 1.09000037419, 1.01966218644, 1.00845251705, 1.01641042712, 3.85185488413, 0.956801068602, 0.800421200656, 70.576025477, 0.916645737963, 4.65253841752, 1.02620711922, 2.98476495944, 1.15584117399, 826.379412954, 40.1689606295
1.32984113126, 1.17425576932, 1.00605594792, 0.817196091061, 2.96430846266, 0.953815635921, 3.83619898695, 0.859424497466, 0.965865037821, 1.39862780003, 1.8361588252, 0.913014476208, 1.78740821299, 0.925841926938, 1.09000087773, 1.00671847163, 1.02944442873, 1.00066871147, 9.48672857059, 1.11539190098, 0.825113065985, 115.886149584, 0.984847815725, 3.47622075424, 0.981713971411, 4.8796800077, 0.923304670352, 1012.8486538, 30.0467639567
2.5734164636, 1.0374241744, 0.898593531171, 1.10887164055, 5.5925328391, 0.845377002945, 4.60691331279, 0.846561322734, 0.958110570327, 3.14717173257, 4.55399780232, 1.01523949393, 3.80118993596, 0.971595241598, 1.09000028767, 1.06327173157, 1.04602703803, 0.954934593391, 9.81029613129, 0.917129315672, 0.97963285091, 172.908166587, 0.954054904005, 2.97331587064, 1.16905600708, 2.27768247852, 1.22317725702, 855.617907363, 39.3958213626
2.62912619805, 1.05115364374, 0.789300672966, 1.08576968013, 1.56120068687, 0.92323076415, 2.0353892353, 0.930153410732, 0.935229373637, 4.38688170685, 4.62575500555, 0.820407742397, 2.04993359447, 1.17455948937, 1.09000070446, 1.00974643207, 1.01755466316, 0.88825347913, 4.94610308838, 1.05664211948, 0.954392729901, 275.864369723, 0.951778831402, 5.35575063356, 1.17522044446, 1.59886030684, 1.14966301475, 842.156703025, 43.5730177606
5.03092965526, 1.28934455111, 1.11097766227, 0.91949132493, 6.67265958904, 0.831109115626, 3.52602608606, 0.966075949488, 0.96743857207, 3.77504274495, 3.40479628099, 1.0698275639, 1.79835256773, 0.88472828277, 1.09000071931, 1.05729233616, 1.04342658204, 1.21018217376, 5.58433903514, 0.928125020797, 0.959744292405, 314.071163144, 1.0415306352, 4.05293138879, 0.963501315391, 2.6771956984, 1.17512798646, 1279.38802605, 27.5191106748
4.15593564331, 1.15814457683, 0.917836338013, 1.14805102392, 2.19317885325, 0.757985667353, 5.42048531688, 0.83006527998, 0.965266765895, 4.77698819207, 2.53259717138, 1.09435960555, 1.79680035564, 1.22225046307, 1.09000054994, 1.09579166657, 1.02309580456, 0.890683299168, 7.66942578531, 0.952482573276, 0.835778153586, 295.539611016, 1.08495201744, 5.69797274713, 0.992405135819, 3.29877230075, 1.1700776345, 2232.10671284, 26.0964063926
1.40945823624, 1.29330607655, 0.959348104205, 1.18806094688, 3.33794485685, 0.84496008867, 2.72309867414, 1.08877255773, 0.994580889816, 2.58453756162, 2.37283826834, 0.859389601432, 3.37889524185, 1.2049950532, 1.09000015153, 1.04134942949, 1.01487462982, 0.986522397669, 5.61185881825, 1.08578067946, 0.89647202167, 359.407489971, 1.13953434519, 5.63203174351, 1.06027211573, 5.36253753974, 1.12756795815, 2312.60536192, 26.0607128689
2.90828027741, 1.31754359982, 0.817278893363, 1.07873968216, 3.28667038622, 0.888424032598, 5.04183814828, 0.858158638947, 0.935754217581, 3.12774546333, 1.78280328221, 0.844787741868, 3.50748275015, 1.00445541524, 1.09000013116, 1.0421125162, 1.00128982995, 1.10353508674, 3.4782783708, 0.988692180121, 0.819708846405, 300.645419778, 1.18508796211, 4.69024000779, 1.03700754577, 3.32030185434, 0.970148029313, 1038.97619358, 31.790543683
1.38122053704, 1.35499124401, 0.821268352526, 0.824664555525, 3.7962958449, 0.84468135142, 3.03307150499, 0.994189814829, 0.975672844134, 3.38120147492, 2.50459042793, 0.991645479498, 4.87351867582, 0.831965490073, 1.09000013165, 1.02629152755, 1.00902353421, 1.10635617304, 3.24799932528, 1.1714077621, 0.915297723409, 245.989836556, 1.11137674178, 3.45878800291, 1.17166082678, 4.30696508946, 0.984842583288, 2301.21687324, 27.0561726932
3.77834035365, 1.38472426504, 0.743143873449, 0.86131357613, 5.91982723793, 0.931880377496, 2.37874298787, 0.951158489119, 0.941789580955, 4.8108256998, 4.05406415148, 1.00184299482, 3.60495523954, 1.27528622621, 1.09000047961, 1.02407375408, 1.0136026352, 1.03679804919, 6.56166248751, 1.13287585864, 0.779940556732, 89.8264444824, 1.17905881876, 3.02177962641, 1.22302976104, 4.31492400814, 1.28677313604, 1194.44131253, 32.6523347206
2.96549132596, 1.00586216641, 0.773962778849, 1.17873115294, 2.1583992897, 0.874306320864, 5.50772928831, 0.985490106531, 0.965709789144, 5.35531195921, 2.29587705875, 0.981671153502, 4.48234743876, 0.882073334555, 1.09000029644, 1.02924508919, 1.02435035405, 1.01574352383, 8.4052227937, 1.13846714634, 0.866358233216, 205.644774634, 1.15402936417, 3.16063239144, 1.15909492732, 1.27872111697, 1.22912804405, 1241.76617541, 32.0748704297
2.08303867879, 1.02190195788, 1.10524895492, 0.801593629585, 1.55686299373, 0.799417285401, 5.5619050043, 1.01496832467, 0.966216137433, 4.86928900152, 3.26769027324, 0.943998688514, 2.69128667999, 1.05554392134, 1.09000069952, 1.0505947061, 1.04526902703, 0.940283206647, 6.85948739475, 1.028097928, 0.939275718954, 343.213749432, 1.02747713017, 3.46669597196, 1.0622490317, 3.38034032632, 1.01410911134, 1188.15116811, 33.2094662817
4.09496544409, 1.42117863192, 0.74287643864, 0.862251322889, 5.15317172741, 0.840736494371, 4.60515888257, 0.926627511341, 0.995782337481, 5.3456688354, 6.15493376896, 1.08726143037, 1.61084252501, 1.19142428266, 1.09000073442, 1.10927927417, 1.03762640368, 1.07223909045, 3.70747987897, 1.10934085209, 0.815918756753, 123.644219762, 0.950651219352, 1.10490311817, 1.10687674341, 3.77613478355, 1.20974205951, 1568.40723899, 27.8886777934
5.0834935562, 1.00064624581, 0.787390659499, 0.823090817735, 5.61463985525, 0.811239281842, 4.73173659361, 1.0626571888, 0.952099241422, 2.70809980107, 6.58356925803, 0.841753492486, 4.43826003441, 0.916530668936, 1.09000073096, 1.0820596638, 1.0224760412, 0.988036212515, 9.60404679552, 1.05822719937, 0.95358778994, 345.339421884, 1.0887715332, 3.72515795089, 1.2367581689, 2.15211416678, 0.95050896394, 1285.43518416, 31.3937692866
1.62708858462, 1.0693353039, 0.960178572582, 0.932809846983, 1.4383182331, 0.762046005122, 3.86666705901, 1.05523133061, 0.952935188755, 4.03929364758, 3.87760663746, 1.08980920472, 3.4018439749, 1.10280625685, 1.09000042398, 1.10004478778, 1.02325966371, 1.02478596657, 4.70192839147, 1.14523753483, 0.97717445497, 270.147256016, 1.0370517592, 1.76726651735, 1.0895127841, 3.16534186003, 1.15542402051, 1795.85775407, 28.5651620281
4.33092155777, 1.1772163074, 0.777009129069, 0.945108465187, 5.59176152008, 0.719845256208, 4.70267245958, 1.04587004135, 0.922796690403, 4.73962497144, 4.19388227738, 1.07651430899, 1.15318923466, 1.04915533652, 1.09000084802, 1.06229712682, 1.03362471995, 0.955155002845, 4.45942365052, 1.1828097884, 0.773030930784, 378.150641918, 0.929031408916, 3.02545355836, 1.17223296315, 1.15079363429, 0.926069730221, 1153.76145824, 42.0230146004
5.03775768707, 1.32002355141, 1.03340938031, 1.1700257408, 6.6556115671, 0.944123702087, 1.44299911172, 1.08264591224, 0.952277678961, 4.51703242269, 7.16562938256, 1.03166223234, 4.87292920019, 1.28120258792, 1.09000057871, 1.00847861255, 1.00822550178, 1.01157326676, 5.9168780055, 0.910200412294, 0.888499597199, 388.63847944, 0.987609313452, 4.52253880081, 1.02172164624, 2.33011357748, 1.24035519887, 2810.08683486, 28.5747398773
5.52232861692, 1.27849711418, 0.903971674149, 0.844622001401, 5.98562153294, 0.872756390423, 2.21010759227, 0.964014598081, 0.988127082803, 5.09017326573, 1.68015946732, 0.905172301011, 2.07490524427, 0.8747703421, 1.09000071879, 1.10700099958, 1.02851885917, 1.21687752987, 5.0583554026, 1.09742048317, 0.791427270986, 126.872450533, 1.06211537268, 3.78887523657, 1.05268750165, 1.66052838851, 1.10577318364, 2421.97079331, 28.8001826806
3.1088499463, 1.21420268709, 1.08125007809, 0.871360772056, 5.3826036315, 0.715098249183, 2.07619124478, 0.987663641448, 0.969196602815, 5.85237769053, 2.02510854029, 0.998847830439, 2.3449157573, 0.857578219016, 1.09000041277, 1.02032832091, 1.04440406675, 1.19658634272, 7.76713342084, 1.02558793877, 0.944139906237, 286.853517997, 0.932556405094, 5.13252408176, 0.962867115231, 3.47054191714, 1.27395157742, 1319.37274311, 32.1296073993
2.08303867879, 1.02190195788, 0.978514216782, 0.801593629585, 1.55686299373, 0.799417285401, 5.5619050043, 1.01496832467, 0.966216137433, 4.86928900152, 3.26769027324, 0.943998688514, 2.69128667999, 1.05554392134, 1.09000069952, 1.0505947061, 1.04526902703, 0.940283206647, 6.85948739475, 1.028097928, 0.939275718954, 343.213749432, 1.02747713017, 3.46669597196, 1.0622490317, 3.38034032632, 1.01410911134, 1423.12998297, 31.5972563084
1.2899433649, 1.33949657696, 1.04851229864, 1.02496924162, 3.69864786516, 0.880272608856, 2.30184302264, 0.936187807628, 0.900051156818, 4.81447868568, 2.71492400051, 1.00526197228, 3.83451131018, 1.26434386239, 1.09000048025, 1.00388991362, 1.02367457098, 1.04750229314, 7.08400955919, 0.950616856888, 0.870533978408, 372.578693641, 0.98253706199, 4.21175757712, 1.05170266516, 2.93420851135, 1.17049181964, 1928.63561048, 29.4435696303
3.46559237919, 1.01339516795, 0.7587913404, 1.0687458077, 6.40138306152, 0.794419942231, 5.90222713393, 1.07647943669, 0.987531982593, 2.128259433, 3.0581072486, 0.92779964569, 4.05963633858, 1.14853087675, 1.09000010803, 1.10752222055, 1.03982768978, 1.0571068945, 8.83217099111, 1.1715753755, 0.821968039353, 242.119639141, 0.999316919283, 3.7885789169, 1.22035446606, 1.1698894518, 0.994142351016, 1235.83138447, 44.7927266654
5.37630839797, 1.00316660536, 1.12408138161, 1.01041256134, 5.69579543403, 0.884149494042, 3.96147450593, 0.843650414925, 0.938199282969, 4.23310208161, 7.11838335125, 0.850501875293, 2.8597852678, 1.27624954758, 1.09000051931, 1.08749078148, 1.04290882199, 1.01263157441, 7.64195003031, 0.970094159243, 0.924116552863, 201.053867919, 1.15184788069, 2.52383829139, 1.02789933917, 3.68211071311, 1.19325028331, 1859.93946527, 30.6076370766
4.28034476723, 1.16620520129, 1.00754517515, 0.890219947305, 5.82275284956, 0.716618697869, 5.92253233525, 0.907926642772, 0.947792164228, 3.23204784519, 3.67494197744, 0.904812344744, 4.54397958598, 1.00694837364, 1.09000025937, 1.00167021216, 1.01652806253, 0.908147830659, 6.57732078442, 1.17404459158, 0.999671367374, 386.811097063, 1.13764276794, 1.23752302073, 1.20499314917, 3.4489984752, 1.07316146325, 1356.75943267, 33.8448522265
3.00099867555, 1.36805366109, 0.861121757732, 0.93654500735, 3.41961179209, 0.858627765809, 1.34981876953, 1.07811133796, 0.966290002681, 3.45387286405, 2.80441171221, 0.843690849261, 1.58774432806, 0.915904996503, 1.09000027044, 1.02944952196, 1.00187569015, 1.01209410122, 4.17182606953, 0.944741790046, 0.985080418293, 375.173828614, 0.97620323034, 2.25222449576, 0.960210916878, 2.2592714054, 0.960980474435, 1336.39473247, 34.1991125849
2.60477370198, 1.06396014833, 0.888859316406, 1.08890469729, 4.3765084854, 0.757510376684, 3.18814773798, 0.982035279959, 0.932780649447, 3.23195719253, 5.8146134921, 1.0515020293, 1.60987618954, 1.11764696953, 1.09000059841, 1.10237698383, 1.02340773244, 1.05351812229, 9.24876913526, 0.992425827352, 0.764981177312, 140.380196457, 0.98844548515, 5.07274261487, 1.01264467365, 1.63318433818, 1.26986042453, 1399.01042161, 33.3778501254
3.47262247827, 1.20438036407, 1.00543267442, 0.857021978895, 5.86329991822, 0.753416673109, 1.42408349877, 1.04670290304, 0.940087666609, 2.36946759912, 5.04900276458, 0.925904735491, 3.89761341662, 1.26767826289, 1.09000023024, 1.03553621524, 1.0138413484, 1.22760525498, 6.42951602323, 0.910919920507, 0.824672538877, 142.465411533, 1.13328344896, 4.57256088504, 1.04527377251, 4.10024295587, 0.952091470437, 1514.99575054, 32.2709395554
