3.53641151151, 1.37588286878, 1.06208014333, 0.822288015885, 5.98192799506, 0.85568028712, 5.31072175407, 1.09271258225, 0.962370150693, 2.33935976499, 4.66419614506, 0.901882020969, 2.38391917013, 0.894424650557, 1.09000085325, 1.04551190147, 1.02070904197, 1.15970355516, 4.64511749681, 0.947267131979, 0.794766257646, 62.3567092215, 1.16518093353, 3.91468413196, 1.21652828037, 4.91849716256, 1.05840933715, 13.7977480222, 5.88820887557
2.86817836654, 1.19393524931, 1.10668334146, 1.20726993325, 2.07921664831, 0.979087993929, 4.20560324553, 0.910426362168, 0.98909092554, 5.5517277551, 2.22838429204, 1.09402690542, 4.7302095522, 0.968744632512, 1.09000081732, 1.07141337853, 1.02624346169, 0.814740083362, 3.05359609759, 1.17872313385, 0.848492724461, 239.007855093, 1.14644920348, 1.70283461094, 1.12922762994, 3.70898531764, 0.935431389658, 48.7169965501, 8.44204247076
5.1839097131, 1.40712119932, 1.08152024917, 1.08087819914, 2.67518371569, 0.831722001391, 4.02809553988, 0.899375869276, 0.973453632365, 4.26754375391, 7.15462542588, 1.01898652563, 4.9365603368, 1.04790636712, 1.09000093415, 1.03578691522, 1.01541312107, 0.967725766344, 3.28455429221, 1.06911488214, 0.761897428811, 201.46278232, 1.06105693523, 5.79231500379, 1.10858638458, 4.08603389724, 1.29955575084, 51.27769588, 11.9913587919
4.14685027393, 1.40473155322, 0.799130597033, 0.924331944761, 4.28861072969, 0.961095847432, 3.4953036777, 0.980475148595, 0.954387509113, 2.77579298637, 7.31056896828, 1.0808496465, 4.52845472437, 0.838875829145, 1.09000098383, 1.09905389202, 1.04608927654, 0.886451842832, 8.50378672147, 1.08545346912, 0.945053208355, 154.741012368, 1.19817223243, 2.61853103041, 1.14258727975, 1.49614719964, 1.0005631707, 61.3663370046, 10.977636889
1.91403276773, 1.12894165394, 0.932336044831, 1.13197088798, 1.41861984505, 0.854756030975, 4.53347047609, 0.89460064875, 0.940134859771, 5.23540500329, 3.79973703513, 1.03981689874, 3.64922821786, 0.87383906992, 1.0900005088, 1.08822406911, 1.03475904537, 1.17655798777, 3.32838682087, 1.15063333652, 0.949201066553, 270.497770517, 1.04489700006, 3.05217626809, 1.15398066187, 2.72579292253, 1.05812969644, 52.1616906535, 12.1157309789
4.9468720227, 1.39110628933, 0.750580695848, 1.13084740698, 4.26367206824, 0.907948372413, 4.83424358561, 0.99953570805, 0.902131427449, 2.42615634997, 5.27367479618, 0.86434809138, 1.10537002161, 1.00143141455, 1.09000039942, 1.07440162822, 1.04777836295, 0.900167484698, 4.991800116, 1.006013399, 0.788132229938, 205.53578295, 1.14040956782, 3.89408708506, 0.98873277202, 5.09745968698, 1.27138556766, 118.421766156, 11.1176718554
3.10740127178, 1.3780908046, 0.758086222626, 0.871360772056, 2.91530078247, 0.86311801494, 5.28482705091, 0.964014598081, 0.903547889626, 2.48155457651, 2.6620308313, 1.05198054014, 3.72003781604, 1.10453933549, 1.09000023867, 1.06968585559, 1.04521107986, 0.83101482911, 9.03870705884, 0.992698393792, 0.775747679377, 369.946379874, 1.14746320958, 2.5914402583, 1.23276000825, 1.1710363948, 1.23556974132, 128.234245214, 11.2075161303
2.58977023064, 1.27474352501, 1.00912971836, 0.835178713908, 3.04837287469, 0.820770643525, 5.86807316059, 0.853026298989, 0.936803104827, 2.09387980221, 7.02512671932, 1.06998267269, 4.07974003603, 1.23511276084, 1.09000017311, 1.10906125485, 1.00135210211, 1.114428453, 9.50855631892, 0.933196782486, 0.786248241324, 102.331084083, 0.958307737625, 3.94668188335, 1.04771466601, 4.76767854428, 1.25630453067, 69.7990394855, 13.8899285458
4.09456483125, 1.07509642624, 1.10663008166, 0.984079880786, 1.55288778969, 0.889831543668, 1.50337219695, 0.828767867508, 0.948817324587, 1.62716012621, 3.15038084918, 0.874777563708, 2.79392911386, 1.04806284777, 1.09000030121, 1.03745519232, 1.00948104075, 0.864332870131, 6.49032734343, 0.982014253045, 0.905584050238, 185.908817501, 1.0589544093, 3.73266830028, 1.17059593375, 4.95035335971, 1.13125930522, 91.2034810463, 14.8452165791
1.40945823624, 1.29330607655, 0.959348104205, 1.18806094688, 3.33794485685, 0.84496008867, 2.72309867414, 1.08994453098, 0.994580889816, 2.58453756162, 2.37283826834, 0.859389601432, 3.37889524185, 1.2049950532, 1.09000015153, 1.04134942949, 1.01487462982, 0.986522397669, 5.61185881825, 1.08578067946, 0.89647202167, 359.407489971, 1.13953434519, 5.63203174351, 1.06027211573, 5.16063773392, 1.12756795815, 205.939033101, 13.5029396341
3.59717435609, 1.42962323031, 1.08880431106, 0.833935767376, 6.96142590067, 0.782567232349, 1.29005084249, 0.95034571646, 0.979231975065, 5.81513993217, 7.08330315779, 0.953317208067, 4.13453900272, 1.19762149807, 1.09000016793, 1.02070139164, 1.01195609036, 0.980543962589, 9.10633551198, 1.03833815916, 0.99918007009, 221.935143023, 1.00600846097, 2.55870805111, 0.977684563301, 1.71786188397, 1.1451926005, 162.037700708, 14.3092150754
3.3676749874, 1.35082985218, 0.994857190133, 0.974649542396, 3.36972107664, 0.942584915535, 2.51090565214, 1.02535568495, 0.959259142644, 2.90671449156, 4.26075229326, 0.869330526665, 1.08022507132, 1.19395511136, 1.09000034439, 1.07537272763, 1.00920575624, 0.979892002502, 6.17679109911, 1.14365484466, 0.819216317708, 232.768940633, 1.02200778215, 2.90394574041, 0.969105987703, 3.40650818999, 1.12744499168, 163.589637039, 14.1484018562
4.74640124608, 1.34737766139, 0.857484580593, 1.0482061059, 1.94215163363, 0.824958422289, 3.32079323595, 0.838615062625, 0.9923668444, 5.5229850137, 7.30729340206, 1.02823200511, 2.28398712538, 1.04387681675, 1.0900001348, 1.00431783524, 1.02220129583, 1.20737128754, 6.3082897567, 1.09530300729, 0.922800248493, 73.5280962008, 1.09039884465, 4.58803112014, 1.01708709732, 1.13679999357, 1.25216696049, 129.232224104, 23.6479061675
2.11749789517, 1.0600395247, 0.742644056514, 1.17582081219, 3.04479008663, 0.893026643891, 1.79791930744, 0.942180050367, 0.928421263104, 2.7958011037, 5.98731401102, 1.0443622977, 1.08545460263, 0.877630550969, 1.09000025322, 1.09809402705, 1.01795788901, 1.09551745943, 8.26672933626, 0.976177652545, 0.979860394361, 328.698067482, 1.1989508773, 3.48750857641, 1.19403590966, 4.31492400814, 1.28677313604, 145.124255199, 16.3660888
2.56591878741, 1.28528855227, 0.755609544278, 1.15025091633, 3.70008901205, 0.720023785751, 3.19672385211, 0.899375869276, 0.951234700687, 3.37047729362, 1.73049420534, 0.950215975582, 3.50453026346, 0.969045854939, 1.09000020152, 1.02040727005, 1.00995595311, 1.05717357971, 8.02399071329, 0.938402766436, 0.988548897768, 306.418665242, 1.03053323546, 5.40310815448, 1.13173535023, 5.4336199444, 0.988930450185, 291.074029564, 14.7311235456
2.5734164636, 1.0374241744, 0.898593531171, 1.10887164055, 5.5925328391, 0.973567599159, 4.69452314917, 0.846561322734, 0.958110570327, 3.14717173257, 4.55399780232, 1.01523949393, 3.80118993596, 0.971595241598, 1.09000028767, 1.06327173157, 1.04602703803, 0.954934593391, 9.81029613129, 0.917129315672, 0.97963285091, 172.908166587, 1.1679257371, 2.97331587064, 1.19591207577, 2.27768247852, 1.22317725702, 187.858818524, 15.0812812539
1.32984113126, 1.17425576932, 1.00605594792, 1.00318957716, 2.96430846266, 0.953815635921, 3.83619898695, 0.859424497466, 0.965865037821, 1.39862780003, 1.8361588252, 0.913014476208, 1.88583800307, 0.925841926938, 1.09000087773, 1.00671847163, 1.02944442873, 1.05586699972, 9.48672857059, 1.11539190098, 0.825113065985, 115.886149584, 0.984847815725, 3.47622075424, 0.967982898851, 4.8796800077, 0.923304670352, 313.559983189, 14.8017523672
4.40849923913, 1.04188057475, 1.10643328766, 1.1434940091, 5.75379942573, 0.822632087477, 1.95149097444, 1.04825462935, 0.923625470721, 2.99818647091, 2.47256034555, 0.974019360679, 4.62315790128, 1.03153972106, 1.0900001348, 1.00747278025, 1.03746084729, 1.10670509604, 3.09260660243, 1.07081797488, 0.808038928185, 387.194528198, 1.11609262458, 3.08321778292, 1.16698707288, 1.11183256216, 1.18711739055, 168.159235347, 16.9906849498
4.14719539592, 1.19273950003, 0.820736425993, 1.05431404812, 1.69841840593, 0.742942290625, 3.06311644819, 0.84181882794, 0.983311390547, 2.44886106348, 3.00370618007, 0.888360397048, 3.19960152104, 1.16958007684, 1.09000017525, 1.00686778917, 1.00116204066, 1.14476911244, 5.19206596066, 1.15855172896, 0.912235926192, 168.100734878, 1.04516908212, 5.68198665731, 1.03196773181, 1.05324012613, 1.08644594229, 309.20301039, 15.0706641672
2.35299290605, 1.24970609973, 0.783309756252, 0.970180292594, 5.74028601424, 0.866325599947, 5.96827978306, 0.919946464797, 0.959492420533, 2.92875196293, 6.78822593657, 0.951236220884, 4.80415876987, 1.26928783245, 1.09000085759, 1.0334693722, 1.00932730149, 0.955887688089, 4.37351502718, 1.04938821989, 0.941417053162, 78.6269419544, 0.992889537347, 5.07409960005, 1.15009872657, 1.95353802546, 0.904868208174, 169.210833503, 17.7632675626
4.99352906045, 1.2228032289, 0.8363224951, 1.15783831223, 1.82752333845, 0.967866133218, 1.2630620485, 0.986883982047, 0.907081759167, 2.25704022738, 2.2124170085, 0.892142231052, 1.02419400086, 0.907099265332, 1.09000097568, 1.02596141405, 1.01095490452, 0.933434620823, 9.34702527118, 1.0798621752, 0.887735571555, 260.402810442, 0.959045722952, 4.68437245964, 1.18157898296, 3.47719057505, 1.05385698752, 207.18769446, 15.3130606993
5.98822952825, 1.21653550692, 0.783139215486, 1.02878116737, 5.90089859657, 0.841169133237, 2.74631619303, 0.908662033741, 0.920291555921, 5.88322950912, 4.41720399871, 0.994365250099, 2.01348708336, 1.17198773109, 1.09000016995, 1.03868365119, 1.02743491043, 0.814678694186, 9.45624747217, 0.926508380293, 0.776217250385, 387.057511243, 0.928731298892, 5.56046090967, 1.00372143966, 1.15212039985, 1.05538962081, 235.008925949, 15.5775395267
4.74805824172, 1.31131219934, 0.756313755332, 0.891961068615, 5.21101742168, 0.813791504515, 5.69782839867, 1.03543306154, 0.990085065372, 4.09689879897, 3.83333700465, 1.02088880371, 5.04688581842, 0.954314797365, 1.09000043077, 1.089560185, 1.00737262179, 1.21287693029, 9.36410675942, 1.09092595719, 0.953747516515, 258.084546551, 1.16367812924, 2.4971783964, 1.15235091109, 4.71631122668, 1.26693959909, 177.735619353, 24.1914176304
3.53641151151, 1.37588286878, 1.06208014333, 0.822288015885, 5.98192799506, 0.85568028712, 3.19293240281, 1.09271258225, 0.962370150693, 2.33935976499, 2.79267689121, 0.901882020969, 2.38391917013, 0.93872724817, 1.09000085325, 1.04551190147, 1.02070904197, 1.15970355516, 4.64511749681, 0.946414982649, 0.794766257646, 62.3567092215, 1.16518093353, 3.91468413196, 1.1214868168, 4.91849716256, 1.05840933715, 195.174203073, 19.1189376297
2.47438356587, 1.06208469621, 0.960422441588, 1.09881682656, 6.42106571545, 0.806575734148, 4.34054559956, 1.00390319575, 0.947528577454, 5.5879651553, 1.83625901191, 0.938898398056, 4.08665757509, 0.957859628331, 1.09000082549, 1.05363106488, 1.01807158159, 1.10572034202, 7.90434402405, 1.15965043124, 0.991295325478, 316.141613399, 0.966493820771, 3.39119059045, 0.97688352893, 4.41898176573, 1.26342457546, 187.087851324, 24.7641149983
2.62912619805, 1.05115364374, 0.789300672966, 1.08576968013, 1.56120068687, 0.92323076415, 2.0353892353, 0.930153410732, 0.941350979874, 4.38688170685, 4.62575500555, 0.820407742397, 2.04993359447, 1.17455948937, 1.09000070446, 1.00974643207, 1.01755466316, 1.21018217376, 4.94610308838, 1.05664211948, 0.954392729901, 275.864369723, 0.951778831402, 5.35575063356, 1.17522044446, 1.59886030684, 1.14966301475, 180.434234835, 24.9364537509
3.39752593545, 1.06999840371, 1.1410827695, 0.904156296656, 5.27147076579, 0.830277974047, 5.95615724887, 0.927794177503, 0.968393356983, 1.32573122721, 5.35124014679, 0.875755069049, 2.14218765707, 0.962006481421, 1.09000012294, 1.05711756822, 1.0143015664, 1.06809409428, 6.90820967484, 1.08569512993, 0.835726509797, 330.305549889, 1.0291587242, 4.98625075029, 1.16349516413, 3.21423548328, 1.13428994278, 260.068916773, 16.8685735675
4.9468720227, 1.39110628933, 0.750580695848, 1.13084740698, 4.26367206824, 0.907948372413, 4.83424358561, 0.99953570805, 0.902131427449, 2.42615634997, 7.15462542588, 0.86434809138, 1.10537002161, 1.00143141455, 1.09000039942, 1.07440162822, 1.04777836295, 0.813803378827, 4.991800116, 1.006013399, 0.788132229938, 205.53578295, 1.14040956782, 3.89408708506, 0.98873277202, 3.7322851504, 1.27138556766, 200.041591041, 24.4225889661
5.03092965526, 1.28934455111, 1.11097766227, 0.91949132493, 6.67265958904, 0.831109115626, 3.52602608606, 0.927760704224, 0.96743857207, 2.09789502378, 3.40479628099, 1.01824290991, 2.15303923546, 0.885976516962, 1.09000078311, 1.05729233616, 1.04342658204, 1.14167624816, 5.58433903514, 0.928125020797, 0.959744292405, 314.071163144, 1.0415306352, 4.05293138879, 0.976549263274, 2.6771956984, 1.17512798646, 382.080482362, 15.6500182385
5.63391024877, 1.42810899614, 0.946774405072, 1.20741939574, 3.27807933423, 0.962937550341, 2.21600124806, 0.937792568935, 0.929300658057, 5.58610945818, 4.25633871632, 1.06569218796, 1.53751289301, 0.886367643416, 1.09000053966, 1.07957818171, 1.04732163696, 1.05586699972, 8.61148550419, 1.04980852223, 0.992504646089, 344.579076544, 0.945552108248, 4.9911190257, 1.04522788376, 1.72755373299, 1.22284953786, 282.141569681, 17.1651800483
1.32984113126, 1.17425576932, 1.00605594792, 1.05972962364, 2.96430846266, 0.953815635921, 3.83619898695, 0.859424497466, 0.965865037821, 1.39862780003, 1.8361588252, 0.913014476208, 1.78740821299, 0.925841926938, 1.09000087773, 1.00671847163, 1.02944442873, 1.00066871147, 9.48672857059, 1.11539190098, 0.825113065985, 115.886149584, 0.984847815725, 3.47622075424, 0.981713971411, 4.8796800077, 0.923304670352, 456.366848925, 15.7534453731
4.40849923913, 1.04188057475, 1.10643328766, 1.1434940091, 5.75379942573, 0.822632087477, 1.95149097444, 1.04825462935, 0.923625470721, 2.83442043929, 2.47256034555, 0.974019360679, 4.62315790128, 1.03153972106, 1.0900001348, 1.01379561381, 1.03746084729, 1.12758031671, 3.09260660243, 1.07081797488, 0.842027045867, 387.194528198, 1.11609262458, 3.08321778292, 1.16698707288, 1.81635089893, 1.25216696049, 205.331393951, 26.9008922795
3.15858532466, 1.09486205251, 0.898814721745, 1.08956185896, 4.80883094451, 0.781960716549, 3.12678427598, 0.928985986384, 0.97078558015, 3.75187671147, 6.41574148591, 1.01824290991, 2.15303923546, 1.0092820557, 1.0900001272, 1.08212962857, 1.04925047622, 1.14167624816, 9.34882426492, 0.981488536318, 0.95363592543, 249.261118248, 1.15291135746, 2.61458839213, 0.976549263274, 2.26253723201, 1.20327037741, 502.176682572, 16.2901011566
5.03092965526, 1.28934455111, 1.11097766227, 0.91949132493, 6.67265958904, 0.831109115626, 3.52602608606, 0.966075949488, 0.96743857207, 3.77504274495, 3.40479628099, 1.0698275639, 1.79835256773, 0.88472828277, 1.09000071931, 1.05729233616, 1.04342658204, 0.88825347913, 5.58433903514, 0.928125020797, 0.959744292405, 314.071163144, 1.0415306352, 4.05293138879, 0.963501315391, 2.6771956984, 1.17512798646, 270.731438943, 21.1017223645
5.98822952825, 1.21653550692, 0.783139215486, 1.02878116737, 5.90089859657, 0.804315285062, 2.74631619303, 0.908662033741, 0.920291555921, 5.88322950912, 4.41720399871, 0.994365250099, 3.17603938617, 1.17198773109, 1.09000016995, 1.03868365119, 1.02743491043, 0.817626682125, 9.45624747217, 0.926508380293, 0.776217250385, 387.057511243, 0.928731298892, 5.56046090967, 1.00372143966, 1.15212039985, 1.05538962081, 210.501233572, 24.4279588615
3.83779502238, 1.30156847619, 1.15597433837, 1.15102001402, 4.39227317058, 0.744200283126, 4.77564447132, 0.91103036965, 0.922401654518, 2.37066463237, 4.55804233803, 1.02917508292, 4.29967115499, 1.18966520159, 1.09000015742, 1.01006056622, 1.03217091507, 1.21224457103, 9.62936923308, 1.13994440892, 0.83241649539, 57.0583459112, 0.931499797536, 2.79767480424, 1.18741523278, 4.91093142548, 1.07679155435, 484.413362545, 16.8164808439
1.80933642778, 1.41268275078, 0.879842453679, 1.19845251486, 4.60048328666, 0.805438448566, 2.51258347264, 1.06135610484, 0.941552613461, 2.56589084338, 1.67578941442, 0.819064181016, 4.47127207567, 1.26673748941, 1.09000076559, 1.07770620296, 1.0028431983, 1.0337726066, 9.12665566775, 0.949938038109, 0.994572392729, 309.129773395, 1.15002897738, 5.72976956544, 1.2097043804, 2.39558455806, 1.29339547692, 286.379085448, 22.4291788981
3.47262247827, 1.20438036407, 1.00543267442, 0.857021978895, 5.86329991822, 0.753416673109, 1.42408349877, 1.04670290304, 0.940087666609, 2.36946759912, 5.04900276458, 0.925904735491, 3.89761341662, 1.26767826289, 1.09000023024, 1.03553621524, 1.0138413484, 1.22760525498, 6.42951602323, 0.910919920507, 0.824672538877, 142.465411533, 1.13328344896, 4.57256088504, 1.04527377251, 4.10024295587, 0.952091470437, 232.344060967, 26.8079922345
1.40945823624, 1.27474352501, 0.959348104205, 1.18806094688, 3.33794485685, 0.84496008867, 2.72309867414, 1.08994453098, 0.936803104827, 2.58453756162, 2.37283826834, 0.859389601432, 3.37889524185, 1.2049950532, 1.09000015153, 1.04134942949, 1.01487462982, 0.986522397669, 5.61185881825, 1.08578067946, 0.970837922238, 359.407489971, 1.13953434519, 5.63203174351, 1.06027211573, 5.16063773392, 1.12756795815, 218.778801199, 27.7003774285
5.67191462283, 1.40831690435, 0.799067709664, 1.21701810925, 4.30898214354, 0.978887693446, 2.72309867414, 1.05208991598, 0.983999257635, 5.0215054301, 3.30591302673, 0.896386353814, 3.55199243494, 1.03895637462, 1.09000050774, 1.03908772435, 1.00306909081, 0.822349822497, 7.67894413702, 1.09433869413, 0.907468350159, 329.973204994, 1.12319243861, 3.87216605328, 1.14353994726, 1.28431077577, 0.932840047812, 359.719178262, 18.6504300585
5.63391024877, 1.42810899614, 0.946774405072, 1.20741939574, 3.27807933423, 0.962937550341, 2.21600124806, 0.937792568935, 0.929300658057, 5.58610945818, 4.25633871632, 0.922502540407, 1.53751289301, 0.886367643416, 1.09000053966, 1.07957818171, 1.04732163696, 1.00066871147, 8.61148550419, 1.00654517214, 0.992504646089, 344.579076544, 0.945552108248, 4.9911190257, 0.957623658289, 1.72755373299, 1.22284953786, 466.171399367, 17.5039762631
5.36523884403, 1.13054236924, 1.03839480847, 0.884939228792, 3.09273505732, 0.868306578937, 2.99673394467, 1.05163013202, 0.91552854272, 1.92795042315, 4.25679350642, 0.82427742046, 1.78183889352, 1.21809514241, 1.09000029313, 1.00316038579, 1.03366256493, 1.07237538541, 3.7651780003, 1.18861930328, 0.796014512593, 390.382170504, 0.921375657552, 5.57743242175, 1.00091243633, 2.76475376768, 1.20705990605, 402.055802921, 18.6459845933
3.77834035365, 1.38472426504, 0.743143873449, 0.86131357613, 5.91982723793, 0.931880377496, 2.37874298787, 0.951158489119, 0.941789580955, 4.8108256998, 4.05406415148, 1.00184299482, 3.60495523954, 1.27528622621, 1.09000012433, 1.02407375408, 1.0136026352, 1.03679804919, 6.56166248751, 1.13287585864, 0.779940556732, 89.8264444824, 1.17905881876, 4.30578444545, 1.22302976104, 4.3409875898, 1.07797888513, 239.129520544, 27.7608102912
3.53641151151, 1.37588286878, 1.06208014333, 0.822288015885, 5.98192799506, 0.85568028712, 5.31072175407, 1.09271258225, 0.962370150693, 2.33935976499, 2.79267689121, 0.901882020969, 2.38391917013, 0.968744632512, 1.09000085325, 1.04551190147, 1.02070904197, 1.15970355516, 4.64511749681, 0.947267131979, 0.794766257646, 62.3567092215, 1.16518093353, 3.91468413196, 1.21652828037, 4.91849716256, 1.05840933715, 318.007985897, 21.2797731373
2.47438356587, 1.05115364374, 0.789300672966, 1.08576968013, 1.56120068687, 0.92323076415, 2.0353892353, 0.930153410732, 0.941350979874, 4.38688170685, 4.62575500555, 0.820407742397, 2.04993359447, 1.17455948937, 1.09000070446, 1.00974643207, 1.01755466316, 1.21018217376, 4.94610308838, 1.05664211948, 0.991295325478, 275.864369723, 0.962926921469, 5.35575063356, 1.17522044446, 1.59886030684, 1.14966301475, 254.452339962, 29.2673268978
4.14685027393, 1.40473155322, 0.799130597033, 0.924331944761, 4.28861072969, 0.961095847432, 3.4953036777, 0.980475148595, 0.954387509113, 2.77579298637, 7.31056896828, 1.07954675898, 4.52845472437, 0.838875829145, 1.09000080208, 1.09905389202, 1.04608927654, 0.886451842832, 5.83506459856, 1.08545346912, 0.971037311143, 154.741012368, 1.19817223243, 2.61853103041, 1.14258727975, 1.49614719964, 0.988326477912, 353.823102288, 21.6975156136
4.66942800665, 1.14876690603, 1.12438154362, 1.05136448366, 5.16079520639, 0.767218126917, 4.10425963385, 1.00471336986, 0.96074457443, 1.68856821223, 7.66978375594, 0.833910375605, 2.61740095081, 0.93647633587, 1.09000001822, 1.05518848352, 1.03460025584, 1.00029815854, 7.56703898168, 1.09049787319, 0.914291812127, 42.1067044465, 1.10731413621, 3.35276483368, 0.992162892839, 3.57294600097, 0.968557003944, 442.811626434, 18.9948684752
3.95529001916, 1.40425479121, 0.968302250941, 1.19404230385, 4.32760949275, 0.784884304589, 1.46439894999, 0.960700025174, 0.964247671894, 4.39483016969, 3.26735351871, 1.08715629095, 4.55455781842, 1.21178471536, 1.09000057349, 1.02525543856, 1.00789171526, 0.88457835047, 4.1850888977, 0.937737150249, 0.904120656622, 175.182544102, 1.05782757114, 2.03851698175, 1.21796341975, 2.48292458864, 1.14488775805, 277.248047211, 27.5767620913
5.13373665919, 1.11384435577, 0.963181724305, 0.889762429113, 3.01359762787, 0.782279953288, 3.23332519413, 0.86226643281, 0.945026919491, 1.39627273108, 7.78621477338, 1.08247124669, 4.40277637371, 0.950401239855, 1.09000084275, 1.03591998425, 1.00961752306, 0.834846034247, 7.87239059171, 1.08364863239, 0.987533320717, 340.176323285, 0.984847815725, 1.51252065061, 1.07490690241, 4.22855363376, 0.901041487895, 485.083919665, 17.9141493634
2.88934659414, 1.37023563088, 0.808564741862, 1.16808680622, 5.81736499542, 0.717526551204, 3.05243471412, 0.887309620652, 0.970372283695, 2.1573987598, 1.65438629515, 0.992736732684, 3.24999499801, 0.879366051976, 1.09000040202, 1.05926506511, 1.00590158595, 0.995450765259, 8.50378672147, 1.01861294174, 0.945053208355, 35.4731396406, 1.02175991338, 1.55451623407, 1.05045552967, 5.40777028827, 1.25320795591, 404.243120669, 19.279391658
2.94437848033, 1.27948467524, 1.07315605986, 0.973613934191, 4.73326874997, 0.926885685744, 5.07524325755, 1.07588057647, 0.946912845286, 4.14035944606, 2.18074365975, 0.856049897012, 1.72602160571, 1.06929032588, 1.09000027699, 1.01406232312, 1.00975537567, 1.18056650812, 7.98187573291, 1.18059569017, 0.9148150858, 141.910028677, 1.16931342214, 4.03303651698, 1.09259102702, 5.24277148504, 1.27466281669, 430.874939968, 20.0058490804
4.99352906045, 1.2228032289, 0.8363224951, 1.15783831223, 1.69841840593, 0.967866133218, 1.20624374911, 0.986883982047, 0.907081759167, 2.25704022738, 2.2124170085, 0.892142231052, 1.02419400086, 1.11406002072, 1.09000027904, 1.02596141405, 1.00861606134, 0.933434620823, 9.34702527118, 1.0798621752, 0.887735571555, 260.402810442, 0.959045722952, 4.68437245964, 1.18157898296, 3.47719057505, 1.05385698752, 595.554885986, 18.2585411579
4.15593564331, 1.15814457683, 0.884211227929, 1.20306683772, 2.19317885325, 0.757985667353, 5.42048531688, 0.83006527998, 0.965266765895, 4.77698819207, 2.53259717138, 1.09435960555, 1.79680035564, 1.22225046307, 1.09000054994, 1.09579166657, 1.02309580456, 0.890683299168, 7.66942578531, 0.952482573276, 0.835778153586, 295.539611016, 1.13953434519, 5.69797274713, 0.992405135819, 3.29877230075, 1.1700776345, 628.369359154, 18.0657890682
3.10740127178, 1.3679842612, 0.758086222626, 1.04769486485, 2.91530078247, 0.86311801494, 5.28482705091, 0.871734600876, 0.903547889626, 2.48155457651, 2.6620308313, 1.05198054014, 3.72003781604, 1.10453933549, 1.09000023867, 1.06968585559, 1.04521107986, 0.83101482911, 9.03870705884, 0.992698393792, 0.760849290091, 369.946379874, 1.14746320958, 2.5914402583, 1.23276000825, 1.11520860689, 1.00539674255, 375.778372325, 23.729122058
1.61671154394, 1.31754359982, 0.817278893363, 1.07873968216, 2.29890190253, 0.888424032598, 5.77503396805, 0.858158638947, 0.935754217581, 3.12774546333, 1.78280328221, 0.844787741868, 3.50748275015, 1.00445541524, 1.09000013116, 1.0421125162, 1.00128982995, 1.10353508674, 3.4782783708, 0.988692180121, 0.819708846405, 300.645419778, 1.18508796211, 4.69024000779, 1.03700754577, 3.19178845146, 0.886149819635, 387.42565239, 23.3372048742
5.27973891764, 1.21402299176, 1.03585419794, 1.11123143097, 1.45067975868, 0.903435639629, 3.82412467915, 0.917348705861, 0.949598383323, 1.52026731314, 6.48239777236, 0.876268155629, 4.57781807602, 0.837311406844, 1.09000063302, 1.0065636776, 1.011243374, 1.18850061321, 8.19834001862, 0.974997403913, 0.931169758712, 130.516397726, 1.01719444837, 1.93007484684, 1.13115139268, 3.87200024865, 0.950846192306, 625.438201676, 18.3800661598
5.40344682421, 1.11384435577, 0.963181724305, 0.889762429113, 3.01359762787, 0.782279953288, 3.23332519413, 0.86226643281, 0.945026919491, 1.39627273108, 7.68602072934, 1.08247124669, 4.40277637371, 0.950401239855, 1.09000084275, 1.03591998425, 1.01348007218, 0.834846034247, 7.87239059171, 1.08364863239, 0.987533320717, 340.176323285, 0.984847815725, 1.51252065061, 1.13040242026, 4.22855363376, 1.00539674255, 660.061370178, 18.4131235562
3.10740127178, 1.3679842612, 0.758086222626, 1.00068681272, 2.91530078247, 0.86311801494, 5.28482705091, 0.871734600876, 0.903547889626, 2.48155457651, 2.6620308313, 1.05198054014, 3.72003781604, 1.10453933549, 1.09000023867, 1.06968585559, 1.04521107986, 0.83101482911, 9.03870705884, 0.992698393792, 0.760849290091, 369.946379874, 1.14746320958, 2.5914402583, 1.23276000825, 1.1710363948, 0.901041487895, 713.214468482, 18.4366834584
5.52232861692, 1.27849711418, 0.864870239128, 0.871360772056, 5.3826036315, 0.872756390423, 2.21010759227, 0.964014598081, 0.988127082803, 5.09017326573, 1.68015946732, 0.905172301011, 2.07490524427, 0.8747703421, 1.09000006562, 1.10700099958, 1.02851885917, 1.21687752987, 7.76713342084, 1.09742048317, 0.791427270986, 126.872450533, 1.06211537268, 3.78887523657, 1.05268750165, 2.95931731159, 1.27395157742, 505.140796964, 19.6295551321
2.62473447041, 1.07869291191, 0.80786525123, 1.14841903686, 4.01529586082, 0.723820517931, 1.27601078131, 1.04042282285, 0.914994698837, 3.99349077276, 2.01691505729, 0.853781266997, 1.79398265872, 0.87383906992, 1.09000015013, 1.10247851317, 1.04724782332, 1.22058609931, 9.76543207544, 1.15063333652, 0.834966257022, 102.274600432, 1.09933799509, 5.9120789676, 1.19847341552, 3.83634259231, 1.05639922707, 507.038167519, 20.0663144808
4.99352906045, 1.2228032289, 0.8363224951, 1.15783831223, 1.82752333845, 0.967866133218, 1.2630620485, 0.986883982047, 0.907081759167, 2.25704022738, 1.67151062848, 0.892142231052, 1.02419400086, 0.907099265332, 1.09000097568, 1.04675265664, 1.01095490452, 0.933434620823, 9.34702527118, 1.0798621752, 0.887735571555, 260.402810442, 0.959045722952, 4.68437245964, 1.18157898296, 3.47719057505, 1.05385698752, 676.326241104, 19.1319235022
1.40945823624, 1.29330607655, 0.959348104205, 1.0842639698, 3.33794485685, 0.84496008867, 2.72309867414, 1.08994453098, 0.994580889816, 2.58453756162, 2.37283826834, 0.859389601432, 3.37889524185, 1.2049950532, 1.09000015153, 1.04134942949, 1.01487462982, 0.986522397669, 9.50855631892, 1.08578067946, 0.812542357024, 359.407489971, 1.13953434519, 5.63203174351, 1.06027211573, 5.16063773392, 1.12756795815, 651.377240259, 19.3860161459
5.67191462283, 1.40831690435, 0.799067709664, 1.21993900351, 4.30898214354, 0.978887693446, 1.26438853627, 1.05208991598, 0.983999257635, 5.0215054301, 3.30591302673, 0.896386353814, 3.55199243494, 1.03895637462, 1.09000050774, 1.03908772435, 1.00952003307, 0.851569455385, 7.67894413702, 1.09433869413, 0.964150382341, 329.973204994, 1.12319243861, 3.87216605328, 1.14353994726, 1.28431077577, 0.932840047812, 507.134246282, 20.5490539994
4.09496544409, 1.42117863192, 0.74287643864, 0.855387071845, 5.15317172741, 0.997474694262, 4.60515888257, 0.926627511341, 0.995782337481, 5.3456688354, 6.15493376896, 1.08726143037, 1.61084252501, 1.19142428266, 1.09000073442, 1.10927927417, 1.03762640368, 1.07223909045, 3.70747987897, 1.10934085209, 0.815918756753, 123.644219762, 0.950651219352, 1.10490311817, 1.10687674341, 3.33960572497, 1.20974205951, 571.242911425, 21.0612882347
5.8877974521, 1.14876690603, 1.12438154362, 1.05136448366, 5.16079520639, 0.767218126917, 4.10425963385, 1.00471336986, 0.96074457443, 2.38953505454, 7.75955717973, 0.833910375605, 3.01788893199, 0.924037834687, 1.09000000617, 1.05518848352, 1.01181609366, 1.00029815854, 3.43862074076, 1.09049787319, 0.914291812127, 42.1067044465, 1.10731413621, 3.35276483368, 0.992162892839, 3.57294600097, 0.968557003944, 475.23612753, 24.005451009
2.1927303981, 1.08569377829, 1.04610155734, 1.18298288462, 5.14856597024, 0.749377811764, 2.51597214715, 0.936168427418, 0.962556632657, 4.73892256132, 5.99509972142, 1.07887405133, 1.48656478968, 1.09005062398, 1.09000094778, 1.02565836584, 1.03731606765, 1.1727831823, 3.22770946232, 1.05398904908, 0.992465347896, 29.3816587837, 0.927794110105, 5.42124775611, 1.19591207577, 4.37246647912, 0.958773938136, 620.529316147, 21.0505769071
5.38758166762, 1.18723112822, 0.946426622354, 1.1269577657, 6.27850368481, 0.800121049285, 1.67490985585, 0.871945497347, 0.911632811585, 1.89068759907, 3.20027599285, 0.94090362754, 3.27181320559, 1.00847351054, 1.09000072513, 1.05213975269, 1.04203959677, 1.15805765273, 7.37565720789, 0.922878923385, 0.891141224128, 248.84900074, 0.960223133949, 2.7103904607, 1.04711001911, 1.73649744998, 0.942739489036, 395.69541349, 30.6832019405
2.03989744324, 1.36930630141, 0.753661358868, 0.964076287518, 2.50342315816, 0.738657314148, 5.99923431377, 1.07716862131, 0.98707950051, 2.24750084579, 5.3712319517, 0.955755114217, 1.94910982308, 0.978803404724, 1.09000098217, 1.02692688682, 1.01399348504, 0.89867169493, 7.85708065088, 1.13177090238, 0.860014280253, 310.767000857, 1.05109102464, 1.3323943769, 1.23367975425, 4.3278902379, 1.1414188618, 781.571049375, 19.4605550565
2.35299290605, 1.24970609973, 0.783309756252, 0.970180292594, 5.74028601424, 0.788928742824, 5.96827978306, 0.919946464797, 0.959492420533, 2.92875196293, 6.78822593657, 0.951236220884, 4.80415876987, 1.26928783245, 1.09000085759, 1.0334693722, 1.00932730149, 0.955887688089, 4.37351502718, 1.04938821989, 0.941417053162, 78.6269419544, 0.992889537347, 5.07409960005, 1.15009872657, 1.95353802546, 0.904868208174, 583.258075943, 21.4221447591
4.92703495778, 1.3826111857, 0.946653986861, 0.955675198117, 6.44031765905, 0.900663810316, 3.74171220298, 1.0726494286, 0.920192365996, 1.73290155353, 6.75510717859, 1.0480703555, 4.6916373721, 0.953398393623, 1.09000046348, 1.03405847533, 1.0393859823, 0.855357848668, 8.64377466561, 0.915366206334, 0.939523856992, 231.57918403, 1.02095561199, 2.37536144353, 1.05305834616, 3.93127715692, 1.00437108204, 402.324240706, 31.206374314
5.37630839797, 1.00316660536, 1.12408138161, 1.01041256134, 5.69579543403, 0.884149494042, 4.29780187082, 0.843650414925, 0.900398147335, 4.23310208161, 7.11838335125, 0.850501875293, 2.8597852678, 1.27624954758, 1.09000051931, 1.08749078148, 1.04290882199, 0.962274230692, 3.92278389121, 0.970094159243, 0.924116552863, 201.053867919, 1.15184788069, 2.52383829139, 1.02789933917, 3.68211071311, 1.19325028331, 495.924220693, 24.2930383361
5.00150968938, 1.0434401662, 0.978804694196, 1.12747439574, 1.55288778969, 0.724626794602, 5.43950932226, 0.826443278229, 0.90125253636, 1.62716012621, 2.07754865852, 0.997024169601, 4.0396111291, 1.04806284777, 1.09000061884, 1.00084983272, 1.00883870371, 0.934382148869, 6.49032734343, 1.06188402112, 0.844775671202, 42.2185476347, 1.18944600352, 4.7209126033, 0.99188971167, 3.02761440603, 0.872587410147, 823.568304539, 19.7436608534
4.09456483125, 1.07509642624, 1.10663008166, 0.984079880786, 5.31728115437, 0.889831543668, 1.50337219695, 0.828767867508, 0.948817324587, 5.87154100705, 3.15038084918, 0.874777563708, 2.79392911386, 0.975622575576, 1.09000030121, 1.03745519232, 1.00948104075, 0.864332870131, 7.14722539197, 1.01908177654, 0.905584050238, 185.908817501, 1.12323286517, 3.73266830028, 1.17059593375, 4.95035335971, 1.13125930522, 585.098784823, 21.8459582802
5.21982811401, 1.08016537628, 1.02040223904, 0.929936163102, 3.48451159338, 0.780422814776, 5.95615724887, 0.94196410907, 0.922593752437, 1.63358601425, 4.60193181648, 1.0910204815, 4.18610376084, 1.09647291158, 1.09000036176, 1.10194341889, 1.0326384054, 0.923545603662, 8.47115176987, 1.03942986304, 0.852612699097, 163.346229066, 0.920250717953, 4.75568508906, 1.134348554, 4.77875861278, 1.13428994278, 828.925015084, 20.6762225559
5.37630839797, 1.00316660536, 1.12408138161, 1.01041256134, 5.69579543403, 0.884149494042, 5.93185901451, 0.843650414925, 0.900398147335, 4.23310208161, 7.11838335125, 0.849118692612, 3.02390217892, 1.28605245366, 1.09000051931, 1.08749078148, 1.04290882199, 0.962274230692, 3.92278389121, 0.970094159243, 0.924116552863, 201.053867919, 1.15184788069, 2.52383829139, 1.02789933917, 3.68211071311, 1.19325028331, 457.06257691, 31.8050242895
3.39752593545, 1.06999840371, 1.1410827695, 0.904156296656, 5.27147076579, 0.981725800274, 5.82408379655, 0.927794177503, 0.968393356983, 1.32573122721, 5.35124014679, 0.875755069049, 2.14218765707, 0.962006481421, 1.09000012294, 1.05711756822, 1.0143015664, 1.06809409428, 6.90820967484, 1.08569512993, 0.835726509797, 330.305549889, 1.09574066733, 5.78058440504, 1.16349516413, 3.21423548328, 0.92525869317, 1013.42215693, 20.7069069157
5.8877974521, 1.14876690603, 1.12438154362, 1.05136448366, 5.16079520639, 0.767218126917, 4.10425963385, 1.00471336986, 0.96074457443, 2.38953505454, 7.73472683753, 0.833910375605, 3.01788893199, 0.93647633587, 1.09000000617, 1.05518848352, 1.03460025584, 1.00029815854, 7.56703898168, 1.09049787319, 0.914291812127, 42.1067044465, 1.10731413621, 3.35276483368, 0.992162892839, 3.57294600097, 0.968557003944, 1078.27861106, 21.0446262282
5.40344682421, 1.11384435577, 0.963181724305, 0.889762429113, 3.01359762787, 0.782279953288, 3.23332519413, 0.86226643281, 0.965388324139, 1.39627273108, 7.68602072934, 1.08247124669, 4.40277637371, 0.950401239855, 1.09000084275, 1.03591998425, 1.01348007218, 0.834846034247, 7.87239059171, 1.08364863239, 0.966201577951, 340.176323285, 0.984847815725, 1.51252065061, 1.13040242026, 4.22855363376, 1.00539674255, 470.471904384, 34.5218461542
5.0834935562, 1.25754141813, 0.927371449358, 0.800685653565, 1.92438406151, 0.96935155401, 2.44306201801, 0.89460064875, 0.952099241422, 3.2303776771, 1.92849440198, 0.960588098316, 3.46704448674, 1.27905195442, 1.09000028879, 1.07306959426, 1.00138145044, 1.18235458132, 8.91378063128, 0.912929442501, 0.818804793154, 147.57157767, 0.952262946846, 1.5781317026, 1.0814699866, 3.04706387545, 1.27477750742, 660.371704628, 22.91932127
2.62912619805, 1.05115364374, 0.789300672966, 1.08576968013, 1.56120068687, 0.92323076415, 2.0353892353, 0.930153410732, 0.940585675433, 4.38688170685, 4.62575500555, 0.820407742397, 2.04993359447, 1.17455948937, 1.09000070446, 1.00974643207, 1.02205066615, 0.88825347913, 4.94610308838, 1.05664211948, 0.954392729901, 275.864369723, 0.951778831402, 5.35575063356, 1.17522044446, 1.59886030684, 1.14966301475, 490.138152349, 32.8327994372
4.9468720227, 1.39110628933, 0.750580695848, 1.13084740698, 4.26367206824, 0.907948372413, 4.83424358561, 0.99953570805, 0.902131427449, 2.42615634997, 5.27367479618, 0.86434809138, 1.10537002161, 1.00143141455, 1.09000039942, 1.07440162822, 1.04858466673, 0.900167484698, 9.39417516286, 1.006013399, 0.788132229938, 205.53578295, 1.14040956782, 3.15005248022, 0.98873277202, 5.09745968698, 1.27138556766, 493.743241875, 34.4795967477
1.40945823624, 1.29330607655, 0.959348104205, 1.18806094688, 3.33794485685, 0.84496008867, 2.72309867414, 1.09157631234, 0.994580889816, 2.58453756162, 2.37283826834, 0.859389601432, 3.37889524185, 1.2049950532, 1.09000015153, 1.04134942949, 1.01487462982, 0.986522397669, 5.61185881825, 1.08578067946, 0.902322587342, 359.407489971, 1.08495201744, 5.63203174351, 1.06027211573, 5.36253753974, 1.12756795815, 741.41305842, 23.1309241927
1.38122053704, 1.35499124401, 0.821268352526, 0.824664555525, 3.7962958449, 0.84468135142, 3.03307150499, 0.994189814829, 0.975672844134, 3.38120147492, 2.50459042793, 0.991645479498, 4.87351867582, 0.831965490073, 1.09000013165, 1.02629152755, 1.00902353421, 1.09220192925, 4.96269783264, 1.1714077621, 0.915297723409, 245.989836556, 0.987616856158, 3.45878800291, 1.17166082678, 4.30696508946, 0.984842583288, 787.371040714, 22.8674655763
2.03233035267, 1.28991975345, 1.09020270143, 1.09067523151, 4.91167366342, 0.80232677702, 5.45834273001, 0.913119164902, 0.977488898306, 4.04780163992, 3.64626477463, 0.994365250099, 3.38882274046, 0.83230772039, 1.09000052021, 1.04763710127, 1.03268957051, 1.11921606351, 3.40034684699, 0.986213476934, 0.924712754496, 63.7349828651, 1.19208586337, 2.23161847049, 1.15725146332, 1.15212039985, 1.01137617793, 1260.34425502, 21.5844217967
5.21982811401, 1.08016537628, 1.02040223904, 0.929936163102, 3.48451159338, 0.780422814776, 5.82408379655, 0.94196410907, 0.968301263755, 1.63358601425, 4.60193181648, 1.0910204815, 4.18610376084, 1.09647291158, 1.09000036176, 1.10194341889, 1.0326384054, 0.923545603662, 8.47115176987, 1.03942986304, 0.852612699097, 163.346229066, 0.920250717953, 4.75568508906, 1.134348554, 4.77875861278, 0.92525869317, 1077.08605659, 21.7064414394
4.94999327519, 1.14876690603, 1.12438154362, 1.05136448366, 5.16079520639, 0.767218126917, 4.10425963385, 1.00471336986, 0.96074457443, 1.68856821223, 7.66978375594, 0.833910375605, 2.61740095081, 0.93647633587, 1.09000001822, 1.05518848352, 1.03460025584, 1.00029815854, 7.56703898168, 1.09049787319, 0.914291812127, 42.1067044465, 1.10731413621, 3.35276483368, 0.992162892839, 3.57294600097, 0.968557003944, 617.841656847, 25.6987158254
4.81081497815, 1.27107866224, 0.813831208797, 0.979280944417, 4.5591902414, 0.875495405789, 2.56066690604, 0.891341672803, 0.990007033031, 2.05794352715, 6.4614574548, 0.903175674771, 1.13421365693, 0.856705250509, 1.09000041653, 1.10508705592, 1.02988055162, 1.02681010476, 7.32502432745, 0.99540659644, 0.949748105087, 268.620894326, 0.972708765691, 2.22013379823, 1.00296761735, 2.24356929541, 1.23291562429, 595.847181453, 26.7778168777
2.62473447041, 1.07869291191, 0.80786525123, 1.14841903686, 4.01529586082, 0.717523654206, 1.27601078131, 1.07114455449, 0.914994698837, 3.99349077276, 2.01691505729, 0.853781266997, 1.79398265872, 1.16043579528, 1.09000015013, 1.10247851317, 1.04724782332, 1.22058609931, 9.76543207544, 0.959367008166, 0.995541761798, 102.274600432, 1.09933799509, 5.9120789676, 1.19847341552, 3.83634259231, 1.05639922707, 1047.3339191, 22.3665619406
5.0834935562, 1.25754141813, 0.927371449358, 0.800685653565, 1.92438406151, 0.96935155401, 2.44306201801, 0.89460064875, 0.952099241422, 3.2303776771, 1.92849440198, 0.960588098316, 3.46704448674, 1.27905195442, 1.09000028879, 1.07306959426, 1.00138145044, 1.18235458132, 4.56689724268, 1.08569512993, 0.818804793154, 147.57157767, 0.952262946846, 1.5781317026, 1.0814699866, 3.04706387545, 1.27477750742, 805.772428226, 23.25095548
1.09273411094, 1.40831690435, 0.799067709664, 1.21993900351, 4.30898214354, 0.978887693446, 1.26438853627, 1.05208991598, 0.983999257635, 5.0215054301, 3.30591302673, 0.896386353814, 3.55199243494, 1.03895637462, 1.09000050774, 1.03908772435, 1.00774955868, 0.851569455385, 7.67894413702, 1.0855408122, 0.867508185883, 329.973204994, 1.12319243861, 3.87216605328, 1.14353994726, 1.28431077577, 0.932840047812, 813.129309259, 23.2846607376
1.91403276773, 1.12894165394, 0.932336044831, 1.13197088798, 2.00281180368, 0.854756030975, 4.53347047609, 0.971362370143, 0.940134859771, 5.23540500329, 3.79973703513, 1.03981689874, 3.64922821786, 0.87383906992, 1.0900005088, 1.1084641505, 1.03475904537, 1.17655798777, 3.32838682087, 1.15063333652, 0.949201066553, 173.10660634, 1.04489700006, 3.05217626809, 1.15398066187, 2.72579292253, 1.05812969644, 1278.24849096, 22.3475272671
5.89282666806, 1.15360237396, 1.01182459579, 0.885608898628, 5.69355802022, 0.739963234885, 1.42199805457, 1.07265166501, 0.960037171871, 4.91585399508, 6.59898383942, 0.918526839649, 1.60164532812, 0.837187417982, 1.09000047729, 1.00382838508, 1.02793985102, 0.963504527274, 4.18221479809, 1.14839726688, 0.822870350369, 40.8261108057, 1.14976644038, 4.75330860291, 0.993565417433, 1.77668304722, 0.899512486516, 760.22394731, 23.9398019861
5.38758166762, 1.18723112822, 0.946426622354, 1.1269577657, 6.27850368481, 0.800121049285, 1.67490985585, 0.871945497347, 0.940597430327, 1.89068759907, 3.20027599285, 0.94090362754, 3.27181320559, 1.00847351054, 1.09000072513, 1.03538923422, 1.04203959677, 1.15805765273, 5.8038591644, 0.922878923385, 0.891141224128, 248.84900074, 0.960223133949, 2.7103904607, 1.04711001911, 1.73649744998, 0.942739489036, 511.526286375, 35.4259752327
2.5734164636, 1.0374241744, 0.898593531171, 1.10887164055, 5.5925328391, 0.973567599159, 4.69452314917, 0.846561322734, 0.958110570327, 3.14717173257, 4.55399780232, 1.06908757018, 4.80415876987, 0.971595241598, 1.09000028767, 1.06327173157, 1.00932730149, 0.954934593391, 9.81029613129, 0.917129315672, 0.97963285091, 172.908166587, 1.1679257371, 2.97331587064, 1.19591207577, 2.27768247852, 1.22317725702, 1126.04806218, 22.7641714012
2.58977023064, 1.29330607655, 1.00912971836, 0.835178713908, 3.04837287469, 0.820770643525, 5.86807316059, 0.853026298989, 0.994580889816, 2.09387980221, 7.02512671932, 0.882614430048, 4.07974003603, 1.23511276084, 1.09000017311, 1.07728788352, 1.00135210211, 1.114428453, 9.50855631892, 0.933196782486, 0.786248241324, 102.331084083, 0.958307737625, 3.94668188335, 1.04771466601, 4.76767854428, 1.25630453067, 1255.30217663, 22.6045695742
3.46559237919, 1.01339516795, 0.7587913404, 1.0687458077, 6.40138306152, 0.997649164262, 3.52755824109, 1.07647943669, 0.987531982593, 2.128259433, 3.0581072486, 0.92779964569, 4.05963633858, 1.10368227491, 1.09000010803, 1.1085993707, 1.03982768978, 1.0571068945, 4.52428770242, 1.1715753755, 0.947379487306, 242.119639141, 0.999316919283, 3.7885789169, 1.22035446606, 1.1698894518, 0.994142351016, 1515.74930113, 22.6362506289
1.40945823624, 1.02857658248, 0.959348104205, 1.0842639698, 3.33794485685, 0.84496008867, 1.26438853627, 1.08994453098, 0.994580889816, 3.53097817965, 2.37283826834, 0.859389601432, 3.37889524185, 1.23610989584, 1.09000015153, 1.04134942949, 1.01487462982, 0.986522397669, 9.50855631892, 1.08578067946, 0.812542357024, 359.407489971, 1.13953434519, 5.63203174351, 1.06027211573, 5.16063773392, 1.12756795815, 1313.27628792, 22.7525787158
4.40849923913, 1.04188057475, 1.10643328766, 1.1434940091, 5.75379942573, 0.822632087477, 1.95149097444, 1.04825462935, 0.923625470721, 2.83442043929, 2.47256034555, 0.974019360679, 4.62315790128, 1.03153972106, 1.0900001348, 1.00747278025, 1.03746084729, 1.10670509604, 3.09260660243, 1.07081797488, 0.818864900927, 387.194528198, 1.11609262458, 3.08321778292, 1.16698707288, 1.81635089893, 1.25216696049, 1142.95433869, 23.0170262374
5.8877974521, 1.14876690603, 1.12438154362, 1.05136448366, 5.16079520639, 0.767218126917, 4.10425963385, 1.00471336986, 0.96074457443, 2.38953505454, 7.73472683753, 0.833910375605, 3.01788893199, 0.93647633587, 1.09000000617, 1.05518848352, 1.03460025584, 1.00029815854, 7.56703898168, 1.09049787319, 0.914291812127, 42.1067044465, 1.10731413621, 3.35276483368, 0.992162892839, 3.57294600097, 0.968557003944, 613.61825372, 35.1249504173
4.74640124608, 1.34737766139, 0.857484580593, 1.0482061059, 1.94215163363, 0.824958422289, 3.32079323595, 0.838615062625, 0.9923668444, 5.5229850137, 7.30729340206, 1.02823200511, 3.20181754246, 1.04387681675, 1.09000087715, 1.00431783524, 1.04699367114, 1.20737128754, 6.3082897567, 1.09530300729, 0.992062181335, 73.5280962008, 1.09039884465, 4.58803112014, 1.01708709732, 1.13679999357, 0.90402048014, 1425.07941712, 22.992750695
