3.15188326157, 1.00000034019, 1.71477665521, 1.19433443447, 3.20473761001, 0.852450752883, 4.01026603536, 1.08044891171, 0.955840137949, 3.93734528797, 5.6263221455, 1.05694242235, 2.98671585061, 1.11420372593, 1.09000052905, 1.06363304602, 1.03929445819, 1.19558238114, 9.11889022774, 1.1011328301, 0.996173668957, 543.63030523, 1.16584496659, 2.23745601107, 1.03322009086, 3.24820054765, 1.27975347411, 27.9960676049, 10.4406103297
5.48853593252, 1.00000049596, 1.45206766102, 0.915240951461, 3.35880472194, 0.726443483674, 5.234713442, 1.14387917948, 0.958172824219, 4.64782245537, 5.43800291846, 1.02934357197, 2.62634095958, 0.88523872703, 1.09000034383, 1.05712483644, 1.00100565162, 0.997433048727, 9.10360786404, 1.12930625191, 0.910665830299, 142.980064383, 1.17568716648, 3.20723238738, 1.02311056126, 3.41437943066, 1.08584322557, 28.9080532747, 8.72457835208
2.44729315877, 1.00000050369, 1.668991299, 1.10851053129, 4.63273172028, 0.750250295062, 2.37148292999, 1.15193015763, 0.985614285943, 5.25019043448, 5.24540673696, 1.14455750233, 3.4915747327, 0.849310079113, 1.09000080494, 1.01852377963, 1.02705553992, 1.14748829991, 4.70754338512, 1.03082255427, 0.874064248942, 260.584414139, 1.13889205898, 3.77641762127, 1.03445275291, 3.34260695415, 1.04229694261, 64.8670583584, 9.44178879242
1.37165753545, 1.00000095166, 1.01894451994, 1.07666704611, 3.5600850964, 0.888666978251, 4.66246667063, 1.14569341515, 0.973768339506, 3.79447353158, 5.32684638764, 0.915474283576, 1.4102024643, 1.08780560396, 1.09000090173, 1.07998169024, 1.0358378807, 1.1659782051, 9.85643528762, 1.08369417442, 0.770890122126, 916.858246095, 1.07561085335, 1.30700532687, 1.12225664982, 4.30914115764, 0.976145398321, 66.3367363302, 9.1984135966
2.39453858435, 1.00000031729, 1.24546813328, 1.13472396333, 2.95279959337, 0.87652116001, 1.22283169224, 1.20059473735, 0.921031592391, 1.38714997717, 5.27465398098, 0.910726218209, 3.29541408414, 0.976064519222, 1.09000054873, 1.09794494006, 1.02157734084, 1.06878547026, 3.67335632572, 1.1808290902, 0.883121488035, 996.65541522, 1.16532968457, 2.19572928972, 1.03187993155, 3.77943175793, 0.884508809771, 49.0681746549, 11.5391658222
1.370605478, 1.00000012227, 1.16454325519, 1.15352626265, 4.76466992081, 0.892102759948, 2.87309913086, 1.03873838426, 0.989389724966, 2.8451024091, 5.6159999934, 0.896907375977, 1.19744825942, 0.987375154689, 1.09000072887, 1.05704158817, 1.03438664889, 0.959766033028, 6.08022012025, 1.0517593334, 0.80983515672, 427.044367822, 1.09231699786, 4.69525489373, 1.1167905502, 2.77486364189, 0.925528212245, 34.2831222268, 14.5506335555
5.10131515725, 1.00000032341, 1.22734822962, 0.953032997143, 6.74984325372, 0.879953287979, 5.53565418675, 1.17607987502, 0.993188004164, 2.45077111567, 5.64899101378, 1.11932775363, 3.42382067839, 0.885522643508, 1.09000072924, 1.1036497442, 1.01813694852, 0.833401403742, 6.99541716509, 0.948136399399, 0.839915627707, 295.760430794, 1.01764189873, 1.7118766711, 1.09990273106, 1.98557672216, 1.03491138441, 85.2513741776, 9.9924298141
4.20786124286, 1.00000019176, 1.46056232925, 1.08005357844, 6.74699247893, 0.790313718667, 5.15769663583, 1.09670826179, 0.976998699641, 5.66603716532, 4.72105491563, 1.17497497583, 2.34716972078, 0.971321335164, 1.09000007249, 1.06670112699, 1.02224023563, 1.15926340623, 9.19219370073, 1.18372229555, 0.905264032289, 219.633031029, 1.02906401429, 5.36968307746, 1.11973174636, 5.29469858337, 0.94028556939, 71.7227166917, 10.868234401
3.72109730825, 1.00000003425, 1.63327026033, 0.809138378669, 4.00445536109, 0.929510840341, 1.8220228386, 1.19979432451, 0.978813460504, 1.40070790799, 5.30654711976, 0.995319790531, 2.92673904246, 0.949933840309, 1.09000039452, 1.09049322714, 1.04841044952, 1.11730457885, 8.99502264392, 1.04535504967, 0.780410768281, 149.605061847, 1.18215084175, 1.54900915385, 1.1141416267, 4.94567617107, 1.218116426, 109.203332497, 10.7392168301
2.44729315877, 1.00000050369, 1.49901841798, 1.10851053129, 4.63273172028, 0.750250295062, 2.37148292999, 1.15193015763, 0.985614285943, 5.25019043448, 5.24540673696, 1.07737058101, 3.4915747327, 0.849310079113, 1.09000080494, 1.01852377963, 1.02705553992, 1.14748829991, 4.70754338512, 1.03082255427, 0.874064248942, 260.584414139, 1.13889205898, 3.77641762127, 1.03445275291, 3.34260695415, 1.04229694261, 92.5494745979, 11.4863611317
1.28909851025, 1.0000003909, 1.18753552075, 1.09712448572, 3.52721327459, 0.807989623638, 2.74711954998, 1.04933235033, 0.94091352992, 1.50345934941, 5.50460999164, 1.01712235522, 3.23462606318, 0.991336057123, 1.09000034944, 1.03215377075, 1.04167317818, 1.20562342614, 3.68189404838, 1.13878267326, 0.786725503614, 383.437496038, 1.03374138463, 5.31200458119, 1.0213207477, 1.19116666436, 1.20089943862, 143.652607938, 12.0189343368
5.97126981619, 1.00000018852, 1.73918257289, 1.11318632237, 2.40927375789, 0.881126844444, 1.42434635761, 1.16252579122, 0.909936545005, 5.6155780794, 4.79939991641, 1.07522331247, 2.57115326563, 1.06540672049, 1.09000079075, 1.04731433184, 1.02710379844, 1.07615343102, 8.89862972669, 1.04162151733, 0.998912523219, 512.797760947, 0.961630596632, 5.19385133939, 1.14269771428, 1.49468202352, 1.17680963974, 129.052255945, 13.7592134213
1.370605478, 1.00000012227, 1.0975316525, 1.10576083635, 4.76466992081, 0.892102759948, 3.14345105553, 1.03873838426, 0.989389724966, 2.8451024091, 4.83059124028, 0.896907375977, 3.76637215861, 0.987375154689, 1.09000072887, 1.00545943913, 1.04969139033, 0.959766033028, 6.08022012025, 1.0517593334, 0.774087481155, 427.044367822, 1.17758793219, 4.69525489373, 1.1167905502, 2.77486364189, 0.925528212245, 109.230868317, 20.8240582588
5.10131515725, 1.00000032341, 1.22734822962, 0.953032997143, 6.74984325372, 0.879953287979, 5.53565418675, 1.12886353276, 0.993188004164, 2.45077111567, 5.4833883318, 1.11932775363, 3.42382067839, 0.885522643508, 1.09000033505, 1.1036497442, 1.01813694852, 0.879932082033, 6.99541716509, 1.07118243495, 0.839915627707, 295.760430794, 1.01764189873, 1.7118766711, 1.09990273106, 2.78414737147, 1.03491138441, 117.755796223, 15.5507539633
1.10297863385, 1.00000088267, 1.04381495866, 1.00238822516, 6.71389136604, 0.712515905128, 3.80671315092, 1.04050536772, 0.943660526409, 2.91161413367, 5.44959735899, 0.90762188663, 4.18589380007, 1.14227162071, 1.09000054253, 1.06060168613, 1.04200459369, 0.819738037226, 3.03624207479, 1.11916546012, 0.770201566805, 427.114902857, 1.12025560135, 3.30173526386, 1.01158944756, 3.89186619375, 0.884763243871, 176.651226829, 12.49003618
4.75424400921, 1.00000075838, 1.48717516319, 1.08325100861, 5.12944155893, 0.864159798891, 1.6885583738, 1.12686313047, 0.902093976244, 4.07475249147, 6.07694563214, 0.837793753205, 2.78325794694, 0.998142545168, 1.09000014561, 1.09993005475, 1.02380993487, 1.21142518266, 9.85943887071, 1.15506948599, 0.783112233977, 202.7342911, 1.12733407918, 3.12955947259, 1.13262987894, 3.22900568502, 1.21829026853, 179.092212916, 12.4557702941
5.6400461123, 1.00000027175, 1.2958951583, 0.885096043828, 3.76130107418, 0.949338513038, 2.83926239808, 1.13148550823, 0.995738892977, 2.42713107796, 6.19001718196, 0.927823560084, 4.12219324174, 1.23793265695, 1.09000096851, 1.00530904262, 1.0026097924, 1.19389107095, 7.77194704466, 0.951800475087, 0.859740021932, 55.273406088, 0.97638315389, 4.70003471295, 1.00858836093, 3.11234363293, 1.22904450415, 122.165148325, 16.0782250035
4.28513609814, 1.00000046543, 1.03656878069, 0.941545465043, 6.91531580932, 0.825785024417, 1.61969290763, 1.13429756896, 0.97805388881, 4.74575866716, 4.70524811892, 0.996784080992, 4.95777643078, 0.990434910574, 1.09000019456, 1.03224137177, 1.01743142667, 0.901645992767, 7.10288846555, 0.954818638397, 0.889528876633, 513.728536097, 1.137287947, 4.87008014629, 1.23471245618, 3.61196162647, 0.963364901771, 201.523749591, 13.573748547
3.29548922993, 1.00000059303, 1.17277650371, 0.896319040736, 6.96658254965, 0.82741343659, 1.21212017699, 1.20393073588, 0.921781961201, 2.9482454552, 5.619925938, 1.05273097559, 3.77150990599, 1.19817231488, 1.09000013852, 1.04435086463, 1.00922117452, 1.00053658322, 5.56728845318, 1.04082958001, 0.761412377531, 11.88621602, 1.05135366057, 2.75471601445, 1.14092189327, 2.82185860982, 1.0680328348, 216.675391792, 13.3144005373
1.52529776376, 1.00000035692, 1.10882641795, 0.980446737178, 6.93310884085, 0.843653920649, 3.19281364322, 1.20199699441, 0.944501604055, 2.94549903161, 4.89680817087, 0.817601906085, 2.07668618286, 0.846060993887, 1.09000009734, 1.08866941884, 1.01393141859, 0.875615240338, 4.39777267102, 0.991935845136, 0.786425257077, 991.574931383, 1.10406274945, 1.08046054972, 1.05317695162, 1.58301262428, 1.20841796219, 159.267257351, 16.9502090487
4.77416613852, 1.00000043349, 1.12158520969, 1.03531336295, 6.78155351035, 0.715632848594, 1.01830838249, 1.04629103516, 0.98292656454, 2.84335355184, 5.52511331499, 1.18615290321, 4.10641416192, 1.2231611099, 1.09000007632, 1.08133109278, 1.01447286019, 1.10327127322, 4.17120710038, 0.927623153717, 0.918544008428, 590.081099382, 1.19450318436, 5.94113052545, 0.969332721716, 1.48652332151, 0.891937171024, 239.302568479, 15.5467182958
1.01995275026, 1.00000037292, 1.31645697179, 0.853033748344, 3.9559064431, 0.946629932104, 3.63028885402, 1.01466933686, 0.960329248243, 5.15733805503, 6.04179064845, 0.896907375977, 3.0676347174, 0.987375154689, 1.09000054535, 1.05142777318, 1.04870112483, 0.836813279386, 8.91579258492, 1.15048560277, 0.905029358738, 547.859946412, 1.09371901998, 2.88937171357, 1.18663642927, 4.35353347801, 1.14874926786, 402.958639125, 15.4839878109
3.0963661274, 1.00000013485, 1.38982636775, 1.13172228041, 2.09351232452, 0.978118120754, 1.74751012855, 1.17943330958, 0.902871854974, 6.07657017076, 5.91666654158, 1.08068964871, 4.83923046196, 1.14658807991, 1.09000067583, 1.01902299072, 1.03608907346, 1.01106003926, 7.99019625808, 1.15141376811, 0.961782898988, 403.297362189, 1.04833145854, 2.78377505463, 1.00075890759, 4.89854222982, 1.07358727306, 229.976531819, 16.0083915981
5.69894470713, 1.00000084436, 1.69413947651, 1.10022171537, 3.03496197372, 0.827712595454, 2.3631258892, 1.22306955664, 0.919751147126, 2.28097834934, 6.03031946061, 1.00419710801, 4.43416584747, 1.07241327026, 1.09000067756, 1.02215439857, 1.02238204518, 0.947819649821, 7.59176286385, 0.947400995494, 0.823981866617, 469.689890232, 1.01026609523, 3.89583940447, 0.982738150368, 1.31986277995, 0.927192948795, 194.451251171, 25.0901877301
4.58996807, 1.00000016309, 1.01489423968, 1.00633086548, 3.28015280173, 0.748454205856, 1.67176404037, 1.17196140856, 0.910066500259, 1.69421885639, 5.64531668087, 0.896156986202, 4.87594269653, 0.977561030426, 1.0900005795, 1.05944188117, 1.04233152257, 1.15927692087, 4.33994699862, 0.985847356217, 0.96034508925, 557.498754465, 1.15443579061, 4.50026915347, 1.08782264933, 4.19749239828, 1.21784812766, 221.494021841, 19.2605530147
2.74241135597, 1.0000003993, 1.17426796472, 1.11828232641, 4.87873480816, 0.712116115641, 3.68854353962, 1.11001684725, 0.900847593201, 6.09106786689, 5.97519526739, 1.18322869186, 3.95560785511, 0.85109497509, 1.09000016939, 1.09765111807, 1.04390650301, 0.925200850951, 8.6144022257, 1.00834887637, 0.954947299702, 250.472008459, 1.13468590145, 5.89563181088, 1.02269278137, 4.33710504059, 1.11727341679, 248.441063986, 16.8884364902
4.19886081233, 1.000000394, 1.73926375169, 1.01978920243, 5.24625912244, 0.792999519507, 5.76702574751, 1.18059485667, 0.930815397706, 2.96984857121, 5.09143975154, 1.15859036707, 4.02625646274, 1.0314170688, 1.09000063285, 1.10010436329, 1.04096813534, 1.20846845501, 6.66995287113, 1.18136532722, 0.983923579616, 143.466338771, 1.15748911444, 4.18433122244, 0.998297382707, 3.56347980743, 1.0391918867, 406.379551297, 16.1978134104
2.44729315877, 1.00000050369, 1.49901841798, 1.08005357844, 4.63273172028, 0.750250295062, 2.37148292999, 1.15193015763, 0.985614285943, 5.66603716532, 5.24540673696, 1.07737058101, 3.4915747327, 0.849310079113, 1.09000080494, 1.01852377963, 1.02705553992, 1.14748829991, 4.70754338512, 1.03082255427, 0.874064248942, 260.584414139, 1.13889205898, 3.77641762127, 1.03445275291, 3.34260695415, 1.04791440571, 405.574376567, 16.2175798863
3.6746748947, 1.00000023771, 1.59319773961, 0.984701797079, 2.02355032535, 0.99589395184, 4.16397669406, 1.13036547044, 0.909578637962, 3.76739034895, 5.31499350349, 0.934919908956, 2.29717810502, 1.00783926028, 1.09000004567, 1.06536771459, 1.02562418535, 1.21196332333, 9.72663611774, 1.16333458975, 0.829160756031, 805.490324565, 0.934761738347, 5.2249004978, 1.19587610232, 1.59743074179, 1.21719115077, 451.573590009, 16.1246110759
1.01995275026, 1.00000037292, 1.31645697179, 0.853033748344, 3.9559064431, 0.946629932104, 3.63028885402, 1.0505730138, 0.960329248243, 5.15733805503, 6.04179064845, 0.896907375977, 3.0676347174, 0.987375154689, 1.09000054535, 1.05142777318, 1.04870112483, 0.836813279386, 8.91579258492, 1.15048560277, 0.905029358738, 547.859946412, 1.09371901998, 2.88937171357, 1.18663642927, 4.35353347801, 1.14874926786, 226.908923802, 25.9482931095
4.76133594072, 1.00000062611, 1.0588968507, 1.01226610745, 6.2063026531, 0.823776673513, 3.24500725085, 1.17522496449, 0.997936529476, 4.27839993642, 4.96115697454, 0.882693556268, 3.51207761481, 0.831809049565, 1.09000042944, 1.03164426203, 1.00908723477, 0.95890582595, 6.2747909681, 0.993138351797, 0.937491908079, 697.914239267, 1.19647405679, 1.59336317165, 1.12964577516, 3.00831669755, 0.888548531874, 309.458768017, 17.6549016575
5.10131515725, 1.00000032341, 1.44755551194, 0.953032997143, 6.74984325372, 0.879953287979, 4.71282824894, 1.07779046658, 0.993188004164, 3.85998465989, 5.4833883318, 1.11932775363, 3.42382067839, 0.885522643508, 1.09000033505, 1.1036497442, 1.01813694852, 0.879932082033, 6.99541716509, 1.07118243495, 0.839915627707, 295.760430794, 1.00525239701, 1.7118766711, 1.09990273106, 2.78414737147, 1.24960707811, 407.654060963, 16.4890409797
3.30206710999, 1.00000037111, 1.09507074852, 0.81470905259, 6.39014022428, 0.990809598647, 3.40935587783, 1.16597274852, 0.948562127813, 1.68423471629, 6.11142293893, 1.12403460943, 1.08035193821, 0.836309715425, 1.09000031724, 1.02512699714, 1.04709017595, 0.886321321501, 8.70783416172, 1.15691553321, 0.917790116744, 740.707638525, 0.94974044467, 2.1243355861, 0.999557351238, 1.04357750076, 0.963615923048, 323.944282966, 17.7358429189
1.37165753545, 1.00000095166, 1.01894451994, 1.07666704611, 5.81028516693, 0.799531467948, 4.66246667063, 1.14569341515, 0.973768339506, 3.79447353158, 5.32684638764, 0.915474283576, 1.4102024643, 1.08780560396, 1.09000063648, 1.07998169024, 1.0358378807, 1.1659782051, 9.85643528762, 1.08369417442, 0.770890122126, 795.264749163, 1.07561085335, 1.30700532687, 1.08312569759, 4.30914115764, 0.976145398321, 234.748016332, 27.0759993483
3.6746748947, 1.00000076564, 1.59319773961, 0.984701797079, 2.02355032535, 0.99589395184, 4.16397669406, 1.13036547044, 0.909578637962, 3.76739034895, 5.31499350349, 0.934919908956, 3.95655837964, 1.00783926028, 1.09000004567, 1.06536771459, 1.02562418535, 0.956074054513, 9.72663611774, 1.16333458975, 0.829160756031, 805.490324565, 0.968906401468, 5.2249004978, 1.11286102403, 1.59743074179, 1.21719115077, 297.089306091, 21.1579332275
3.45676436388, 1.00000094145, 1.03119565387, 1.21983588605, 4.53060705176, 0.998197097247, 3.32167528689, 1.0169727819, 0.909632098874, 2.52451039437, 4.76844018962, 1.06959599289, 3.23311014639, 1.13658940198, 1.09000072094, 1.0272139639, 1.02231164138, 0.88275979406, 5.38483164203, 1.18520704632, 0.859515430756, 166.567119904, 1.08109631583, 4.1794178345, 1.13678859239, 3.46013219807, 1.20989089969, 279.411098882, 21.4117856915
1.80279686194, 1.00000048004, 1.13329583267, 1.02821665787, 4.37952706797, 0.734698458987, 2.42604307954, 1.09611971419, 0.910226551824, 1.62690050799, 5.29995860333, 0.839997907116, 4.87285148677, 1.09178992417, 1.09000018395, 1.03663454778, 1.00111380018, 1.04392605954, 9.970294646, 1.02122551374, 0.839062383566, 148.397178119, 1.16939088515, 2.51592910201, 1.12225664982, 1.15842122489, 0.957732572358, 388.068853665, 18.9059460188
3.45676436388, 1.00000094145, 1.03119565387, 1.21983588605, 4.53060705176, 0.998197097247, 3.32167528689, 1.24889396103, 0.909632098874, 4.39626114309, 4.76844018962, 1.06959599289, 3.23311014639, 1.13658940198, 1.09000072094, 1.02044307273, 1.02231164138, 0.984299769569, 5.38483164203, 1.18520704632, 0.85700313637, 166.567119904, 1.16547907681, 4.1794178345, 1.13678859239, 3.46013219807, 0.948938983329, 469.411531152, 16.7236224618
3.74963302719, 1.00000004329, 1.50274267674, 0.975840529101, 5.7840294902, 0.916803540351, 2.95301905316, 1.01836383342, 0.972719293881, 1.25893072844, 6.15420075935, 0.995785114216, 3.08766334275, 0.954929211292, 1.09000090059, 1.04993704353, 1.02930744896, 0.903756002545, 4.10155990294, 1.15691553321, 0.884220481254, 661.03714837, 1.06009274991, 2.2563953014, 0.999557351238, 4.10652341581, 0.952076938416, 275.913784369, 27.0050286161
2.54538741263, 1.00000003827, 1.27764846613, 1.05032343606, 4.97407650499, 0.761124533143, 1.86363504406, 1.17156893644, 0.973233547477, 5.68262014, 5.55880834779, 0.874192193495, 1.34327229866, 0.837218236329, 1.09000098213, 1.0532620434, 1.02983963582, 0.874714069811, 5.0023767464, 1.03804377803, 0.88842012395, 340.015285381, 1.06849816958, 2.3901465904, 1.21790477383, 2.81076823671, 0.97523689228, 312.650695316, 21.3269617677
2.7720992166, 1.00000095686, 1.3056968484, 0.895217408607, 2.94297489545, 0.739493962864, 1.77216515819, 1.07245663835, 0.992108037737, 3.90751084333, 5.87014586775, 0.988741425544, 2.60012455978, 1.12579979774, 1.09000081887, 1.08050347146, 1.03431153479, 0.825061187648, 8.75239082898, 0.995796615818, 0.766381958991, 84.8857445018, 0.973925811779, 1.44943434796, 1.23886435476, 3.23776257911, 1.20098878198, 262.538773869, 28.0947751645
3.30206710999, 1.00000088279, 1.09507074852, 0.81470905259, 6.39014022428, 0.990628031354, 3.40935587783, 1.16597274852, 0.929170228477, 1.68423471629, 6.11142293893, 1.12403460943, 1.08035193821, 0.836309715425, 1.09000031724, 1.02512699714, 1.04709017595, 0.886321321501, 8.70783416172, 1.05570921239, 0.917790116744, 740.707638525, 0.94974044467, 2.1243355861, 1.06709838655, 1.04357750076, 0.963615923048, 425.90987891, 17.6902117427
2.44729315877, 1.00000050369, 1.668991299, 1.10851053129, 4.63273172028, 0.750250295062, 2.37148292999, 1.15193015763, 0.985614285943, 5.25019043448, 5.24540673696, 1.14455750233, 3.4915747327, 0.849310079113, 1.09000021666, 1.00610265355, 1.04813869675, 1.19903881464, 4.70754338512, 1.03082255427, 0.874064248942, 260.584414139, 1.13889205898, 3.77641762127, 1.03445275291, 3.34260695415, 1.04229694261, 478.915691692, 17.5764460322
1.06784322075, 1.00000037292, 1.31645697179, 0.830610459035, 3.9559064431, 0.928093022151, 3.63028885402, 1.0505730138, 0.951886510242, 5.15733805503, 6.04179064845, 1.19365690875, 3.0676347174, 1.08971168181, 1.09000054535, 1.05142777318, 1.04410923955, 0.836813279386, 8.91579258492, 1.08975048885, 0.905029358738, 547.859946412, 1.09371901998, 2.88937171357, 1.18663642927, 4.35353347801, 1.14874926786, 377.445280505, 21.77561083
3.30206710999, 1.00000088279, 1.09507074852, 0.81470905259, 4.31120539052, 0.990628031354, 3.40935587783, 1.16597274852, 0.929170228477, 1.68423471629, 6.11142293893, 1.17130780812, 1.08035193821, 1.10488557019, 1.09000031724, 1.02512699714, 1.04800324599, 0.986867645082, 7.40531712665, 1.13828834974, 0.873473230425, 740.707638525, 0.94974044467, 2.1243355861, 1.06709838655, 1.04357750076, 0.963615923048, 354.364871362, 21.9787724412
5.16622154768, 1.00000042195, 1.18173306393, 1.07268445171, 2.94801026721, 0.995131498913, 3.06505174595, 1.11937375002, 0.929571301347, 3.17770051298, 5.57172774141, 0.95625849889, 2.16966535523, 1.00640251048, 1.0900007858, 1.07426332334, 1.02727464075, 1.19564090989, 3.79429219872, 1.03302097826, 0.945249716839, 914.716260488, 1.12126507188, 5.70749188918, 0.985377223566, 3.01492496677, 0.988880851622, 538.723736091, 17.5800079433
1.25832809321, 1.00000041277, 1.69455054165, 1.09528481363, 2.50972995053, 0.790313718667, 4.7187426518, 1.15774451135, 0.976998699641, 1.83922065299, 5.15558084174, 0.85779917234, 2.60012455978, 0.952394926279, 1.09000021707, 1.04041113293, 1.04811235834, 1.22981197369, 8.55167223712, 1.14458557007, 0.979063108639, 652.361093554, 1.05686772305, 5.36968307746, 0.982147737838, 5.1322332887, 0.908207114731, 305.827348417, 28.9845008705
3.58533126795, 1.00000070035, 1.18777619521, 0.838769026517, 6.84170954965, 0.875612798709, 5.91222767533, 1.06681423884, 0.959666456289, 6.01341075213, 5.67633490657, 1.01120081559, 4.69468392923, 0.839410214911, 1.09000031258, 1.08573632959, 1.00556469972, 0.856480553688, 5.42620343347, 1.04788486356, 0.899633395439, 929.386055481, 0.914725715673, 4.77179194817, 0.991964728258, 3.41885327691, 1.10908009064, 458.369534759, 19.4773919044
4.58996807, 1.00000016309, 1.19369732728, 1.00633086548, 3.28015280173, 0.748454205856, 1.67176404037, 1.17196140856, 0.910066500259, 1.69421885639, 5.64531668087, 0.896156986202, 4.87594269653, 0.977561030426, 1.0900005795, 1.04685901879, 1.03803140884, 1.15927692087, 4.33994699862, 0.985847356217, 0.96034508925, 557.498754465, 1.15443579061, 3.34866158958, 1.20754437345, 4.19749239828, 1.21784812766, 327.386180711, 29.0903666262
2.21840638894, 1.00000049841, 1.60918897868, 1.11477725059, 6.56463787985, 0.736615280361, 2.04343885881, 1.17175855367, 0.986928772603, 5.93792808203, 5.53207159591, 1.10183872476, 3.80158424286, 1.00857037707, 1.09000079066, 1.03637086612, 1.01445129834, 1.19280031246, 6.81286819757, 1.03962347459, 0.865251695631, 255.792762917, 0.984688911887, 3.76274707085, 1.1453093735, 1.29526103921, 0.908940204725, 551.497284927, 18.254412075
1.10297863385, 1.00000094581, 1.5259103661, 1.00238822516, 6.71389136604, 0.712515905128, 2.04343885881, 1.04050536772, 0.979128068819, 2.91161413367, 5.02581831011, 0.90762188663, 4.18589380007, 1.14227162071, 1.09000045911, 1.06060168613, 1.04200459369, 0.819738037226, 3.03624207479, 1.15383501658, 0.770201566805, 427.114902857, 1.12025560135, 3.30173526386, 1.01158944756, 3.89502558085, 0.884763243871, 552.967893137, 18.0514463214
1.5257734456, 1.00000088267, 1.04381495866, 1.00238822516, 6.71389136604, 0.712515905128, 3.80671315092, 1.04050536772, 0.981476886852, 2.91161413367, 5.44959735899, 0.90762188663, 4.18589380007, 1.14227162071, 1.09000054253, 1.06060168613, 1.04200459369, 0.819738037226, 3.03624207479, 1.11916546012, 0.770201566805, 427.114902857, 1.12025560135, 3.30173526386, 1.01158944756, 3.89186619375, 1.21829026853, 353.387092714, 29.7188542221
1.10297863385, 1.00000094581, 1.5259103661, 1.00238822516, 6.71389136604, 0.712515905128, 5.87111066059, 1.04050536772, 0.979128068819, 2.91161413367, 5.02581831011, 0.90762188663, 4.18589380007, 1.14227162071, 1.09000054253, 1.06060168613, 1.04200459369, 0.819738037226, 3.03624207479, 1.15383501658, 0.770201566805, 427.114902857, 1.12025560135, 3.30173526386, 1.01158944756, 5.39376188403, 0.884763243871, 717.845908284, 18.1892716286
4.04198495349, 1.0000006254, 1.19884645431, 1.07676222522, 5.78113065912, 0.861275039816, 3.53403239165, 1.12109312173, 0.993324417634, 4.3650330499, 5.00726378463, 1.01109247158, 2.56869924899, 1.2751597522, 1.09000085207, 1.07395879288, 1.03803140884, 1.03035827961, 3.02416620088, 1.13047959604, 0.971204162027, 664.134441592, 1.00815776479, 5.85357334699, 1.21117386057, 1.68521471017, 1.09362119285, 493.386623913, 20.1903544694
1.4304434134, 1.00000084605, 1.58737784105, 1.1464699555, 4.40160085739, 0.758186328342, 1.84068241443, 1.14162649371, 0.934775596134, 1.90869890871, 5.3651197349, 0.918699703377, 4.80333741094, 0.95398091755, 1.09000088618, 1.05437840997, 1.00352696211, 1.05442203718, 9.386495586, 0.911209019997, 0.76370701554, 107.164131383, 0.928048737137, 3.94224589247, 1.18879119208, 2.59831243272, 1.14603127399, 526.883958043, 20.0924371704
3.65626576097, 1.0000006254, 1.19884645431, 1.07676222522, 5.78113065912, 0.790313718667, 3.53403239165, 1.12109312173, 0.993324417634, 4.3650330499, 5.00726378463, 1.01109247158, 2.56869924899, 1.2751597522, 1.09000085207, 1.07395879288, 1.03803140884, 1.03035827961, 3.02416620088, 1.13047959604, 0.971204162027, 664.134441592, 1.00815776479, 5.85357334699, 1.21117386057, 1.68521471017, 1.09362119285, 542.840598874, 19.9926310573
3.95678103303, 1.00000017223, 1.28278244871, 0.942925946826, 6.5184514544, 0.916725333167, 3.99876825613, 1.20864330526, 0.911111031436, 4.81368402905, 5.85996129377, 1.21827688209, 2.50275458507, 0.840090821915, 1.09000058766, 1.05006281081, 1.04177454549, 1.20127543596, 4.10823965587, 1.11426863573, 0.81746475298, 665.532623984, 0.960046100536, 2.71000170222, 1.03544074188, 4.98790086069, 1.2783345347, 810.868600687, 19.4295656348
1.94131648125, 1.00000045008, 1.36945073229, 1.07592260149, 4.62577069597, 0.938040572858, 4.8739171103, 1.07562462261, 0.914432791719, 5.46353080143, 5.60186792952, 0.948448185842, 1.07045941125, 1.034585107, 1.0900003926, 1.00702286581, 1.00325350368, 0.857258595955, 9.15916142275, 1.16688283939, 0.840512465269, 742.771062906, 1.00104679866, 1.34327307914, 1.04210250117, 4.07101428689, 0.891750426406, 628.411805122, 19.6108250626
3.29548922993, 1.00000059303, 1.17277650371, 0.896319040736, 6.96658254965, 0.82741343659, 1.21212017699, 1.20393073588, 0.921781961201, 2.9482454552, 5.619925938, 1.05273097559, 3.77150990599, 1.19817231488, 1.09000081662, 1.04435086463, 1.00922117452, 1.00053658322, 5.56728845318, 1.04082958001, 0.871957527756, 25.5767589103, 1.05135366057, 2.75471601445, 1.14092189327, 2.82185860982, 1.0680328348, 478.383949611, 24.7567653016
1.17805761535, 1.00000067817, 1.1967885585, 1.2078460361, 4.85661056793, 0.798095986787, 5.05843723206, 1.12476453533, 0.952973397265, 6.16287077375, 5.6159999934, 0.880911468272, 4.00592628593, 0.983302390494, 1.0900006144, 1.01311750151, 1.0394019043, 1.02159700179, 4.38463915529, 1.05885609922, 0.764229516608, 624.945006796, 0.943672932835, 4.38214090842, 0.974682927948, 2.55371175838, 1.27185669374, 817.493286503, 19.9298625104
2.46473207868, 1.00000085153, 1.08131763448, 1.0226423244, 4.6854586377, 0.857204052793, 2.84161739934, 1.20246056958, 0.96259100254, 4.11662789791, 5.05116171656, 0.990761425008, 3.40470798102, 1.27397244277, 1.0900007575, 1.03799545377, 1.00382334503, 0.843744386803, 5.34083992752, 1.00498285689, 0.886392674583, 512.769677006, 1.12742384629, 2.59117202477, 1.1051495887, 5.35585255209, 1.26898126867, 421.165930719, 33.4134883365
3.45676436388, 1.00000094145, 1.03119565387, 1.21983588605, 4.53060705176, 0.998197097247, 3.32167528689, 1.0169727819, 0.909632098874, 4.39626114309, 4.76844018962, 1.06959599289, 3.23311014639, 1.13658940198, 1.09000072094, 1.02044307273, 1.02231164138, 0.984299769569, 5.38483164203, 1.18520704632, 0.859515430756, 166.567119904, 1.16547907681, 4.1794178345, 1.13678859239, 3.46013219807, 0.948938983329, 483.244835739, 23.9159680707
1.370605478, 1.00000012227, 1.16454325519, 1.15352626265, 4.76466992081, 0.892102759948, 2.87309913086, 1.03873838426, 0.989389724966, 2.8451024091, 5.6159999934, 0.896907375977, 3.76637215861, 0.987375154689, 1.09000072887, 1.05704158817, 1.04969139033, 0.959766033028, 6.08022012025, 1.0517593334, 0.80983515672, 427.044367822, 1.09231699786, 4.69525489373, 1.1167905502, 2.77486364189, 0.925528212245, 988.57789321, 20.0444759164
2.78010172293, 1.00000032434, 1.49814780241, 0.87157358966, 5.88705665001, 0.970027334784, 4.71409880762, 1.12131313016, 0.986011676712, 5.4550896919, 5.69998098524, 1.06738603038, 4.87450521712, 0.857794149033, 1.09000034865, 1.07153104795, 1.03753154514, 0.831582792984, 8.45313633334, 0.999063951421, 0.835972172325, 72.3883309753, 0.967897538044, 4.44037335025, 1.23378397946, 4.64904957902, 0.872120440965, 426.197144229, 31.1676186789
5.84222672592, 1.00000056734, 1.57664253845, 1.15068980892, 6.74939385969, 0.934016515481, 2.83926239808, 1.09445028038, 0.913378226962, 4.32967307732, 4.77094343972, 1.12072788914, 1.32882378789, 1.11135081612, 1.09000026922, 1.00513986125, 1.01364882742, 0.843744386803, 8.55703754917, 0.951800475087, 0.823607768047, 920.556755587, 1.07709772148, 5.17500150338, 0.992861308369, 3.38173892698, 1.14097582481, 438.157175318, 32.5838543537
1.17805761535, 1.00000043163, 1.1967885585, 1.2078460361, 4.85661056793, 0.798095986787, 5.05843723206, 1.24889396103, 0.952973397265, 6.16287077375, 4.83059124028, 0.880911468272, 4.00592628593, 0.983302390494, 1.0900006144, 1.01311750151, 1.0394019043, 1.1999623111, 4.38463915529, 1.05885609922, 0.764229516608, 624.945006796, 0.943672932835, 4.38214090842, 0.974682927948, 2.55371175838, 1.27185669374, 640.78759639, 21.0674928271
1.28909851025, 1.0000003909, 1.64680347222, 1.09712448572, 3.52721327459, 0.750250295062, 2.74711954998, 1.04933235033, 0.94091352992, 1.50345934941, 5.50460999164, 1.01712235522, 3.23462606318, 0.991336057123, 1.09000034944, 1.03215377075, 1.04167317818, 1.20562342614, 3.68189404838, 1.13878267326, 0.786725503614, 383.437496038, 1.03374138463, 5.31200458119, 1.0213207477, 1.19116666436, 1.20089943862, 641.33012255, 20.8883798369
5.10593806194, 1.00000009251, 1.06051586038, 1.0313348682, 5.56278670735, 0.94308379276, 5.76729631657, 1.15656244646, 0.900527821309, 3.68811765357, 5.15556514375, 0.972651950578, 3.50529548033, 1.0751601345, 1.090000994, 1.0980142837, 1.01555857982, 0.854015328625, 9.19312585884, 0.995993493648, 0.825265541847, 886.891851957, 1.06305186604, 4.45079162434, 1.092078334, 2.19037853828, 1.23008110066, 510.492402491, 24.2829764812
4.04198495349, 1.0000006254, 1.19884645431, 1.08076133542, 5.78113065912, 0.861275039816, 3.53403239165, 1.12109312173, 0.993324417634, 4.3650330499, 5.00726378463, 1.01109247158, 1.19744825942, 1.2751597522, 1.09000085207, 1.07395879288, 1.04800324599, 0.986867645082, 3.02416620088, 1.13047959604, 0.971204162027, 664.134441592, 1.00815776479, 5.85357334699, 1.21117386057, 1.68521471017, 1.09362119285, 661.868352023, 21.0179498592
4.20786124286, 1.00000019176, 1.46056232925, 1.10851053129, 6.74699247893, 0.790313718667, 5.15769663583, 1.09670826179, 0.976998699641, 5.25019043448, 4.72105491563, 1.17497497583, 2.34716972078, 0.971321335164, 1.09000007249, 1.06670112699, 1.02224023563, 1.15926340623, 9.19219370073, 1.18372229555, 0.905264032289, 219.633031029, 1.02906401429, 5.46907290502, 1.11973174636, 5.29469858337, 0.94028556939, 842.331393417, 20.6043978219
1.74200999907, 1.0000003352, 1.13355404642, 0.89006289371, 5.04843413598, 0.763989317135, 2.91363735934, 1.08790176014, 0.94543654781, 2.89915711392, 4.94283185852, 0.865841890157, 2.26016739422, 0.87407005088, 1.09000043819, 1.03250746061, 1.03585629187, 0.903096176344, 8.71761759267, 0.968601731483, 0.956341679584, 873.903631895, 1.17668498088, 1.31385108822, 1.07629464216, 3.38665184888, 1.12677645327, 506.739313018, 25.1209397216
3.22036905243, 1.00000080035, 1.09182618102, 0.955730996098, 5.82230425684, 0.73149069112, 1.08443281729, 1.20040090128, 0.957306235217, 2.75267155971, 5.80826085365, 0.864116372897, 2.31044511614, 1.19192034655, 1.09000014927, 1.0744348857, 1.03838130281, 0.998202193244, 8.14438902907, 1.03348266971, 0.804543038495, 667.463294324, 1.16573832502, 4.31309263923, 0.970450861348, 1.55697938376, 0.905260195092, 641.17018473, 21.1750871069
1.17805761535, 1.00000072921, 1.1967885585, 1.15830826543, 4.85661056793, 0.798095986787, 5.05843723206, 1.24889396103, 0.952973397265, 6.16287077375, 4.83059124028, 0.880911468272, 4.00592628593, 0.983302390494, 1.0900006144, 1.01311750151, 1.0394019043, 1.1999623111, 4.38463915529, 0.951550795989, 0.85700313637, 624.945006796, 0.943672932835, 4.38214090842, 0.974682927948, 2.55371175838, 1.27185669374, 1096.06747646, 20.4329444585
3.45628822411, 1.00000007995, 1.14159132954, 1.10293742341, 4.2458434925, 0.855740349294, 1.68439801637, 1.19419818509, 0.912580402865, 4.69707560169, 5.61092448388, 1.05863213357, 3.67949904291, 1.22068088166, 1.09000040029, 1.09302275127, 1.00383408039, 1.18596521869, 6.69910644931, 0.938536037421, 0.863883083824, 84.2082329662, 1.14429880052, 4.80814956227, 1.08243892925, 1.08697438893, 1.02499231963, 461.80040856, 32.8983640234
3.72109730825, 1.00000031729, 1.63327026033, 0.809138378669, 2.19185105159, 0.929510840341, 1.868046186, 1.19979432451, 0.921031592391, 1.40070790799, 5.30654711976, 0.995319790531, 2.92673904246, 0.949933840309, 1.09000039452, 1.09049322714, 1.04841044952, 1.11730457885, 4.85522737935, 1.04535504967, 0.780410768281, 149.605061847, 1.18215084175, 1.54900915385, 1.1141416267, 3.77943175793, 1.218116426, 640.775324847, 21.7766907986
4.97667725475, 1.00000070505, 1.26963002916, 0.863667848121, 4.59882588159, 0.760130046995, 3.94439854, 1.18594698747, 0.994205415508, 4.81368402905, 5.96783216299, 0.890280332597, 4.05326287741, 0.8486272011, 1.09000082855, 1.02074155746, 1.00993583267, 0.99651348159, 3.67195524229, 1.17567365677, 0.81746475298, 577.720105444, 1.13860317298, 4.57303438698, 1.03544074188, 4.70209177251, 1.05211375309, 486.548475397, 32.5064916515
3.6746748947, 1.00000076564, 1.59319773961, 0.984701797079, 2.02355032535, 0.99589395184, 4.16397669406, 1.13036547044, 0.909578637962, 3.76739034895, 5.31499350349, 0.934919908956, 3.95655837964, 1.00783926028, 1.09000004567, 1.06536771459, 1.02562418535, 0.867012192791, 9.72663611774, 1.16333458975, 0.829160756031, 805.490324565, 0.968906401468, 5.2249004978, 1.11286102403, 1.59743074179, 1.21719115077, 705.679670577, 21.4873540408
1.22440909989, 1.00000043235, 1.24546813328, 0.824580141462, 3.92717153443, 0.859100795664, 1.22283169224, 1.11723987331, 0.967169731486, 5.65698814649, 4.84001586452, 0.926951014597, 3.96966093777, 0.87467010756, 1.0900005063, 1.10658577616, 1.04927367776, 0.930666539644, 3.63011607442, 1.02298839797, 0.768874268343, 36.530351322, 0.983343590778, 2.04479914395, 1.04153329612, 1.48314846432, 0.908170780216, 571.797751571, 25.2408434161
2.45352484615, 1.00000086161, 1.08902669429, 0.856497951214, 3.83771348808, 0.884079530492, 4.72492659918, 1.188212876, 0.92500051323, 6.01012566875, 5.40233523143, 0.849337972785, 3.70633822228, 1.22748370251, 1.09000039466, 1.05891914507, 1.02589473032, 0.968149537166, 6.04778725105, 1.1187259908, 0.825002683193, 369.70949298, 0.915087034242, 3.60354819191, 1.0131340242, 4.21359174796, 0.913873439326, 501.494145034, 34.2072234028
3.77247563334, 1.00000021074, 1.67497920539, 0.859502717965, 5.83375790313, 0.917239934567, 5.50702144621, 1.02197630639, 0.943263180685, 1.25635828882, 5.52726843494, 0.963916083216, 3.37714450638, 0.937057939821, 1.09000027573, 1.09951910467, 1.0011276444, 1.03829257167, 3.26948327692, 1.02550751082, 0.800416295193, 72.5983857503, 1.15167342966, 3.00381545474, 1.15962232425, 1.06397002883, 1.07900580429, 570.020225176, 26.4854151366
2.61907690991, 1.00000048004, 1.60363815829, 1.02821665787, 4.37952706797, 0.734698458987, 2.42604307954, 1.09611971419, 0.910226551824, 1.6158813786, 5.29995860333, 0.839997907116, 4.87285148677, 1.09178992417, 1.09000018395, 1.03663454778, 1.0003822824, 1.09502946562, 9.970294646, 1.02122551374, 0.839062383566, 387.950692054, 1.16939088515, 2.51592910201, 1.12225664982, 1.15842122489, 0.957732572358, 666.45771161, 22.4006457084
1.02175209241, 1.00000037292, 1.31645697179, 0.830610459035, 1.82730959714, 0.928093022151, 3.63028885402, 1.0505730138, 0.964062673222, 5.15733805503, 6.04179064845, 0.988741425544, 3.0676347174, 1.08971168181, 1.09000054535, 1.10161074871, 1.03390856142, 0.836813279386, 8.91579258492, 1.08975048885, 0.905029358738, 547.859946412, 1.09371901998, 2.88937171357, 1.18663642927, 4.35353347801, 1.14874926786, 524.657017085, 32.6816409299
3.77247563334, 1.00000021074, 1.56591793249, 0.859502717965, 5.83375790313, 0.917239934567, 5.50702144621, 1.02197630639, 0.943263180685, 1.25635828882, 5.52726843494, 0.963916083216, 3.37714450638, 0.937057939821, 1.09000027573, 1.09951910467, 1.0011276444, 1.08425183233, 4.29948608783, 1.02550751082, 0.800416295193, 449.060703056, 1.15167342966, 3.00381545474, 1.15962232425, 1.06397002883, 1.07900580429, 635.911878621, 25.5826847649
4.20786124286, 1.00000019176, 1.22575404533, 1.08005357844, 6.74699247893, 0.850827123011, 5.15769663583, 1.09670826179, 0.992872699971, 5.66603716532, 4.81649585938, 1.17497497583, 2.63087326336, 0.971321335164, 1.09000033071, 1.1003656843, 1.02224023563, 1.15926340623, 9.19219370073, 1.18372229555, 0.905264032289, 219.633031029, 1.02906401429, 5.54575659966, 1.11973174636, 5.29469858337, 0.94028556939, 715.59899257, 22.3020504688
5.20159077018, 1.00000021042, 1.15638322196, 0.986746121194, 4.04089562214, 0.767873818101, 3.11752641239, 1.16386015342, 0.978601001004, 3.08552625881, 4.98293627985, 0.941738912467, 5.0014041655, 1.24300113908, 1.09000014848, 1.05448010342, 1.0189187551, 0.813984142755, 6.08170342917, 1.0057528546, 0.786298457966, 687.205807355, 1.15885967554, 5.09773091652, 1.02761757807, 4.38525017239, 1.21931365171, 951.053424275, 21.5755365111
1.74200999907, 1.0000003352, 1.13355404642, 0.89006289371, 5.04843413598, 0.763989317135, 2.91363735934, 1.08790176014, 0.94543654781, 2.89915711392, 4.94283185852, 0.826029880572, 2.26016739422, 0.87407005088, 1.09000043819, 1.03250746061, 1.03585629187, 0.966646451074, 8.71761759267, 0.968601731483, 0.956341679584, 873.903631895, 1.17668498088, 1.31385108822, 1.07629464216, 3.38665184888, 1.12677645327, 1122.5156537, 21.4343851644
1.25832809321, 1.00000024422, 1.69455054165, 1.09528481363, 2.50972995053, 0.790313718667, 4.7187426518, 1.15774451135, 0.976998699641, 1.24433476729, 5.15558084174, 0.85779917234, 2.34716972078, 0.952394926279, 1.09000021707, 1.04041113293, 1.04811235834, 1.22981197369, 8.55167223712, 1.14458557007, 0.979063108639, 652.361093554, 1.09421325882, 5.36968307746, 0.982147737838, 5.1322332887, 0.908207114731, 993.524930476, 21.7176356089
5.10593806194, 1.00000009251, 1.06051586038, 1.0313348682, 5.56278670735, 0.94308379276, 5.76729631657, 1.15656244646, 0.900527821309, 3.68811765357, 5.15556514375, 0.972651950578, 3.50529548033, 1.0751601345, 1.09000099522, 1.0980142837, 1.00003735504, 0.854015328625, 9.19312585884, 0.995993493648, 0.825265541847, 886.891851957, 1.06305186604, 4.45079162434, 1.092078334, 2.19037853828, 1.23008110066, 529.034404613, 33.6338828426
1.25832809321, 1.00000041277, 1.69455054165, 1.09528481363, 2.50972995053, 0.889111620366, 4.7187426518, 1.15774451135, 0.976998699641, 1.83922065299, 5.15558084174, 0.85779917234, 2.60012455978, 0.952394926279, 1.09000021707, 1.04041113293, 1.04811235834, 1.22981197369, 4.81673088078, 1.14458557007, 0.826695837689, 652.361093554, 1.05686772305, 5.36968307746, 0.982147737838, 5.1322332887, 0.908207114731, 782.933809494, 22.4931099355
1.17805761535, 1.00000043163, 1.1967885585, 1.2078460361, 4.85661056793, 0.798095986787, 5.05843723206, 1.24889396103, 0.952973397265, 6.16287077375, 4.83059124028, 0.935839639164, 4.00592628593, 0.983302390494, 1.0900006144, 1.01311750151, 1.0394019043, 1.1999623111, 4.38463915529, 1.05885609922, 0.764229516608, 624.945006796, 0.943672932835, 4.38214090842, 0.974682927948, 2.55371175838, 1.27185669374, 529.781884435, 34.6202733449
1.80279686194, 1.00000048004, 1.60363815829, 1.02821665787, 4.37952706797, 0.734698458987, 2.42604307954, 1.09611971419, 0.910226551824, 1.62690050799, 5.29995860333, 0.839997907116, 4.87285148677, 1.09178992417, 1.09000018395, 1.03663454778, 1.00111380018, 1.09502946562, 9.970294646, 1.02122551374, 0.839062383566, 148.397178119, 1.16939088515, 2.51592910201, 1.12225664982, 1.15842122489, 0.957732572358, 789.134097481, 22.5082271207
2.21840638894, 1.00000049841, 1.60918897868, 1.11477725059, 6.56463787985, 0.736615280361, 5.87111066059, 1.17175855367, 0.986928772603, 5.93792808203, 5.53207159591, 1.10183872476, 3.80158424286, 1.00857037707, 1.09000079066, 1.03637086612, 1.01445129834, 1.19280031246, 6.81286819757, 1.03962347459, 0.865251695631, 255.792762917, 1.04835211864, 3.76274707085, 1.21805521327, 1.29526103921, 0.908940204725, 535.831164, 35.7953689395
1.37165753545, 1.00000095166, 1.01894451994, 1.07666704611, 5.81028516693, 0.888666978251, 4.66246667063, 1.14569341515, 0.973768339506, 3.79447353158, 5.32684638764, 0.915474283576, 1.4102024643, 1.08780560396, 1.09000063648, 1.07998169024, 1.0358378807, 1.1659782051, 9.85643528762, 1.08369417442, 0.770890122126, 795.264749163, 1.07561085335, 1.30700532687, 1.08312569759, 4.30914115764, 0.976145398321, 551.332372994, 33.1666733989
4.04198495349, 1.0000006254, 1.19884645431, 1.07676222522, 5.78113065912, 0.861275039816, 3.53403239165, 1.12109312173, 0.993324417634, 4.3650330499, 5.00726378463, 1.01109247158, 2.56869924899, 1.2751597522, 1.09000097057, 1.07395879288, 1.04233152257, 1.03035827961, 3.02416620088, 1.13047959604, 0.971204162027, 664.134441592, 1.00815776479, 5.85357334699, 1.22055704568, 1.68521471017, 1.09362119285, 1081.06368868, 22.2596427103
1.94131648125, 1.00000045008, 1.36945073229, 1.07592260149, 4.62577069597, 0.723129614059, 4.8739171103, 1.07562462261, 0.90830255691, 5.41613938101, 5.60186792952, 0.953011985466, 1.07045941125, 0.854701541437, 1.09000025919, 1.00702286581, 1.01728372966, 0.857258595955, 8.15399418847, 0.973192030576, 0.862206410917, 742.771062906, 1.00104679866, 1.34327307914, 1.04210250117, 4.07101428689, 0.891750426406, 834.431238057, 23.5479350509
2.37592027437, 1.00000070333, 1.5290487282, 0.899606558445, 5.7627451824, 0.957440542017, 4.94537025678, 1.2062720561, 0.954365547945, 3.94353181376, 5.11945839626, 1.14881074424, 3.99960916139, 0.97468572214, 1.09000076828, 1.08007567345, 1.01898056112, 1.16883986232, 5.56669613095, 0.993172391341, 0.940104010117, 257.912368247, 0.988489890723, 1.44346016239, 1.15869556211, 5.46094815816, 1.28449463219, 891.324715661, 23.3429125621
1.17805761535, 1.00000072921, 1.1967885585, 1.15830826543, 6.81894488085, 0.792942390975, 5.05843723206, 1.24889396103, 0.957172556277, 6.16287077375, 4.83059124028, 0.880911468272, 3.7074631139, 0.901667448194, 1.0900006144, 1.00456392295, 1.0394019043, 1.1999623111, 4.38463915529, 0.951550795989, 0.903999135391, 624.945006796, 0.943672932835, 4.38214090842, 0.982018007333, 2.55371175838, 1.27185669374, 658.653236602, 27.2772834862
5.9627934999, 1.00000056734, 1.57664253845, 1.15068980892, 6.74939385969, 0.97012419087, 1.54958408673, 1.09445028038, 0.913378226962, 4.32967307732, 4.77094343972, 1.12072788914, 3.7675066444, 1.11135081612, 1.09000026922, 1.00513986125, 1.01364882742, 1.21222567868, 5.97723673184, 1.0751572918, 0.830392695274, 920.556755587, 1.1117272916, 5.17500150338, 0.992861308369, 3.38173892698, 1.14097582481, 891.440173975, 23.4064920754
1.10297863385, 1.00000094581, 1.5259103661, 1.00238822516, 6.71389136604, 0.712515905128, 5.87111066059, 1.04050536772, 0.979128068819, 2.91161413367, 5.02581831011, 0.90762188663, 4.18589380007, 1.14227162071, 1.09000054253, 1.06060168613, 1.04200459369, 0.819738037226, 3.03624207479, 1.15383501658, 0.770201566805, 427.114902857, 1.12025560135, 3.30173526386, 1.01158944756, 5.39376188403, 0.884763243871, 712.763561659, 26.5531056316
3.18432013019, 1.00000062749, 1.58914325069, 0.959303565501, 4.77650996614, 0.938040572858, 4.82352240963, 1.20546655022, 0.969734430273, 4.43782979017, 5.68704753711, 0.975489963346, 4.97374424834, 1.0122155211, 1.09000019462, 1.01370302548, 1.00325350368, 1.13021516429, 5.84897816041, 1.0705486593, 0.860057408498, 313.853976169, 1.03231142544, 2.21040793154, 1.21446510435, 2.28850126389, 0.911876768461, 938.451770355, 23.8903317943
