4.25249429769, 1.42890195178, 1.46387349072, 1.00000051213, 5.00124943145, 1.0803973143, 3.31622759417, 1.26000058239, 1.00000000854, 5.85475526444, 4.31372064936, 1.08565937351, 3.30849300569, 1.11612829278, 1.08438130013, 1.36919192068, 1.10320139091, 1.1058449863, 8.24254090321, 1.00000026787, 1.00000075836, 87.6466669486, 1.00218405606, 1.94704351491, 0.950440594314, 3.79716540162, 0.870000130925, 37.6653740644, 11.283328206
2.91487534872, 1.4172836181, 1.49185198376, 1.00000091091, 4.77933598423, 1.17565144183, 1.77634209542, 1.26000023915, 1.00000019872, 6.01412620751, 4.76144014246, 1.03729061819, 3.82372607303, 1.11698760066, 1.06627079433, 1.54917495458, 1.05682504072, 0.941994745263, 5.51957864965, 1.00000094855, 1.00000033461, 107.257977641, 1.06090937906, 1.95880875482, 1.02349846688, 4.23481583454, 0.870000940214, 72.9707765875, 13.5291364422
5.71500668818, 1.1394803592, 1.34064905836, 1.0000003402, 5.60915848306, 1.13504450925, 1.91593508684, 1.26000023892, 1.00000021128, 5.8405389051, 4.33486056942, 1.09840642038, 3.40170653123, 1.07346671536, 1.08881511191, 1.055191712, 1.08964803393, 0.944914033889, 3.85528113331, 1.0000004867, 1.00000028054, 94.4008898084, 1.05138523921, 1.3950567922, 1.01484350568, 3.92018766487, 0.870000346917, 137.073914184, 12.2305985361
2.86605292575, 1.09955543567, 1.48808961788, 1.00000052186, 6.9673647309, 1.00936327182, 5.06616221579, 1.260000827, 1.00000060697, 5.98589213383, 6.32723604611, 1.04910096941, 1.2462514866, 1.04938991049, 1.05555727639, 1.09141364199, 1.12006108955, 1.07307474841, 5.18254957286, 1.00000004029, 1.00000027855, 90.081005401, 0.978974758825, 3.89082424228, 1.06628023506, 3.48452434118, 0.870000501132, 113.767100946, 13.6407884632
1.16388067994, 1.11687168372, 1.64086503511, 1.0000009244, 5.35741025634, 1.15045054225, 3.73281587156, 1.26000076186, 1.00000067326, 5.46681867667, 6.91612248202, 1.02294500295, 3.1685906789, 1.00349191039, 1.05316072768, 1.27588422848, 1.09456206282, 0.987713799893, 7.80182932035, 1.00000084333, 1.00000005725, 76.9590167779, 1.01960843277, 4.95753905724, 0.967422587085, 3.53190868939, 0.870000849226, 189.272669721, 13.2041329792
5.757846932, 1.26106524692, 1.42771379511, 1.00000047997, 4.47502300698, 1.17056714527, 2.55395009492, 1.26000085651, 1.00000009189, 5.11903247246, 3.50236409344, 1.09949082389, 1.36113751712, 1.03508371686, 1.02498902319, 1.29040972876, 1.02549498942, 1.04193131178, 3.14501170794, 1.0000007665, 1.00000027835, 106.670572423, 1.02534214913, 1.63289161881, 1.01819604115, 4.2857775769, 0.870000015165, 136.22906306, 14.2066535052
2.63664894409, 1.02696319934, 1.52794401186, 1.00000065227, 5.7095254298, 1.02268627925, 4.96986749049, 1.26000060354, 1.00000043812, 5.94204361265, 3.3889473742, 1.00597956284, 1.06409639785, 1.05319928861, 1.08081248013, 1.59428172229, 1.01105344611, 0.97598699089, 4.81948732715, 1.00000065793, 1.00000067227, 97.5743121247, 1.06853866968, 2.81781589571, 0.98585731001, 3.98098490973, 0.870000718577, 115.462449378, 15.4164775507
5.34407183968, 1.0606122873, 1.58506781528, 1.00000095609, 5.52460586965, 1.06665008485, 4.97443845646, 1.26000053801, 1.00000036076, 5.11985360082, 5.54936860969, 1.0679299817, 3.72680849772, 1.1164597445, 1.06005266375, 1.3043389642, 1.04631927195, 1.05162150354, 8.89452157652, 1.00000039482, 1.00000033049, 118.991008446, 1.06011027243, 1.89477626176, 1.0374389126, 4.24433708996, 0.87000043913, 206.625351022, 13.2386672018
5.77462581229, 1.06142155876, 1.70310545848, 1.00000053505, 6.50818285265, 1.12132332235, 2.72707899767, 1.26000057566, 1.00000072388, 5.45234744221, 4.09834272282, 1.09714181068, 3.77958512403, 1.05270370367, 1.02407182161, 1.57390806357, 1.13594841117, 1.04509489428, 6.59491762534, 1.0000002394, 1.00000014136, 120.687356464, 0.922148924452, 2.2683369041, 1.06329798482, 4.10511198351, 0.870000885362, 185.85457588, 17.8168099837
2.88198171779, 1.33401244353, 1.63826489163, 1.00000016359, 4.84125924688, 1.03301399697, 5.17147417537, 1.26000006131, 1.00000016821, 5.02782228358, 4.64732696108, 1.02252780587, 1.70173931347, 1.02139098268, 1.04532323793, 1.61070044035, 1.08807718768, 0.914929461291, 9.85589561385, 1.00000014498, 1.0000005012, 111.54174669, 0.956388028936, 3.50255143114, 0.966087640899, 3.54307032119, 0.870000224121, 250.296259187, 14.445153844
5.92190122573, 1.26250669413, 1.49946799201, 1.00000000892, 6.79930191457, 1.1573677533, 1.79707152438, 1.26000017107, 1.00000050175, 5.76178072429, 6.82608133554, 1.09571159692, 2.97729048307, 1.02935819313, 1.04817776607, 1.42095201774, 1.08854516364, 1.10714715523, 3.67303441477, 1.00000096122, 1.00000084822, 110.953063172, 1.03894099233, 3.6102301981, 1.02916116067, 3.9603044485, 0.870000833732, 192.053965476, 18.7312107409
4.75449394317, 1.33320773271, 1.69567996341, 1.00000069246, 4.76637882306, 1.01043276995, 3.31294356887, 1.26000015266, 1.00000011568, 5.96168013803, 7.4052943845, 1.00383601118, 3.23909969956, 1.03381558508, 1.01400453128, 1.6117453924, 1.09849603527, 0.968384410794, 7.17936692672, 1.00000069582, 1.00000021711, 120.838427598, 0.93172500257, 4.20968740086, 0.954713355207, 3.92079286355, 0.870000679267, 321.967089352, 15.348198578
2.01885101927, 1.39741507182, 1.61228079579, 1.00000008817, 5.94781514618, 1.1691381719, 2.68383976625, 1.26000022728, 1.00000068868, 5.47312218369, 3.54070947617, 1.06440281909, 2.18320716711, 1.02407498626, 1.08351503031, 1.30386110498, 1.03576753499, 1.0837125266, 7.41723400667, 1.00000035045, 1.00000058456, 102.534494152, 1.02206261346, 4.34757773131, 1.03494858871, 3.65655760381, 0.870000991991, 259.928318782, 16.3481535799
2.38944017334, 1.30849736127, 1.59726145452, 1.00000017336, 5.45039407864, 1.00971702885, 3.28789562828, 1.26000027242, 1.00000089482, 5.14238867099, 5.97115516973, 1.05557150953, 1.37667095792, 1.07739499394, 1.03078110419, 1.00822894047, 1.11901219834, 1.05951565235, 9.43096665488, 1.00000052433, 1.00000070237, 106.824633359, 1.04474205285, 1.72432956606, 0.983331866697, 4.0178749393, 0.870000420044, 218.06391533, 26.1811632032
5.71659383517, 1.27039661611, 1.71811082047, 1.00000050861, 4.91172907826, 1.05365873903, 1.675199586, 1.26000019245, 1.00000011078, 5.24184406342, 6.7840078071, 1.04230244989, 2.2491995473, 1.05091668592, 1.00221857094, 1.60815448426, 1.03234268927, 0.930061671189, 6.43684623599, 1.00000060662, 1.00000090086, 101.795045096, 1.03210996484, 5.88770428003, 0.968052573891, 3.60846059108, 0.870000833522, 427.845640406, 16.5021969903
3.27152371904, 1.13917471715, 1.65336721577, 1.00000092039, 6.76331557802, 1.12442058767, 5.00234534926, 1.26000079005, 1.00000050564, 5.51295826624, 5.6798559005, 1.09595855494, 1.21023310447, 1.03290919466, 1.08329722653, 1.28699483525, 1.10470526606, 0.977396543846, 6.66000157549, 1.00000046926, 1.00000006745, 87.4709937318, 1.05968864207, 1.28216051575, 0.964776938629, 3.4717603151, 0.870000079834, 413.357656882, 18.385941394
5.757846932, 1.26106524692, 1.42771379511, 1.00000047997, 4.47502300698, 1.17056714527, 2.55395009492, 1.26000084205, 1.00000009189, 5.11903247246, 3.50236409344, 1.09949082389, 1.36113751712, 1.03508371686, 1.02498902319, 1.29040972876, 1.02549498942, 1.04193131178, 3.14501170794, 1.0000007665, 1.00000027835, 124.278587482, 1.02534214913, 1.63289161881, 1.01819604115, 4.2857775769, 0.870000015165, 356.374304143, 18.6341692003
2.0592631097, 1.18192995543, 1.47125243572, 1.00000096617, 5.92336575011, 1.10622333113, 4.13865559894, 1.26000014841, 1.00000011566, 5.621951492, 4.82667140603, 1.0648326193, 2.66457254642, 1.06012084961, 1.0042648551, 1.03567450407, 1.16762300163, 1.07194181216, 6.42646231298, 1.00000072688, 1.00000063653, 98.7618629226, 0.932448962471, 1.73210780434, 0.970830195193, 3.31828175827, 0.870000325697, 336.819375888, 30.9480219416
1.34483749813, 1.41247539379, 1.53192827881, 1.00000037899, 4.71810520286, 1.02265993826, 4.78610627011, 1.26000024363, 1.00000063378, 5.23962702936, 5.92265351975, 1.05308649213, 3.88712714595, 1.10341281322, 1.00791970969, 1.23061482969, 1.00276088922, 1.06996839264, 6.4563027079, 1.00000019782, 1.00000032038, 97.9113197546, 1.05551128189, 3.14289059794, 0.972276823525, 3.93689053491, 0.870000878187, 614.130810757, 17.7040673064
3.03256822878, 1.21633338569, 1.37606141871, 1.00000095849, 7.00872544855, 1.0831533358, 5.10919479552, 1.26000017287, 1.00000027175, 5.55848532302, 6.87610384083, 1.00448404632, 3.84339774414, 1.0015178478, 1.02857801974, 1.39023739697, 1.08089882747, 1.01664568727, 7.37892974985, 1.00000046385, 1.00000036515, 95.1395860663, 1.00107873101, 3.73628180932, 0.963714502293, 3.98228843632, 0.870000483177, 402.513449496, 22.5698204367
3.46472569396, 1.33968930293, 1.60449609181, 1.00000046349, 4.39577347688, 1.15188430249, 4.93140107896, 1.26000026034, 1.00000037027, 5.87973701967, 7.50564829564, 1.06780140666, 2.36302524531, 1.08710825921, 1.02449773086, 1.01510995047, 1.02088457357, 0.958290762347, 8.29616285627, 1.00000073791, 1.00000000883, 86.7062715641, 0.940225240975, 5.30621122248, 1.02991999805, 3.98908677665, 0.870000103328, 359.255030551, 29.9153114545
1.86765679468, 1.1423732692, 1.4269572811, 1.00000031843, 6.45242025038, 1.0386534443, 2.53829096637, 1.26000018681, 1.00000043617, 6.1032642653, 5.19748017425, 1.0320142748, 2.8311668188, 1.08466194621, 1.06699412784, 1.55789649181, 1.06069535486, 1.02907396979, 5.73661869164, 1.00000076237, 1.00000046776, 104.808630207, 0.969144209382, 1.9721372587, 1.06916353142, 4.11664300832, 0.870000571135, 383.978071737, 22.6897641417
3.48496763613, 1.15210420328, 1.36219742521, 1.00000093113, 6.3616839322, 1.00449897927, 4.39992221362, 1.26000088948, 1.00000061397, 6.00227622828, 4.82374308837, 1.00424824989, 2.71457051262, 1.07557028654, 1.05177243245, 1.10817586397, 1.02758572, 0.979284296013, 8.9257038324, 1.00000003508, 1.00000022411, 124.709981337, 1.01102718167, 2.9934703356, 1.02497372937, 3.51449811538, 0.87000081592, 465.903111338, 20.0805518804
3.9093429308, 1.3456184215, 1.56766615607, 1.00000025409, 6.04887296871, 1.03120599288, 3.39668901563, 1.26000096006, 1.00000020355, 5.4717851483, 6.84500739514, 1.05204922386, 2.0070103238, 1.10169645963, 1.05521979742, 1.35583464839, 1.00493888782, 0.923330706843, 6.76170218029, 1.00000050275, 1.00000096162, 122.555527853, 1.07065335943, 4.11718367265, 0.996872278051, 3.63210944286, 0.870000027359, 709.104078997, 19.5372317268
5.71766383267, 1.11486406283, 1.5515596848, 1.00000082743, 4.4495770629, 1.0818143411, 2.82579474682, 1.26000007143, 1.00000059512, 5.84850184509, 3.72203451876, 1.09401630618, 2.46368720811, 1.06407165858, 1.00963484068, 1.5982017793, 1.07896065459, 1.00240975687, 4.65179874283, 1.0000007462, 1.00000021551, 108.962823618, 0.970695790009, 1.80164400617, 1.00000637016, 3.56027504473, 0.870000374899, 423.468809042, 31.2388840414
5.71500668818, 1.1394803592, 1.35918069233, 1.00000066265, 5.60915848306, 1.13504450925, 1.91593508684, 1.26000023892, 1.00000021128, 5.8405389051, 4.33486056942, 1.09840642038, 3.40170653123, 1.07346671536, 1.05505622215, 1.055191712, 1.09447887626, 0.944914033889, 3.85528113331, 1.0000004867, 1.0000002712, 94.4008898084, 1.05138523921, 3.96108320284, 1.01484350568, 3.46019012711, 0.870000346917, 428.765961917, 23.047504078
4.54856465484, 1.0672301149, 1.4679597911, 1.0000001955, 6.67021310156, 1.16847139296, 5.03677421487, 1.26000059114, 1.00000060759, 5.1098973899, 4.99279167204, 1.08632149376, 3.64429099095, 1.08717524576, 1.03682157697, 1.13017662151, 1.08563613741, 1.05340338345, 8.27345671425, 1.0000004345, 1.00000057965, 79.0015414673, 0.910551024457, 3.98681385876, 0.960739919532, 3.91207880395, 0.870000144697, 648.198487125, 21.2955952715
3.02352877529, 1.16365516954, 1.71765853324, 1.00000067898, 4.81984695392, 1.06094785152, 5.52855625059, 1.260000569, 1.00000004473, 5.56754893658, 6.89621862901, 1.04297722482, 1.02714321479, 1.10623186479, 1.02209954867, 1.10881495535, 1.12563144063, 0.962227685095, 8.35580698183, 1.00000018291, 1.00000010769, 78.4185208918, 0.928494912354, 5.05642629806, 1.060775325, 4.26291434931, 0.870000523399, 877.42416934, 20.3615955172
4.56208507794, 1.06498911974, 1.62293817378, 1.00000013666, 4.54901538535, 1.06724895293, 4.52946053677, 1.2600001635, 1.00000074184, 6.05197874494, 3.14270418068, 1.05132661067, 1.80332460331, 1.04111139573, 1.05517644893, 1.37702908849, 1.09536642481, 0.91845830064, 3.61558980028, 1.00000042965, 1.00000052982, 112.009560942, 0.976929907752, 4.2223728513, 0.962916375381, 3.39093003655, 0.870000785646, 441.880194816, 31.7586394595
5.87191199686, 1.13686494734, 1.67348623692, 1.00000095612, 5.94806571407, 1.08420634251, 4.0811284825, 1.26000016696, 1.00000084263, 5.32928190075, 3.52784673262, 1.09472362435, 2.98329160443, 1.04259643247, 1.00287280833, 1.29595475102, 1.12256071018, 0.94108093765, 6.09973566851, 1.00000021314, 1.00000057351, 96.5012945394, 0.994328034547, 4.18344202636, 0.997166193948, 3.42105919143, 0.870000094435, 454.205888572, 23.8562731804
3.40029749425, 1.4052107042, 1.64454011627, 1.00000010248, 6.95193882529, 1.15150965909, 1.50981232225, 1.26000099159, 1.00000064986, 5.39347531864, 7.41394245317, 1.00457428452, 2.88492712651, 1.01900801532, 1.00699945888, 1.07856770708, 1.01906695578, 1.07266081166, 4.57002698981, 1.000000591, 1.00000051926, 82.5022565831, 0.956407788641, 3.37346959179, 1.00558131163, 4.04992476272, 0.870000112938, 767.37760505, 21.9065613031
1.54689813736, 1.17063015942, 1.69601814015, 1.00000083174, 6.71353531024, 1.02809946965, 5.42993784291, 1.26000094347, 1.00000009651, 5.64199649362, 7.37957967711, 1.03237437888, 3.56656853904, 1.06085304931, 1.06234514198, 1.23022969339, 1.0813039936, 0.947070799994, 4.1050176312, 1.00000032286, 1.00000052775, 92.7639970759, 1.0164103855, 3.16524115701, 1.03679913226, 4.01238290384, 0.87000016913, 962.929641783, 21.2609114123
2.89689322369, 1.29697828543, 1.41906814862, 1.00000075042, 4.6243027394, 1.07492309823, 1.13053949903, 1.26000037894, 1.00000039446, 5.05582197399, 5.84523396979, 1.02477148319, 3.84342981763, 1.01546690288, 1.08827362338, 1.08051055529, 1.03662324938, 1.06844292253, 9.54390017613, 1.00000078233, 1.0000008563, 89.2199341239, 1.02796453844, 1.35608853347, 1.02747112411, 3.7693725882, 0.870000569783, 497.179208887, 24.0445974856
3.50718234842, 1.39361477154, 1.41432867276, 1.00000062029, 4.29881108521, 1.1834780523, 2.83295719153, 1.26000058459, 1.00000082587, 5.28224230296, 5.92423656054, 1.08723205574, 1.04506123756, 1.0028078077, 1.07461553514, 1.25890790631, 1.12653463922, 0.933494985714, 6.50607912968, 1.00000027084, 1.00000029281, 118.063244083, 0.984225685824, 4.30176447859, 0.979893027872, 3.97930002573, 0.870000524083, 455.498530861, 24.2534704573
2.35733503978, 1.21479505678, 1.6630646988, 1.00000009966, 6.67892535255, 1.03600939997, 4.56817357227, 1.26000001272, 1.00000059263, 5.64008167909, 7.49474653667, 1.08478548569, 1.5714014235, 1.05191319906, 1.04540179455, 1.10783368068, 1.12559683206, 0.982209834015, 7.99562756703, 1.000000585, 1.00000081662, 81.4477747082, 0.992685624199, 2.59984073355, 1.05604199853, 4.34386839546, 0.870000815594, 782.076934912, 22.6994277071
2.92033865955, 1.20674963118, 1.7044541804, 1.00000061652, 5.3074621783, 1.18651262919, 1.68080633583, 1.26000079671, 1.00000008441, 5.87978417613, 5.12865407573, 1.02394370727, 1.87510427141, 1.07709461411, 1.07112398457, 1.17036836313, 1.10747196483, 1.01954102797, 9.51501679413, 1.00000067819, 1.00000054743, 117.478798326, 0.95086647177, 5.43010274629, 1.03716016772, 3.39993206542, 0.870000656049, 1231.23280055, 22.424153675
3.60419227725, 1.30447962844, 1.47928683017, 1.0000003179, 4.70965403018, 1.02059280216, 2.29205085217, 1.26000092112, 1.00000004169, 6.12082024857, 3.85943444418, 1.05369890494, 3.12882262003, 1.05916166964, 1.06270053161, 1.08351343636, 1.11869459107, 0.994706130358, 5.490793165, 1.00000098934, 1.0000003463, 108.126350508, 0.911241219773, 3.20751519981, 1.00040139433, 3.30479946512, 0.870000043297, 1285.48364494, 22.0990235063
2.62305210828, 1.07471097402, 1.5224982008, 1.00000016689, 6.32322268187, 1.02945097306, 1.65142550405, 1.26000062895, 1.00000089822, 5.16187054466, 3.47349779988, 1.05455871228, 2.98802984553, 1.05191319906, 1.03535665628, 1.38618518226, 1.11437997808, 0.944605998901, 3.00029780466, 1.00000033113, 1.00000081662, 86.4178239503, 0.912938004544, 1.16714616723, 1.06205264835, 3.98606048073, 0.870000944354, 478.12399576, 32.5624414077
4.34498125234, 1.30431299726, 1.37625851184, 1.00000029802, 5.60210600756, 1.15992473629, 3.08171791291, 1.26000009072, 1.00000038733, 5.89053356496, 5.0687085961, 1.04493629817, 2.57798333789, 1.01594713593, 1.01724289667, 1.19332635382, 1.0173818426, 0.93385741611, 5.49161618485, 1.00000029525, 1.00000004484, 88.6731128676, 1.04863109366, 1.83603328187, 1.06463642203, 3.3339052199, 0.870000448356, 483.419704258, 24.5677515066
5.31847043564, 1.42879507501, 1.45198179726, 1.00000086965, 4.61181158542, 1.16794726479, 5.31071170053, 1.2600002542, 1.00000093501, 5.85087980775, 5.51638692927, 1.04697961423, 3.27262510609, 1.06233508112, 1.00560072292, 1.38845921765, 1.09105515376, 0.940526521372, 4.86080942323, 1.0000002497, 1.00000082402, 105.28856247, 0.930349817026, 3.82556643847, 1.00329616273, 3.70270682576, 0.870000285626, 1230.08734633, 23.1432844191
2.0592631097, 1.16669405921, 1.47125243572, 1.00000096617, 5.92336575011, 1.10622333113, 4.13865559894, 1.26000014841, 1.00000011566, 5.621951492, 4.82667140603, 1.0648326193, 2.66457254642, 1.05345534937, 1.0042648551, 1.03567450407, 1.16762300163, 1.07194181216, 6.42646231298, 1.00000072688, 1.00000063653, 75.9608529468, 0.932448962471, 1.73210780434, 0.970830195193, 3.31828175827, 0.870000325697, 1504.19071668, 22.4205099633
2.99600073133, 1.26016434195, 1.4432156349, 1.00000064657, 5.26052712473, 1.14565166812, 2.82823935851, 1.26000034131, 1.00000035192, 4.9751875098, 5.63569703546, 1.09481109889, 2.68148477381, 1.08530564428, 1.04265907757, 1.48068132059, 1.01421885715, 1.07195631461, 4.67637070145, 1.00000010304, 1.00000017833, 79.9164269242, 1.00091151815, 1.53310282188, 1.04942195384, 4.23339113732, 0.870000937797, 1042.51661667, 25.0222858776
5.38478314501, 1.21525636224, 1.46609215893, 1.00000016404, 6.54043504199, 1.05309466018, 4.37810269549, 1.26000069458, 1.00000006226, 5.55744431279, 4.4211969586, 1.01259517145, 3.74906369798, 1.09355052325, 1.00068371761, 1.62867662798, 1.13199180331, 0.917871706002, 7.51181633659, 1.00000006126, 1.00000004351, 90.7198934496, 1.03410058771, 4.35024295124, 1.03252855525, 3.50219323608, 0.870000625683, 488.754023546, 35.0999567067
5.14163563021, 1.04276877691, 1.39479787571, 1.00000016928, 4.81162135897, 1.18376064433, 1.91744796316, 1.26000060858, 1.0000000666, 5.10175926474, 7.50870190958, 1.0538947036, 3.86601500513, 1.08694288062, 1.06631799237, 1.10689332541, 1.01932737548, 1.00839868119, 3.51847401876, 1.00000070298, 1.00000031498, 114.425096082, 1.07470332593, 4.70902063095, 1.05953978505, 3.68344066133, 0.870000352336, 559.760065605, 34.0184843858
4.01813513471, 1.0672301149, 1.35899675122, 1.00000052408, 5.53611458522, 1.01431724743, 1.32292274853, 1.26000060431, 1.00000059368, 5.10926121939, 7.72299628519, 1.03906085719, 3.60296771556, 1.05449433952, 1.04790527654, 1.51216880404, 1.04159833478, 0.938547573171, 9.95982307745, 1.00000044952, 1.00000071583, 94.4371594913, 0.95400953112, 3.60539135169, 0.972651574364, 3.9982669052, 0.87000048506, 1008.75740951, 26.2268605846
4.05464027638, 1.29559610789, 1.63404150274, 1.00000090852, 4.3725385262, 1.06451298055, 1.13751533104, 1.26000012468, 1.00000042291, 5.91948605847, 5.99073202422, 1.04314633831, 3.93283335355, 1.08601603211, 1.0560803481, 1.54909954669, 1.03143626545, 0.97672618144, 8.77639813841, 1.0000000233, 1.00000033893, 86.1457171984, 0.944898624083, 3.85634455291, 0.954880674484, 4.13596132694, 0.870000355162, 892.084648386, 29.6786426779
3.29520839517, 1.29182071091, 1.34806694839, 1.00000062141, 4.98571628601, 1.15192639435, 4.47676080876, 1.26000009553, 1.00000015721, 5.46840542213, 4.1269107677, 1.09317781271, 1.86726242053, 1.03857301795, 1.01203718683, 1.46461701495, 1.06654386172, 0.968459823567, 8.95120121669, 1.00000088171, 1.00000072826, 76.0378572772, 0.993761975482, 4.70514383654, 1.0520174354, 4.26015712968, 0.870000254489, 1118.6705367, 25.0139037205
4.99926115233, 1.21525636224, 1.46609215893, 1.00000016404, 4.8884813914, 1.05309466018, 4.37810269549, 1.26000069458, 1.00000006226, 5.55744431279, 4.4211969586, 1.01259517145, 3.74906369798, 1.05013798257, 1.00068371761, 1.62867662798, 1.13199180331, 0.917871706002, 7.51181633659, 1.00000006126, 1.00000004351, 90.7198934496, 1.03410058771, 4.35024295124, 1.03252855525, 3.50219323608, 0.870000713256, 1330.94184948, 23.2461975466
4.61788135887, 1.27583850714, 1.50186022438, 1.00000079954, 5.86216889279, 1.00660263908, 3.20429903285, 1.26000000028, 1.00000098343, 5.08879121993, 7.25025920954, 1.06107927098, 2.04156557494, 1.06376715782, 1.00369119479, 1.34258630041, 1.1379366217, 1.02051396884, 9.80054191682, 1.00000021522, 1.00000051999, 100.230825861, 0.934545895159, 5.95917864959, 0.970856869447, 4.34361405156, 0.870000199837, 1108.33374529, 25.988934824
5.71659383517, 1.27039661611, 1.71811082047, 1.00000050861, 4.91172907826, 1.05365873903, 1.675199586, 1.26000019245, 1.00000011078, 5.24184406342, 6.7840078071, 1.04230244989, 2.2491995473, 1.05091668592, 1.00221857094, 1.60815448426, 1.03234268927, 0.930061671189, 6.43684623599, 1.00000060662, 1.00000090086, 101.795045096, 1.03210996484, 4.84646156694, 0.968052573891, 3.73709313383, 0.870000833522, 596.044354675, 34.7157178453
4.66706714522, 1.2808773369, 1.65199536614, 1.00000093662, 5.86347850622, 1.02663211076, 4.18717966773, 1.26000029763, 1.00000047858, 5.23411980846, 3.19751877724, 1.0498472665, 4.02346744845, 1.05291459379, 1.05602172425, 1.33238043191, 1.02269572777, 1.04796503314, 9.28869126537, 1.00000032664, 1.00000047152, 116.436602199, 0.97954944017, 1.97610555933, 0.989015344703, 4.14668642895, 0.870000418726, 981.492731503, 30.2293283089
3.36885828228, 1.01011432052, 1.36446086692, 1.00000007456, 4.51239474264, 1.06307950323, 4.13015230831, 1.26000077114, 1.00000068265, 5.30580480708, 3.21943006118, 1.02319160516, 3.19517009512, 1.00636248095, 1.08232674979, 1.37174822407, 1.16906810205, 1.0393694228, 8.5142109666, 1.00000018729, 1.00000046256, 79.1724911505, 1.05093034647, 4.93137667761, 1.01739046992, 4.36970310919, 0.870000674566, 1357.95927022, 23.6319902681
1.53304216514, 1.38104649604, 1.35669132185, 1.00000032175, 6.54203173496, 1.17607923068, 5.96469563514, 1.26000062214, 1.00000019207, 5.20358714818, 5.11669376582, 1.00246372453, 3.92927189548, 1.09699909729, 1.05933310224, 1.48658305173, 1.0560797021, 1.05607594868, 4.08459221836, 1.00000089309, 1.00000011945, 80.0206478191, 0.997238745298, 3.80628915433, 1.00960290073, 4.1098723437, 0.870000632944, 1439.58626686, 23.3124710561
5.88446274081, 1.40657518475, 1.70321706449, 1.00000043692, 6.34065446882, 1.18982640767, 5.5750285993, 1.26000096834, 1.00000017169, 5.18228875101, 3.3077443496, 1.08641966846, 3.7269810115, 1.0345534647, 1.05536111603, 1.60248807549, 1.04167135772, 1.02554989921, 9.69631512384, 1.00000089818, 1.0000005354, 95.6572052325, 0.9822824749, 2.15005650254, 1.06750167541, 4.37986883305, 0.870000749697, 1274.57883218, 28.156326675
5.09519078684, 1.23817975487, 1.72505654587, 1.00000089318, 6.88881157643, 1.11444487591, 1.02217137797, 1.26000040614, 1.0000003777, 5.59298712395, 4.2050222869, 1.00820064857, 1.69148056138, 1.06501639635, 1.03726355836, 1.59122913095, 1.13913661794, 1.07073362489, 3.14933769958, 1.00000006799, 1.00000049173, 108.569048822, 1.05904126424, 1.29517125282, 0.95945248668, 4.07810765605, 0.870000344234, 661.588194526, 35.8911769809
3.36684404219, 1.02199359666, 1.36351466884, 1.00000040573, 4.42191159683, 1.04765618619, 4.7925598675, 1.26000046314, 1.00000006857, 6.00034821473, 6.79984514743, 1.07056784764, 2.95654442767, 1.08454609345, 1.06448264036, 1.22203501981, 1.16696015685, 0.927917302851, 9.03397843568, 1.00000079494, 1.00000091083, 90.3986277139, 0.942858087271, 5.11779109594, 0.960967602975, 4.26034415892, 0.870000566259, 982.996561778, 30.2705882298
3.40029749425, 1.4052107042, 1.64454011627, 1.00000010248, 6.95193882529, 1.15150965909, 1.50981232225, 1.26000099159, 1.00000064986, 5.39347531864, 7.41394245317, 1.00457428452, 2.88492712651, 1.01900801532, 1.00699945888, 1.07856770708, 1.01906695578, 1.07266081166, 4.57002698981, 1.000000591, 1.00000051926, 82.5022565831, 0.956407788641, 3.37346959179, 1.00558131163, 4.04992476272, 0.870000112938, 1403.50232554, 23.7000548308
2.00561045577, 1.12606739905, 1.36492901859, 1.0000001952, 6.59757988061, 1.10412203244, 2.5342809558, 1.26000006673, 1.00000097984, 6.11827469702, 7.05743316402, 1.00503058983, 3.22596656833, 1.05076110108, 1.00824597282, 1.48878334783, 1.04375181832, 0.911938713772, 9.3701959901, 1.00000015844, 1.00000059188, 114.069282548, 0.981075425821, 4.452916998, 0.989706178345, 3.89421817475, 0.870000699492, 800.624351329, 37.2961985493
2.17859339903, 1.21103531425, 1.57189070809, 1.00000040163, 4.50347322375, 1.05869366916, 3.84318114876, 1.2600004825, 1.00000025347, 5.80950459551, 3.68038514096, 1.03885795034, 3.85642308948, 1.0067738125, 1.06808952441, 1.22450345033, 1.10401795294, 0.969359557973, 7.64809181738, 1.00000094833, 1.00000021144, 89.0054901133, 0.967061501588, 5.39347865495, 1.0270706663, 3.50439362945, 0.87000090102, 672.169204916, 37.6223733117
2.362414568, 1.21331343568, 1.42399899437, 1.00000047185, 5.1524665183, 1.1139346789, 2.17954450284, 1.26000076166, 1.0000003458, 5.25454362485, 3.77454686089, 1.04176367072, 2.09803124988, 1.03645911499, 1.02705160185, 1.30679264223, 1.07335140509, 0.96400524022, 8.17080638801, 1.00000015374, 1.00000058625, 115.156909178, 0.979560623411, 4.9537729633, 1.04415485542, 4.10051798555, 0.870000868287, 1174.65157423, 30.7451403639
4.75449394317, 1.33320773271, 1.69567996341, 1.00000021296, 4.76637882306, 1.01043276995, 3.31294356887, 1.26000015266, 1.00000011568, 5.96168013803, 7.4052943845, 1.00383601118, 3.23909969956, 1.03381558508, 1.01400453128, 1.62932993046, 1.09849603527, 0.96058678327, 7.17936692672, 1.00000069582, 1.00000021711, 120.838427598, 0.93172500257, 4.20968740086, 0.954713355207, 3.92079286355, 0.870000679267, 1031.83608507, 30.9089994564
1.75499475544, 1.39143704745, 1.73093546187, 1.00000084188, 5.55045548859, 1.02470173102, 2.39680012018, 1.26000002453, 1.00000096909, 5.71178863633, 4.503447279, 1.08654490782, 2.50695842199, 1.01680513618, 1.00838255429, 1.30165797608, 1.09470263802, 0.945497672967, 4.28926298801, 1.00000024699, 1.00000063375, 82.1869203687, 1.01332447336, 5.49475519422, 1.03927346986, 4.23039918882, 0.870000548996, 1592.160474, 23.939241635
4.05464027638, 1.29559610789, 1.37024831683, 1.00000090852, 4.3725385262, 1.06451298055, 1.13751533104, 1.26000040614, 1.00000005085, 5.91948605847, 5.99073202422, 1.04314633831, 3.93283335355, 1.08601603211, 1.0560803481, 1.54909954669, 1.03143626545, 0.97672618144, 8.77639813841, 1.0000000233, 1.00000033893, 86.1457171984, 0.944898624083, 3.85634455291, 0.954880674484, 4.13596132694, 0.870000355162, 1450.3146157, 28.0587023889
5.06417369287, 1.13731516583, 1.44121848364, 1.00000037416, 4.78593894492, 1.16726706103, 4.08026853197, 1.26000019494, 1.00000040401, 6.11797202084, 6.27472277926, 1.00024261251, 2.01858604482, 1.08110398519, 1.0679505504, 1.04029932199, 1.00745320352, 1.075685554, 8.5339022127, 1.00000011012, 1.00000062097, 104.689988148, 0.92447942019, 3.07293593668, 0.993547794966, 4.29551503659, 0.870000020468, 1480.0618377, 24.2918420536
4.12309812721, 1.0362272825, 1.40256448275, 1.00000081986, 5.33859815681, 1.10474721855, 5.46597836687, 1.2600002103, 1.00000073196, 5.82369163972, 5.91423129155, 1.0689905229, 2.59929841709, 1.10286303915, 1.05626266101, 1.60472879233, 1.00276864043, 1.06424174328, 8.16275556111, 1.00000037087, 1.00000065532, 78.6256216582, 0.937996014836, 3.24811049006, 1.03038609433, 3.60846059108, 0.870000708768, 700.22804993, 38.352107929
2.92289458077, 1.02732333773, 1.37706463389, 1.00000005031, 4.30962844271, 1.10911819276, 5.82611389932, 1.26000062827, 1.00000014229, 5.14656037468, 7.50214965234, 1.09740927222, 2.11989840399, 1.03274225732, 1.02420109307, 1.5614646194, 1.06285569632, 0.946436646331, 8.25536114884, 1.0000000973, 1.00000040802, 107.167171704, 1.01220773108, 3.11095704529, 0.951366835257, 3.98750266976, 0.870000385296, 1121.01778152, 31.3983580114
2.63664894409, 1.02696319934, 1.52794401186, 1.00000065227, 5.7095254298, 1.02268627925, 4.96986749049, 1.26000060354, 1.00000043812, 5.94204361265, 3.63278785457, 1.00597956284, 1.06409639785, 1.05319928861, 1.08081248013, 1.59428172229, 1.01105344611, 0.97598699089, 4.81948732715, 1.00000065793, 1.00000067227, 97.5743121247, 1.06853866968, 2.81781589571, 0.98585731001, 3.98098490973, 0.870000718577, 1090.89039738, 32.8348985738
2.92289458077, 1.02732333773, 1.37706463389, 1.00000068671, 4.64970681768, 1.10911819276, 5.82611389932, 1.26000062827, 1.00000014229, 5.57385004422, 7.50214965234, 1.09697564816, 3.53895986896, 1.03274225732, 1.02420109307, 1.5614646194, 1.06285569632, 1.05789017856, 8.25536114884, 1.0000000973, 1.00000040802, 107.167171704, 1.07174824437, 3.11095704529, 0.960180554339, 3.62162476511, 0.870000385296, 1806.34391418, 24.0216148993
3.2875386227, 1.42277860627, 1.54024505388, 1.00000069017, 5.11912254683, 1.08223248164, 3.2501400064, 1.26000095098, 1.00000096507, 5.49393441616, 5.73602701821, 1.09915338852, 3.55582658647, 1.10715757609, 1.01375605093, 1.07712105926, 1.16854769846, 1.01442421936, 4.56294490658, 1.00000043034, 1.00000047638, 104.03526291, 1.01814565828, 2.7641333017, 0.982907658308, 3.79003021087, 0.870000217516, 1657.38925912, 24.1274418753
2.05660568781, 1.33675578832, 1.54385375733, 1.00000045511, 6.89351159194, 1.15199370301, 1.80663159009, 1.26000022728, 1.00000018306, 5.42048166607, 3.90113187397, 1.03660910138, 2.67985967114, 1.08121087854, 1.07550041613, 1.26042448253, 1.09184624531, 1.04998828068, 7.00429569274, 1.00000008745, 1.00000045206, 113.429198158, 0.929506514915, 1.16865841159, 1.06701504185, 3.39895078785, 0.870000918992, 1540.62473393, 27.8962951761
2.73398029546, 1.42328284326, 1.63608410635, 1.00000003238, 6.12774068756, 1.13125486607, 2.31565848643, 1.26000080389, 1.0000005629, 5.42672339908, 7.0975075225, 1.02132309325, 2.32074877012, 1.02660030336, 1.05330884959, 1.23372108132, 1.01558131563, 1.04554370763, 6.52419437577, 1.00000070719, 1.00000086975, 107.085141108, 0.978646624227, 4.77267794488, 0.995502370052, 4.36216714616, 0.870000190074, 1512.47459799, 28.8068198428
4.55122128861, 1.08497648082, 1.36804126952, 1.00000043419, 5.594368403, 1.17144844807, 5.92900694664, 1.26000000964, 1.0000006856, 5.53013979413, 6.26097476377, 1.04661516008, 3.10222350009, 1.02831024933, 1.06855180337, 1.37135171467, 1.13169048502, 1.01212691372, 9.42153132589, 1.00000035336, 1.00000053709, 122.935680649, 0.952936977492, 4.00241204942, 1.00695594747, 3.29175992021, 0.87000001144, 1538.90484796, 28.0494048284
2.86605292575, 1.09955543567, 1.48808961788, 1.00000052186, 6.9673647309, 1.00936327182, 5.06616221579, 1.260000827, 1.00000060697, 5.85087980775, 6.32723604611, 1.04910096941, 1.2462514866, 1.04938991049, 1.00206612452, 1.09141364199, 1.12006108955, 1.07307474841, 3.10583353001, 1.00000004029, 1.00000027855, 90.081005401, 0.978974758825, 3.85581704047, 1.06628023506, 3.48452434118, 0.870000501132, 904.131269199, 38.6725372325
2.01885101927, 1.39741507182, 1.61228079579, 1.00000008817, 5.94781514618, 1.1691381719, 2.68383976625, 1.2600007691, 1.00000068868, 5.47312218369, 3.20078540056, 1.06440281909, 2.18320716711, 1.02407498626, 1.08351503031, 1.30386110498, 1.03576753499, 1.0837125266, 7.41723400667, 1.00000035045, 1.0000005782, 102.534494152, 1.02206261346, 4.34757773131, 1.03494858871, 3.65655760381, 0.870000991991, 842.081897147, 39.1338514111
1.76820371519, 1.12378673566, 1.54294284501, 1.00000011584, 4.54273639542, 1.06598630378, 4.61599243692, 1.26000023221, 1.00000014793, 5.72927943566, 5.76332277612, 1.08478886503, 1.94328111099, 1.11970207384, 1.03121273078, 1.14568228407, 1.06127705236, 0.9127838126, 5.26372591803, 1.00000055967, 1.00000027684, 76.6135997302, 0.921689317261, 3.57495907613, 0.985056832555, 3.9831140465, 0.870000245015, 798.730134237, 39.9933289919
3.05323870061, 1.01660167589, 1.56589801404, 1.00000057935, 6.76065390041, 1.12978301315, 1.79229617934, 1.26000011348, 1.00000095199, 4.96836196282, 3.14018326341, 1.0875863813, 1.0290957778, 1.09791918701, 1.01944066904, 1.49255119393, 1.1045035672, 0.980789528893, 8.81483755069, 1.00000008006, 1.00000011719, 77.3290249154, 1.05025919055, 5.46230696215, 1.05704334294, 3.31146463012, 0.870000856585, 1143.34639554, 32.5497285901
3.46472569396, 1.33968930293, 1.60449609181, 1.00000046349, 4.39577347688, 1.15188430249, 4.93140107896, 1.26000015689, 1.00000076608, 5.87973701967, 7.37957967711, 1.06780140666, 2.43039074544, 1.08710825921, 1.02449773086, 1.32900809284, 1.02088457357, 0.958290762347, 8.29616285627, 1.00000073791, 1.00000000883, 86.7062715641, 0.940225240975, 5.30621122248, 1.02991999805, 3.98908677665, 0.870000103328, 1844.49796123, 25.5761065408
2.49661795569, 1.09937955777, 1.67881798987, 1.00000068885, 5.2617759342, 1.00970942083, 1.59346406608, 1.26000055709, 1.00000079498, 5.00124015866, 4.85898028564, 1.02059131712, 3.11297442194, 1.01677687924, 1.01215586845, 1.62316521735, 1.09730398264, 1.05342276276, 5.27537495576, 1.00000089725, 1.00000037118, 86.8375651078, 0.919113202863, 2.56717701325, 1.00931392698, 3.63648471698, 0.870000640852, 1746.7336303, 26.3858343119
1.16388067994, 1.11687168372, 1.64086503511, 1.0000009244, 5.35741025634, 1.15045054225, 3.73281587156, 1.26000076186, 1.00000025145, 5.46681867667, 6.91612248202, 1.09777035964, 3.1685906789, 1.00197086301, 1.05316072768, 1.27588422848, 1.02936727055, 0.987713799893, 8.18076550578, 1.00000084333, 1.00000005725, 76.9590167779, 1.01960843277, 4.95753905724, 0.967422587085, 3.53190868939, 0.870000849226, 1579.87083491, 28.9598295347
2.80492172883, 1.27438699081, 1.45131389132, 1.00000083383, 4.77430317314, 1.0953828255, 2.23603199615, 1.26000044042, 1.00000050112, 5.16318621202, 6.33198168645, 1.02596797725, 3.10667763248, 1.01915393654, 1.04655252431, 1.53974791005, 1.14242556311, 0.912060188428, 6.08427031989, 1.00000077371, 1.00000024719, 106.585706917, 1.01036294088, 2.86039584496, 1.05324059081, 3.4728588656, 0.870000928587, 1696.78943504, 28.8184387074
5.31847043564, 1.42879507501, 1.45198179726, 1.00000086965, 6.1591744394, 1.16794726479, 5.31071170053, 1.2600002542, 1.00000097132, 5.98589213383, 5.51638692927, 1.04697961423, 3.43952339571, 1.06233508112, 1.00560072292, 1.38845921765, 1.09105515376, 0.940526521372, 6.75200971141, 1.0000002497, 1.00000082402, 105.28856247, 0.930349817026, 3.82556643847, 1.00329616273, 3.70270682576, 0.870000285626, 802.160466844, 40.7039673145
5.50033830736, 1.24384623538, 1.72146477409, 1.000000158, 4.50837971681, 1.15671863744, 1.06105630843, 1.26000036479, 1.00000027249, 5.89387566584, 5.82094697763, 1.07396960581, 3.00552690671, 1.01714729585, 1.00132060594, 1.13642981068, 1.03558551391, 0.978421650666, 9.04108197113, 1.00000063564, 1.00000047432, 107.828530039, 1.0045439836, 3.87716570468, 0.983792334545, 3.90674544248, 0.870000218611, 1165.01545328, 34.2538416362
3.2875386227, 1.02597409644, 1.38252001543, 1.0000001917, 5.22590972289, 1.1420530122, 1.41606342961, 1.26000067279, 1.00000048331, 5.76323401456, 5.99220274743, 1.04003941457, 3.60858335466, 1.06502462202, 1.03688423418, 1.58129339601, 1.03872243824, 0.972309985885, 3.68106315963, 1.00000076108, 1.00000029653, 117.319028503, 0.973005646349, 1.2482452758, 1.02903954336, 3.40690293185, 0.870000079127, 1303.72222609, 33.7920487065
5.74891919575, 1.31772132761, 1.69785168642, 1.00000055598, 6.09335355214, 1.03499030013, 3.74319108739, 1.26000066556, 1.00000002456, 4.99449051527, 4.27215890046, 1.05633519239, 3.17255547686, 1.08340995967, 1.04000940444, 1.0438300408, 1.01007609024, 1.04603623594, 3.14530517644, 1.00000012936, 1.00000046933, 105.482066504, 0.934133200641, 5.63834892718, 0.966734463728, 3.446387354, 0.870000224262, 1326.80284589, 33.2454056437
4.54856465484, 1.19491126301, 1.4679597911, 1.0000001955, 6.67021310156, 1.16847139296, 5.03677421487, 1.26000059114, 1.00000060759, 5.35594153133, 4.99279167204, 1.08632149376, 3.64429099095, 1.08717524576, 1.03737501681, 1.13017662151, 1.08563613741, 1.05340338345, 8.27345671425, 1.0000004345, 1.00000057965, 113.68126554, 0.910551024457, 3.65813167355, 0.960739919532, 3.91207880395, 0.870000144697, 1980.37184779, 25.8744633911
5.87640528154, 1.02238035019, 1.6523842658, 1.00000064429, 6.25127315891, 1.18973454085, 1.5228985285, 1.26000007772, 1.00000076162, 5.04936575991, 4.46769401641, 1.01183751649, 1.33173946085, 1.09083325369, 1.0358260307, 1.5603353393, 1.11197948058, 1.08218186909, 6.7929286792, 1.00000015598, 1.00000008928, 118.582009966, 1.07291110637, 1.8510225514, 0.960122891994, 3.55537457754, 0.87000028025, 1891.98927711, 27.4982414601
2.9438571948, 1.09957928004, 1.42691100625, 1.00000033472, 5.34179150821, 1.03232385465, 1.80162311797, 1.26000016524, 1.00000092229, 5.15982608561, 6.94041521716, 1.01282839642, 3.66871541213, 1.00830485522, 1.01821082832, 1.55057063084, 1.05488676396, 0.992551205691, 9.41443442289, 1.00000096382, 1.00000007184, 88.5678040259, 1.01204456638, 4.7285567314, 0.95807565246, 3.61817903503, 0.870000630685, 1821.11830308, 29.2806110346
3.60419227725, 1.30447962844, 1.47928683017, 1.0000003179, 4.47371535462, 1.02059280216, 2.48247579854, 1.26000060636, 1.00000004169, 6.12082024857, 3.85943444418, 1.05369890494, 3.12882262003, 1.05916166964, 1.06270053161, 1.4104076384, 1.11869459107, 0.994706130358, 5.490793165, 1.00000098934, 1.0000003463, 108.126350508, 0.911241219773, 3.20751519981, 1.00040139433, 3.30479946512, 0.870000043297, 897.836327964, 40.7553727521
4.07104129702, 1.30778223555, 1.36817782155, 1.00000004689, 6.49933520983, 1.17756422867, 2.87556379357, 1.26000071005, 1.00000037749, 6.17962921072, 6.61763887857, 1.06846186, 3.59633215798, 1.1127538041, 1.07786314219, 1.20642532698, 1.1464387434, 0.939764503493, 9.58730577579, 1.00000030368, 1.00000022315, 83.3426399398, 0.996787679602, 3.18916539517, 1.03161933485, 3.49855546987, 0.870000227183, 1376.29395103, 33.8245302733
5.23510503188, 1.07356382771, 1.65879994654, 1.00000068671, 4.64970681768, 1.07458085576, 5.31572966091, 1.26000081529, 1.00000081679, 5.39856795096, 6.13271620154, 1.09656661293, 3.69393245847, 1.09516049191, 1.02205844631, 1.22108867211, 1.13017307453, 0.942921194802, 6.43256308347, 1.00000083392, 1.00000038008, 114.087896241, 1.07174824437, 1.52065104206, 0.986989877486, 3.69929336499, 0.870000706401, 2027.73280039, 26.2750771996
4.28484454082, 1.16717647563, 1.36305478176, 1.00000059558, 6.86400497623, 1.00941954794, 5.50171398528, 1.26000003705, 1.00000072229, 5.94832688355, 6.67821512927, 1.06438810713, 3.78333386763, 1.10185081714, 1.00759892475, 1.25104134346, 1.15855082168, 1.10815324105, 7.59958047692, 1.00000067943, 1.00000031857, 89.617560892, 0.997807118486, 2.45900249486, 1.03925545024, 3.70137742134, 0.870000197239, 1893.74987818, 30.0072365715
3.27152371904, 1.13917471715, 1.65336721577, 1.00000092039, 6.76331557802, 1.12442058767, 5.00234534926, 1.26000079005, 1.00000050564, 5.51295826624, 5.6798559005, 1.09595855494, 1.10514816518, 1.03290919466, 1.08329722653, 1.28699483525, 1.10470526606, 0.977396543846, 4.62231064683, 1.00000046926, 1.00000006745, 87.4709937318, 1.01465166591, 1.28216051575, 0.964776938629, 3.4717603151, 0.870000079834, 1921.86313988, 29.6906077509
5.48569312412, 1.38133045721, 1.71232595504, 1.00000006588, 4.99400849426, 1.10283565228, 4.00661564042, 1.26000051786, 1.00000090219, 5.41431297635, 7.62206243029, 1.07509973888, 2.01270331323, 1.08600244258, 1.02962749083, 1.38141996886, 1.09780367412, 1.06546593071, 4.47343523374, 1.00000055093, 1.00000071304, 116.39846307, 0.955177793474, 4.8904249277, 0.981114306759, 3.63963148129, 0.870000317603, 929.881209549, 42.2715446052
5.14163563021, 1.04276877691, 1.39479787571, 1.00000016928, 4.81162135897, 1.18376064433, 1.91744796316, 1.26000060858, 1.0000000666, 5.10175926474, 7.50870190958, 1.0538947036, 3.97855835687, 1.08694288062, 1.06631799237, 1.10689332541, 1.01932737548, 1.00839868119, 3.51847401876, 1.00000070298, 1.00000031498, 114.425096082, 1.07470332593, 4.70902063095, 1.06592660306, 3.68344066133, 0.870000535745, 1602.26872798, 33.8689499838
2.62305210828, 1.21687145404, 1.5224982008, 1.00000016689, 6.32322268187, 1.02945097306, 1.65142550405, 1.26000062895, 1.00000089822, 5.16187054466, 3.47349779988, 1.05455871228, 2.98802984553, 1.10721759812, 1.03535665628, 1.38618518226, 1.11437997808, 0.944605998901, 3.00029780466, 1.00000033113, 1.00000015122, 86.4178239503, 0.919137761905, 1.16714616723, 1.06205264835, 3.98606048073, 0.870000944354, 1518.52637888, 33.9995716395
1.93995505567, 1.27997937004, 1.49757035368, 1.00000003238, 4.42069846224, 1.10525156565, 5.72928118835, 1.26000015088, 1.0000000179, 6.09412945215, 5.4496231644, 1.00685901354, 2.20618794033, 1.02208505953, 1.08517225151, 1.60101766521, 1.10316211335, 0.983453792428, 4.56033079776, 1.00000051411, 1.00000042664, 84.1085794762, 0.927673120231, 3.63733739806, 1.01779409573, 4.24166662531, 0.87000059564, 2441.77573527, 26.7413917862
3.56049860556, 1.15185769716, 1.54276133695, 1.00000034876, 6.70994730961, 1.18154009837, 1.85444583559, 1.26000056522, 1.00000073929, 5.04681026158, 5.21223773824, 1.07801820202, 1.51029292551, 1.02613809802, 1.05992133781, 1.28515504769, 1.01640051976, 1.10807801238, 5.96289366212, 1.00000071272, 1.00000086398, 97.4132219363, 1.05084735317, 2.78576674931, 1.01092752375, 4.12325382692, 0.87000087179, 2248.83902884, 26.9804818147
4.28484454082, 1.16717647563, 1.36305478176, 1.00000051213, 5.00124943145, 1.0069814705, 5.50171398528, 1.26000003705, 1.00000072229, 5.94832688355, 6.67821512927, 1.06438810713, 3.33772213518, 1.10185081714, 1.00759892475, 1.25104134346, 1.15855082168, 1.10815324105, 7.59958047692, 1.00000067943, 1.00000031857, 89.617560892, 0.997807118486, 2.45900249486, 1.03925545024, 3.70137742134, 0.870000197239, 2472.38759306, 26.6618351751
5.06417369287, 1.13731516583, 1.44121848364, 1.00000037416, 4.45356850721, 1.16726706103, 4.08026853197, 1.26000019494, 1.00000040401, 6.11797202084, 6.27472277926, 1.00024261251, 2.01858604482, 1.08110398519, 1.0679505504, 1.04029932199, 1.00745320352, 1.075685554, 8.5339022127, 1.00000016839, 1.00000062097, 104.689988148, 0.92447942019, 3.07293593668, 0.993547794966, 4.29551503659, 0.870000535745, 1923.46290184, 31.1524856896
1.86765679468, 1.1423732692, 1.4269572811, 1.00000031843, 6.45242025038, 1.0386534443, 2.53829096637, 1.26000018681, 1.00000043617, 6.05923095858, 5.19748017425, 1.0320142748, 2.8311668188, 1.08466194621, 1.06699412784, 1.55789649181, 1.06069535486, 1.02907396979, 5.73661869164, 1.00000076237, 1.00000046776, 104.808630207, 0.969144209382, 1.9721372587, 1.06916353142, 4.11664300832, 0.870000301917, 1029.60577926, 42.2843146662
