2.32940347562, 1.00000077123, 1.5740276058, 1.20923099601, 3.74229742745, 0.855858164616, 1.01434938471, 1.04328249343, 0.99802669746, 4.67699877019, 6.14347599596, 1.02425483585, 1.17614756296, 1.13336710917, 1.09000065393, 1.07568365111, 1.00515784236, 0.944640013299, 9.45399163039, 0.99562041666, 0.832993114591, 768.174313954, 1.13641028085, 4.41431112919, 0.992538264679, 2.03852591673, 1.00776433863, 218.640994089, 0.0
5.43945669223, 1.00000094505, 1.15203947083, 1.07984607102, 3.09381284588, 0.720082772809, 5.31659887105, 1.22268496031, 0.9706575419, 4.21114140074, 5.52063465483, 1.02039331581, 3.98938686231, 1.21127302877, 1.09000060426, 1.01773268525, 1.01982030939, 0.977096886124, 9.30281611478, 1.13321352014, 0.954512403493, 449.976300707, 0.954927365792, 4.82598132523, 1.16501475389, 4.06727854196, 1.12521699377, 317.535375772, 0.268096514745
3.5219687604, 1.00000081774, 1.00856893337, 0.808570473193, 5.31081954733, 0.987242134545, 4.98521413696, 1.25931421068, 0.959123816692, 1.43560461564, 4.78292981147, 1.07238727621, 4.07538455502, 1.27215121484, 1.090000739, 1.06449343923, 1.00088296154, 1.05218360564, 3.26918592611, 0.985392196691, 0.927665758733, 778.787198401, 0.944864141325, 3.60399419862, 1.21636587474, 3.58275864392, 1.07876998589, 926.825268708, 0.0
5.88117148588, 1.00000001724, 1.43011760626, 0.881068302007, 4.2472891556, 0.910555560357, 3.90456853188, 1.12486140302, 0.928320967888, 6.07943025419, 5.27511824953, 0.870478155044, 4.31048334001, 1.28035286149, 1.09000012638, 1.0105937541, 1.04137792288, 0.832776858726, 8.49222190124, 1.04904861924, 0.760550854035, 340.437463021, 1.15304093577, 4.3998974726, 1.15021639813, 1.47726921524, 0.938676988782, 252.408229425, 1.60857908847
1.50170620648, 1.00000004158, 1.56531325355, 1.19265205168, 4.46914594331, 0.951897308082, 5.17971102355, 1.09427547807, 0.90301946174, 3.27310477181, 5.4046005521, 1.1313731976, 4.1327011168, 1.06198045833, 1.09000030717, 1.00804769024, 1.01029648177, 1.14257255375, 8.8382458702, 0.990070194317, 0.86082578764, 21.7576005418, 1.17886877415, 5.12202792971, 1.06336046595, 3.01204437534, 1.0105093506, 228.789375355, 2.9490616622
5.63297846871, 1.00000007675, 1.33589541907, 1.00665872649, 2.58461989789, 0.898496802762, 3.78714554424, 1.11080128475, 0.968382230611, 5.87464906344, 5.05307900294, 1.20983124866, 2.34946593717, 1.25461555702, 1.09000047879, 1.067376478, 1.031101679, 0.911941577653, 8.71982620517, 1.17418542918, 0.795231765496, 159.149313361, 0.91634574372, 1.78493280926, 1.15655208143, 4.5741150751, 0.90182460878, 758.118532058, 0.268096514745
3.42849516732, 1.00000058321, 1.68347091323, 0.909737046838, 6.30672118898, 0.797054567617, 5.53117714401, 1.23638466831, 0.96276683407, 1.7985011148, 5.7284865296, 0.856441681346, 3.2185890606, 1.2497368837, 1.09000037195, 1.02380951097, 1.03672113104, 0.819867675642, 5.53509964814, 1.02704249862, 0.946660654614, 675.814885218, 1.04383421083, 2.06967806192, 1.18428926044, 2.71948477001, 1.26725897509, 350.428821235, 0.536193029491
5.04250205528, 1.0000001735, 1.72817919053, 0.86341714221, 5.47752522701, 0.904127889195, 4.08612042891, 1.12153699805, 0.917946627053, 4.76474597497, 5.91944279226, 1.19129952216, 4.36289811532, 1.15371626365, 1.0900002281, 1.09823884087, 1.03459369669, 1.17390769043, 4.17909182611, 1.13134146484, 0.771528091151, 714.066448154, 1.15365577182, 3.44206739685, 1.051100993, 4.1711119565, 1.18115786505, 331.296388513, 0.804289544236
3.19166858274, 1.00000096063, 1.20718284747, 0.928486268949, 4.30510010715, 0.980140465109, 2.10007922623, 1.24374672214, 0.915219424797, 2.29877884651, 5.87679204335, 1.02200448378, 5.05345155827, 1.1900461722, 1.09000053319, 1.0924871024, 1.03649832567, 0.819939180579, 5.46959641886, 1.07331997351, 0.819150483308, 279.165542467, 1.07142862512, 2.71423950415, 1.10764167303, 2.65310283796, 1.17499458129, 1362.37254834, 0.0
3.39505068834, 1.00000029556, 1.29577690741, 1.13388921676, 6.57608829835, 0.728814766471, 2.62663243545, 1.11904543359, 0.927541349885, 1.81541075974, 5.70999852835, 0.856441681346, 3.94903657585, 1.01795932448, 1.0900006018, 1.08522408763, 1.04484852862, 1.21897816797, 7.60066165504, 1.16085841664, 0.952002865981, 118.668546288, 0.929795609269, 4.54164605219, 1.18297892437, 4.65554596661, 0.996829587935, 660.433495937, 0.536193029491
4.04480238009, 1.00000082608, 1.30867129754, 1.01634830811, 6.94126347324, 0.828085838669, 3.02402401843, 1.23724474316, 0.988836722739, 4.95274145483, 6.23079646425, 1.21774192883, 4.02527481433, 0.885268150776, 1.09000029299, 1.0276479754, 1.0281128643, 1.17738515175, 3.21998515049, 0.950178504282, 0.96617472922, 183.047648572, 1.02466578137, 2.56102831833, 1.19200445641, 3.87524508383, 1.08540045221, 544.09291841, 1.07238605898
1.75282032744, 1.00000063737, 1.39895203763, 0.869666965464, 1.54378264295, 0.71608538322, 4.51416793743, 1.14783670937, 0.947607429019, 1.62109920362, 6.15096900439, 1.15502912405, 4.64439707361, 0.913945603032, 1.09000089282, 1.09261681312, 1.00126684133, 1.01785619375, 9.01406995348, 0.935752309774, 0.982784543418, 787.331612536, 1.11614004787, 4.3946293491, 1.14503062604, 4.10229060346, 1.13673983846, 533.309897549, 1.60857908847
3.42849516732, 1.00000058321, 1.67166633121, 1.11734386792, 6.30672118898, 0.797054567617, 5.53117714401, 1.16188879726, 0.96276683407, 1.7985011148, 5.44986350118, 0.866888533345, 3.2185890606, 1.2497368837, 1.09000037195, 1.02380951097, 1.03672113104, 0.862470435869, 4.99822534644, 1.02704249862, 0.946660654614, 675.814885218, 1.05252819555, 2.06967806192, 1.18428926044, 2.71948477001, 1.26725897509, 499.939992915, 3.21715817694
3.57392507976, 1.00000028007, 1.2762062401, 1.00330072442, 1.49455936802, 0.882498716292, 2.08702094426, 1.04687315198, 0.900377037678, 5.77453875206, 4.82877203136, 1.16665174775, 4.76764524202, 0.852636985994, 1.09000020433, 1.07956538254, 1.02103615675, 1.09860930984, 4.42685546835, 1.04233647274, 0.785441417953, 864.281769231, 1.14682410031, 1.50484903146, 0.995771459148, 5.39231538205, 1.24831430251, 1805.88164043, 0.0
2.70821606327, 1.00000071033, 1.23505093179, 1.02618706328, 4.45617452754, 0.948434950111, 3.73115493192, 1.09283341591, 0.909923380366, 3.6731986349, 4.88768425851, 1.11438377306, 2.33881920117, 0.951027546429, 1.09000090953, 1.0507174516, 1.00927153133, 1.21936565438, 3.48196177609, 1.15687596643, 0.944594754377, 889.105614786, 0.961822254792, 3.34276262027, 1.11638477794, 3.35438109625, 1.04320555093, 937.160546875, 0.536193029491
4.33001153251, 1.00000004578, 1.22916451024, 0.89371656375, 5.34470590089, 0.835893180905, 3.8562721526, 1.2380857928, 0.948957707631, 2.26259986108, 4.99753308539, 0.871135086701, 1.59816429292, 1.13678912286, 1.09000021625, 1.03311680005, 1.00327810807, 1.17930111474, 5.50031250943, 1.00702926256, 0.878773133834, 514.389669645, 1.10820041729, 5.60513829503, 1.00770994632, 1.32857775117, 1.18055523844, 716.068769965, 0.804289544236
4.84863649955, 1.00000043598, 1.65256926292, 0.808285295604, 1.94406761281, 0.930385684283, 1.56040250415, 1.1905428628, 0.957706399478, 1.91624681821, 4.86697677689, 1.17972887917, 1.35894497466, 0.940496074187, 1.0900004286, 1.04342899604, 1.01223383092, 1.20624815761, 3.1979137976, 0.921628680548, 0.944594754377, 285.716981076, 1.11016941879, 1.98868182168, 1.11381914245, 1.43675896907, 1.24887212735, 645.868199255, 1.87667560322
4.70735283879, 1.00000028462, 1.19830453525, 0.851833168367, 2.26629902109, 0.743741219774, 4.67703445978, 1.20484462587, 0.928173215393, 2.17060894262, 5.74828039158, 1.0414235655, 3.39281287598, 1.00862150192, 1.09000090953, 1.07536657995, 1.01996713852, 1.14650893281, 7.81334995496, 0.916666837435, 0.853433883993, 868.359313534, 1.0070787373, 2.93474869773, 1.17016091088, 5.15644465266, 1.10355106331, 608.810068048, 2.14477211796
4.64424543996, 1.00000005522, 1.54195780589, 1.0362215111, 2.40121804403, 0.772359108957, 2.36996444074, 1.14017571593, 0.970688281225, 1.95191966059, 6.04826731814, 0.848973535576, 1.46394908533, 1.24043204881, 1.09000004797, 1.05989343725, 1.01965227876, 1.0983932018, 7.61803032079, 0.995743805958, 0.886904065838, 73.7310584902, 1.06589687588, 3.5305085299, 1.08475508215, 2.87742975458, 0.975017870745, 522.136554599, 4.28954423592
4.53417283659, 1.00000071033, 1.44215149948, 1.11491486151, 6.98114965413, 0.948434950111, 3.73115493192, 1.09283341591, 0.909923380366, 3.6731986349, 5.44873980851, 1.11438377306, 2.33881920117, 0.951027546429, 1.09000090953, 1.00506826218, 1.03086453473, 1.16159862638, 3.48196177609, 1.15687596643, 0.944594754377, 897.501596672, 0.961822254792, 3.34276262027, 1.1924116738, 3.35438109625, 1.04320555093, 2727.60906785, 0.0
2.34862880574, 1.00000024289, 1.13044563576, 1.19862750698, 3.40066025552, 0.881562367699, 1.39234699319, 1.10052840706, 0.994129853367, 2.43601270762, 4.93904691751, 1.03509367472, 4.23346971473, 1.10999103646, 1.09000030715, 1.04599467796, 1.02380264174, 0.856804732944, 6.24046787511, 1.05349045471, 0.763325371673, 66.1737441853, 0.945243277836, 2.0815577028, 0.967292598883, 3.0059774587, 1.28089035621, 2366.93515062, 0.536193029491
5.0245920117, 1.00000080936, 1.44494029697, 0.856086033464, 3.85684114977, 0.745575340534, 5.55399948576, 1.17170676106, 0.949779681553, 3.49751868046, 5.50453176318, 1.08475905988, 4.27982864596, 1.00490234305, 1.09000062904, 1.00756605904, 1.04948368234, 1.163485932, 3.46980340365, 1.09337443169, 0.856966352185, 218.622882732, 1.15614489668, 1.98746600092, 1.02101451751, 1.05156855646, 1.00550188045, 1350.29694036, 0.804289544236
1.13126354104, 1.00000085752, 1.38887313433, 0.996846182736, 5.12065040953, 0.774608918105, 5.64969888678, 1.24327753263, 0.988909620059, 4.02910697677, 4.95132808538, 0.868549601914, 1.95880473717, 1.28122033291, 1.09000045388, 1.10198899325, 1.00371208821, 0.843661846739, 3.54115403635, 1.0648116532, 0.842600189171, 734.257883502, 1.08033106884, 1.97949439148, 1.18625072582, 1.84070136138, 0.98504015532, 722.86846701, 1.34048257373
1.80729776384, 1.000000962, 1.07727559559, 1.15205661604, 6.48625555709, 0.968935049863, 5.11003905574, 1.24143438282, 0.920133669189, 4.67521844828, 5.78200250704, 0.947793982776, 3.2343624829, 0.904486243964, 1.09000082526, 1.07645482999, 1.00193819394, 0.974385058556, 9.41741795932, 0.964070351302, 0.928193914104, 758.188643049, 0.972668280664, 5.67556864698, 1.12876539925, 3.02393036736, 1.12749724015, 920.889711479, 1.07238605898
2.72117402221, 1.00000050259, 1.52458762114, 1.04200137699, 3.94392096339, 0.779662973193, 1.53646247076, 1.14144943575, 0.989666281191, 1.4370333474, 5.91074573016, 0.835066390363, 3.81077572917, 0.855049488201, 1.09000096511, 1.01058139293, 1.03782169986, 1.13821276211, 8.63872001192, 0.942720429421, 0.871473356026, 334.374688401, 0.994715787008, 3.34534183125, 1.16112164959, 2.98567109841, 1.12776622419, 641.399793314, 2.14477211796
4.33001153251, 1.00000015678, 1.22916451024, 0.89371656375, 5.34470590089, 0.835893180905, 3.8562721526, 1.2380857928, 0.982184891421, 2.26259986108, 5.96489680147, 0.871135086701, 1.59816429292, 1.13678912286, 1.09000029828, 1.03311680005, 1.00327810807, 1.17930111474, 5.50031250943, 1.00702926256, 0.765266495986, 352.659999375, 1.10820041729, 5.60513829503, 1.00770994632, 1.32857775117, 1.14258065083, 539.524848687, 5.63002680965
5.01277355476, 1.00000025592, 1.16817778612, 0.82555034852, 6.32119778512, 0.916112133506, 3.76658556715, 1.00884756344, 0.943738956869, 2.75285806035, 6.06459700783, 0.820932531685, 1.85048203976, 1.01214015618, 1.09000074967, 1.00537208656, 1.01533678143, 0.910547991836, 6.47442798799, 1.01078032374, 0.933965643333, 25.1669564665, 1.15882351751, 4.49854579027, 1.1746209135, 2.9410022993, 1.06606241243, 2973.26114696, 0.0
3.42849516732, 1.00000058321, 1.68347091323, 1.11734386792, 6.30672118898, 0.797054567617, 5.53117714401, 1.14596980359, 0.96276683407, 1.7985011148, 5.7284865296, 0.866888533345, 3.2185890606, 1.2497368837, 1.09000037195, 1.02380951097, 1.03672113104, 0.862470435869, 5.53509964814, 1.02704249862, 0.946660654614, 675.814885218, 1.05252819555, 2.06967806192, 1.18428926044, 2.71948477001, 1.26725897509, 2507.95038183, 0.536193029491
2.1698859234, 1.00000097275, 1.31311464748, 1.06097781871, 1.82687246101, 0.759948838166, 1.32301211274, 1.00021736595, 0.984475172971, 2.69090536012, 6.13927097429, 1.09717055824, 2.3278126303, 1.08717929606, 1.09000001036, 1.00842985023, 1.01586335924, 0.951416389486, 9.43829860141, 1.09606974777, 0.812157292237, 243.658275676, 0.929289661866, 1.09384120024, 1.04008323362, 4.79751934472, 0.992339027059, 736.78803207, 1.87667560322
2.40787974203, 1.00000061787, 1.41205401364, 0.82555034852, 3.94259066297, 0.958779465112, 4.82577523435, 1.00943145284, 0.960742899701, 3.63954525206, 4.81441389498, 0.888205090529, 1.47935533191, 1.26297030753, 1.09000050458, 1.05735009298, 1.00465243615, 0.978378084255, 5.64728048065, 0.913701810242, 0.925822847255, 35.756394651, 1.03772912421, 3.71964472511, 1.02659773303, 3.29139837178, 1.0000512246, 1502.88812868, 1.07238605898
1.41483391223, 1.00000025592, 1.07900473325, 1.11235306233, 6.32119778512, 0.916112133506, 3.76658556715, 1.00884756344, 0.943738956869, 2.75285806035, 6.06459700783, 0.820932531685, 1.85048203976, 1.01214015618, 1.09000074967, 1.00537208656, 1.01533678143, 0.910547991836, 6.58987368139, 1.01078032374, 0.933965643333, 25.1669564665, 1.14546598662, 4.49854579027, 1.1746209135, 2.9410022993, 1.06606241243, 1016.71232116, 1.34048257373
1.88835628305, 1.00000019506, 1.36016920919, 0.916155357191, 4.71887616584, 0.747075044996, 5.50811356644, 1.19950664243, 0.945819627876, 2.63721243759, 5.53390774024, 0.996497807378, 1.89081746899, 1.07233277308, 1.09000076437, 1.07213891943, 1.01608044676, 0.910705503424, 3.98789459967, 1.13822403599, 0.925923041746, 659.519718083, 1.11446239135, 2.64599850612, 1.09403134342, 3.93382177086, 1.15723711633, 672.959678995, 2.14477211796
4.30601796802, 1.00000053521, 1.73769712791, 0.887725520697, 6.4798844822, 0.872459602188, 2.05437946025, 1.06176040508, 0.937709488414, 3.49136600502, 5.87315938195, 0.82210546523, 2.62907740151, 1.03901488303, 1.09000039901, 1.00321135963, 1.01969979064, 1.10483964044, 4.09390285351, 0.966147666884, 0.862920335543, 432.630392568, 1.0528624198, 5.32530218716, 1.16253954119, 3.15227612398, 1.01727310849, 588.175105982, 6.43431635389
2.21335292665, 1.00000006131, 1.37538235473, 1.12990397098, 5.1608179259, 0.957359754155, 5.4758872221, 1.01508572405, 0.949351696226, 2.5780210761, 5.44986350118, 1.15619735767, 3.78161468693, 1.04598870717, 1.09000013722, 1.06945448605, 1.00081410922, 1.18714614877, 3.31043951542, 1.02267987083, 0.976206369978, 753.244741605, 1.08339042533, 3.24233890717, 1.12970689981, 1.73457219703, 1.29310086222, 3348.03408382, 0.0
1.60054246412, 1.00000048683, 1.11085722238, 0.857810900441, 6.00812749556, 0.966430133094, 1.82619274656, 1.12285201175, 0.92773942968, 5.65432433315, 5.66897746173, 1.14918872174, 2.94139303379, 1.24099573209, 1.09000066562, 1.01273481719, 1.04981409904, 1.11649856019, 9.4632162652, 1.03972234271, 0.91589338645, 402.351316489, 1.09427945987, 3.19800360606, 1.06596852838, 3.92833834175, 1.05038216395, 3311.06539242, 0.268096514745
3.46780666909, 1.00000017096, 1.10950501497, 1.16799901963, 2.26578298547, 0.938180314598, 5.23337864334, 1.18945636739, 0.999692708141, 4.97799319714, 5.60343728167, 0.870722211939, 1.54877446909, 1.08796993548, 1.0900006333, 1.10534752473, 1.0277111997, 0.984734018632, 7.47331616588, 0.993703780805, 0.812750812192, 933.337407314, 0.933244976122, 1.372879732, 1.05114299521, 3.57929559571, 0.943128760698, 2552.36806812, 0.536193029491
3.6670512906, 1.00000081799, 1.25924964555, 1.17331033074, 1.49455936802, 0.822532888671, 1.99152963908, 1.05995482668, 0.982184891421, 4.13152886637, 5.16096922568, 1.21107396921, 2.8327908286, 1.23236674327, 1.09000041668, 1.02834602373, 1.01481852596, 0.959904178224, 5.89578168407, 1.05102680534, 0.821561886823, 188.058016344, 1.101479474, 1.15874939029, 1.2335537465, 3.82241961207, 0.947264952499, 1222.78785092, 1.34048257373
4.53417283659, 1.00000071033, 1.44215149948, 1.11491486151, 4.45617452754, 0.948434950111, 3.73115493192, 1.09283341591, 0.909923380366, 3.6731986349, 5.44873980851, 1.11438377306, 2.33881920117, 0.951027546429, 1.09000090953, 1.0507174516, 1.00927153133, 1.16159862638, 3.48196177609, 1.15687596643, 0.944594754377, 889.105614786, 0.961822254792, 3.34276262027, 1.10996580797, 3.35438109625, 1.04320555093, 1212.73788889, 1.60857908847
5.76929647846, 1.00000024289, 1.189678, 1.00482699731, 6.98114965413, 0.932785780798, 3.28719610193, 1.06381616186, 0.956793764968, 5.30119699788, 4.81930079059, 0.812201102386, 1.54053548758, 1.16504120547, 1.09000030715, 1.01449374945, 1.03086453473, 1.05026215364, 8.09304155788, 0.966031539296, 0.904799736838, 998.153875191, 1.13431620184, 3.74419356809, 1.1924116738, 3.75228085843, 0.893695008603, 811.711592343, 2.41286863271
4.84863649955, 1.00000043598, 1.65256926292, 1.08519051182, 1.94406761281, 0.930385684283, 1.56040250415, 1.05237462374, 0.957706399478, 2.17060894262, 5.31756558948, 1.17972887917, 1.35894497466, 0.940496074187, 1.0900004286, 1.04342899604, 1.01223383092, 1.20624815761, 3.1979137976, 0.950156564761, 0.853433883993, 285.716981076, 1.03630677336, 1.98868182168, 1.11381914245, 1.43675896907, 1.24887212735, 745.41424002, 4.55764075067
2.0840512219, 1.00000071577, 1.54801313822, 0.88862756906, 1.61037250046, 0.923335598423, 3.81881029952, 1.03372782094, 0.943477508899, 2.46420447901, 5.82278396962, 0.912305236919, 1.25821437539, 1.11561079825, 1.09000073549, 1.01907055606, 1.03186845273, 0.977199928126, 3.76289961586, 1.09245271222, 0.955545865947, 553.871096961, 0.966141637643, 4.5661720127, 1.08959712769, 4.88621467565, 1.07078380042, 3459.79524638, 0.0
4.70735283879, 1.00000028462, 1.00957084945, 0.851833168367, 3.61901581304, 0.743741219774, 4.67703445978, 1.20484462587, 0.928173215393, 1.91624681821, 5.74828039158, 1.0414235655, 3.39281287598, 1.00862150192, 1.09000090953, 1.07536657995, 1.01325273967, 1.14650893281, 7.81334995496, 0.916666837435, 0.944594754377, 868.359313534, 1.0070787373, 2.83897095981, 1.17016091088, 5.15644465266, 0.899686715156, 2951.44275449, 0.536193029491
1.63743829551, 1.0000001619, 1.01138698251, 0.843430683098, 3.78877002466, 0.804802410748, 5.88314582473, 1.02912101935, 0.986527974149, 2.92719886563, 5.92776121022, 0.893070223698, 1.65443047913, 1.11741544302, 1.09000028387, 1.06694164335, 1.01398441518, 0.851477275316, 8.22503083969, 1.18176551627, 0.979734769825, 964.310268282, 0.958388604112, 3.5305085299, 1.03240847811, 4.86550720354, 1.05847931402, 2620.73999326, 0.804289544236
2.06221730747, 1.00000066388, 1.23028699682, 1.17818774524, 1.96433046391, 0.987838864171, 4.94104181058, 1.19926036577, 0.952192918717, 1.67461157809, 5.02252648043, 1.16114738024, 4.05457514225, 1.15270597856, 1.09000099961, 1.00890158678, 1.03084373503, 1.06818583299, 8.2923631607, 1.11384027647, 0.817798636333, 495.454506945, 1.07936816181, 4.65145732716, 0.968248524693, 2.90921207547, 1.12235311697, 1433.1454323, 1.60857908847
5.76527500213, 1.00000086239, 1.49050619077, 0.986570630663, 4.94475318489, 0.748313977779, 3.91221589395, 1.08143333009, 0.92810344324, 5.20878208439, 5.40682782382, 0.906694817123, 3.95784761052, 1.08944327627, 1.09000021625, 1.04756592895, 1.01364144208, 0.850462952355, 4.93681144483, 0.921944353033, 0.807129437405, 399.176376382, 1.05607648522, 4.4882798784, 1.10188820563, 4.26666472328, 0.926145037098, 865.351812599, 4.28954423592
1.6681504816, 1.00000082208, 1.21956010439, 1.17517958307, 6.9703790196, 0.87534206226, 4.54006952219, 1.08629563779, 0.910275633056, 6.08836122302, 5.25140473863, 1.08924880634, 4.0520544195, 1.18136825782, 1.09000012482, 1.09780082347, 1.04374608462, 1.07874891919, 4.3519536707, 1.12221282178, 0.967318581755, 299.604600393, 1.1314827176, 2.2560355497, 1.17643957053, 2.08672192233, 1.13945758685, 1318.91392486, 2.68096514745
3.54903093575, 1.00000061333, 1.21257231053, 1.20555590085, 2.06507356763, 0.995983352502, 1.43539707641, 1.09223045458, 0.948559259873, 1.30168648896, 5.72147639324, 0.948190165749, 4.49441286025, 0.820518065287, 1.0900000019, 1.10653996049, 1.04620676318, 0.863117201585, 6.84839969286, 1.05300277217, 0.987836663468, 716.790035204, 1.06380982868, 2.00135836935, 0.960172214318, 4.16757706201, 1.22937273948, 899.459405702, 3.21715817694
3.11105842924, 1.00000087316, 1.45270443474, 0.918695202829, 1.47721649184, 0.837169336479, 2.9112073499, 1.04492620066, 0.93484418969, 3.67822932973, 5.98446614007, 0.991787727525, 2.34285920978, 1.22618061955, 1.09000025767, 1.01160136174, 1.03531905017, 0.832969755346, 3.96881025491, 0.964104200306, 0.901199838077, 482.081502309, 1.0277088007, 3.40052828181, 1.22717384292, 4.23437172088, 0.895809819727, 4309.87580033, 0.0
5.77841504477, 1.0000003624, 1.32490597833, 0.831599700311, 5.76874535826, 0.988326500208, 3.81893138345, 1.09218965061, 0.986570219565, 4.92466315299, 6.10639058277, 0.972565402214, 2.02469331544, 1.11799748235, 1.09000049741, 1.03368347285, 1.00371208821, 0.941834083627, 7.21156075017, 0.976069404973, 0.937570934066, 634.075004397, 1.10409230966, 2.83747281675, 1.2045368831, 4.65634036042, 1.11401421589, 3027.73649368, 0.536193029491
4.87435215717, 1.00000046717, 1.21772266572, 0.90282824373, 2.9579309703, 0.993008298117, 3.22489910874, 1.06426815747, 0.934350606568, 2.25203280805, 5.52179397378, 1.07158215789, 4.45992366927, 0.99784802121, 1.09000028672, 1.00584650204, 1.04679008923, 1.09023736788, 6.33604295872, 1.00614123559, 0.908733799764, 315.169400875, 1.01533183959, 3.86005836626, 1.2057317153, 5.26491081585, 0.967265148094, 2156.0113593, 2.41286863271
1.75282032744, 1.00000063737, 1.39895203763, 1.13388921676, 1.54378264295, 0.715537200606, 4.51416793743, 1.14783670937, 0.947607429019, 1.62109920362, 6.15096900439, 1.15502912405, 4.64439707361, 0.913945603032, 1.09000089282, 1.09261681312, 1.00126684133, 1.01785619375, 9.54180996423, 0.935752309774, 0.982784543418, 787.331612536, 1.11614004787, 4.3946293491, 1.14503062604, 4.10229060346, 1.13673983846, 2537.77615832, 1.60857908847
2.40787974203, 1.00000061787, 1.41205401364, 1.11235306233, 5.09209917723, 0.958779465112, 4.82577523435, 1.00943145284, 0.960742899701, 3.63954525206, 4.81441389498, 0.888205090529, 1.20308004453, 1.26297030753, 1.09000050458, 1.05735009298, 1.00465243615, 0.978378084255, 6.73927662672, 1.02879424866, 0.925822847255, 35.756394651, 1.03772912421, 5.7411911408, 1.02659773303, 3.29139837178, 1.0000512246, 2407.54666713, 2.14477211796
5.76527500213, 1.00000086239, 1.49050619077, 0.986570630663, 4.94475318489, 0.748313977779, 3.91221589395, 1.08143333009, 0.92810344324, 5.20878208439, 5.40682782382, 0.949999972182, 3.95784761052, 1.08944327627, 1.09000029828, 1.04756592895, 1.01364144208, 0.850462952355, 4.93681144483, 0.921944353033, 0.807129437405, 399.176376382, 1.05607648522, 4.4882798784, 1.10188820563, 4.26666472328, 0.926145037098, 1384.46706644, 2.68096514745
3.6670512906, 1.00000081799, 1.25924964555, 1.17331033074, 1.49455936802, 0.822532888671, 1.99152963908, 1.05995482668, 0.952610314179, 3.34034446428, 5.16096922568, 1.21107396921, 2.8327908286, 1.23236674327, 1.09000053402, 1.02834602373, 1.03086453473, 0.959904178224, 5.89578168407, 1.05102680534, 0.821561886823, 184.919698589, 1.101479474, 1.15874939029, 1.216698966, 3.82241961207, 0.947264952499, 992.709651388, 3.48525469169
2.72117402221, 1.00000005522, 1.54195780589, 1.0362215111, 2.40121804403, 0.772359108957, 2.36996444074, 1.14017571593, 0.970688281225, 1.95191966059, 6.04826731814, 0.90786010467, 1.46394908533, 1.24043204881, 1.09000004797, 1.05989343725, 1.01965227876, 1.0983932018, 7.61803032079, 0.995743805958, 0.886904065838, 73.7310584902, 1.06589687588, 3.5305085299, 1.08475508215, 2.87742975458, 1.20239481884, 1328.27719955, 3.21715817694
4.33001153251, 1.00000015678, 1.22916451024, 0.89371656375, 5.34470590089, 0.835893180905, 3.8562721526, 1.2380857928, 0.982184891421, 2.26259986108, 5.96489680147, 0.871135086701, 1.59816429292, 1.13678912286, 1.09000021625, 1.03311680005, 1.00327810807, 1.17930111474, 5.50031250943, 1.00702926256, 0.878773133834, 352.659999375, 1.10820041729, 5.60513829503, 1.00770994632, 1.32857775117, 1.14258065083, 950.291058005, 6.43431635389
3.57392507976, 1.00000028007, 1.2762062401, 1.00330072442, 6.8810267662, 0.882498716292, 2.08702094426, 1.04687315198, 0.954909991573, 5.77453875206, 4.94316699116, 1.16665174775, 4.76764524202, 0.852636985994, 1.09000020433, 1.07956538254, 1.02103615675, 1.09860930984, 4.42685546835, 1.04233647274, 0.785441417953, 864.281769231, 1.14682410031, 1.50484903146, 0.995771459148, 5.16176151172, 1.24831430251, 6446.24400123, 0.0
2.54951362783, 1.00000074238, 1.36426821146, 1.150925706, 3.99488683365, 0.916722218869, 1.82331199489, 1.24399536919, 0.992720252895, 5.86228527785, 5.87601067387, 1.13710231775, 2.5124317023, 1.08530248797, 1.09000071003, 1.08875931601, 1.00903194943, 0.872329598285, 9.55995914309, 0.921978478038, 0.856908340484, 298.682372692, 1.1163577026, 4.37102074198, 1.14991562298, 4.64735806323, 1.21881046777, 5911.32102517, 0.268096514745
2.02849269672, 1.00000072966, 1.73629497588, 1.10359225874, 5.01052470452, 0.872112107697, 4.66131304786, 1.2294309487, 0.987826908631, 5.09637246921, 5.75499859967, 1.12294038565, 2.58804601433, 0.873624216418, 1.09000018502, 1.04507779711, 1.02390810609, 1.19405173539, 6.11232720618, 1.15323227362, 0.812040712927, 126.015188699, 1.13337061033, 3.12983057927, 1.0487675853, 2.96301529443, 0.923971015314, 3524.35368064, 0.804289544236
2.91963114319, 1.00000028462, 1.00957084945, 0.851833168367, 3.61901581304, 0.743741219774, 4.67703445978, 1.20484462587, 0.928173215393, 5.26371429135, 5.74828039158, 1.0414235655, 3.39281287598, 1.00862150192, 1.0900009493, 1.07536657995, 1.01325273967, 1.14650893281, 7.81334995496, 0.916666837435, 0.854785256385, 868.359313534, 1.1489699707, 2.83897095981, 1.17016091088, 5.15644465266, 0.899686715156, 4157.96138151, 0.536193029491
1.57941099991, 1.000000962, 1.07727559559, 1.15205661604, 5.73313964259, 0.968935049863, 5.11003905574, 1.24143438282, 0.920133669189, 4.67521844828, 5.78200250704, 0.947793982776, 3.2343624829, 0.904486243964, 1.09000082526, 1.07645482999, 1.00555960158, 0.974385058556, 9.41741795932, 0.964070351302, 0.880702675074, 758.188643049, 0.972668280664, 5.67556864698, 1.12876539925, 3.02393036736, 1.12749724015, 2185.16128039, 2.41286863271
5.36377777629, 1.00000027792, 1.23213690981, 0.951669686871, 5.13521039847, 0.940884183382, 3.27034657219, 1.13286820497, 0.950177241229, 4.87720268919, 5.28520348041, 1.14756808913, 4.28967279633, 0.911421405409, 1.09000084756, 1.10950431949, 1.00754663142, 0.817619431531, 4.65716188563, 0.929056010265, 0.937534326729, 950.504844908, 1.18427964478, 5.75787388145, 0.95028639586, 1.37402947849, 1.29624794146, 2688.51829114, 1.60857908847
1.41483391223, 1.00000025592, 1.07900473325, 1.11235306233, 6.32119778512, 0.92813707309, 3.76658556715, 1.00884756344, 0.943738956869, 2.75285806035, 6.06459700783, 0.820932531685, 1.85048203976, 1.01214015618, 1.09000074967, 1.00537208656, 1.01533678143, 0.910547991836, 6.58987368139, 1.12926984217, 0.933965643333, 25.1669564665, 1.14546598662, 4.49854579027, 1.11799647522, 2.9410022993, 1.06606241243, 2598.37870535, 2.14477211796
3.53328313004, 1.00000015969, 1.48715368043, 0.815081552712, 6.48625555709, 0.819013445749, 3.88144672129, 1.1002830379, 0.993355392613, 1.41658719611, 6.16965299373, 1.00704974378, 3.16011234698, 1.04673314928, 1.09000021799, 1.06601119614, 1.03261553585, 0.849944599332, 7.3602006274, 0.928456978347, 0.766694244711, 815.757399938, 1.06920014609, 4.47289538066, 1.21433139116, 1.25581369275, 1.17948961853, 1714.29282886, 2.68096514745
4.84174682455, 1.000000637, 1.18758031406, 1.13008842114, 6.05915802733, 0.722912029596, 5.46943666605, 1.10356107385, 0.960742899701, 3.87232934516, 6.09391289228, 1.19034495263, 4.51418765494, 0.983718416449, 1.0900002553, 1.0707012713, 1.01634615208, 1.20013970766, 6.76021172082, 1.02201033071, 0.8234843496, 958.605261609, 1.08649086452, 1.36683368951, 1.02659773303, 4.04675274503, 1.22554119979, 1174.3445693, 3.75335120643
5.9338386474, 1.00000077123, 1.24831771148, 1.15718273803, 4.90162995756, 0.881639568422, 3.35170454831, 1.00240100846, 0.991648885905, 2.67108964351, 4.93660368072, 0.886605811275, 3.58347410947, 1.10757876796, 1.09000016116, 1.03098044461, 1.01251275799, 1.08292076583, 5.72554804968, 1.04588440454, 0.930139800845, 455.246074079, 1.10863843883, 2.54764152956, 1.20916015062, 3.31162342386, 1.04217540951, 7774.98694225, 0.0
2.67562868389, 1.00000048942, 1.34002224665, 1.21506393474, 4.19904267811, 0.947932730605, 5.97556301327, 1.11307942996, 0.925766662318, 3.5513363841, 5.31374577156, 1.17118690992, 1.16551536216, 0.944884557718, 1.09000030998, 1.06845197372, 1.02955181556, 1.07134285827, 6.54590325484, 0.932593641673, 0.988946384385, 754.758168251, 1.12580466644, 3.39522145301, 0.997529984858, 3.85598778222, 1.26267092858, 7352.42458955, 0.268096514745
1.50170620648, 1.00000004158, 1.56531325355, 1.19265205168, 4.46914594331, 0.951897308082, 5.17971102355, 1.09427547807, 0.90301946174, 3.27310477181, 5.4046005521, 1.1313731976, 4.1327011168, 1.06198045833, 1.09000030717, 1.03823045892, 1.01029648177, 1.14257255375, 8.8382458702, 0.990070194317, 0.86082578764, 21.7576005418, 1.17886877415, 5.12202792971, 1.06336046595, 3.01204437534, 1.0105093506, 3713.35294685, 1.07238605898
4.64424543996, 1.00000050259, 1.36391496837, 1.19283127517, 3.94392096339, 0.954572959391, 2.55396901671, 1.14144943575, 0.989666281191, 1.61149968792, 5.91074573016, 0.835066390363, 3.58870635197, 0.855049488201, 1.09000096511, 1.01058139293, 1.03782169986, 1.20109056945, 8.96811230853, 0.942720429421, 0.8234843496, 334.374688401, 1.13509318226, 5.96176699471, 1.21354394829, 2.98567109841, 1.12776622419, 3885.84511424, 0.804289544236
3.19166858274, 1.00000096063, 1.41709404653, 0.849385696213, 4.30510010715, 0.988455697551, 2.10007922623, 1.24374672214, 0.915219424797, 2.29877884651, 5.87679204335, 0.99189022559, 5.05345155827, 1.1900461722, 1.09000053319, 1.0924871024, 1.03649832567, 0.819939180579, 5.46959641886, 1.03848529183, 0.941868776418, 279.165542467, 1.07142862512, 2.71423950415, 1.10764167303, 2.65310283796, 1.17499458129, 3586.08944595, 1.34048257373
5.9338386474, 1.00000005873, 1.39460576227, 1.15718273803, 4.90162995756, 0.881639568422, 4.33469809202, 1.00240100846, 0.996456308746, 2.67108964351, 4.93660368072, 0.886605811275, 3.58347410947, 1.10757876796, 1.09000016116, 1.03098044461, 1.01251275799, 1.08292076583, 5.72554804968, 1.04588440454, 0.930139800845, 455.246074079, 1.06950636524, 2.54764152956, 1.20916015062, 3.31162342386, 1.04217540951, 4165.94972695, 0.536193029491
2.72117402221, 1.00000046879, 1.54195780589, 1.0362215111, 2.40121804403, 0.772359108957, 1.44738230757, 1.14017571593, 0.970688281225, 4.00445134297, 6.04826731814, 0.90786010467, 1.46394908533, 1.24043204881, 1.09000004797, 1.05989343725, 1.01965227876, 1.0983932018, 3.96473490971, 0.995743805958, 0.886904065838, 73.7310584902, 1.06589687588, 3.5305085299, 1.08475508215, 2.87742975458, 1.20239481884, 2747.00554483, 2.14477211796
4.87435215717, 1.00000037745, 1.21772266572, 0.90282824373, 6.41171630735, 0.958530868631, 2.32212624391, 1.06426815747, 0.934350606568, 2.25203280805, 5.52179397378, 1.07158215789, 4.44359919597, 1.22161776564, 1.09000037261, 1.00584650204, 1.04679008923, 1.09023736788, 6.33604295872, 1.00614123559, 0.908733799764, 315.169400875, 1.09362369808, 3.86005836626, 1.2057317153, 5.26491081585, 0.967265148094, 2237.94445446, 2.68096514745
4.33001153251, 1.00000015678, 1.22916451024, 0.89371656375, 5.34470590089, 0.835893180905, 3.8562721526, 1.2380857928, 0.982184891421, 4.29607261763, 5.96489680147, 0.871135086701, 1.59816429292, 1.13678912286, 1.09000004797, 1.03311680005, 1.00327810807, 1.17930111474, 5.50031250943, 1.00702926256, 0.983900973733, 352.659999375, 1.10820041729, 5.60513829503, 1.00770994632, 1.32857775117, 1.14258065083, 1767.94689302, 2.9490616622
3.39505068834, 1.00000029556, 1.29577690741, 1.13388921676, 6.57608829835, 0.728814766471, 2.62663243545, 1.11904543359, 0.927541349885, 1.81541075974, 5.70999852835, 0.856441681346, 3.94903657585, 1.01795932448, 1.0900006018, 1.067376478, 1.031101679, 1.21897816797, 7.60066165504, 1.16085841664, 0.952002865981, 118.668546288, 0.929795609269, 4.54164605219, 1.18297892437, 4.6062696477, 0.996829587935, 1248.47669819, 3.75335120643
1.75282032744, 1.00000063737, 1.64338387597, 0.869666965464, 1.54378264295, 0.71608538322, 4.51416793743, 1.19698640962, 0.947607429019, 1.62109920362, 6.15096900439, 1.15502912405, 4.64439707361, 1.2497368837, 1.09000089282, 1.09261681312, 1.00126684133, 1.01785619375, 4.99822534644, 0.945597995869, 0.982784543418, 787.331612536, 1.11614004787, 4.3946293491, 1.14503062604, 4.10229060346, 1.13673983846, 9042.61903216, 0.0
2.58422183439, 1.00000056304, 1.34797774371, 1.14365325822, 4.56158746237, 0.885431063196, 3.5743128546, 1.08829086051, 0.938609756451, 4.84631212919, 4.86455834348, 1.08619004881, 1.63130535959, 1.06156604468, 1.09000082235, 1.01540388686, 1.04183018753, 1.17720827592, 3.96473490971, 1.03241973602, 0.800673910106, 693.038863193, 1.05123483716, 1.8799431886, 1.12650015354, 4.49863556324, 1.04772520505, 3740.91854021, 1.07238605898
4.84174682455, 1.000000637, 1.18758031406, 1.13008842114, 6.05915802733, 0.722912029596, 5.46943666605, 1.10356107385, 0.960742899701, 2.21729445646, 6.09391289228, 1.19034495263, 4.51418765494, 0.983718416449, 1.0900002553, 1.0707012713, 1.01634615208, 1.20013970766, 6.76021172082, 1.02201033071, 0.8234843496, 958.605261609, 1.08649086452, 1.36683368951, 1.02659773303, 4.04675274503, 1.22554119979, 3692.52087931, 1.60857908847
3.42587508496, 1.00000091469, 1.53771437987, 1.06496894552, 3.9960034788, 0.994585421449, 4.63753261311, 1.01588696708, 0.917904878414, 5.89822487417, 4.85934323117, 0.882760488501, 1.43167914409, 1.17492411844, 1.09000015207, 1.06597942942, 1.006043357, 0.911970571668, 3.03580406386, 1.1879532712, 0.962743758184, 75.7697376688, 1.04938487605, 4.15941036988, 1.02986336673, 4.33820111553, 1.10544606646, 4338.93793513, 0.536193029491
4.64424543996, 1.00000005522, 1.54195780589, 1.0362215111, 2.40121804403, 0.772359108957, 2.36996444074, 1.03956733761, 0.970688281225, 1.95191966059, 6.04826731814, 0.848973535576, 1.46394908533, 1.24043204881, 1.09000004797, 1.05989343725, 1.01965227876, 1.0983932018, 7.61803032079, 0.995743805958, 0.886904065838, 73.7310584902, 1.06589687588, 3.5305085299, 1.08475508215, 2.87742975458, 0.975017870745, 3414.42368136, 2.14477211796
5.88117148588, 1.00000001724, 1.43011760626, 0.881068302007, 4.2472891556, 0.910555560357, 3.90456853188, 1.12486140302, 0.928320967888, 6.07943025419, 5.87679204335, 0.870478155044, 4.75447094718, 1.28896729125, 1.09000012638, 1.04835009628, 1.04137792288, 0.832776858726, 8.49222190124, 1.04904861924, 0.760550854035, 340.437463021, 1.15304093577, 4.80814736306, 1.23104076926, 1.47726921524, 0.938676988782, 2391.01791639, 3.48525469169
3.6670512906, 1.00000081799, 1.31532492978, 1.19536063832, 6.8810267662, 0.822532888671, 1.99152963908, 1.05995482668, 0.982184891421, 5.59369264539, 5.16096922568, 1.21107396921, 1.7349382873, 1.23236674327, 1.09000041668, 1.01940030639, 1.01481852596, 1.03496656634, 5.89578168407, 1.13573064853, 0.821561886823, 188.058016344, 1.101479474, 1.15874939029, 1.2335537465, 3.82241961207, 1.14564724405, 1890.72782076, 3.75335120643
3.53328313004, 1.00000015969, 1.48715368043, 0.815081552712, 6.48625555709, 0.841877648661, 3.88144672129, 1.1002830379, 0.993355392613, 1.41658719611, 6.16965299373, 1.00704974378, 3.16011234698, 1.0517348634, 1.09000021799, 1.06601119614, 1.03261553585, 0.849944599332, 7.3602006274, 0.928456978347, 0.766694244711, 815.757399938, 1.06920014609, 4.47289538066, 1.17394369684, 1.25581369275, 1.17948961853, 1431.70011821, 5.09383378016
1.29710993997, 1.00000015969, 1.48715368043, 0.815081552712, 6.48625555709, 0.819013445749, 4.70742347446, 1.1002830379, 0.993355392613, 1.41658719611, 6.16965299373, 0.886605811275, 3.16011234698, 1.04673314928, 1.09000021799, 1.06601119614, 1.03261553585, 0.849944599332, 7.3602006274, 0.928456978347, 0.766694244711, 911.828043328, 1.06920014609, 4.47289538066, 1.17394369684, 1.25581369275, 1.17948961853, 9899.0245385, 0.268096514745
1.63743829551, 1.0000001619, 1.01138698251, 0.843430683098, 3.78877002466, 0.804802410748, 5.88314582473, 1.02912101935, 0.986527974149, 2.92719886563, 5.92776121022, 0.893070223698, 1.65443047913, 1.11741544302, 1.09000028387, 1.07470375883, 1.01398441518, 0.851477275316, 8.22503083969, 1.18176551627, 0.979734769825, 964.310268282, 0.97432894909, 3.99431665237, 1.03240847811, 4.86550720354, 1.05847931402, 11721.141791, 0.0
5.19393650356, 1.00000074238, 1.45988792198, 1.150925706, 3.99488683365, 0.916722218869, 2.57764046069, 1.24399536919, 0.992720252895, 5.8240600769, 5.81772332547, 1.13710231775, 2.5124317023, 1.08530248797, 1.09000071003, 1.09723162804, 1.04569765481, 0.872329598285, 9.21065698249, 0.924158534775, 0.856908340484, 298.682372692, 1.1163577026, 4.37102074198, 1.14991562298, 4.64735806323, 1.21881046777, 3831.30492765, 1.34048257373
3.42849516732, 1.00000058321, 1.68347091323, 1.11734386792, 6.30672118898, 0.797054567617, 5.53117714401, 1.14596980359, 0.96276683407, 1.7985011148, 5.7284865296, 0.879935913418, 3.2185890606, 1.2497368837, 1.09000037195, 1.02380951097, 1.03672113104, 0.819867675642, 5.53509964814, 1.02704249862, 0.946660654614, 675.814885218, 1.05252819555, 2.06967806192, 1.18428926044, 2.71948477001, 1.26725897509, 3761.16367701, 1.87667560322
1.02829942235, 1.00000036947, 1.19114006984, 1.10310073227, 6.07588178304, 0.887913770597, 4.14922721761, 1.01289402449, 0.954839491821, 4.84325288886, 5.64223458025, 1.11839991208, 3.65896519902, 1.081780997, 1.09000050145, 1.00108659396, 1.01664227152, 1.07663198813, 6.39868284861, 1.14029504101, 0.9526979105, 861.440083945, 0.968202210128, 3.91061267934, 0.964513745161, 2.72930731772, 0.929945633539, 4497.74149986, 1.07238605898
5.66298587404, 1.00000043856, 1.27981090023, 0.986251011756, 5.49129291783, 0.748874298708, 4.04137910517, 1.15460584747, 0.928028835278, 1.98682934049, 5.79863348175, 1.1515552475, 1.84476099274, 1.06543191786, 1.09000073823, 1.08639279712, 1.0059210011, 1.0302424605, 3.39076421227, 0.998883416619, 0.994006159589, 521.365089024, 1.05651816005, 4.75805144462, 1.149087345, 2.47953542247, 1.20525591756, 4932.57668324, 0.536193029491
2.0840512219, 1.00000071577, 1.72865731812, 0.88862756906, 1.54397957675, 0.923335598423, 5.71237144018, 1.03372782094, 0.943477508899, 4.21114140074, 5.52063465483, 0.912305236919, 1.25821437539, 1.11561079825, 1.09000085784, 1.01907055606, 1.03186845273, 0.977199928126, 3.76289961586, 1.09245271222, 0.955545865947, 553.871096961, 0.966141637643, 4.5661720127, 1.08959712769, 4.88621467565, 1.07078380042, 3567.59826305, 2.68096514745
2.1698859234, 1.00000097275, 1.31311464748, 1.06097781871, 1.82687246101, 0.759948838166, 5.8175309438, 1.00021736595, 0.984475172971, 2.96726258907, 6.13927097429, 1.09717055824, 2.3278126303, 1.08717929606, 1.09000001036, 1.00842985023, 1.01586335924, 0.951416389486, 9.43829860141, 1.09606974777, 0.812157292237, 243.658275676, 0.929289661866, 1.09384120024, 1.04008323362, 4.79751934472, 0.992339027059, 3756.77455198, 2.14477211796
5.19393650356, 1.00000074238, 1.45988792198, 1.17246920638, 3.99488683365, 0.916722218869, 2.57764046069, 1.24399536919, 0.992720252895, 5.8240600769, 5.81772332547, 1.13710231775, 2.5124317023, 1.08530248797, 1.09000021061, 1.09723162804, 1.04569765481, 0.939746282596, 9.21065698249, 0.924158534775, 0.856908340484, 298.682372692, 1.1163577026, 4.37102074198, 1.16990267435, 4.64735806323, 1.21881046777, 3035.59982901, 4.02144772118
5.80411194945, 1.00000056935, 1.68333506985, 0.919326766521, 2.41090620353, 0.948628368002, 5.40399928892, 1.25262219263, 0.950128558692, 5.96745336534, 4.77462886737, 1.02803270586, 4.77718464484, 0.981248893547, 1.09000023098, 1.02943635551, 1.03469544894, 1.0688626121, 9.9150930806, 1.16277413251, 0.936162623479, 877.180564872, 1.07197737181, 2.2061815732, 1.20405212622, 2.21876710668, 1.04104934724, 2668.21203996, 4.28954423592
3.39505068834, 1.00000029556, 1.29577690741, 1.13388921676, 6.57608829835, 0.728814766471, 2.62663243545, 1.11904543359, 0.927541349885, 1.81541075974, 5.70999852835, 0.856441681346, 3.94903657585, 1.01795932448, 1.0900006018, 1.08522408763, 1.03186845273, 1.21897816797, 7.60066165504, 1.16085841664, 0.952002865981, 553.871096961, 0.929795609269, 4.54164605219, 1.18297892437, 4.65554596661, 0.996829587935, 1922.67281084, 5.09383378016
5.04250205528, 1.0000001735, 1.72817919053, 0.86341714221, 5.47752522701, 0.904127889195, 4.08612042891, 1.12153699805, 0.917946627053, 4.76474597497, 5.13372534509, 1.19129952216, 4.36289811532, 0.895794569934, 1.0900002281, 1.09823884087, 1.03459369669, 1.17390769043, 4.17909182611, 1.13134146484, 0.771528091151, 195.052837507, 1.15365577182, 4.68577732466, 1.051100993, 4.1711119565, 1.18115786505, 11749.4527739, 0.268096514745
1.88835628305, 1.00000019506, 1.36016920919, 0.816061241117, 4.71887616584, 0.747075044996, 5.65906306067, 1.19950664243, 0.945819627876, 2.63721243759, 5.17247873924, 0.996497807378, 1.72196229838, 1.07233277308, 1.09000080054, 1.07213891943, 1.01608044676, 0.910705503424, 3.98789459967, 1.13822403599, 0.925923041746, 659.519718083, 1.11446239135, 2.64599850612, 1.09403134342, 3.93382177086, 1.15723711633, 14846.3923866, 0.0
5.9338386474, 1.00000085168, 1.24831771148, 1.15718273803, 4.90162995756, 0.881639568422, 3.35170454831, 1.00240100846, 0.958032981172, 2.67108964351, 4.93660368072, 0.886605811275, 3.58347410947, 1.10757876796, 1.09000016116, 1.03098044461, 1.01251275799, 1.08292076583, 5.72554804968, 0.972610007336, 0.930139800845, 455.246074079, 1.10863843883, 2.54764152956, 1.20916015062, 3.31162342386, 1.04217540951, 2490.74345878, 8.04289544236
2.87349938712, 1.00000058724, 1.31110248417, 1.07567196672, 3.33130487018, 0.901767645693, 2.70604257152, 1.246226594, 0.937978914023, 6.0555076245, 4.83583565403, 1.02453607144, 4.78845747923, 0.855025563583, 1.09000087847, 1.06919340087, 1.02700097105, 1.07845240078, 9.55417245155, 0.972350969455, 0.907463534128, 129.64673721, 1.13029092457, 4.84882177977, 1.20363917527, 2.64763526206, 1.27508485801, 15038.0044958, 0.0
1.41483391223, 1.00000025592, 1.07900473325, 1.11235306233, 6.32119778512, 0.916112133506, 3.76658556715, 1.00884756344, 0.943738956869, 2.75285806035, 6.06459700783, 0.820932531685, 1.85048203976, 1.01214015618, 1.09000074967, 1.00537208656, 1.01533678143, 0.910547991836, 6.58987368139, 1.12926984217, 0.933965643333, 25.1669564665, 1.14546598662, 4.49854579027, 1.1746209135, 2.9410022993, 1.06606241243, 12578.468794, 0.268096514745
3.3455883946, 1.00000026016, 1.43707308952, 1.17785809049, 6.20547804473, 0.72137499907, 2.60807534794, 1.10661502904, 0.971199182977, 2.50001029249, 5.59395206456, 1.08196641708, 3.1955984225, 1.06354715705, 1.09000081296, 1.06489920687, 1.00998522535, 1.18299989995, 3.31296412212, 0.982395474945, 0.808576863911, 228.614450078, 0.932023024149, 4.40023107659, 1.09682274177, 5.06424950328, 1.29861713807, 5667.47924914, 0.536193029491
