0.125984543123, 1.04186659488, 2.26593004526, 0.623140645353, 90.9909578534, 9.43339157711, 0.404009553077, 1.53823118359, 14.7581946332, 95.1590190779, 0.106675723277
0.19373959501, 0.904172458981, 2.01744623922, 0.68885961357, 81.7304304047, 8.95685605733, 0.624809476831, 4.11458036604, 18.4779326145, 91.1829580088, 0.181282318895
0.124708253332, 0.870150557846, 2.85346461449, 0.764959548954, 90.5993637941, 1.75693635139, 0.420897394264, 2.61309062135, 14.7748854331, 187.114959519, 0.00763349991731
0.166411271938, 0.93124937552, 2.97613069511, 0.817050734134, 86.2218181279, 1.61126411103, 0.898137240606, 1.73869728139, 14.2023494259, 122.184284913, 0.0199111815482
0.194099259795, 0.830396136027, 2.05827667584, 0.82681118406, 98.7657735489, 3.90017340799, 0.178093518474, 2.95529316117, 14.2330442945, 111.485577841, 0.0218587440349
0.132866895548, 1.20236326464, 2.38862902162, 0.740458704034, 94.1494964566, 5.55230021065, 0.477551321756, 2.93049488625, 10.0354560432, 133.443462837, 0.0161319539437
0.100125950329, 1.1116122054, 7.19496020094, 0.869702176067, 83.9796917989, 1.61533682098, 0.177315410466, 3.49159650149, 16.0804239076, 591.989692404, 0.00526515496776
0.18301736582, 0.941357897434, 3.61121876858, 0.747774471527, 94.1246620591, 2.32194970964, 0.24911354204, 1.11966266853, 12.542468513, 98.2391375816, 0.03895067996
0.197728148553, 0.849026796235, 3.76302894144, 0.805272690691, 93.0064006789, 1.24001537495, 0.682538261476, 3.64150780552, 12.5965248292, 210.942210438, 0.00915351978576
0.179257041922, 0.844496363863, 2.62973537297, 0.769000395804, 86.8818505036, 2.21934523524, 1.82667649976, 0.244494043044, 15.6081594052, 200.379370642, 0.0158131570344
0.136140315555, 1.18773326867, 2.84984547379, 0.605771587623, 80.7248224415, 3.05896283705, 0.918059054147, 0.552952218814, 14.1539993946, 163.368598926, 0.0171077771697
0.149804404978, 1.01547213492, 2.97330344347, 0.930158561674, 90.3429849896, 3.51549535339, 0.759009663273, 1.23114662853, 19.3965201888, 154.627766756, 0.0304185375592
0.136140315555, 0.845807161245, 2.84984547379, 0.605771587623, 80.7248224415, 3.05896283705, 0.918059054147, 0.552952218814, 14.1539993946, 117.634987066, 0.041874896953
0.107124042468, 1.03907051703, 2.18054281343, 0.703270952608, 80.2942686215, 4.95223641512, 0.109058545991, 4.65856889631, 14.4822997066, 109.426090969, 0.0538558459831
0.104596248964, 1.10071240769, 3.61622066883, 0.698070407709, 84.8547936454, 2.84496265876, 0.930014543675, 4.07734475656, 18.209381668, 224.952324184, 0.0153094634296
0.170435846593, 1.00793641137, 3.29992030328, 0.855179994531, 88.6877179949, 1.45884439061, 1.54616016051, 3.70456698244, 15.0611473826, 297.396543596, 0.011887868669
0.135943078295, 0.980048494067, 5.3194817709, 0.714015217818, 99.8409555741, 2.19693703233, 1.44403462419, 2.81435377367, 18.8825745793, 482.613059125, 0.00935680834878
0.171992228497, 0.941357897434, 3.61121876858, 0.747774471527, 92.4914805505, 1.6322974455, 0.24911354204, 1.11966266853, 12.542468513, 189.323903187, 0.0204830943224
0.179257041922, 0.844496363863, 2.62973537297, 0.769000395804, 86.8818505036, 2.21934523524, 1.82667649976, 0.244494043044, 15.6081594052, 165.093587308, 0.041515328716
0.114923241203, 0.88052120236, 2.68749098283, 0.712094529401, 95.5796674076, 8.71279583643, 1.64667715111, 4.12982297591, 13.8463934155, 181.669351003, 0.0326094273067
0.122795560593, 1.1865087837, 2.66231533282, 0.610232268558, 83.2307524019, 7.17121700312, 0.602045838356, 2.30279836151, 11.2250930341, 126.854749685, 0.046072023919
0.184164691477, 1.13922964886, 2.3197666642, 0.919230945859, 80.3265149225, 3.74016958375, 0.815206475491, 1.63219195214, 14.649978991, 114.172900122, 0.0790835461716
0.166328693073, 0.879749799712, 6.01278390387, 0.897392564511, 92.4322897876, 6.47672182865, 0.624809476831, 3.04127486724, 13.0952785527, 272.224834355, 0.0160456093566
0.110502622636, 1.18906632223, 3.29079450563, 0.764812846454, 90.1151147821, 2.53028517367, 1.2069663386, 4.53179799414, 17.0035211752, 302.476314259, 0.0137167207189
0.100125950329, 1.1116122054, 7.19496020094, 0.85184254931, 83.9796917989, 1.61533682098, 0.177315410466, 0.391608439148, 16.0804239076, 549.80860867, 0.0129927539853
0.109847711425, 1.2077836135, 7.90620382277, 0.74971328961, 83.671352197, 2.34382489394, 1.73290316047, 0.178254260699, 10.6150944005, 939.188444679, 0.00977051093036
0.188733679661, 0.949703331639, 4.96740429465, 0.752573413429, 80.5383223242, 1.84682285118, 0.0365867932484, 2.91028811072, 13.7835375012, 215.352207705, 0.0259583270663
0.114923241203, 0.88052120236, 2.68749098283, 0.712094529401, 95.5796674076, 8.2476838203, 1.64667715111, 4.12982297591, 13.8463934155, 188.542006495, 0.0442645016026
0.188733679661, 1.08413172098, 2.01883517028, 0.862457464399, 87.7831918821, 3.80433010229, 1.18567006298, 0.324453745149, 13.4844999011, 207.851104153, 0.042684983924
0.145426046481, 0.938946224225, 2.36502895991, 0.839704641296, 94.9967995585, 5.48732275189, 0.0718925014246, 1.16495968535, 11.0474060462, 131.553405023, 0.0543229578753
0.183294493976, 0.947412514668, 2.99092507566, 0.795034917012, 96.3167166597, 4.04674473133, 0.724508740929, 2.84963116956, 13.01660644, 141.979719284, 0.0539648383209
0.124708253332, 0.870150557846, 2.85346461449, 0.764959548954, 90.5993637941, 9.41197462395, 0.420897394264, 2.99606181322, 14.7748854331, 117.212637994, 0.0831705944855
0.143875134492, 0.926791045565, 5.41983328565, 0.937855393423, 95.9959360926, 1.25992172471, 0.822260422044, 4.85191093912, 12.748230879, 280.92175177, 0.0171492691006
0.149804404978, 1.01547213492, 2.97330344347, 0.930158561674, 89.4864166037, 3.51549535339, 0.759009663273, 1.23114662853, 19.3965201888, 273.036416975, 0.0192225300008
0.107993952022, 0.949703331639, 4.96740429465, 0.752573413429, 82.5299544953, 1.84682285118, 0.0365867932484, 2.91028811072, 13.7835375012, 360.442269904, 0.0142609017108
0.122511127961, 1.16657432731, 3.66743870009, 0.626721381102, 96.9905545884, 6.83939159369, 0.369593787221, 4.83491555365, 14.5177010142, 240.278459541, 0.0358691058008
0.180057631834, 1.2196757114, 2.06081433538, 0.84713518555, 99.4957252828, 1.75693635139, 1.33172605055, 1.19368200192, 15.3863900908, 242.141837681, 0.0342321463861
0.122795560593, 1.1865087837, 2.66231533282, 0.610232268558, 83.2307524019, 7.17121700312, 0.602045838356, 3.10586836508, 11.2250930341, 227.955431062, 0.0527037369002
0.116062888632, 1.0345418546, 2.29795269359, 0.748495081588, 99.0590317265, 7.00601126002, 0.223373967753, 4.82653924721, 13.0295623465, 140.640732302, 0.0634274957221
0.107993952022, 1.08413172098, 2.01883517028, 0.862457464399, 87.7831918821, 3.80433010229, 1.18567006298, 0.324453745149, 13.4844999011, 211.224064448, 0.0553501747486
0.132866895548, 1.20236326464, 2.38862902162, 0.740458704034, 94.1494964566, 5.55230021065, 0.477551321756, 2.93049488625, 10.0354560432, 182.519175414, 0.0558071625607
0.183294493976, 0.947412514668, 2.99092507566, 0.795034917012, 96.3167166597, 4.04674473133, 0.724508740929, 2.84963116956, 13.01660644, 178.806819114, 0.059473289233
0.153344752767, 1.02835549202, 2.77245108802, 0.874041925958, 92.6253750758, 9.85800707315, 0.375613816565, 2.9774518607, 16.3400020665, 130.776214857, 0.0873837480999
0.197728148553, 0.849026796235, 3.76302894144, 0.805272690691, 93.0064006789, 1.24001537495, 1.84588990345, 3.64150780552, 12.5965248292, 293.778272971, 0.0188044749455
0.18797152279, 0.864687171979, 6.69887846214, 0.928931117154, 90.9775421969, 1.61126411103, 0.171305656626, 0.398734711468, 14.2023494259, 292.372296465, 0.0203811760762
0.120116402707, 0.994184786781, 5.00021869343, 0.911292551039, 82.1214813241, 2.1731144535, 0.651144055437, 3.27762698278, 18.9769014711, 274.765916054, 0.0226213935656
0.106970014982, 0.889903453482, 5.86775585261, 0.946233600741, 97.5965335667, 1.39414787785, 1.78742061246, 1.90719792409, 14.1475042362, 480.286187291, 0.0144524256964
0.124674816195, 0.889903453482, 5.86775585261, 0.946233600741, 97.5965335667, 1.39414787785, 1.78742061246, 1.90719792409, 14.1475042362, 368.549294864, 0.017767913788
0.172399527634, 1.09174727548, 2.77396446323, 0.801035871502, 82.5108421417, 5.63451365265, 1.49619079135, 0.102013786663, 10.5271253279, 271.878799932, 0.0421625244291
0.116062888632, 1.0345418546, 2.29795269359, 0.748495081588, 99.0590317265, 7.00601126002, 0.223373967753, 4.82653924721, 13.0295623465, 165.31348146, 0.0746784312735
0.125984543123, 1.04186659488, 2.26593004526, 0.623140645353, 90.9909578534, 9.43339157711, 0.815206475491, 1.53823118359, 14.7581946332, 148.086308201, 0.0782033073188
0.130278011663, 0.946616170765, 3.34233520729, 0.841000609253, 99.2040565952, 7.68205423391, 0.0448203097636, 3.0950759403, 10.45531603, 173.056534429, 0.0638917180492
0.134276807085, 1.04055921527, 3.48374413169, 0.917121281218, 95.8045174816, 7.95642630144, 0.557408943854, 3.52367963575, 13.8100664448, 231.245895704, 0.0578926438689
0.169855673344, 0.938946224225, 2.36502895991, 0.932106764148, 94.9967995585, 6.51573704765, 0.0718925014246, 1.16495968535, 11.0474060462, 139.47830894, 0.116396626729
0.11780946023, 1.06214601176, 4.75546429005, 0.786676745566, 93.1953936358, 4.90969550134, 0.846045116312, 1.44972595194, 17.35584494, 351.096051643, 0.019457705657
0.122511127961, 1.16657432731, 3.66743870009, 0.738842528436, 96.9905545884, 1.72978403049, 0.369593787221, 4.78034628847, 14.5177010142, 312.71600707, 0.0210768003716
0.181716937013, 0.850472871211, 4.94895444722, 0.686247488787, 93.4008414748, 1.86976881665, 0.101858001488, 2.77380257378, 18.369155596, 277.048307425, 0.0295007115695
0.125819891313, 1.19613605316, 4.03620425818, 0.714154683927, 95.1269262512, 9.0015593882, 0.456341505544, 3.37914971042, 18.23513071, 311.281475756, 0.0250278618561
0.157046126141, 0.942260271989, 7.22699988809, 0.635421160939, 82.1497087894, 1.47495429871, 1.49000266353, 0.776701642954, 14.6171222131, 589.825832253, 0.0160045101231
0.115176058378, 0.923992974328, 4.0583733436, 0.621687123918, 98.9406521505, 2.28977630595, 1.9051460361, 0.915885945138, 10.0806496675, 376.038938696, 0.0179963543612
0.194099259795, 0.830396136027, 2.05827667584, 0.82681118406, 98.7657735489, 3.90017340799, 0.178093518474, 3.00346428909, 14.2330442945, 149.913168023, 0.0961376652981
0.184164691477, 1.13922964886, 2.3197666642, 0.919230945859, 80.3265149225, 8.69677330026, 0.404009553077, 1.63219195214, 11.9323361458, 153.332637923, 0.091038076293
0.104987994056, 1.12860805834, 2.66030181653, 0.689392521942, 89.4892598847, 9.93810175194, 0.752158585245, 2.59990764833, 14.4076488762, 159.817513425, 0.0810686725897
0.136086064267, 0.832626830757, 5.60180739385, 0.898086864706, 95.1269262512, 4.30007241059, 0.456341505544, 3.70294889155, 17.5634266532, 191.623614398, 0.0761673973639
0.172399527634, 1.09174727548, 2.77396446323, 0.801035871502, 82.5108421417, 6.58631667951, 1.49619079135, 0.102013786663, 10.5271253279, 193.137031942, 0.0732445948708
0.104596248964, 1.10071240769, 3.61622066883, 0.698070407709, 84.8547936454, 7.81625170436, 0.930014543675, 4.07734475656, 18.209381668, 234.450311205, 0.0612508775051
0.19373959501, 0.904172458981, 2.01744623922, 0.68885961357, 81.7304304047, 8.95685605733, 0.472470663511, 4.11458036604, 18.4779326145, 139.940739801, 0.121831254628
0.143875134492, 1.04945334989, 5.41983328565, 0.937855393423, 95.9959360926, 1.25992172471, 0.822260422044, 4.85191093912, 12.748230879, 346.011555899, 0.0219790404494
0.136086064267, 0.832626830757, 5.60180739385, 0.898086864706, 82.2011112584, 4.30007241059, 0.0474768251696, 3.70294889155, 17.5634266532, 300.978052038, 0.033436985427
0.119614814035, 0.933401110902, 7.39270667185, 0.708503262426, 90.0818933927, 1.78270651037, 0.542179275864, 3.87405133164, 14.8644534017, 314.877694997, 0.0298444271116
0.152713111378, 1.231576741, 5.15390427914, 0.912460836658, 84.5842339791, 2.52807791623, 0.962220354523, 4.05169697088, 10.0752013522, 314.925518538, 0.0279684691338
0.132269568806, 1.21494387433, 4.65819613313, 0.874432533827, 99.4109416158, 5.56457212575, 1.82919903354, 0.362371418702, 16.197688932, 600.132261872, 0.0161409144385
0.166411271938, 0.93124937552, 2.97613069511, 0.817050734134, 86.2218181279, 4.12056403061, 0.898137240606, 1.73869728139, 14.2147763196, 164.075684371, 0.0930646445358
0.190825448332, 1.04105855938, 3.35429119141, 0.723614034445, 92.1917409035, 9.50046643213, 1.46042617909, 2.11532832756, 15.4851211466, 296.104909172, 0.0773152956105
0.184679704049, 0.937424677103, 4.26742895903, 0.727901907434, 91.3041707652, 6.49793208351, 0.682538261476, 1.79804284518, 13.5247843504, 153.261382835, 0.140592999551
0.183121950476, 0.948393745131, 5.16234900376, 0.942888105402, 90.8136809789, 3.34124688118, 1.25577320717, 3.58419436668, 10.7246867737, 387.926262875, 0.0230180441865
0.166817913753, 0.887330179276, 6.57912924886, 0.686468521986, 82.0267744948, 3.41036295277, 0.196445798677, 1.89107241723, 13.1448747876, 303.144923199, 0.0636676325812
0.181716937013, 0.850472871211, 4.94895444722, 0.686247488787, 93.4008414748, 1.86976881665, 0.850588603559, 2.77380257378, 18.369155596, 317.54992624, 0.0304944818286
0.160661343817, 1.0815822377, 5.70239525742, 0.932367618038, 97.518052263, 7.39839588801, 0.637607052661, 4.69697047364, 16.0996691671, 348.510145398, 0.0291111620586
0.101820748837, 1.16978757906, 6.99898386962, 0.837054725913, 92.4733128933, 8.22982388654, 1.71348984451, 1.7494533221, 15.226844935, 790.553443361, 0.0216118428644
0.130278011663, 0.946616170765, 3.34233520729, 0.841000609253, 99.2040565952, 8.90018908144, 0.0448203097636, 1.82739366218, 10.45531603, 183.469258111, 0.108860764968
0.104987994056, 1.12860805834, 2.66030181653, 0.689392521942, 89.4892598847, 9.93810175194, 1.38800155866, 2.59990764833, 14.4076488762, 242.049035751, 0.0931760267048
0.1587733917, 1.20988999654, 6.02158338169, 0.626254784753, 92.142482578, 3.97959021666, 0.680487847044, 3.56030781928, 12.8013318568, 594.836045353, 0.024386634691
0.119655139817, 1.12566867979, 4.68711338599, 0.60409550834, 81.0372639676, 2.11293530157, 1.36080720286, 1.62891696185, 19.7691998675, 504.451808052, 0.0249296541781
0.114761902703, 0.827071994437, 7.02502982911, 0.88825082609, 95.4970284643, 5.29997823035, 1.98021987254, 1.68810127656, 14.0767633681, 403.497327059, 0.0266496633288
0.18797152279, 0.864687171979, 6.69887846214, 0.928931117154, 90.9775421969, 4.12056403061, 0.0452981488067, 0.398734711468, 14.2147763196, 311.530680035, 0.0676253633071
0.110502622636, 1.18906632223, 3.29079450563, 0.764812846454, 90.1151147821, 2.53028517367, 1.2405388011, 4.72872118413, 19.3512469101, 334.360443759, 0.0390021053562
0.166817913753, 0.887330179276, 6.57912924886, 0.686468521986, 82.0267744948, 3.74506318874, 0.196445798677, 1.89107241723, 13.1448747876, 335.405278202, 0.0344309655247
0.120116402707, 0.994184786781, 5.00021869343, 0.911292551039, 82.1214813241, 2.1731144535, 0.651144055437, 3.27762698278, 18.9769014711, 341.43705745, 0.0305131269975
0.173768726986, 1.04614200311, 7.35411804371, 0.634849795492, 97.8931990218, 1.72978403049, 0.000376994904933, 1.82483152234, 15.1306554234, 396.646815944, 0.0297139588192
0.153344752767, 1.02835549202, 2.77245108802, 0.874041925958, 92.6253750758, 9.85800707315, 0.375613816565, 0.851704766104, 17.9317658907, 216.383774728, 0.125148002517
0.166328693073, 0.879749799712, 6.01278390387, 0.897392564511, 92.4322897876, 6.47672182865, 0.472470663511, 3.04127486724, 13.0952785527, 239.349809297, 0.114503698984
0.134276807085, 1.04055921527, 3.48374413169, 0.917121281218, 97.0092059087, 7.95642630144, 0.941263694466, 3.52367963575, 13.8100664448, 246.701023407, 0.102269202708
0.16956098093, 0.923090217002, 2.68014070491, 0.633494185673, 97.518052263, 5.5088393336, 1.84537498092, 4.90030712571, 15.2724748099, 283.126862987, 0.0954358553004
0.1931293995, 1.00390643886, 4.19835478136, 0.870271893416, 98.9273742852, 5.73411105392, 1.52434918107, 0.993725260917, 18.6422674067, 301.440004279, 0.0944004796035
0.180057631834, 1.2196757114, 2.06081433538, 0.84713518555, 99.4957252828, 9.41197462395, 1.33172605055, 1.19368200192, 15.3863900908, 263.971553462, 0.100042347035
0.157046126141, 0.942260271989, 7.22699988809, 0.635421160939, 82.1497087894, 1.47495429871, 1.49000266353, 0.776701642954, 14.6171222131, 689.621177815, 0.024395993518
0.15011752844, 0.91964325436, 5.69659403682, 0.741935339838, 96.0962427393, 9.23096095217, 0.984163131985, 1.24058961824, 14.7292262994, 258.891981044, 0.119825215445
0.179507359969, 1.1483758127, 5.68171400222, 0.626947173813, 95.2035371628, 2.47159035055, 0.710063262674, 3.57919092406, 10.0259705745, 544.393036067, 0.0251648443826
0.148357064651, 1.12151847772, 6.00589642592, 0.729439162543, 91.7445477003, 2.22036025831, 0.477569862859, 4.77741578323, 13.6928851557, 507.329997473, 0.0290561394572
