0.132866895548, 1.20236326464, 2.38862902162, 0.740458704034, 94.1494964566, 5.55230021065, 0.477551321756, 2.95529316117, 14.2330442945, 120.705246618, 0.00777342313383
0.1765441489, 1.04186659488, 2.1497554078, 0.623140645353, 90.9909578534, 9.43339157711, 0.815206475491, 3.0950759403, 14.7581946332, 90.0256510721, 0.0899580486884
0.166411271938, 0.870150557846, 2.85346461449, 0.764959548954, 99.3378131184, 1.75693635139, 0.420897394264, 2.61309062135, 14.7748854331, 144.884152683, 0.00465674028176
0.107124042468, 0.845807161245, 2.18054281343, 0.703270952608, 80.2942686215, 4.95223641512, 0.109058545991, 4.65856889631, 12.4987208194, 98.2372947549, 0.056080320357
0.136140315555, 1.01547213492, 2.84984547379, 0.605771587623, 80.7248224415, 1.66375566843, 0.918059054147, 0.552952218814, 10.5748935026, 110.279816712, 0.012162434895
0.18301736582, 0.941357897434, 3.61121876858, 0.747774471527, 94.1246620591, 2.32194970964, 0.24911354204, 1.11966266853, 12.542468513, 98.2391375816, 0.03895067996
0.100125950329, 1.1116122054, 7.19496020094, 0.869702176067, 83.9796917989, 1.43850977468, 0.177315410466, 3.49159650149, 12.542468513, 551.23293922, 0.00368806828938
0.155205773957, 0.904172458981, 2.01744623922, 0.68885961357, 81.7304304047, 8.95685605733, 0.472470663511, 4.11458036604, 18.4779326145, 88.3384596094, 0.156304792747
0.125984543123, 1.04186659488, 2.26593004526, 0.623140645353, 90.9909578534, 9.43339157711, 0.404009553077, 1.53823118359, 14.7581946332, 95.1590190779, 0.106675723277
0.194099259795, 0.830396136027, 2.05827667584, 0.82681118406, 98.7657735489, 3.90017340799, 0.178093518474, 3.00346428909, 19.276765573, 91.8990874963, 0.11329198811
0.130136234893, 0.926791045565, 5.41983328565, 0.937855393423, 95.9959360926, 1.25992172471, 0.759009663273, 4.85191093912, 12.748230879, 199.299210703, 0.00578883352642
0.143875134492, 1.04945334989, 5.41983328565, 0.86403114143, 95.9959360926, 1.25992172471, 0.822260422044, 4.97727532874, 12.748230879, 392.032511982, 0.00485394663187
0.194099259795, 0.830396136027, 2.05827667584, 0.82681118406, 98.7657735489, 3.90017340799, 0.178093518474, 3.00346428909, 19.276765573, 147.733757677, 0.00696848241634
0.124708253332, 0.870150557846, 2.85346461449, 0.764959548954, 99.3378131184, 1.75693635139, 0.420897394264, 2.61309062135, 14.7748854331, 122.794192185, 0.0132695710155
0.197728148553, 0.849026796235, 3.53221151445, 0.769000395804, 93.0064006789, 1.24001537495, 0.682538261476, 3.64150780552, 12.5965248292, 111.477257611, 0.0297272223795
0.166411271938, 0.93124937552, 2.97613069511, 0.817050734134, 86.2218181279, 1.61126411103, 0.898137240606, 1.73869728139, 14.2023494259, 122.184284913, 0.0199111815482
0.194099259795, 0.830396136027, 2.05827667584, 0.82681118406, 98.7657735489, 3.90017340799, 0.178093518474, 2.95529316117, 14.2330442945, 111.485577841, 0.0218587440349
0.107124042468, 1.03907051703, 2.18054281343, 0.703270952608, 80.2942686215, 4.95223641512, 0.109058545991, 4.65856889631, 14.4822997066, 109.426090969, 0.0538558459831
0.179257041922, 0.938946224225, 2.36502895991, 0.839704641296, 94.9967995585, 5.48732275189, 0.0718925014246, 1.16495968535, 11.0474060462, 108.684396576, 0.0988147519709
0.19373959501, 0.904172458981, 2.01744623922, 0.68885961357, 81.7304304047, 8.95685605733, 0.624809476831, 4.11458036604, 18.4779326145, 91.1829580088, 0.181282318895
0.130278011663, 0.946616170765, 2.87980133618, 0.841000609253, 89.4892598847, 8.90018908144, 0.183219216703, 2.59990764833, 10.45531603, 102.624924203, 0.157731834337
0.100125950329, 1.1116122054, 7.19496020094, 0.869702176067, 83.9796917989, 1.61533682098, 0.177315410466, 3.49159650149, 16.0804239076, 591.989692404, 0.00526515496776
0.124708253332, 0.870150557846, 2.85346461449, 0.764959548954, 90.5993637941, 1.75693635139, 0.420897394264, 2.61309062135, 14.7748854331, 187.114959519, 0.00763349991731
0.189450074446, 0.93124937552, 2.97613069511, 0.817050734134, 86.2218181279, 1.61126411103, 0.898137240606, 1.73869728139, 14.2023494259, 154.708159314, 0.0095042837448
0.132866895548, 1.20236326464, 2.38862902162, 0.740458704034, 94.1494964566, 5.55230021065, 0.477551321756, 2.93049488625, 10.0354560432, 133.443462837, 0.0161319539437
0.136140315555, 0.845807161245, 2.84984547379, 0.605771587623, 80.7248224415, 1.66375566843, 0.918059054147, 0.552952218814, 14.1539993946, 124.999018477, 0.0181387197143
0.136140315555, 0.845807161245, 2.84984547379, 0.605771587623, 80.7248224415, 3.05896283705, 0.918059054147, 0.552952218814, 14.1539993946, 117.634987066, 0.041874896953
0.194099259795, 0.830396136027, 2.05827667584, 0.82681118406, 98.7657735489, 3.90017340799, 0.178093518474, 2.93049488625, 10.0354560432, 120.372638257, 0.0390851841097
0.125984543123, 1.04186659488, 2.22629526023, 0.623140645353, 98.9406521505, 2.28977630595, 0.815206475491, 1.53823118359, 14.7581946332, 124.933572661, 0.0240268295451
0.136140315555, 0.904172458981, 2.84984547379, 0.68885961357, 80.7248224415, 3.05896283705, 0.624809476831, 0.552952218814, 14.1539993946, 114.954170818, 0.0423232443313
0.184164691477, 1.13922964886, 2.3197666642, 0.919230945859, 80.3265149225, 3.74016958375, 0.815206475491, 1.63219195214, 14.649978991, 114.172900122, 0.0790835461716
0.19373959501, 0.904172458981, 2.01744623922, 0.68885961357, 81.7304304047, 8.95685605733, 0.624809476831, 3.95765581014, 18.4779326145, 112.334397547, 0.125670565548
0.197728148553, 0.849026796235, 3.76302894144, 0.805272690691, 93.0064006789, 1.24001537495, 0.682538261476, 3.64150780552, 12.5965248292, 210.942210438, 0.00915351978576
0.157046126141, 0.942260271989, 7.22699988809, 0.833170037764, 82.1497087894, 1.16286466709, 1.49000266353, 0.776701642954, 14.6171222131, 642.434024647, 0.00802648098414
0.197728148553, 0.830396136027, 3.53221151445, 0.769000395804, 93.0064006789, 1.24001537495, 0.682538261476, 3.64150780552, 12.5965248292, 173.096321565, 0.0129026198033
0.122795560593, 1.23265174914, 2.06081433538, 0.728199698069, 85.2124167965, 1.39595480141, 1.82667649976, 1.19368200192, 15.3863900908, 202.234010288, 0.0104319856405
0.136140315555, 1.01547213492, 2.84984547379, 0.605771587623, 80.7248224415, 3.05896283705, 0.918059054147, 0.552952218814, 14.1539993946, 171.825798906, 0.0157997487578
0.176548480185, 0.941357897434, 3.61121876858, 0.747774471527, 94.1246620591, 2.32194970964, 0.24911354204, 0.429986237126, 13.8463934155, 180.495481745, 0.010485288872
0.166411271938, 0.93124937552, 2.97613069511, 0.817050734134, 81.9374593933, 1.61126411103, 0.898137240606, 1.73869728139, 14.2023494259, 173.586238278, 0.0111682678053
0.136140315555, 1.18773326867, 2.84984547379, 0.605771587623, 80.7248224415, 3.05896283705, 0.918059054147, 0.552952218814, 14.1539993946, 163.368598926, 0.0171077771697
0.107124042468, 1.03907051703, 2.18054281343, 0.703270952608, 80.0373945464, 2.25412367039, 0.109058545991, 4.65856889631, 14.4822997066, 129.048228484, 0.0216210824397
0.125984543123, 1.04186659488, 2.38862902162, 0.623140645353, 90.9909578534, 9.43339157711, 0.404009553077, 1.53823118359, 14.7581946332, 127.079387112, 0.043349398848
0.122795560593, 1.1865087837, 2.66231533282, 0.610232268558, 83.2307524019, 7.17121700312, 0.602045838356, 2.30279836151, 11.2250930341, 126.854749685, 0.046072023919
0.124708253332, 0.870150557846, 2.85346461449, 0.764959548954, 90.5993637941, 9.41197462395, 0.420897394264, 2.99606181322, 14.7748854331, 117.212637994, 0.0831705944855
0.107196694292, 1.18906632223, 3.29079450563, 0.764812846454, 97.5965335667, 2.53028517367, 1.2405388011, 4.72872118413, 19.3512469101, 374.422881166, 0.00966425142916
0.135943078295, 0.980048494067, 5.3194817709, 0.714015217818, 99.8409555741, 2.19693703233, 1.44403462419, 2.81435377367, 18.8825745793, 482.613059125, 0.00935680834878
0.149804404978, 1.01547213492, 2.97330344347, 0.930158561674, 89.4864166037, 3.51549535339, 0.822260422044, 1.23114662853, 19.3965201888, 186.577880724, 0.0155568221032
0.19158588369, 0.850472871211, 4.03620425818, 0.686247488787, 93.4008414748, 1.86976881665, 0.101858001488, 2.77380257378, 18.23513071, 195.512521782, 0.0125211688008
0.18797152279, 0.864687171979, 6.69887846214, 0.928931117154, 90.9775421969, 1.61126411103, 0.171305656626, 3.27762698278, 14.2023494259, 245.841868331, 0.0125128736751
0.170435846593, 1.00793641137, 3.29992030328, 0.855179994531, 88.6877179949, 1.45884439061, 1.54616016051, 3.70456698244, 15.0611473826, 297.396543596, 0.011887868669
0.143875134492, 0.941357897434, 5.41983328565, 0.86403114143, 95.9959360926, 1.25992172471, 0.822260422044, 4.97727532874, 12.5344403309, 344.000667336, 0.0113440739325
0.104596248964, 1.10071240769, 3.61622066883, 0.698070407709, 84.8547936454, 2.84496265876, 0.930014543675, 4.07734475656, 18.209381668, 166.631351248, 0.0200582211861
0.130278011663, 0.946616170765, 2.87980133618, 0.841000609253, 89.4892598847, 1.61533682098, 0.183219216703, 2.59990764833, 10.1361595576, 161.169370222, 0.0255849485963
0.149804404978, 1.01547213492, 2.97330344347, 0.930158561674, 90.3429849896, 3.51549535339, 0.759009663273, 1.23114662853, 19.3965201888, 154.627766756, 0.0304185375592
0.188733679661, 0.881985182009, 2.36502895991, 0.862457464399, 87.7831918821, 5.48732275189, 0.0718925014246, 1.16495968535, 11.0474060462, 133.206866606, 0.031927038065
0.145426046481, 0.938946224225, 2.36502895991, 0.839704641296, 94.9967995585, 3.80433010229, 0.0718925014246, 0.67246876478, 13.4844999011, 131.579764977, 0.034031319185
0.100125950329, 0.904172458981, 2.01744623922, 0.869702176067, 81.7304304047, 8.95685605733, 0.472470663511, 4.11458036604, 18.4779326145, 129.309837176, 0.0439068695268
0.166411271938, 0.93124937552, 2.97613069511, 0.817050734134, 81.9374593933, 1.61126411103, 0.898137240606, 1.73869728139, 14.7748854331, 127.23708127, 0.0463300516036
0.19373959501, 0.904172458981, 2.01744623922, 0.68885961357, 81.7304304047, 8.95685605733, 0.472470663511, 4.11458036604, 18.4779326145, 119.178397397, 0.146279682623
0.194099259795, 0.830396136027, 2.05827667584, 0.82681118406, 98.7657735489, 3.90017340799, 0.178093518474, 2.93049488625, 10.0354560432, 120.728196534, 0.0958243736936
0.180057631834, 1.2196757114, 3.68608398693, 0.84713518555, 93.4008414748, 1.75693635139, 0.850588603559, 1.19368200192, 18.369155596, 386.170132238, 0.011323859066
0.106970014982, 0.889903453482, 5.86775585261, 0.946233600741, 97.5965335667, 1.45884439061, 1.54616016051, 1.90719792409, 14.1475042362, 422.098161398, 0.00986409287384
0.109847711425, 1.2077836135, 7.90620382277, 0.74971328961, 83.671352197, 2.34382489394, 1.73290316047, 0.178254260699, 10.6150944005, 939.188444679, 0.00977051093036
0.107993952022, 0.949703331639, 4.96740429465, 0.752573413429, 80.3343713116, 6.47672182865, 0.0365867932484, 3.04127486724, 13.7835375012, 195.313545268, 0.0174807158896
0.15880731705, 0.949703331639, 4.96740429465, 0.752573413429, 80.5383223242, 1.84682285118, 0.0365867932484, 2.91028811072, 13.7835375012, 220.444798645, 0.0143058635626
0.179257041922, 0.844496363863, 2.62973537297, 0.769000395804, 86.8818505036, 2.21934523524, 1.82667649976, 0.244494043044, 15.6081594052, 200.379370642, 0.0158131570344
0.120116402707, 0.994184786781, 5.00021869343, 0.911292551039, 82.1214813241, 2.1731144535, 0.868551477495, 3.27762698278, 18.9769014711, 212.135449895, 0.0156177579987
0.166328693073, 0.879749799712, 5.58300566852, 0.897392564511, 86.1253569406, 1.84682285118, 0.624809476831, 2.91028811072, 13.0952785527, 271.188912693, 0.0136327136823
0.170435846593, 1.00793641137, 3.29992030328, 0.855179994531, 82.7401421177, 1.39414787785, 1.93711863035, 3.70456698244, 15.0611473826, 350.126317471, 0.0116365574693
0.149804404978, 1.01547213492, 2.97330344347, 0.774830231234, 90.3429849896, 3.51549535339, 0.759009663273, 1.23114662853, 19.3965201888, 177.435430639, 0.0200609931004
0.136140315555, 1.03907051703, 2.84984547379, 0.605771587623, 80.7248224415, 3.05896283705, 0.918059054147, 0.552952218814, 14.1539993946, 158.244795701, 0.0327578341333
0.145426046481, 0.844496363863, 2.62973537297, 0.769000395804, 88.3577347358, 2.21934523524, 1.82667649976, 0.244494043044, 15.6081594052, 150.469895151, 0.0376986669901
0.107124042468, 1.03907051703, 2.18054281343, 0.703270952608, 80.0373945464, 3.05896283705, 0.109058545991, 4.65856889631, 14.4822997066, 130.478004262, 0.0447460141655
0.177573095171, 0.870150557846, 2.85346461449, 0.764959548954, 90.5993637941, 1.75693635139, 0.420897394264, 2.61309062135, 14.2023494259, 132.159033186, 0.0440978251101
0.125984543123, 1.04186659488, 2.26593004526, 0.623140645353, 90.9909578534, 9.43339157711, 0.404009553077, 1.53823118359, 14.7581946332, 128.543319573, 0.0824497083341
0.183294493976, 0.947412514668, 2.99092507566, 0.795034917012, 96.3167166597, 8.92492420727, 0.724508740929, 2.84963116956, 13.01660644, 121.211024363, 0.156776622702
0.19373959501, 1.18773326867, 2.01744623922, 0.605771587623, 83.646989703, 8.95685605733, 0.918059054147, 3.95765581014, 18.4779326145, 124.993641935, 0.138326694082
0.106970014982, 0.889903453482, 5.86775585261, 0.946233600741, 97.5965335667, 1.39414787785, 1.78742061246, 1.90719792409, 14.1475042362, 457.685992212, 0.0111501926878
0.104596248964, 1.10071240769, 3.61622066883, 0.698070407709, 84.8547936454, 2.84496265876, 0.930014543675, 4.07734475656, 18.209381668, 224.952324184, 0.0153094634296
0.173768726986, 1.04614200311, 5.00021869343, 0.67544889663, 97.8931990218, 1.72978403049, 0.000376994904933, 1.82483152234, 15.1306554234, 245.666784408, 0.0143518058444
0.19158588369, 0.922664674925, 4.03620425818, 0.686247488787, 93.4008414748, 1.86976881665, 0.101858001488, 1.63219195214, 18.23513071, 208.346110569, 0.0174562605153
0.110502622636, 1.18906632223, 3.29079450563, 0.764812846454, 90.1151147821, 2.53028517367, 1.2069663386, 4.53179799414, 17.0035211752, 302.476314259, 0.0137167207189
0.124674816195, 0.889903453482, 5.86775585261, 0.946233600741, 94.4185301516, 1.39414787785, 1.78742061246, 1.90719792409, 14.1475042362, 420.485387552, 0.012409990182
0.143875134492, 1.01547213492, 2.97330344347, 0.930158561674, 89.4864166037, 3.51549535339, 0.759009663273, 1.23114662853, 19.3965201888, 181.611524518, 0.0269445330222
0.171992228497, 0.941357897434, 3.61121876858, 0.747774471527, 92.4914805505, 1.6322974455, 0.24911354204, 1.11966266853, 12.542468513, 189.323903187, 0.0204830943224
0.179257041922, 0.844496363863, 2.62973537297, 0.805272690691, 99.9991577009, 2.21934523524, 1.44784283502, 0.244494043044, 15.6081594052, 183.234177128, 0.0207026949691
0.183294493976, 0.949703331639, 2.99092507566, 0.752573413429, 80.5383223242, 1.84682285118, 0.0365867932484, 2.91028811072, 13.7835375012, 159.984583289, 0.0369531543423
0.145426046481, 0.938946224225, 2.36502895991, 0.839704641296, 94.9967995585, 5.48732275189, 0.0718925014246, 1.16495968535, 11.0474060462, 131.553405023, 0.0543229578753
0.183294493976, 0.947412514668, 2.38862902162, 0.774683151705, 96.3167166597, 1.39414787785, 0.477551321756, 2.84963116956, 17.6759408288, 135.544072356, 0.0444797458237
0.153344752767, 1.02835549202, 2.77245108802, 0.874041925958, 92.6253750758, 9.85800707315, 0.375613816565, 2.9774518607, 16.3400020665, 130.776214857, 0.0873837480999
0.134276807085, 1.04055921527, 3.48374413169, 0.917121281218, 99.6653713038, 7.95642630144, 0.256084480386, 4.38979277988, 13.8100664448, 123.563552311, 0.281917462827
0.125984543123, 1.04186659488, 2.1497554078, 0.623140645353, 90.9909578534, 9.43339157711, 0.815206475491, 3.0950759403, 14.7581946332, 128.774600284, 0.151095515445
0.155205773957, 1.10658347351, 7.19496020094, 0.802613293888, 83.9796917989, 1.43850977468, 0.177315410466, 3.49159650149, 12.542468513, 643.737525011, 0.0120654973421
0.116062888632, 1.0345418546, 2.01883517028, 0.748495081588, 99.0590317265, 7.00601126002, 0.223373967753, 4.87625536961, 13.0295623465, 132.179026571, 0.0796959409751
0.107993952022, 0.949703331639, 4.96740429465, 0.752573413429, 82.5299544953, 1.84682285118, 0.0365867932484, 2.91028811072, 13.7835375012, 360.442269904, 0.0142609017108
0.116062888632, 1.0345418546, 2.01883517028, 0.748495081588, 99.0590317265, 7.00601126002, 0.223373967753, 4.87625536961, 13.0295623465, 133.610568375, 0.0573637709996
0.124674816195, 0.889903453482, 5.86775585261, 0.946233600741, 97.5965335667, 1.39414787785, 1.78742061246, 1.90719792409, 14.1475042362, 494.042827773, 0.014097865035
0.114923241203, 0.88052120236, 2.68749098283, 0.712094529401, 95.5796674076, 8.71279583643, 1.64667715111, 4.12982297591, 13.8463934155, 181.669351003, 0.0326094273067
0.100125950329, 1.1116122054, 7.19496020094, 0.85184254931, 83.9796917989, 1.61533682098, 0.177315410466, 0.391608439148, 16.0804239076, 549.80860867, 0.0129927539853
0.179257041922, 0.844496363863, 2.62973537297, 0.769000395804, 86.8818505036, 2.21934523524, 1.82667649976, 0.244494043044, 15.6081594052, 165.093587308, 0.041515328716
