1.329642542, 1.0000004939, 1.66346679673, 1.11854334543, 1.63710795314, 0.831842449422, 1.33371578814, 1.19939832946, 0.985889780696, 5.00063121639, 5.63931413994, 1.18886453079, 2.665647819, 1.18702881424, 1.09000081396, 1.08061763127, 1.0017213649, 0.841295742542, 9.27998269488, 1.13614170668, 0.839383526846, 367.951124642, 1.18525243698, 2.23777087406, 1.17636110541, 4.1799586654, 1.25166678837, 8.9870600497, 65.9802984477
1.76923933497, 1.00000011765, 1.19103793497, 0.946604764127, 4.24198765647, 0.960857753937, 1.08201460272, 1.24632464596, 0.949536044717, 3.93374970988, 5.77240234345, 0.873011684569, 1.79893436812, 1.00521297351, 1.09000049388, 1.04264983791, 1.04356858441, 0.982242028396, 6.17472832629, 1.13467055346, 0.905413092789, 308.643671163, 0.929741489549, 4.52033394497, 1.08191879603, 4.98773949105, 1.00045290581, 12.3365463638, 714.720179379
1.94219337167, 1.00000052538, 1.04910674932, 0.958821768881, 4.33764137133, 0.905999607987, 2.22430597402, 1.161125447, 0.932021906687, 2.9983116911, 4.79856444472, 0.868854614343, 4.67390395975, 1.27861108081, 1.09000029754, 1.02099327485, 1.01777413821, 1.19144196417, 3.36099280977, 1.040381157, 0.837380489691, 766.926593262, 1.1521204384, 3.95626890158, 0.995450630064, 3.87683961192, 1.14042612829, 14.0276341853, 80.8983829535
1.49501809333, 1.00000011773, 1.48803901391, 1.14250843768, 1.9090504218, 0.723741845422, 4.60248171554, 1.21048322613, 0.926152182147, 2.33989896021, 5.18412067336, 0.933562484146, 1.32983447048, 1.03698297028, 1.09000022491, 1.0530981789, 1.02316359403, 0.873076885609, 4.74536370041, 0.938048350868, 0.98204655247, 319.896419705, 1.15228498785, 1.669680811, 1.23929211836, 2.25439041069, 0.903467328527, 12.5430939212, 172.563677888
4.73390161767, 1.00000044382, 1.58805837093, 1.01581342408, 5.39979943115, 0.739044495509, 5.73741085733, 1.12860184997, 0.948323538423, 1.56837497932, 5.37628618881, 0.89885884341, 4.67505013345, 0.813067517865, 1.09000040202, 1.09092122842, 1.00063287955, 1.10900945678, 5.22892452423, 1.05893928517, 0.761618996607, 739.008291398, 1.07492681696, 4.57828541607, 1.23049067158, 4.63663974071, 1.26146183517, 18.5027844934, 129.95989194
2.46510089872, 1.00000002493, 1.26402296944, 0.907971103435, 2.0225417224, 0.726566880372, 3.96432418695, 1.0772234496, 0.984209383895, 5.01026129885, 5.12141543015, 0.98233402685, 5.04679363494, 0.921079436757, 1.09000010955, 1.05572484129, 1.03204189466, 0.927780057376, 7.78724779993, 0.914426734045, 0.952722757039, 3.95802201268, 1.18137763726, 5.98394365554, 0.950523542496, 3.02379391616, 1.08305197123, 13.8436225627, 401.84729987
4.05712350614, 1.00000039266, 1.08864355544, 1.17179813641, 2.09691108415, 0.906086649921, 4.98839001545, 1.01617587066, 0.917483834299, 6.04861344271, 6.03666679057, 1.1276183611, 3.58578125471, 1.20805694387, 1.09000055563, 1.08841444579, 1.04825971526, 0.81580085697, 6.95829682957, 1.1867839476, 0.983157770404, 859.851059459, 0.929832306254, 3.46574580251, 1.05552901911, 4.35929033962, 1.24784813333, 15.8900415061, 279.9173266
1.71622082056, 1.00000065556, 1.68873864456, 0.820975260688, 3.37940214882, 0.993682003625, 5.25110345482, 1.103101149, 0.944710245961, 4.9434882591, 4.91597312513, 0.964955544328, 4.91794643391, 0.983086348553, 1.09000026841, 1.09891744239, 1.00275735747, 0.916950284495, 5.09283031253, 1.13718718562, 0.941833603861, 71.7356111303, 1.09143120351, 2.51689564094, 1.21243611396, 1.8428238301, 1.11765352065, 13.8433553123, 734.824399925
1.81090078249, 1.00000013027, 1.42891747437, 0.906365457742, 2.24859539765, 0.788432129709, 1.83720609848, 1.12343469941, 0.954749338866, 3.48108561984, 5.1516972, 1.08798336994, 2.98613148173, 1.00744259653, 1.09000048535, 1.01949177482, 1.0416284523, 0.900705888813, 5.31175330644, 0.974392632416, 0.887473023554, 799.887884698, 0.96459596599, 5.59770561155, 1.17466096891, 4.25760917936, 1.29191482964, 13.1141652158, 3706.81250104
3.59455882961, 1.00000025269, 1.42716826481, 1.00930479812, 5.16911275735, 0.992935638812, 4.69224791934, 1.22565023378, 0.9924779449, 3.071482985, 6.05565294467, 1.05647034752, 2.61756341328, 0.955280235062, 1.09000018785, 1.09693484921, 1.04293799808, 1.19495880684, 5.47908902387, 1.13180313127, 0.996553126113, 49.1887505948, 0.989763505019, 2.07598315367, 1.0702257166, 5.47466880108, 1.2132336247, 15.8857482359, 535.544755507
3.54277893487, 1.00000017358, 1.67568649627, 0.849106647805, 3.47887460298, 0.720340785079, 4.34806051789, 1.16765006653, 0.922979119354, 5.05587583409, 5.97287628113, 0.96392531917, 3.46340053718, 1.01534612678, 1.09000075767, 1.03390814779, 1.02397856215, 0.940213710191, 5.78475650461, 0.959028505101, 0.857674640312, 509.127929488, 0.922265933781, 5.10312713517, 1.106164467, 1.57265402384, 1.19301198223, 14.4850273836, 628.087492001
1.81090078249, 1.00000013027, 1.42891747437, 0.906365457742, 2.24859539765, 0.923752388902, 1.83720609848, 1.12343469941, 0.954749338866, 3.48108561984, 5.88686942411, 1.08798336994, 2.98613148173, 1.00744259653, 1.09000048535, 1.01949177482, 1.0416284523, 0.900705888813, 3.09571271019, 0.936748814155, 0.887473023554, 799.887884698, 0.96459596599, 5.59770561155, 1.17466096891, 4.25760917936, 1.29191482964, 23.0332767462, 304.00238722
4.69901762962, 1.0000002089, 1.73851000352, 1.1057654202, 1.45093677906, 0.923752388902, 4.15943667085, 1.22530759126, 0.933700937431, 2.25796803976, 5.6633603541, 1.07653619354, 2.53466197442, 0.921001119293, 1.09000077195, 1.10199334202, 1.0122301854, 0.934729122721, 5.64257412941, 0.936748814155, 0.916632798366, 587.727324728, 1.06793771351, 2.4080400562, 1.19709952671, 1.14049955155, 1.24731388381, 16.8507814149, 418.508567534
1.11504426585, 1.00000096985, 1.09241293727, 1.17520200979, 4.59791228527, 0.878816452763, 3.26329135769, 1.25832106115, 0.903065531074, 2.95457755991, 5.72869955848, 1.07822724974, 4.20138262534, 1.27576465094, 1.09000043268, 1.04163437049, 1.03959311624, 1.16581970847, 5.47908902387, 1.01295352229, 0.793642699567, 335.940760305, 1.11487328283, 5.55838332242, 1.08993795842, 4.64774248358, 0.936273420229, 13.9245377553, 1130.29697532
3.59455882961, 1.00000033408, 1.42716826481, 1.00930479812, 5.16911275735, 0.992935638812, 4.69224791934, 1.22565023378, 0.9924779449, 3.071482985, 6.05565294467, 1.05647034752, 2.61756341328, 0.955280235062, 1.09000018785, 1.09693484921, 1.04293799808, 1.19495880684, 4.25056769278, 1.13180313127, 0.996553126113, 49.1887505948, 0.989763505019, 2.07598315367, 1.0702257166, 3.68456077059, 1.2132336247, 13.9184662199, 1339.30124919
4.75724920754, 1.00000026783, 1.24752523995, 0.873805234415, 2.09108339187, 0.788117769889, 2.82536850951, 1.25735539421, 0.99520735384, 5.8799194128, 5.13433027812, 0.999184104671, 2.34316524906, 1.15679976355, 1.09000031928, 1.03983735222, 1.02287379901, 1.17776001355, 3.28427056702, 1.03348991606, 0.830471584233, 182.460616844, 1.1521204384, 2.98734254989, 0.971450599411, 1.27402569893, 1.05508985647, 16.4579904121, 689.145853787
5.74926804263, 1.00000057803, 1.577214174, 0.931650661273, 2.50140550192, 0.78699428258, 2.28627227348, 1.0432580708, 0.984958540739, 2.9030434037, 4.76754610528, 1.02019367282, 1.80610959211, 1.23089571208, 1.09000071745, 1.10598369682, 1.04388611971, 1.11122897142, 5.66622142282, 1.17050755551, 0.914467041494, 372.417642059, 1.18706820701, 5.19417172973, 1.13767089899, 5.06270499501, 1.17041910753, 16.244876422, 710.854901348
4.24738355732, 1.00000087976, 1.35439748661, 1.08027778518, 5.16308493962, 0.88297080417, 1.05554540665, 1.08308142188, 0.978087799162, 5.52216733626, 4.85625683189, 0.962672495234, 2.99031540934, 0.897841144564, 1.09000037248, 1.05653897212, 1.04511792094, 0.810884278945, 3.01836095881, 1.17330548842, 0.894736830582, 770.019646214, 0.921130859883, 4.23329903502, 0.983769195374, 1.20050176493, 1.03834090308, 16.2256524071, 1074.93731312
1.94219337167, 1.00000052538, 1.04910674932, 0.973858449377, 4.33764137133, 0.975739001098, 2.22430597402, 1.161125447, 0.932021906687, 2.9983116911, 4.79856444472, 0.868854614343, 4.67390395975, 1.27861108081, 1.09000029754, 1.02099327485, 1.01777413821, 1.14266532622, 3.36099280977, 1.040381157, 0.837380489691, 766.926593262, 0.986258036011, 3.95626890158, 0.995450630064, 3.87683961192, 1.14042612829, 23.5832786448, 370.488370665
5.06844085977, 1.00000068182, 1.55340527434, 1.07131562708, 4.39447275239, 0.954187134953, 5.20776723414, 1.05357894847, 0.964723383802, 4.28978277662, 5.76998218941, 1.14380901726, 2.61912315482, 0.976147975852, 1.09000001255, 1.01241499877, 1.04174738623, 0.982284794669, 4.56844032903, 1.01160725435, 0.974437686783, 703.979626314, 1.08047189341, 2.01268532025, 1.21988081427, 4.95276708253, 0.877522849379, 21.4788319255, 503.419400382
3.92674981518, 1.00000087278, 1.29046075118, 0.817063988129, 3.900627302, 0.991376731167, 2.41465988413, 1.02995046255, 0.95017307253, 2.05878130164, 5.08858606607, 0.836579448867, 1.26061661693, 1.21925650416, 1.09000057304, 1.10698441937, 1.00258558565, 1.21981076688, 3.13425747746, 1.11600208594, 0.954479338553, 974.756218168, 1.07967996179, 5.47776980951, 1.07039806299, 2.21516701794, 1.11697794879, 14.5963846514, 1781.57036864
5.3053495483, 1.0000000288, 1.06834740129, 0.929242285093, 5.79942198009, 0.898850793104, 2.58555101846, 1.18508071947, 0.967099341401, 5.43083276107, 5.06388963541, 1.02692183452, 1.22921556014, 0.929492604177, 1.0900009884, 1.09567137402, 1.04511792094, 1.21896513918, 6.91580033285, 0.946984223922, 0.819540383509, 976.849566923, 0.948095144207, 3.4283887963, 0.983769195374, 3.35200321893, 1.04918427865, 15.1357802955, 1341.76607514
3.79774686802, 1.0000009278, 1.42891747437, 0.906365457742, 2.24859539765, 0.800962496945, 1.83720609848, 1.12343469941, 0.954749338866, 3.48108561984, 5.1516972, 1.08798336994, 2.98613148173, 1.0058903934, 1.09000048535, 1.01949177482, 1.04464145492, 1.10169403414, 5.31175330644, 1.07098153607, 0.887473023554, 799.887884698, 0.96459596599, 4.59674731851, 1.21289787193, 4.25760917936, 1.29191482964, 17.120674628, 694.30014102
2.62346314843, 1.00000000889, 1.13159508548, 0.837595250272, 6.24145751874, 0.826186348128, 5.80379371906, 1.21215872472, 0.995770804994, 4.42936231619, 5.55417903473, 1.1917852161, 1.8789609817, 1.21939594586, 1.09000019053, 1.02632682504, 1.02660548194, 1.06742086114, 5.95747199334, 0.999819836526, 0.947792940839, 68.8072285001, 1.10544235562, 3.49365181091, 1.03942563061, 2.59408089439, 1.21923481324, 26.9312970008, 514.74369727
4.42708216312, 1.00000011765, 1.61390662887, 0.946604764127, 4.24198765647, 0.94975939179, 1.08201460272, 1.24632464596, 0.949536044717, 3.65680548, 5.77240234345, 0.873011684569, 1.79893436812, 1.00521297351, 1.09000049388, 1.08852635642, 1.04356858441, 1.003914962, 6.17472832629, 1.13467055346, 0.905413092789, 308.643671163, 0.929741489549, 4.52033394497, 1.08191879603, 4.98773949105, 1.2159466222, 16.6468833249, 3466.77605194
3.39309000129, 1.00000062323, 1.19103793497, 0.9731606873, 4.5736803863, 0.808935196953, 1.27134385579, 1.18231660955, 0.995219072381, 5.84163931973, 5.29685677476, 1.07910610607, 2.30603203687, 1.12133797342, 1.09000060176, 1.06045273384, 1.02358358552, 1.07464249272, 4.23469259312, 1.02354347603, 0.984921988073, 682.36664267, 0.967283547729, 3.31800797926, 0.953030017895, 4.66160787878, 1.0754352009, 15.7480334191, 5252.08421898
1.6944452896, 1.00000039444, 1.27174211961, 1.17805067687, 2.75294992693, 0.924086938504, 1.27899114237, 1.05394208981, 0.962466409392, 3.33787162045, 6.16831409045, 0.818091870095, 1.44503498758, 0.8942603231, 1.09000083427, 1.10150576461, 1.03371285087, 1.03346974629, 7.25636030632, 0.945729253007, 0.843462082847, 182.838380768, 1.03826459533, 1.25366174497, 1.21896333275, 4.24520215972, 0.969489565096, 16.8067316472, 2348.18833132
1.4080387726, 1.00000014077, 1.37773930459, 1.07797618298, 6.08599942284, 0.984425215258, 2.06057409198, 1.22666895548, 0.991945943202, 1.53808119591, 5.42670339968, 1.01637170884, 3.31545873317, 1.07929642488, 1.09000022721, 1.06016173738, 1.00771489213, 1.03258425139, 4.23210120825, 0.990889317392, 0.884147513094, 321.958773541, 0.929302606817, 2.31422728876, 1.2011303981, 4.97900058985, 0.999752602705, 18.8226868302, 1110.41177676
4.24831968524, 1.00000063697, 1.10236584486, 0.989082449794, 6.34804792119, 0.79320711728, 1.31205948886, 1.04297081021, 0.944223543871, 5.42048489705, 4.93903842655, 0.875126719708, 1.74654304386, 1.09175720588, 1.09000095194, 1.02794958435, 1.00246343976, 0.983951575057, 4.92144646094, 1.11257351941, 0.868802460835, 91.475182826, 1.0253612576, 5.88247270995, 1.15195545852, 1.03382938549, 1.03310219056, 17.1588014182, 1666.89435137
3.53429007211, 1.00000070766, 1.16374371708, 0.845654145911, 4.49795182633, 0.869531566695, 1.32236592294, 1.23131086566, 0.981363412398, 3.9497552204, 4.93450900185, 1.09468895715, 4.66512409266, 1.12649482576, 1.09000058309, 1.03654147789, 1.00843959956, 0.813427428799, 9.00849547532, 1.06131952391, 0.937631918154, 388.971337605, 1.05963059782, 4.75783112133, 1.08037385942, 4.53229050702, 1.2068250269, 20.844933814, 824.805651746
1.6944452896, 1.00000039444, 1.27174211961, 1.17805067687, 2.75294992693, 0.966100646385, 1.27899114237, 1.05394208981, 0.962466409392, 3.33787162045, 6.16831409045, 0.818091870095, 1.44503498758, 0.8942603231, 1.09000083427, 1.10150576461, 1.03371285087, 1.03346974629, 7.25636030632, 0.945729253007, 0.843462082847, 182.838380768, 1.03826459533, 2.08681181642, 1.21896333275, 4.24520215972, 1.03490690737, 18.4586494788, 1273.88071497
4.61816997105, 1.00000032878, 1.0516507771, 0.94379435201, 5.17271043593, 0.943726267398, 5.25110345482, 1.19254484925, 0.944710245961, 2.55548007508, 4.91597312513, 0.912480701969, 3.85864383258, 1.25703379457, 1.09000052263, 1.02682899148, 1.04823339854, 0.834766921202, 9.82732712911, 1.10128577078, 0.988597095599, 774.080306819, 1.19067677414, 1.97305304711, 1.205769991, 5.41406774931, 0.91383068014, 31.7019826939, 567.794579266
1.62768644236, 1.00000017185, 1.10170991613, 1.11036462046, 3.14698417124, 0.8960573942, 2.0325184177, 1.09499715684, 0.99023884703, 3.99750984868, 5.03360095023, 1.06920204778, 4.40979510351, 0.961408723016, 1.09000007744, 1.10806602625, 1.01595330456, 0.822887137864, 9.84280541028, 0.991250003781, 0.792611112929, 219.045913195, 0.998816913086, 5.23830056793, 1.22194033074, 3.57282568056, 0.96366412947, 29.1585742022, 725.802097017
2.55503516409, 1.00000089943, 1.22677664984, 0.900988114108, 6.2460713221, 0.711150849732, 2.04463537162, 1.04793368394, 0.922693439686, 1.43937530123, 5.66189592522, 1.19619303615, 2.26884396447, 1.00207095043, 1.09000076823, 1.02390458355, 1.03230821811, 0.933985712704, 6.83840430005, 1.0355292111, 0.973475736955, 964.812974392, 0.988380885636, 1.78185928264, 1.0662352285, 5.4188135426, 1.21755526017, 20.1200072829, 1262.63295245
2.08216139251, 1.00000012899, 1.43225867038, 1.13498692938, 5.51010052102, 0.939640079193, 4.57741850918, 1.18253258156, 0.995388337155, 3.30207643338, 4.71236667446, 1.20881417413, 3.06337484685, 1.25746265062, 1.09000003558, 1.091968341, 1.0203721778, 0.835263487914, 7.86871630416, 1.12392857922, 0.940642384223, 734.247909748, 0.952225286132, 4.04741690412, 1.18912918449, 2.86823764034, 1.06957408799, 17.5124407332, 2156.37032125
5.63677104224, 1.00000099464, 1.45120820048, 0.802409010293, 6.97242735743, 0.921072021777, 5.24600549741, 1.21098901829, 0.98296348575, 5.03567829485, 5.23585500682, 0.986851735533, 1.67564568587, 0.846194100227, 1.09000008009, 1.05935890587, 1.04169059427, 0.913473562473, 5.27501560916, 1.14662238126, 0.83325318568, 913.60670913, 1.10353357952, 5.71317462246, 1.14996309214, 2.49124726328, 1.06284536696, 18.3974249792, 1906.17671757
4.5298323077, 1.00000009292, 1.59478051298, 0.915205405714, 2.23642500625, 0.797908612167, 1.40768304202, 1.2298078497, 0.954394680755, 4.00315800742, 4.85839842825, 0.935394509451, 1.40483125278, 0.924749535839, 1.09000085975, 1.07094781427, 1.03571498082, 1.05967374662, 6.29113213309, 0.955935124028, 0.835929643969, 729.261210521, 1.01126002526, 2.7530407843, 0.992796652976, 1.17234517564, 1.1754155535, 42.3724834184, 860.493415993
2.34178099907, 1.00000003739, 1.72010207114, 1.12703753849, 1.77397347738, 0.770464402022, 2.75142145526, 1.12798194329, 0.983670601005, 2.28890771399, 5.92214688626, 0.964968808001, 1.03516517097, 1.22891234666, 1.09000080227, 1.10407174068, 1.02511784188, 1.20036511169, 6.10830624085, 1.04140776653, 0.933676325711, 889.919206573, 1.0505825038, 4.48078988246, 1.18046307955, 4.25760917936, 1.02851406728, 35.0966449585, 1234.28421134
2.7726190532, 1.00000021145, 1.49902427958, 0.938373024622, 6.81938228405, 0.747853894389, 1.61896309274, 1.04706716146, 0.939845328228, 2.26809804918, 6.00079508278, 1.08044510524, 2.42051842356, 0.960158675431, 1.09000078666, 1.0120585151, 1.02023968505, 1.21230195747, 8.89195991843, 1.10901591351, 0.885935058687, 157.260687151, 1.02425259869, 5.26296162687, 1.00848640386, 1.71034357644, 1.20227747281, 20.32283638, 1325.18750846
4.17573314225, 1.00000044945, 1.62564441203, 1.19358179235, 3.80931688127, 0.79703043497, 5.53350784128, 1.2232038172, 0.915068602843, 5.07840182065, 5.13847241021, 1.12789026259, 1.46891412804, 0.841543519989, 1.09000040384, 1.05813812124, 1.03669451755, 1.01577822644, 3.35755743916, 0.984920803973, 0.848045705691, 665.489516767, 0.969681602629, 4.87714551042, 0.981686640982, 3.5729246246, 0.898150817317, 17.6756322474, 4439.98092001
4.42708216312, 1.00000011765, 1.61390662887, 0.946604764127, 4.24198765647, 0.94975939179, 1.08201460272, 1.24632464596, 0.949536044717, 3.93374970988, 5.77240234345, 0.873011684569, 1.79893436812, 1.00521297351, 1.09000049388, 1.04264983791, 1.04356858441, 0.982242028396, 6.17472832629, 1.13467055346, 0.905413092789, 308.643671163, 0.929741489549, 4.52033394497, 1.08191879603, 4.98773949105, 0.895526760206, 17.7279224368, 2358.12232387
5.34854730563, 1.00000025684, 1.72556747567, 1.05958011408, 4.38400467452, 0.80451474723, 1.69176931125, 1.05757180181, 0.939107581366, 4.9988124829, 5.0421012858, 0.914201148246, 1.21981765595, 0.829600219271, 1.09000040008, 1.01147131794, 1.01776406925, 0.914275870831, 8.89016970686, 1.15742083238, 0.963330243979, 659.027301787, 1.19886510208, 5.64676059258, 1.12433497689, 4.89477666094, 0.961521722559, 24.825776161, 1683.90874301
3.13309751289, 1.00000009044, 1.02330694072, 0.814378385976, 4.17234678711, 0.968152404628, 5.28912453429, 1.11366609501, 0.943863515751, 3.54106960907, 5.93595328632, 0.989631076796, 1.49480583585, 1.22668633183, 1.09000096502, 1.02713519715, 1.01531269146, 0.836894513055, 3.41212818371, 1.1466289431, 0.889162760172, 873.393738548, 1.0455967347, 1.58811580145, 1.0818516281, 1.9231646704, 1.13627567692, 21.7918217493, 1704.60776051
3.76785324602, 1.00000068764, 1.12442475743, 0.81529230425, 4.95389281992, 0.879598035658, 3.05933769141, 1.1488738618, 0.94089916815, 4.20972264023, 5.5770354206, 0.830636399263, 2.85175593722, 1.14001374885, 1.09000071108, 1.01215171548, 1.04087800773, 0.993788055192, 9.11109591096, 0.930905821197, 0.899924730034, 551.866326087, 1.18833728854, 3.29038415327, 0.998329450279, 5.19105498773, 1.03841453229, 37.47236692, 1368.4258543
3.18720023304, 1.00000030598, 1.17585426053, 1.01827965188, 2.42150580005, 0.883029038616, 1.89198635428, 1.1006680986, 0.937355105776, 3.54643464413, 5.23981570417, 0.859865544618, 1.86066970899, 0.823088939487, 1.09000085457, 1.02089448429, 1.00868174491, 1.17307401833, 6.45815707647, 0.933298983573, 0.904297728663, 509.566335966, 1.17492691313, 2.33234060371, 1.09722073106, 5.23853656629, 1.19350535331, 18.3476667465, 3902.12669
5.53033458953, 1.00000070814, 1.7120777278, 1.21007786799, 6.48821715278, 0.91308227707, 4.88162411282, 1.18945909535, 0.900232195101, 4.75520384125, 5.85459180593, 0.818699564556, 3.08753766137, 0.986121587484, 1.09000039379, 1.03120375059, 1.01670196196, 1.07579370082, 9.07223151255, 1.06795717777, 0.968701198165, 131.83735145, 1.16211827986, 1.83963585616, 1.15969774326, 5.32504966557, 1.03372276721, 21.6080753992, 3416.38396466
3.0962044888, 1.00000066406, 1.35347312752, 0.962753649833, 1.66934138953, 0.828973338971, 1.82831162057, 1.12019592749, 0.901727493632, 2.05320400901, 6.01870117387, 0.971849457449, 3.62132431484, 0.922388279157, 1.09000099823, 1.05837589288, 1.02488547134, 1.19907908554, 5.98223323867, 1.01742181455, 0.873379745982, 550.108050288, 1.19868431275, 2.37221414589, 1.00909985032, 2.15925440747, 1.2581422063, 23.028728256, 2586.11569239
1.96263848465, 1.00000030744, 1.15476037836, 0.925814755523, 1.5494005586, 0.716550305426, 1.65800631608, 1.14108385558, 0.954512099898, 2.23466654093, 5.6632363511, 1.21942776578, 3.53867774766, 1.16976239456, 1.09000002935, 1.05646601251, 1.01335748194, 0.815391917463, 6.88010608442, 0.941273833186, 0.91900402504, 247.594135357, 0.946467212285, 4.86387668802, 1.19753821719, 3.5802598793, 1.2159466222, 23.5641357341, 1936.36197992
4.75541193952, 1.00000025391, 1.50896142614, 0.814260345547, 2.29418840011, 0.992374197038, 2.94087793381, 1.03909900082, 0.934044329198, 4.65427484355, 6.02405072549, 0.814379625648, 3.98301015354, 1.26336033034, 1.09000001444, 1.1067404741, 1.03170758308, 1.07647827508, 6.27642184235, 0.982385584098, 0.811055964124, 14.023575903, 1.14982024583, 2.05274034095, 1.05367181568, 3.82421616206, 1.20130831544, 29.5511237946, 1705.66775321
5.34854730563, 1.00000025684, 1.72556747567, 1.05958011408, 4.38400467452, 0.969133587, 1.69176931125, 1.05757180181, 0.939107581366, 4.9988124829, 5.0421012858, 0.914201148246, 1.21981765595, 0.829600219271, 1.09000040008, 1.01147131794, 1.01776406925, 0.914275870831, 8.89016970686, 1.15742083238, 0.963330243979, 659.027301787, 1.19891428719, 5.64676059258, 1.12433497689, 4.89477666094, 0.961521722559, 28.2434844635, 1716.0492778
4.24738355732, 1.00000087976, 1.35439748661, 1.08027778518, 5.16308493962, 0.88297080417, 2.58555101846, 1.08308142188, 0.934708273778, 5.52216733626, 4.85625683189, 0.962672495234, 2.99031540934, 0.922388279157, 1.09000002929, 1.09044905711, 1.03225248048, 0.810884278945, 3.01836095881, 1.15342462816, 0.873379745982, 836.979811634, 1.02909943651, 5.21001304751, 1.1028757942, 1.20050176493, 1.03834090308, 19.5679970273, 5573.45122117
5.01363778001, 1.00000000214, 1.60644159792, 1.0209453791, 3.5448261871, 0.785444800156, 5.77563780253, 1.13309492264, 0.982093780941, 5.87249491307, 4.76127088798, 0.972518587699, 3.30216717266, 1.06014192731, 1.0900001448, 1.0293546164, 1.00785553114, 0.991168057863, 8.62194888887, 1.01947989605, 0.770681672803, 249.403939464, 0.971475816248, 3.88723390048, 0.990113066115, 4.66378788211, 1.13706801823, 20.1331159311, 4399.37984708
5.74926804263, 1.00000079991, 1.577214174, 1.10819613398, 2.50140550192, 0.78699428258, 2.28627227348, 1.0432580708, 0.984958540739, 2.9030434037, 4.76754610528, 1.02019367282, 3.20818026253, 1.23089571208, 1.09000071745, 1.10598369682, 1.04388611971, 1.11122897142, 5.66622142282, 1.17050755551, 0.973475736955, 372.417642059, 1.10544235562, 5.19417172973, 1.13767089899, 5.06270499501, 1.17041910753, 23.1897384241, 3132.43264586
1.10623465719, 1.00000063406, 1.25097710812, 0.905045299017, 2.10832283507, 0.988302758367, 5.62724959387, 1.24965528673, 0.984180584237, 4.81298549661, 5.84674750335, 0.854512138291, 2.85417117259, 0.907794918685, 1.09000014775, 1.10298735098, 1.00457609061, 1.13523875802, 6.38517833947, 1.18035195733, 0.825397019857, 383.053804286, 1.11992961978, 4.00867952072, 1.18725742972, 5.2916259564, 1.13957691479, 23.167587645, 4064.58460705
4.75541193952, 1.00000025391, 1.50896142614, 1.02004529601, 2.29418840011, 0.992374197038, 2.94087793381, 1.03909900082, 0.934044329198, 4.65427484355, 6.02405072549, 0.814379625648, 3.98301015354, 1.2630667298, 1.09000001444, 1.1067404741, 1.00233104763, 1.07647827508, 6.27642184235, 0.982385584098, 0.811055964124, 14.023575903, 1.14982024583, 3.68160244869, 1.05367181568, 3.82421616206, 1.20130831544, 23.8426320283, 2457.478728
4.78983684101, 1.00000000801, 1.22765263023, 0.814260345547, 6.32952378003, 0.98345093885, 5.90761594123, 1.20368115762, 0.946532183973, 1.72893922429, 6.12146606145, 1.10148934261, 4.48961550798, 0.972566783819, 1.09000069121, 1.05515627946, 1.01814800427, 0.999765390328, 4.60017062564, 1.0858961472, 0.84194585317, 326.217701312, 1.0831210348, 2.05274034095, 1.19033491392, 3.54175563668, 1.20149498624, 25.4301455759, 2009.31409856
2.55503516409, 1.0000002439, 1.22677664984, 0.900988114108, 6.2460713221, 0.721274071369, 2.04463537162, 1.04793368394, 0.922693439686, 1.43937530123, 5.66189592522, 1.19619303615, 2.26884396447, 1.00207095043, 1.09000076823, 1.02390458355, 1.03230821811, 0.933985712704, 6.83840430005, 1.0355292111, 0.800577010612, 964.812974392, 1.05642829329, 1.78185928264, 1.0662352285, 5.4188135426, 1.16730745064, 32.5740018986, 1738.45440426
4.80254556539, 1.00000010338, 1.61058776254, 0.847414640594, 2.74064616134, 0.748573179162, 2.12903588758, 1.1457053156, 0.981691026035, 2.90662164279, 5.25749966878, 0.936741544739, 3.8081172916, 1.10698247046, 1.09000031557, 1.06283566047, 1.02161021777, 1.22680882433, 9.8268161713, 1.03645806919, 0.77997456322, 666.987356037, 0.926900987491, 1.91931712154, 0.999734698473, 4.8333199926, 0.874742084633, 19.9172241971, 6196.80820589
2.55503516409, 1.0000002439, 1.22677664984, 0.900988114108, 6.2460713221, 0.721274071369, 2.04463537162, 1.04793368394, 0.922693439686, 1.43937530123, 5.66189592522, 1.19619303615, 1.87953695957, 1.00207095043, 1.09000076823, 1.02390458355, 1.03230821811, 0.933985712704, 3.35755743916, 1.0355292111, 0.800577010612, 964.812974392, 1.05642829329, 1.78185928264, 1.0662352285, 5.43863316823, 1.16730745064, 20.7470972258, 4534.81041085
4.75724920754, 1.00000026783, 1.4729386061, 0.873805234415, 2.09108339187, 0.788117769889, 2.82536850951, 1.25735539421, 0.99520735384, 5.8799194128, 5.13433027812, 0.999184104671, 2.34316524906, 1.15679976355, 1.09000031928, 1.07500792023, 1.02287379901, 1.21633299071, 3.27239049429, 1.03348991606, 0.830471584233, 182.460616844, 0.986258036011, 2.98734254989, 0.971450599411, 1.27402569893, 1.05508985647, 25.667818333, 3940.30934641
5.63677104224, 1.00000099464, 1.45120820048, 0.802409010293, 6.97242735743, 0.921072021777, 1.27134385579, 1.21098901829, 0.98296348575, 5.03567829485, 5.23585500682, 0.986851735533, 1.67564568587, 0.846194100227, 1.09000008009, 1.05935890587, 1.04169059427, 0.913473562473, 5.27501560916, 1.14662238126, 0.83325318568, 913.60670913, 1.10353357952, 5.71317462246, 1.14996309214, 2.49124726328, 1.274782881, 25.72443108, 2110.42770055
5.06844085977, 1.00000068182, 1.55340527434, 1.07131562708, 4.39447275239, 0.954187134953, 5.92209723387, 1.05357894847, 0.964723383802, 6.16559035054, 5.76998218941, 1.14380901726, 1.95671111642, 0.976147975852, 1.09000001255, 1.01241499877, 1.04174738623, 1.1929662035, 4.56844032903, 1.01160725435, 0.974437686783, 703.979626314, 1.08047189341, 1.00684660554, 1.13637821132, 4.95276708253, 0.915730949066, 37.6364806788, 1791.62257447
5.83183450009, 1.00000075272, 1.34498599145, 0.919260112129, 5.82650829208, 0.797036873682, 5.96799662305, 1.19036074877, 0.964985195009, 4.18405850961, 4.8728268566, 1.00749840146, 2.79693996825, 1.13342889633, 1.09000056059, 1.00118693838, 1.00237335472, 1.19439166907, 5.36442181993, 1.00880024587, 0.908901642857, 492.489673782, 1.17440887741, 4.22677062697, 1.23414991923, 2.66249734825, 1.04859386713, 20.4423949558, 11621.5145942
1.5818384932, 1.00000081543, 1.22605721889, 0.918708019386, 4.07817155043, 0.891527008544, 5.94659543787, 1.2411845675, 0.923224397367, 2.11931566464, 5.49995053087, 0.970084460368, 3.9842776202, 1.02917887715, 1.0900005952, 1.04243790302, 1.02959112609, 1.10169403414, 9.91260886374, 1.04411743411, 0.954831575714, 902.735625612, 1.04849183191, 1.32803816564, 1.01033714696, 2.41289550323, 1.23148915346, 21.3948160481, 6295.02514636
1.62768644236, 1.00000017185, 1.10170991613, 1.11036462046, 3.14698417124, 0.8960573942, 2.0325184177, 1.14734347541, 0.99023884703, 3.99750984868, 5.03360095023, 1.17895150394, 4.40979510351, 0.961408723016, 1.09000010968, 1.10806602625, 1.01595330456, 0.822887137864, 9.84280541028, 1.00320382359, 0.894749221198, 219.045913195, 0.998816913086, 5.23830056793, 1.22194033074, 3.57282568056, 0.96366412947, 21.6876471279, 4854.70109674
3.13309751289, 1.00000009044, 1.02330694072, 0.814378385976, 4.17234678711, 0.968152404628, 5.28912453429, 1.11366609501, 0.943863515751, 3.54106960907, 5.58256645112, 0.989631076796, 2.24735697107, 1.22668633183, 1.09000096502, 1.02713519715, 1.01531269146, 0.836894513055, 3.41212818371, 1.1466289431, 0.889162760172, 873.393738548, 1.0455967347, 1.58811580145, 1.23345590568, 1.9231646704, 1.13627567692, 21.4473268295, 5851.78088505
1.6944452896, 1.00000039444, 1.27174211961, 1.17805067687, 1.6988238079, 0.966100646385, 1.27899114237, 1.05394208981, 0.962466409392, 3.33787162045, 6.16831409045, 0.818091870095, 1.44503498758, 0.8942603231, 1.09000083427, 1.10150576461, 1.03371285087, 1.03346974629, 7.25636030632, 1.03802492384, 0.843462082847, 182.838380768, 1.03826459533, 2.08681181642, 1.21896333275, 4.24520215972, 1.03490690737, 20.9730203424, 7195.65183227
5.45764449722, 1.00000086655, 1.53241919753, 0.91034170462, 5.42745289139, 0.762266854004, 5.33108875728, 1.0095968812, 0.935274029011, 5.47979415532, 5.13847392604, 0.818699564556, 3.53261961308, 1.12319961946, 1.09000083017, 1.04417870567, 1.01670196196, 1.17059163982, 3.14897385165, 1.03928204521, 0.969084019714, 288.867793439, 0.987925965079, 1.79811577847, 0.972300332186, 4.8871443886, 1.25420099021, 36.9245126241, 2121.04084487
2.46510089872, 1.00000002493, 1.26402296944, 0.907971103435, 6.71672571618, 0.726566880372, 3.96432418695, 1.0772234496, 0.984209383895, 5.88382138995, 5.12141543015, 0.831088934835, 5.04679363494, 0.921079436757, 1.09000010955, 1.05572484129, 1.03470480248, 0.927780057376, 7.78724779993, 0.914426734045, 0.952722757039, 182.560714497, 0.960945582268, 5.98394365554, 0.954746321455, 3.02379391616, 1.08305197123, 36.0040679009, 2122.1878642
1.6944452896, 1.00000039444, 1.27174211961, 1.17805067687, 2.75294992693, 0.966100646385, 1.27899114237, 1.05394208981, 0.962466409392, 3.33787162045, 6.16831409045, 0.818091870095, 1.44503498758, 0.8942603231, 1.09000083427, 1.10150576461, 1.03371285087, 1.03346974629, 7.25636030632, 0.945729253007, 0.843462082847, 182.838380768, 1.03826459533, 2.08681181642, 1.21896333275, 4.24520215972, 1.03490690737, 26.8030654014, 2190.86473817
4.67331245301, 1.00000063697, 1.10236584486, 0.989082449794, 6.34804792119, 0.79320711728, 1.31205948886, 1.04297081021, 0.944223543871, 5.42048489705, 4.93903842655, 0.866938212342, 3.29454375756, 1.09175720588, 1.09000095194, 1.02794958435, 1.00246343976, 0.983951575057, 4.92144646094, 1.11257351941, 0.868802460835, 91.475182826, 0.96828726728, 5.88247270995, 1.15195545852, 1.92021072352, 1.03310219056, 25.8498063076, 4017.72416666
1.62768644236, 1.00000032015, 1.10170991613, 1.11036462046, 3.14698417124, 0.865447258289, 2.44800641592, 1.09499715684, 0.99023884703, 3.99750984868, 5.03360095023, 1.06920204778, 4.40979510351, 0.961408723016, 1.09000063788, 1.08621751417, 1.01595330456, 0.822887137864, 8.11757410196, 0.991250003781, 0.792611112929, 219.045913195, 0.998816913086, 5.23830056793, 1.22194033074, 3.57282568056, 0.96366412947, 26.7049055395, 3525.6500472
1.5818384932, 1.00000081543, 1.08797870705, 0.994408706722, 4.07817155043, 0.891527008544, 5.94659543787, 1.2411845675, 0.923224397367, 3.16089902261, 5.49995053087, 0.970084460368, 3.9842776202, 0.907794918685, 1.09000083558, 1.04243790302, 1.02959112609, 1.10169403414, 7.57381361005, 1.14231605263, 0.973512192177, 902.735625612, 1.04849183191, 1.32803816564, 1.01033714696, 2.41289550323, 1.23148915346, 23.0006453317, 5133.03351481
5.53033458953, 1.00000070814, 1.7120777278, 1.21007786799, 6.48821715278, 0.933140610632, 2.46779878039, 1.18945909535, 0.900232195101, 4.75520384125, 5.85459180593, 1.01836036497, 3.08753766137, 0.992325807232, 1.09000039379, 1.03120375059, 1.01670196196, 0.983232744658, 9.07223151255, 1.06795717777, 0.968701198165, 131.83735145, 1.16211827986, 1.83963585616, 1.15969774326, 5.32504966557, 1.03372276721, 21.9109700626, 7009.83771572
5.53033458953, 1.00000070814, 1.7120777278, 1.21007786799, 6.48821715278, 0.933966853348, 1.61407640033, 1.18296120538, 0.900232195101, 4.75520384125, 5.85459180593, 0.827253237611, 3.08753766137, 0.986121587484, 1.09000039379, 1.03120375059, 1.04882978183, 1.07579370082, 7.44519937478, 1.06795717777, 0.973224580324, 131.83735145, 1.16211827986, 1.83963585616, 1.15969774326, 5.41755892221, 1.03372276721, 22.4597508586, 6024.51923033
3.39309000129, 1.00000062323, 1.19103793497, 0.9731606873, 6.01655097569, 0.808935196953, 1.27134385579, 1.18231660955, 0.998451207056, 5.84163931973, 5.29685677476, 1.07910610607, 2.30603203687, 1.12133797342, 1.09000060176, 1.06045273384, 1.02358358552, 1.07464249272, 4.23469259312, 1.02354347603, 0.984921988073, 682.36664267, 0.967283547729, 3.31800797926, 1.02737470667, 4.66160787878, 1.0754352009, 21.1414186641, 10466.2752363
4.39185244316, 1.00000048645, 1.35045540474, 0.848730389666, 4.38400467452, 0.797565976829, 2.42146656346, 1.12661340534, 0.902842212066, 3.4760738904, 4.99243372421, 1.21862801803, 3.00976651806, 0.943596848224, 1.09000069311, 1.05938917016, 1.0315579077, 1.19376572687, 6.59886248181, 1.18251494332, 0.978891170224, 204.416966766, 1.02165504617, 4.14143885054, 1.0565002873, 3.08181045952, 0.891000156366, 28.6655098049, 2202.15701672
5.01363778001, 1.00000000214, 1.60644159792, 1.08027778518, 3.5448261871, 0.785444800156, 5.77563780253, 1.13309492264, 0.982093780941, 5.87249491307, 4.76127088798, 0.972518587699, 3.30216717266, 1.06014192731, 1.0900001448, 1.0293546164, 1.00785553114, 0.991168057863, 8.62194888887, 1.01947989605, 0.770681672803, 249.403939464, 0.971475816248, 3.88723390048, 0.961181732532, 4.66378788211, 1.13706801823, 26.9763447574, 2398.77386944
3.13309751289, 1.00000007808, 1.02330694072, 0.814378385976, 4.17234678711, 0.968152404628, 5.28912453429, 1.11366609501, 0.943863515751, 3.54106960907, 5.58256645112, 0.989631076796, 2.24735697107, 1.27621579327, 1.09000096502, 1.02713519715, 1.01531269146, 0.836894513055, 3.16233576842, 1.1466289431, 0.889162760172, 873.393738548, 1.0455967347, 1.58811580145, 1.23345590568, 1.9231646704, 1.13627567692, 26.399506047, 5222.81403639
4.69901762962, 1.0000002089, 1.72902070338, 1.1057654202, 1.45093677906, 0.923752388902, 4.15943667085, 1.22530759126, 0.933700937431, 2.25796803976, 5.6633603541, 1.07591646869, 2.53466197442, 0.921001119293, 1.09000077195, 1.03697036588, 1.01265270224, 0.934729122721, 5.64257412941, 0.961752137574, 0.828975694931, 678.761882186, 1.06793771351, 2.4080400562, 1.19709952671, 2.68906443477, 1.27014900653, 24.8608678153, 5365.23697703
5.99760899097, 1.00000007213, 1.60971169775, 0.845390264956, 5.32917955208, 0.930398585281, 1.1757128482, 1.04384194077, 0.948931288381, 5.42044669509, 5.29287440774, 1.06460929076, 1.09301169933, 1.22503717526, 1.09000036899, 1.04354145365, 1.00391012458, 0.833107057968, 9.25403746277, 0.914710619324, 0.918961187674, 293.203613722, 0.923555178124, 1.18185944435, 1.01423738998, 3.74458732685, 1.00278967044, 24.5719533175, 5715.97696975
4.78983684101, 1.00000000801, 1.22765263023, 0.814260345547, 6.32952378003, 0.98345093885, 5.90761594123, 1.20368115762, 0.946532183973, 1.72893922429, 6.12146606145, 1.10148934261, 4.48961550798, 0.972566783819, 1.09000069121, 1.05515627946, 1.01814800427, 0.999765390328, 4.60017062564, 1.0858961472, 0.84194585317, 211.626710987, 1.0831210348, 2.05274034095, 1.19033491392, 3.54175563668, 1.20149498624, 21.9789114997, 10044.0322943
5.74926804263, 1.0000002439, 1.577214174, 1.10819613398, 2.50140550192, 0.78699428258, 2.28627227348, 1.0432580708, 0.984958540739, 2.9030434037, 4.76754610528, 1.02019367282, 3.20818026253, 1.23089571208, 1.09000071745, 1.10598369682, 1.04388611971, 1.11122897142, 5.66622142282, 1.17050755551, 0.800577010612, 372.417642059, 1.10544235562, 5.19417172973, 1.13767089899, 5.06270499501, 1.17041910753, 24.5251347185, 7855.60863897
1.88333549896, 1.00000009351, 1.4264530916, 0.954916234265, 1.73757038539, 0.899882968881, 4.49926487503, 1.04068963239, 0.97994232404, 6.04887074999, 6.13104879848, 0.87987376668, 4.39620402464, 1.06302368797, 1.09000025407, 1.04455938213, 1.03941250831, 1.12059516258, 6.24105232412, 1.17031112045, 0.936026204278, 473.868702236, 1.17512524417, 5.66130202501, 1.17719390405, 4.33124370302, 1.01532282578, 23.7770007992, 8488.66965042
4.17573314225, 1.00000044945, 1.62564441203, 1.19358179235, 3.80931688127, 0.79703043497, 1.08201460272, 1.2232038172, 0.915068602843, 5.07840182065, 5.33453508974, 1.12789026259, 1.46891412804, 0.841543519989, 1.09000040384, 1.05813812124, 1.04810042696, 1.01577822644, 3.35755743916, 0.984920803973, 0.848045705691, 665.489516767, 0.929741489549, 4.87714551042, 0.981686640982, 4.98773949105, 0.898150817317, 21.9639743096, 17118.7672695
4.22230899056, 1.00000044663, 1.23857718509, 0.898586825836, 5.00221018327, 0.984187968104, 4.91380135171, 1.03076387385, 0.909954841994, 2.52022261052, 4.74830804315, 0.931259602248, 3.12808175366, 1.08176922801, 1.09000065143, 1.09458788263, 1.03425562515, 1.10661843801, 8.86368043005, 1.1828677191, 0.952384644034, 95.7616947117, 1.09143120351, 5.6948881723, 1.21243611396, 1.10237444084, 0.975701964153, 21.2119530948, 32797.3259588
1.88333549896, 1.00000009351, 1.4264530916, 0.954916234265, 1.73757038539, 0.899882968881, 4.49926487503, 1.04068963239, 0.97994232404, 6.04887074999, 6.13104879848, 0.87987376668, 4.39620402464, 1.06302368797, 1.09000025407, 1.04455938213, 1.02776668364, 1.12059516258, 6.24105232412, 1.17031112045, 0.991986455146, 911.635116068, 1.17512524417, 5.66130202501, 1.17719390405, 4.33124370302, 1.01532282578, 46.3403651455, 2323.41872871
5.89444433812, 1.00000027234, 1.05209584498, 1.0808156413, 5.30294622689, 0.724766308925, 2.85382316846, 1.25702603334, 0.914766713585, 3.16089902261, 5.68151034249, 1.02085799646, 2.02401778724, 1.18224372724, 1.09000035416, 1.0335692051, 1.00938759575, 0.91272034289, 3.0083496593, 1.12912053175, 0.931486931759, 922.215064106, 0.986116603289, 5.23565921184, 1.20441292183, 2.23378010193, 1.20934057194, 31.0424639087, 2430.99638685
2.08216139251, 1.00000012899, 1.43225867038, 1.13498692938, 5.51010052102, 0.939640079193, 4.57741850918, 1.18253258156, 0.995388337155, 3.30207643338, 4.71236667446, 1.20881417413, 2.88639777654, 1.26122649143, 1.09000003558, 1.091968341, 1.0203721778, 1.14392362487, 7.86871630416, 1.12392857922, 0.940642384223, 734.247909748, 0.952225286132, 4.04741690412, 1.18912918449, 3.1357661347, 1.06957408799, 27.1507713854, 2845.29913531
1.5818384932, 1.00000081543, 1.08797870705, 0.994408706722, 4.07817155043, 0.891527008544, 5.94659543787, 1.2411845675, 0.923224397367, 2.11931566464, 5.49995053087, 0.970084460368, 3.9842776202, 0.907794918685, 1.09000083558, 1.04243790302, 1.02959112609, 1.10169403414, 7.57381361005, 1.04411743411, 0.973512192177, 902.735625612, 1.04849183191, 1.32803816564, 1.01033714696, 2.41289550323, 1.23148915346, 28.7092075374, 2528.83189871
1.4080387726, 1.00000014077, 1.37773930459, 1.07797618298, 6.08599942284, 0.984425215258, 2.06057409198, 1.22666895548, 0.991945943202, 1.55365972023, 5.42670339968, 1.01637170884, 3.31545873317, 1.07929642488, 1.09000022721, 1.06016173738, 1.00771489213, 1.03258425139, 4.23210120825, 0.990889317392, 0.835035709749, 514.316662744, 0.929302606817, 2.31422728876, 1.2011303981, 3.87211540773, 0.999919393753, 24.8883052776, 5959.11267154
2.14695572387, 1.00000093117, 1.35292691386, 0.976940865901, 6.14753693102, 0.967854127537, 3.54252461444, 1.22301564158, 0.921849083978, 5.00638656169, 5.4717862669, 1.06454142002, 2.36447162584, 0.985784160336, 1.09000079958, 1.0989139837, 1.02701053351, 1.12718467492, 6.83840430005, 1.13785823205, 0.828642247436, 73.3082294893, 1.19964297052, 3.40202318715, 1.06021648177, 1.0286318689, 0.898030809106, 22.5021111257, 13095.1386554
3.54277893487, 1.00000017358, 1.67568649627, 0.849106647805, 3.47887460298, 0.720340785079, 4.34806051789, 1.16765006653, 0.922979119354, 5.05587583409, 6.20424400115, 0.96392531917, 3.46340053718, 1.20430452557, 1.09000075767, 1.03390814779, 1.02397856215, 1.00720017236, 5.78475650461, 0.959028505101, 0.884643646703, 509.127929488, 0.922265933781, 4.47718088476, 1.106164467, 1.57265402384, 1.19301198223, 23.0218046988, 12944.1343323
1.88333549896, 1.00000009351, 1.4264530916, 0.954916234265, 1.73757038539, 0.899882968881, 4.49926487503, 1.04068963239, 0.97994232404, 6.04887074999, 6.13104879848, 0.87987376668, 4.39620402464, 1.06302368797, 1.09000025407, 1.04455938213, 1.0350094484, 1.12059516258, 6.24105232412, 1.17031112045, 0.936026204278, 436.714683435, 1.17512524417, 5.66130202501, 1.17719390405, 4.33124370302, 1.01532282578, 23.8203117394, 9020.72887889
1.81090078249, 1.0000009278, 1.42891747437, 0.906365457742, 2.24859539765, 0.800962496945, 1.83720609848, 1.12343469941, 0.954749338866, 3.48108561984, 5.1516972, 1.08798336994, 2.98613148173, 0.928711364557, 1.09000048535, 1.01949177482, 1.0416284523, 0.844620490212, 5.31175330644, 0.974392632416, 0.887473023554, 799.887884698, 0.96459596599, 4.59674731851, 1.17466096891, 4.25760917936, 1.29191482964, 33.8865929359, 2480.12332641
1.81090078249, 1.0000009278, 1.42891747437, 0.906365457742, 2.24859539765, 0.800962496945, 1.83720609848, 1.12343469941, 0.954749338866, 3.48108561984, 5.1516972, 1.08798336994, 2.98613148173, 1.10946838945, 1.09000048535, 1.01949177482, 1.04464145492, 1.10169403414, 5.31175330644, 1.07098153607, 0.887473023554, 799.887884698, 0.96459596599, 4.59674731851, 1.17474391726, 4.25760917936, 1.29191482964, 23.5158023225, 33288.9167163
5.06844085977, 1.00000068182, 1.55340527434, 1.07131562708, 4.39447275239, 0.954187134953, 5.20776723414, 1.05357894847, 0.964723383802, 6.16559035054, 5.76998218941, 1.14380901726, 2.61912315482, 0.976147975852, 1.09000001255, 1.01241499877, 1.04174738623, 1.1929662035, 4.56844032903, 1.01160725435, 0.974437686783, 703.979626314, 1.08047189341, 2.01268532025, 1.21988081427, 4.95276708253, 0.877522849379, 23.9355398647, 11101.4004213
1.77179881913, 1.00000013027, 1.33708681199, 0.925557079865, 4.10092702658, 0.853290336441, 4.09073309906, 1.15234976271, 0.995938059306, 5.23298285933, 5.97287628113, 0.832374320396, 3.17807153358, 0.875616112923, 1.09000060071, 1.0567594296, 1.02839873041, 0.900705888813, 7.51453515552, 1.12436642454, 0.857674640312, 807.240705324, 0.96416982654, 5.10312713517, 1.1958908743, 4.41736198188, 1.28114823983, 25.5350052552, 6004.99497018
2.34178099907, 1.00000003739, 1.72010207114, 1.12703753849, 1.77397347738, 0.72742153431, 2.75142145526, 1.12798194329, 0.983670601005, 2.28890771399, 5.92214688626, 0.964968808001, 1.03516517097, 1.22891234666, 1.09000080227, 1.10407174068, 1.02511784188, 1.20036511169, 6.10830624085, 1.04140776653, 0.933676325711, 889.919206573, 1.0505825038, 4.48078988246, 0.985599880444, 2.04611953669, 1.02851406728, 32.3167383858, 2556.7312683
3.31465109926, 1.00000020044, 1.14774206931, 1.07936189949, 4.62110866961, 0.915478439214, 1.55641495347, 1.08534953138, 0.995014476167, 1.28231505767, 4.83890990312, 0.991870422687, 1.07443588258, 0.95381001202, 1.09000059569, 1.10884813936, 1.00496898782, 1.02942320327, 7.54556336386, 1.02705769287, 0.7812687031, 815.60199901, 1.10703747737, 3.96366996752, 1.20489481072, 1.25901759496, 1.27773398401, 27.5984935471, 5723.54069854
