5.99519738941, 1.42384065201, 1.38981764026, 1.20331594913, 1.65846868843, 0.724638581995, 5.91429798812, 1.13181065319, 1.10109747258, 3.56055381386, 4.29251058752, 0.843065678149, 2.34350243829, 1.14764328696, 0.878829842324, 1.07192829114, 1.06299372574, 0.960702525977, 8.00066937587, 0.948069155015, 0.816324327653, 193.410779376, 1.04781223924, 4.40275142837, 0.972603163127, 2.84703481322, 1.26908656601, 9.62641411685, 13.6127900683
5.73103933091, 1.35509124725, 1.70628573951, 0.950491063871, 2.29870738822, 1.09239739019, 3.18540705818, 0.938786076805, 1.07219121406, 5.18784265495, 7.29110578235, 0.997849467911, 4.80709055667, 0.821266300694, 0.780626650052, 1.33723293546, 1.06802742883, 1.22436442836, 7.6227546523, 0.916004585089, 0.773011793893, 118.445707233, 1.15801379529, 1.82039419821, 0.992595864409, 5.35102724438, 0.958899819555, 7.66268438107, 397.616845179
4.49364621745, 1.25304713685, 0.812440664048, 1.08728710438, 7.06179543901, 0.989261497832, 1.70609887139, 0.846817327379, 0.980824982308, 4.56149866769, 4.51258655062, 1.02814216444, 3.93740630734, 1.06860676547, 0.954369233119, 1.17522986438, 1.08610494613, 1.18758480156, 6.72822407826, 0.920739169483, 0.857014778456, 165.550532788, 1.05613869657, 5.19685132619, 1.1348214094, 5.09680736964, 1.20962871411, 16.1444141011, 57.9481092887
1.26904132547, 1.4224188724, 1.16070834969, 1.09458792399, 4.45166373929, 0.742339469897, 2.0660142809, 0.935503510171, 1.01991688121, 3.2189309365, 7.66798867917, 1.13537038649, 2.15809732193, 1.19049559611, 1.01780410974, 1.39693705378, 1.04555048278, 1.08331388104, 3.25078360783, 0.93648715478, 0.96815414725, 53.9793698364, 0.991765012079, 3.52149209952, 1.18127064114, 3.23682753047, 1.20081775067, 9.82373557504, 59.3758430976
2.60030170962, 1.05667415587, 0.82730312218, 1.12534995565, 5.35157303625, 0.88149146592, 5.83111441955, 1.13018466369, 0.951730705169, 5.58673232366, 5.34511588748, 1.11831319788, 3.71912547065, 1.14460969791, 0.92511882811, 1.4867404894, 1.13179255362, 0.996783129172, 3.94638117173, 1.17101718953, 0.760822271743, 121.51756322, 1.19923888084, 2.68373328129, 1.0108734361, 1.21151305545, 1.1576491773, 11.8384186952, 257.854358517
4.78145182501, 1.18939905677, 1.59706441929, 0.829714324231, 2.92943621166, 1.13062788335, 3.1303233627, 1.19874675619, 1.08569209871, 2.20469674779, 2.22259597328, 1.05175812286, 2.59700690847, 0.963531068117, 0.835495862113, 1.0353789575, 1.04663478123, 1.203517004, 7.74526962096, 1.14753349511, 0.772018797689, 390.001422301, 0.868188772579, 2.47921336984, 1.22937584411, 4.68286640189, 0.984572422175, 22.0672250513, 229.816378209
2.79254254512, 1.30150163654, 0.85530188232, 0.919484545773, 2.28387135456, 0.808517409621, 2.66449409397, 0.846073611822, 1.09359881696, 4.46642645656, 1.81018293462, 0.976180037179, 1.07780998061, 1.09826820007, 0.898493330326, 1.61426435957, 1.108561973, 1.1590250093, 8.5818440552, 0.990139072804, 0.909000481588, 298.067188399, 1.01432800409, 4.18030220186, 1.00148130007, 1.70560944515, 1.08951737754, 11.2596112835, 652.629879501
3.67225188052, 1.00596360525, 1.5000903259, 1.13130246393, 6.88036766758, 0.936366699806, 3.84254787841, 0.978445428076, 0.952091319721, 1.38761086992, 2.0963213901, 1.02826254865, 2.1035882792, 0.8840582352, 0.796561732891, 1.56805187105, 1.00424846105, 0.829996490784, 4.58116248189, 1.11569984585, 0.796745615974, 207.03498355, 0.882046585847, 2.15107754476, 1.10474564369, 4.27794160264, 1.29659092063, 9.92416843254, 1494.18956824
3.87924790673, 1.28835708871, 1.21195513267, 1.11124798516, 3.02088703197, 0.785022218256, 5.22221570637, 1.11174136039, 1.01059839633, 3.59327869048, 2.93866713343, 0.947733039515, 1.65550927588, 0.861870137905, 0.861675605374, 1.49850907175, 1.0163095746, 1.17227486923, 8.13345049497, 0.940351310416, 0.853652802743, 402.430257468, 0.965704360968, 1.50338611728, 1.13471206871, 1.86148419344, 1.01994908062, 19.7505297813, 383.605288088
4.59677368073, 1.14384486431, 1.64888554299, 0.909776755929, 3.80899443353, 0.957416880416, 4.40069876407, 0.984222624464, 1.12307770548, 4.24894950204, 5.42058615965, 0.98551341633, 2.52407497762, 0.978815441918, 1.04579200073, 1.05242234859, 1.03645721629, 1.0640141885, 6.15306738366, 0.931181044434, 0.832512323061, 161.0242604, 0.897288307339, 2.50770181061, 1.17716305113, 2.56507212057, 1.02249264914, 14.8084979321, 492.907870964
5.44109639356, 1.08749573092, 1.10901800888, 0.966738802848, 6.02554939308, 0.847509902075, 4.8519454344, 0.820156842786, 0.925567422081, 5.25228104802, 4.29358238998, 1.07875704876, 4.74956794793, 1.10905311223, 1.03083279885, 1.37043987561, 1.16672674856, 0.903416037837, 8.10233504926, 0.944165348977, 0.940986898481, 102.014837088, 1.06401669318, 3.07498670222, 0.985574881234, 1.75903761093, 1.10672492301, 24.6276460285, 329.43177436
4.75399836378, 1.30153914327, 1.09482445808, 0.889541565512, 2.40684719827, 1.0326030888, 4.1233085446, 1.21225367485, 0.951624307017, 2.8896531371, 6.51289272684, 1.0981699076, 3.79400681756, 0.822878104745, 0.913436827856, 1.42927056916, 1.04232110255, 1.01558764043, 8.92991244175, 1.10596419873, 0.780227402037, 133.039083823, 1.0541519799, 4.09009139948, 1.10232660058, 1.50357588152, 0.887014969434, 12.7453064033, 1158.70484933
5.3206482711, 1.35045948665, 1.2863174337, 0.837320409266, 4.88710702761, 1.01924366451, 1.78071573722, 1.09600359594, 1.01139314997, 3.99269584956, 1.97122142972, 0.871274086243, 3.77206096613, 1.23802062595, 1.05501802028, 1.33095293353, 1.01843945117, 0.970024734866, 9.26443516141, 0.932910010336, 0.804499946542, 186.188058449, 0.983199053276, 5.48474236393, 1.09996855842, 5.30977168937, 1.04848410739, 15.2515960559, 629.7795605
5.23333580772, 1.10441186962, 0.831719295474, 1.17601759323, 4.70806199413, 0.868058815547, 4.90194493159, 1.21248531016, 1.13763049804, 2.61360734807, 3.47454102816, 1.1799939817, 2.78882264514, 0.969466315739, 0.813788625572, 1.25145234737, 1.12280583608, 0.943085479516, 4.47424888308, 0.978922193412, 0.979152598781, 281.52907618, 1.19975328055, 1.52761051373, 1.20604985528, 1.08985044644, 1.04636337882, 20.0743499765, 399.896497032
3.62220750019, 1.34648776794, 0.969384162561, 1.01473080337, 6.20547344921, 1.00936880859, 3.89899618905, 0.873456672182, 0.966932233049, 4.17225488139, 5.18268466218, 1.04325197841, 1.34666616694, 0.978815441918, 0.983545564251, 1.04713714904, 1.15555902677, 1.14316741942, 6.05645997517, 1.00673371226, 0.996885106838, 212.628600391, 1.18037197518, 4.4497525572, 1.15145447734, 4.27672814429, 0.946127211363, 16.8629926374, 667.53868491
1.7093238545, 1.13987738263, 1.20320033508, 1.08881869967, 5.28636003027, 1.16802710963, 1.80287181121, 1.24407848363, 1.12364302138, 3.80611401883, 6.73855883889, 1.09253708485, 1.452372698, 0.844830621509, 0.948089064088, 1.56412472956, 1.10403164893, 0.817335236254, 7.85568462863, 1.15692439877, 0.958641424014, 10.1811866707, 0.859322899505, 5.16913706094, 1.06971217698, 4.53024558333, 0.930641127322, 15.6387680512, 2258.17116217
2.20019760581, 1.30553459365, 1.54941951195, 1.20075471619, 6.79362831822, 0.972522285597, 3.3527571051, 1.06142815018, 0.92553209187, 5.69847342891, 2.55670614193, 1.13273979604, 2.09314239734, 1.01326004367, 1.04131809781, 1.15593793943, 1.00932837442, 0.858292834828, 9.55449600461, 1.04971400231, 0.886863165577, 307.515917091, 0.986746518176, 2.04130596872, 1.21664746714, 3.15993770218, 1.11701749927, 27.8901420544, 569.998691417
5.06417397771, 1.15996637921, 1.2934453552, 0.979574464125, 3.07848296478, 0.737344713521, 3.25237896453, 0.978051677275, 1.09744013283, 1.33500739684, 5.41586748949, 0.894012559436, 4.88902411818, 1.22324532374, 0.839902733923, 1.28137928045, 1.08580177333, 0.829054984414, 9.69907263303, 0.925757514203, 0.825193910157, 123.42050217, 1.07314685007, 2.7650998741, 1.09202489717, 1.68069660154, 1.04843821406, 15.6632990519, 7460.48352185
3.55032033926, 1.34230640452, 0.967904776423, 1.13871604439, 3.51485495421, 0.747871605721, 1.45014890732, 1.25705431166, 0.905412690855, 2.51502465514, 6.71926566139, 1.04444890651, 2.19030390364, 1.07913544363, 0.980175589599, 1.60674384222, 1.07023912505, 1.14164887906, 8.7092067166, 1.03548361849, 0.837682892014, 125.593673273, 1.14770670656, 5.26795152644, 1.0222923118, 4.05608680464, 1.27856316901, 19.2586181859, 1456.86289103
4.91597866388, 1.03156239436, 1.46946600742, 0.997580191068, 1.91150102326, 0.720264280033, 5.92013985554, 0.872790410696, 1.06314313135, 4.0728315531, 3.66135189369, 1.21100446721, 1.24710658147, 0.829844445081, 1.07334705853, 1.10676123852, 1.04565737956, 0.83201564968, 9.53964575199, 1.17165436451, 0.97701517534, 59.4376459908, 1.16733735031, 4.66182052375, 1.16238287522, 2.80218636899, 1.21660912933, 17.1113669708, 3471.8616948
5.93038157171, 1.17831802158, 1.16581858015, 1.02767856259, 2.72716303013, 1.17891857743, 3.9928528672, 1.12544100869, 1.04323654252, 2.80779738442, 4.84249630406, 0.837298785365, 1.6467051733, 0.911790027694, 0.922876709696, 1.19289410182, 1.12267506142, 1.07759108226, 4.17918336216, 0.978950886546, 0.979244271621, 39.0728903475, 1.00529547149, 4.24066896463, 0.974206840425, 4.41628781958, 1.22322783057, 17.5900206251, 3155.43295722
3.24097202106, 1.41106862286, 1.07320031129, 0.956608148874, 4.89463935875, 0.795636009209, 2.32447841893, 1.14755882208, 0.920291270118, 5.98825962377, 2.03197638784, 0.903821591484, 2.35349203121, 0.86207302811, 0.9226440356, 1.1673300472, 1.03133192454, 0.892772655812, 4.68140211664, 1.00008609503, 0.9764868129, 406.015330225, 0.864936172418, 5.562733163, 1.07343054959, 3.80399296656, 1.005910346, 26.9674192003, 730.963052731
4.82327341338, 1.28478480982, 1.71884463049, 1.17350787558, 4.30900123988, 1.11919681661, 3.70166489186, 1.20425977191, 1.06212083039, 6.19084515582, 4.33129509757, 1.16270579996, 4.47947349012, 1.09175755225, 0.956461731799, 1.0460589122, 1.03839376319, 0.815030628308, 6.82866247889, 0.962885184251, 0.92649871639, 58.2958911657, 0.91407013789, 5.29196822455, 1.21107091373, 1.31637158661, 1.14089209961, 17.1314927571, 5312.10308251
4.91597866388, 1.03156239436, 1.64404474677, 0.997580191068, 1.91150102326, 0.720264280033, 5.93821248135, 0.872790410696, 1.06314313135, 2.49714976856, 6.52653376366, 1.21100446721, 1.24710658147, 0.81743912679, 1.07334705853, 1.10676123852, 1.04565737956, 0.83201564968, 9.53964575199, 1.17165436451, 0.97701517534, 24.2000332041, 1.16733735031, 3.57858543532, 1.10031514895, 2.80218636899, 1.21660912933, 19.3642170953, 2968.33170118
3.0131561605, 1.35659599042, 1.33754151433, 1.19030206859, 4.20372217606, 0.771781054625, 1.86349019713, 0.824807127308, 0.979489026767, 2.38643994197, 3.6182575383, 0.813623688097, 4.79942958124, 0.940101637348, 0.883787817567, 1.36979033145, 1.0099681751, 0.939245210817, 6.29890080377, 1.07390434984, 0.946148643473, 243.6488065, 1.09347956983, 4.34623433077, 1.23765785732, 4.67129564585, 1.06942781129, 28.5407987163, 1074.48743708
4.16762437662, 1.11210531198, 1.0271862839, 1.00828811805, 5.66659448786, 0.755052523179, 5.63125378937, 1.00899807817, 0.991580455967, 4.46766890097, 5.81588570738, 0.968250361116, 4.34935107522, 1.17809518652, 0.902002664318, 1.60008585743, 1.050293566, 1.00814687375, 6.32634758999, 1.05668369396, 0.973616314579, 12.54887296, 1.04706054687, 4.74886326194, 0.967552201672, 4.46606061557, 0.993575549342, 41.6450884885, 858.608283541
4.16762437662, 1.11210531198, 1.0271862839, 1.00828811805, 5.66659448786, 0.755052523179, 5.63125378937, 1.00899807817, 0.991580455967, 4.46766890097, 5.81588570738, 0.968250361116, 4.34935107522, 1.17809518652, 0.902002664318, 1.60008585743, 1.050293566, 1.00814687375, 6.32634758999, 1.05668369396, 0.973616314579, 12.54887296, 1.04706054687, 4.74886326194, 0.967552201672, 4.46606061557, 0.993575549342, 21.4211104265, 2320.29860138
5.39542170095, 1.23570877179, 0.814541757864, 0.914397899857, 6.20591377328, 0.753547567252, 2.48324516163, 1.24486665521, 0.975760073146, 4.40653704328, 4.36634465794, 1.19759925398, 1.49601449159, 0.857432261464, 0.807116946949, 1.31595380533, 1.076463101, 1.17551780931, 8.50694910009, 0.934493899103, 0.916068830269, 358.488267802, 1.07395801719, 2.62018212526, 1.04391919918, 4.31772004143, 1.26431411584, 17.9813271389, 9667.10199635
4.71482482127, 1.27241182614, 0.844980148541, 1.06506309766, 2.34340995556, 1.04372965314, 1.24573773086, 1.16746778447, 1.12629507234, 4.11360232896, 4.97913177003, 1.1799939817, 3.85740571297, 0.880378739241, 1.07595140114, 1.33781621093, 1.02048124315, 1.09470169682, 7.89528455708, 1.15549434833, 0.77851232772, 389.858451488, 0.92239781261, 5.17177086812, 1.22388897803, 2.39161509477, 1.27111709113, 25.9416901826, 1897.78727115
4.16806760443, 1.33285392248, 1.00364390947, 0.853735667379, 5.30213161446, 0.765236785416, 1.60442066651, 1.11659110934, 0.914009165904, 2.49714976856, 6.52653376366, 1.21859588315, 2.2893201283, 1.220044948, 0.859809390642, 1.17077611433, 1.14700296429, 0.931597997388, 3.39853113421, 0.973747016497, 0.906826127338, 155.940039511, 1.12493669232, 3.9228125579, 1.22462184216, 4.93682201969, 1.29458615639, 21.6644388615, 2561.95097841
5.99519738941, 1.42384065201, 1.38981764026, 1.21117504364, 1.65846868843, 0.724638581995, 5.91429798812, 1.13181065319, 1.10109747258, 3.56055381386, 4.29251058752, 0.843065678149, 2.34350243829, 1.14764328696, 0.878829842324, 1.07192829114, 1.09771378692, 0.960702525977, 8.00066937587, 0.948069155015, 0.816324327653, 193.410779376, 1.04587516887, 4.40275142837, 0.972603163127, 2.84703481322, 1.26908656601, 20.6648793928, 3805.46797951
2.79254254512, 1.30150163654, 0.85530188232, 0.919484545773, 1.52531367036, 0.808517409621, 2.66449409397, 0.846073611822, 1.09359881696, 4.46642645656, 4.49513915845, 0.976180037179, 1.07780998061, 1.09826820007, 0.898493330326, 1.61426435957, 1.108561973, 1.1590250093, 8.5818440552, 0.990139072804, 0.903603261111, 298.067188399, 1.0414820895, 4.18030220186, 1.02278133037, 1.70560944515, 0.993969444317, 32.0131061223, 2079.58400332
4.28344692202, 1.25398208918, 0.907911137615, 0.892222550998, 2.46311843082, 1.09770157825, 1.11512113726, 1.08900937129, 1.03172292355, 3.41396106004, 5.93564872645, 0.897188011717, 4.78465874924, 1.27924668623, 0.803434583158, 1.45257006617, 1.1493042668, 1.20776195444, 8.8707521912, 0.966956382295, 0.931056903639, 134.618638717, 0.874873437714, 5.62870139147, 0.96326927754, 1.35120532191, 0.973164420927, 29.4365170687, 2208.12103025
5.06417397771, 1.15996637921, 1.2934453552, 0.979574464125, 3.07848296478, 0.792577387509, 3.25237896453, 0.978051677275, 1.09744013283, 1.33500739684, 5.41586748949, 0.894012559436, 4.88902411818, 1.22324532374, 0.839902733923, 1.12040895384, 1.08580177333, 0.829054984414, 9.69907263303, 0.925757514203, 0.825193910157, 123.42050217, 1.07314685007, 2.7650998741, 1.09202489717, 1.68069660154, 1.04843821406, 26.2918813394, 2963.41370335
4.78224023534, 1.03461344617, 0.772527677282, 1.11841493231, 4.94583392646, 0.717257022261, 4.30233685074, 0.857153666203, 1.12206150294, 2.59834167939, 1.71446954141, 1.05557866865, 2.39222884348, 1.01672964959, 0.862596995615, 1.41129800896, 1.10428756376, 0.872423107827, 9.33862939763, 1.00551323598, 0.809839043935, 124.472802326, 1.10131618938, 4.90942388544, 1.17196991554, 3.42469289618, 1.1536818112, 26.9823036878, 2611.11923309
1.38137092725, 1.3817168421, 1.2170244067, 1.06237499, 6.23687945067, 1.18907144012, 3.17675212981, 1.00227062348, 0.997807068044, 3.67312601831, 4.98788961511, 0.879727891504, 4.11102138359, 0.884317951428, 0.986910969928, 1.27619555131, 1.13606000184, 0.943905740725, 9.28933956481, 1.0574338897, 0.890764158828, 354.485884303, 1.17330524311, 1.06294299892, 1.2359189249, 3.05410336955, 1.07233191074, 23.491936573, 3513.27317083
2.55344655722, 1.02556331219, 0.768449020559, 0.949748373083, 1.43062119498, 0.810496952695, 4.58188398928, 1.00166408758, 1.06724402853, 4.00407002413, 6.33289265331, 1.04617513657, 2.99069000604, 1.21687948027, 0.962190236778, 1.57173285803, 1.10878070736, 1.17531667698, 3.68487004643, 0.926609063405, 0.949202878166, 156.570130876, 1.01904196337, 4.25746635574, 0.982537568997, 1.5406600973, 1.10016899414, 22.5356565559, 4001.97181516
3.13512557991, 1.35454191908, 1.71018259099, 0.930177825778, 6.01578349079, 0.836725205146, 1.56390727921, 1.04331712817, 0.906145811882, 2.51155139873, 2.70684583379, 0.917455927901, 3.11745025959, 0.960791106914, 1.02081534306, 1.35277258533, 1.03939867546, 1.16057808715, 8.95250606671, 1.18297204799, 0.850790514628, 126.321307492, 1.09840786705, 5.0035804967, 1.22516678386, 3.35989085498, 0.969020161628, 35.692879609, 2463.42651498
5.49960376683, 1.29475813383, 1.66115876294, 0.896332550524, 3.91402237688, 1.11955667646, 2.29210593198, 0.889854080488, 1.105405916, 2.09406445475, 6.80362739662, 1.04753446572, 1.4969988917, 1.15784052256, 0.951110512925, 1.38312633606, 1.16015240107, 0.931216107081, 9.80751537032, 0.967011914553, 0.867540932361, 311.898055992, 1.12750660308, 1.15524758312, 0.999425877191, 4.72236795735, 1.02316320663, 23.8534635131, 3990.64356982
1.23927059324, 1.04513366282, 1.12624743633, 0.873520399386, 6.32818288208, 1.16827819354, 3.88400233964, 0.929565631413, 0.964992774277, 3.89271332165, 1.83708477671, 1.21030065724, 2.48448790042, 1.20423020762, 1.0171577501, 1.1211940194, 1.14740973309, 0.813744486573, 6.6343108118, 0.997794686766, 0.826916849708, 192.638771265, 1.04379890662, 5.04519863638, 1.00148130007, 3.06589886951, 0.946232790937, 22.6811414973, 5063.74223767
3.0131561605, 1.35659599042, 1.33754151433, 1.19030206859, 4.20372217606, 0.771781054625, 1.86349019713, 0.824807127308, 0.979489026767, 2.38643994197, 3.6182575383, 0.813623688097, 4.79942958124, 0.940101637348, 1.00756741762, 1.36979033145, 1.0099681751, 0.939245210817, 6.29890080377, 1.07390434984, 0.946148643473, 243.6488065, 1.09347956983, 4.34623433077, 1.23765785732, 4.67129564585, 1.06942781129, 22.9821525418, 4037.23409529
4.86950808066, 1.33095989957, 1.4067177997, 0.811591548173, 1.63115399234, 0.973641821759, 4.20655704945, 1.09239664388, 1.13819243559, 4.21658610579, 7.32960190673, 0.974314364721, 1.35627019333, 1.13610298812, 0.96906814598, 1.21615386435, 1.09367284156, 1.14789711005, 5.39336737671, 1.18814107885, 0.957346883561, 276.488560988, 0.926951330473, 3.82533717749, 0.978840485037, 3.70550025915, 1.2178129622, 38.6937477167, 2757.58386064
5.23333580772, 1.10441186962, 0.747626201997, 1.17601759323, 5.48603433707, 0.868058815547, 4.90194493159, 1.21248531016, 1.13763049804, 2.61360734807, 3.47454102816, 1.03706171296, 2.78882264514, 0.969466315739, 0.813788625572, 1.25145234737, 1.0180560971, 0.943085479516, 4.47424888308, 1.04259469507, 0.896866905286, 281.52907618, 1.19975328055, 1.52761051373, 1.20604985528, 1.08985044644, 1.04636337882, 23.6494083643, 7123.84164625
3.81905230532, 1.07556329747, 0.885429861446, 0.824968445952, 3.34805066321, 0.898403264115, 3.91108566809, 0.861397981338, 1.01783392917, 4.15841663309, 2.04630999113, 1.03936627915, 4.28344712039, 1.20284393261, 0.96736660316, 1.41709208325, 1.10313667202, 0.939253269123, 7.98421389597, 1.03792143996, 0.992955914231, 245.138346743, 0.920406400834, 2.0939994983, 1.00574810316, 5.29684510257, 1.09834534215, 23.6662152035, 5889.84682597
4.62387157269, 1.42053521975, 1.38189552978, 0.891251320815, 2.39438151269, 1.09382278811, 3.5980421193, 0.847896349077, 0.987392299623, 3.51327706097, 5.98747098691, 0.920270289937, 3.82666965121, 0.968924560207, 0.790847880229, 1.06318273059, 1.08279851643, 1.0532047446, 6.41085026795, 1.18491142918, 0.989760356447, 275.055918096, 1.02632437364, 2.75587281566, 1.18640474697, 4.25993048901, 0.922277789254, 23.8994894779, 5150.90787122
2.55344655722, 1.02556331219, 0.768449020559, 0.949748373083, 1.43062119498, 0.810496952695, 4.58188398928, 1.23308651407, 0.934943984524, 4.00407002413, 6.33289265331, 1.04617513657, 2.99069000604, 1.21687948027, 0.962190236778, 1.4022288196, 1.15068067041, 1.17531667698, 3.68487004643, 0.926609063405, 0.949202878166, 156.570130876, 0.984698117497, 4.25746635574, 0.982537568997, 1.5406600973, 1.10016899414, 25.501886949, 4137.19764479
5.58296377516, 1.42377315494, 0.944943365296, 0.858600884412, 1.87374572848, 0.799776585826, 2.59260300243, 0.943853660118, 1.12786864045, 1.37766960793, 3.48733818577, 0.840000840978, 3.45772326942, 1.02322781054, 1.00756741762, 1.01720529385, 1.14075353501, 1.04008450619, 5.91349875651, 1.05001263927, 0.962254467526, 47.6963234787, 1.01932369451, 1.05300328043, 1.16342765841, 2.52912954313, 1.18178055773, 23.0657570147, 11193.0792458
3.80823728683, 1.31107055552, 1.60515323761, 0.823599156199, 2.15449152839, 0.852889171566, 5.03630243318, 1.04277176933, 0.992251033544, 3.37794201107, 5.99161892098, 0.953879423622, 1.74053465589, 1.25546977651, 1.01462960415, 1.23751502902, 1.13136246169, 0.820227356331, 6.92490704137, 1.14829058941, 0.906475346491, 117.186189667, 0.847997830578, 5.24467146712, 1.14746319203, 2.93623175352, 1.16514985663, 23.4378184701, 10491.331339
2.18422172808, 1.33397318893, 1.34007209316, 1.18342840048, 4.71310358638, 0.769280032484, 2.25432561844, 1.14338767489, 0.95594043965, 3.48365771467, 3.75308041724, 0.830059387705, 1.83982558859, 1.06868564646, 1.01943858924, 1.54108363621, 1.15222340013, 1.13695248314, 4.83489576043, 0.950785366053, 0.882003373285, 402.80744501, 0.84372525076, 1.4030783131, 1.16039893411, 4.05462845078, 1.29346198324, 23.0405622176, 14173.1622955
5.3206482711, 1.35045948665, 1.2863174337, 0.837320409266, 4.88710702761, 1.12860813207, 1.78071573722, 1.09600359594, 1.01139314997, 3.99269584956, 1.97122142972, 0.871274086243, 3.77206096613, 0.898681007909, 1.05501802028, 1.33095293353, 1.16975613303, 0.970024734866, 9.26443516141, 0.932910010336, 0.80570565293, 186.188058449, 0.983199053276, 5.69050494636, 1.09996855842, 5.30977168937, 1.04848410739, 22.9928255131, 22499.3586751
3.84972705466, 1.27638363271, 1.59356806161, 1.19178998481, 1.71573940009, 0.824444617446, 4.13704435695, 1.19253985061, 1.0682300021, 2.66815670725, 4.56240835805, 1.1931727515, 3.96758805915, 0.903667682354, 0.860536815661, 1.09395340387, 1.03630399037, 0.99580953176, 6.84495227757, 1.09684890078, 0.837539357842, 187.369850994, 1.08116287672, 3.69061181999, 1.12181939858, 4.5546228735, 0.892544722902, 24.1911712223, 5509.37827773
1.76913314264, 1.27965067072, 1.66979817506, 0.980816640444, 6.92973263515, 1.05429733651, 1.67056386896, 1.04176565906, 1.003981296, 2.31168810267, 4.37946361226, 1.08937726856, 2.41565396942, 0.99224062201, 0.990931005279, 1.26717018124, 1.04499056023, 1.03011099063, 5.25263780802, 1.18390388783, 0.975361269621, 45.2900502481, 0.865734829338, 3.53793063314, 1.04106865448, 3.17634263022, 1.2930777794, 26.1905645209, 5071.57148645
1.38593893126, 1.23141044555, 1.66049871184, 1.05049032399, 2.15855838171, 0.896023248191, 4.57682768689, 1.24486665521, 1.09156929597, 3.9748867212, 6.84239393115, 1.06242289031, 2.4631780839, 1.26096488298, 1.08631422528, 1.40774689475, 1.16105293879, 1.0082969693, 7.24709415012, 0.979548837529, 0.997157077137, 406.741950715, 1.05010667102, 1.37736797498, 1.15121736408, 5.44734985968, 1.22816226437, 25.9698265602, 5225.17280007
5.2694154982, 1.24639002115, 0.968814736707, 1.13508960886, 6.42273022314, 1.16546939087, 5.29031186586, 1.15194918889, 0.991486086572, 2.41925163154, 4.1667243238, 0.920463295944, 3.76716560158, 0.987231936821, 0.996432250586, 1.3760296371, 1.13130813072, 0.892083960664, 4.91681858331, 1.03164762125, 0.864102744293, 198.185358997, 0.965801588357, 5.29472223742, 1.21606058652, 1.74156447888, 0.957538270787, 27.8189938422, 4412.89855252
1.76913314264, 1.27965067072, 1.66979817506, 0.980816640444, 6.92973263515, 1.05429733651, 1.67056386896, 1.04176565906, 1.003981296, 2.9288675259, 4.37946361226, 1.08937726856, 2.41565396942, 0.99224062201, 0.990931005279, 1.04868044364, 1.04499056023, 1.03011099063, 5.25263780802, 1.18390388783, 0.975361269621, 45.2900502481, 0.865734829338, 3.53793063314, 1.07849392395, 3.17634263022, 1.2930777794, 27.0836058177, 4489.66343738
1.05568181282, 1.42242930276, 1.44959778542, 1.01681036336, 4.51246922599, 1.11915756701, 4.73091866324, 1.12433113813, 1.07207255049, 4.43053667457, 1.68169424714, 0.823524038096, 1.45360035301, 1.12353023169, 0.994766666395, 1.61141296005, 1.15894075193, 0.899523886592, 6.77166820397, 1.05362427792, 0.767904331029, 346.994819469, 1.09183437437, 3.29401327882, 1.14896876721, 2.11021965212, 0.9161158277, 35.1468214884, 4027.42747671
4.68638963866, 1.08207144333, 1.42992034293, 1.09518943044, 2.76139778275, 0.985918021425, 1.53973266259, 1.2026301717, 1.13557951702, 2.4549134628, 6.96514731447, 0.82270652443, 4.35519503832, 1.07850093325, 0.980636576936, 1.50118370919, 1.04937249965, 1.05262040696, 9.99397031097, 1.12790095967, 0.776046779012, 245.666198568, 1.17135222677, 1.5069844371, 1.09280766939, 4.73444556887, 1.22346956875, 28.446948094, 4451.87591908
1.7940811936, 1.01031723147, 1.17189534875, 0.875500038686, 7.06615915315, 1.14926457713, 3.90636672804, 0.823457137597, 1.0841173419, 5.21214458777, 7.22157012585, 1.15041220353, 2.3054091564, 1.20242255207, 0.792552703981, 1.37153797866, 1.0536332239, 0.871304447019, 7.88518913246, 1.10220817298, 0.760090794754, 19.4575050333, 1.15421643252, 5.40917146626, 1.1285772555, 2.11371175488, 0.935226683405, 24.9955534316, 10462.8249036
2.60806863005, 1.24302919715, 0.997026674143, 1.1292826578, 3.00941001922, 0.778258952501, 1.96369866825, 1.10581521737, 1.11650162937, 5.98880265715, 6.44642293697, 1.1555130786, 2.75921681892, 1.23331744855, 0.860853781604, 1.56694432686, 1.06572086544, 1.03179657789, 9.00612274067, 1.09209757575, 0.897810709388, 386.245966687, 1.02215965914, 5.98144504957, 1.20765267773, 3.801589328, 1.01814940777, 24.5734855175, 13498.2094044
4.71482482127, 1.27241182614, 0.844980148541, 1.06506309766, 2.34340995556, 1.04372965314, 1.24573773086, 1.16746778447, 1.12629507234, 4.11360232896, 6.84291362159, 1.03706171296, 3.85740571297, 0.880378739241, 1.07595140114, 1.33781621093, 1.02048124315, 1.09470169682, 7.89528455708, 1.15549434833, 0.77851232772, 389.858451488, 0.92239781261, 5.17177086812, 1.22388897803, 2.39161509477, 1.27111709113, 32.1107445692, 4204.32444805
1.06419929448, 1.28641014875, 1.58063966243, 0.86106633722, 6.9577199613, 1.01803406342, 1.85405578323, 1.15574275038, 0.939991748254, 6.16765811606, 7.31631936358, 1.08060706702, 2.72204298531, 1.11734205183, 1.04569602136, 1.28391510999, 1.00335419211, 1.16585772731, 3.35476746667, 1.06239967813, 0.938788949099, 150.798813994, 1.17131916048, 4.52457510607, 1.0034557157, 3.52861745762, 1.08561982533, 24.2523778478, 18900.8552099
3.63615283986, 1.15643586899, 0.817268050351, 0.812596487219, 6.6373610778, 0.843604218416, 3.86625129689, 0.82333634236, 0.953183059614, 5.91381537963, 4.67641208359, 1.21607394536, 2.50676376841, 0.930545890848, 0.921763322599, 1.33553121975, 1.08053199154, 1.088324205, 5.00643657003, 0.914544573716, 0.92545781974, 145.474491722, 0.896068431922, 4.92026816466, 1.10346155066, 3.45501378057, 1.23445554248, 26.2826592002, 9096.08470085
3.42979230023, 1.39113249163, 1.58118858665, 0.905244796369, 2.8578000838, 0.946811846913, 2.46854719055, 1.04733270956, 1.05840146006, 2.2417053608, 6.96311858644, 1.03853130735, 3.56528295175, 1.17863068912, 0.943444066573, 1.57789151569, 1.1052965156, 1.17432008246, 4.07770477802, 1.1043733172, 0.775492665576, 10.6485290298, 1.12232607199, 3.00957718729, 1.03946852991, 4.29721205418, 0.930029689677, 25.4572632088, 17336.9451803
3.24728375991, 1.03005668462, 1.47313150551, 1.1885339943, 6.66966706762, 1.16878437462, 3.13490130249, 0.939704078792, 1.00526997206, 4.14008761331, 4.40191661937, 0.836348267698, 3.16060855186, 0.911588569417, 0.880913871841, 1.079167556, 1.02839480545, 0.92161769496, 7.7258408519, 0.977722046893, 0.800539327706, 84.9483361172, 0.972140429135, 1.04725587047, 0.975026798293, 3.05135165967, 1.23301257061, 24.871578342, 27555.7617906
3.39647158216, 1.37772254624, 1.27209148706, 1.05308725862, 1.91060224316, 0.869742381588, 3.42040007712, 1.1781987523, 0.902785560317, 2.84458208698, 4.32197792542, 1.0111754494, 4.02739363892, 0.990790735375, 0.924298118995, 1.06921682367, 1.0629155761, 0.824231289378, 6.37804282585, 0.919533381861, 0.961196607903, 394.703985709, 1.04260481675, 2.89564735977, 1.08390343181, 1.23457757025, 1.19782019444, 25.9158628077, 14942.8320178
1.33326751681, 1.12749385075, 1.07780440155, 1.11280581425, 5.16530195251, 1.08247032403, 3.68401203958, 1.25551521885, 1.03140037491, 2.7302134066, 2.57073717463, 1.10953318987, 4.19227915818, 0.826093872686, 0.793825039981, 1.09456469952, 1.02089927349, 0.851434107769, 9.99723019372, 0.93094202363, 0.896300385865, 233.261788711, 1.09753932104, 4.57033818594, 1.19835414784, 3.1052973369, 0.9701932666, 25.7153900497, 17189.73368
1.01413305669, 1.12960933873, 1.61667143982, 1.19307553792, 4.59907880765, 1.12391639299, 4.43268691157, 0.822807203577, 0.951031257556, 3.5129512673, 2.1864672666, 1.16920741898, 1.80702567023, 1.15377683019, 0.79801166114, 1.29248959568, 1.13420510439, 0.885772521938, 9.60067787309, 0.937952629435, 0.944884950272, 167.562837402, 1.05787468445, 5.59832966472, 1.07588357846, 4.3463764598, 1.01871731912, 26.0324996126, 11239.0764565
1.23927059324, 1.04513366282, 1.12624743633, 0.873520399386, 6.32818288208, 1.16827819354, 3.88400233964, 0.929565631413, 0.964992774277, 3.89271332165, 2.38142521518, 1.06870425207, 2.48448790042, 1.20423020762, 1.0171577501, 1.1211940194, 1.14740973309, 0.813744486573, 6.6343108118, 0.997794686766, 0.826916849708, 192.638771265, 1.04379890662, 5.04519863638, 1.04255151692, 3.06589886951, 0.946232790937, 42.576472775, 5016.79417523
3.93014004673, 1.30435338596, 1.63001575098, 1.0145586533, 2.54523982648, 0.744686161519, 1.43975719132, 0.867782900017, 0.982705830712, 2.81785402834, 3.9578571761, 0.96806688675, 3.38882123884, 0.907137382895, 0.804695200763, 1.20013835127, 1.16555773606, 1.05408623838, 3.75025685068, 1.18124804505, 0.957577555169, 86.2732545001, 0.87935882465, 1.97399064983, 1.01129597464, 3.13162104409, 1.1502958168, 46.9426547081, 4923.57614963
2.01681362569, 1.03074301938, 1.34890534673, 1.06236390055, 6.23916963956, 0.761403478902, 5.18544311985, 0.862774581524, 1.12946969545, 2.85522111373, 2.82554894153, 0.960933410726, 3.82599795053, 0.890592390152, 1.00239591969, 1.12040895384, 1.1268308999, 0.993829085332, 7.57433034039, 1.04722740647, 0.913415853079, 256.103608757, 0.963061049339, 5.93709237253, 1.11681071651, 3.99394712052, 0.998378064555, 25.9543664805, 22051.7335518
4.78224023534, 1.03461344617, 0.772527677282, 1.11841493231, 4.94583392646, 0.717257022261, 4.30233685074, 0.857153666203, 1.12206150294, 2.59834167939, 1.71446954141, 1.05557866865, 2.39222884348, 1.02106472446, 0.862596995615, 1.41129800896, 1.10428756376, 0.872423107827, 5.14371274751, 1.07322289412, 0.795450856077, 124.472802326, 1.18835777141, 5.63055132991, 1.17196991554, 3.42469289618, 1.1536818112, 40.8055712106, 5197.97059223
1.38137092725, 1.3817168421, 1.2170244067, 1.06237499, 6.23687945067, 1.16067228673, 3.17675212981, 1.00227062348, 0.997807068044, 3.59793680911, 4.98788961511, 0.879727891504, 4.11102138359, 0.884317951428, 0.986910969928, 1.41285267671, 1.13606000184, 0.943905740725, 9.28933956481, 1.0574338897, 0.890764158828, 354.485884303, 1.17330524311, 1.06294299892, 1.23464511237, 3.05410336955, 1.07233191074, 31.5267328419, 7214.97207238
3.81905230532, 1.07556329747, 0.885429861446, 0.824968445952, 3.34805066321, 0.898403264115, 3.91108566809, 0.861397981338, 1.01783392917, 4.15841663309, 2.04630999113, 1.03936627915, 4.28344712039, 1.20284393261, 0.96736660316, 1.41709208325, 1.10313667202, 0.923185918513, 7.98421389597, 1.03792143996, 0.992955914231, 315.134306474, 0.920406400834, 2.0939994983, 1.00574810316, 5.29684510257, 1.09834534215, 40.3256031391, 5501.83410487
5.56210481065, 1.3745958723, 0.730943978995, 1.21949131675, 3.78015344731, 0.999717737397, 5.59526560133, 1.00008268873, 1.10445900821, 5.79445315058, 6.75798000118, 1.15586203152, 3.60908019741, 0.946199187039, 0.951666740133, 1.28294371067, 1.14247936751, 0.86972983966, 7.17944274757, 1.0369130718, 0.78732463489, 171.04637294, 1.09577355816, 2.59382232128, 1.16628052261, 4.6357469116, 1.26447239743, 33.8627870176, 6233.46000591
5.49960376683, 1.29475813383, 1.66115876294, 0.896332550524, 3.91402237688, 1.11955667646, 2.29210593198, 0.889854080488, 1.105405916, 2.09406445475, 6.80362739662, 1.04753446572, 1.4969988917, 1.15784052256, 0.951110512925, 1.38312633606, 1.16015240107, 0.931216107081, 9.80751537032, 0.967011914553, 0.867540932361, 311.898055992, 1.12750660308, 1.15524758312, 1.17988500015, 4.72236795735, 1.02316320663, 31.3534565884, 7873.20761696
1.31691953488, 1.36563288962, 1.16380703337, 1.12961899361, 2.85178462177, 1.140264212, 2.90979904563, 1.12225879815, 0.90982827761, 5.45688829159, 4.16361621105, 0.945706328085, 1.2504876734, 0.990375034511, 0.962406451807, 1.18972280896, 1.05764750581, 1.11105740903, 6.28479884036, 0.916312480537, 0.79256955606, 312.784497301, 1.05869089074, 2.95766230274, 1.08474221374, 3.08127526839, 0.958102855831, 26.7225192994, 20663.0067711
5.73103933091, 1.35509124725, 1.70628573951, 0.950491063871, 2.29870738822, 1.09239739019, 3.18540705818, 0.938786076805, 1.07219121406, 5.18784265495, 7.29110578235, 1.04853171981, 4.80709055667, 0.821266300694, 0.780626650052, 1.33723293546, 1.06802742883, 1.22436442836, 7.6227546523, 0.916004585089, 0.773011793893, 118.445707233, 1.01101626543, 1.82039419821, 0.992595864409, 5.35102724438, 0.958899819555, 28.1652451169, 10773.665835
4.82327341338, 1.30453528448, 1.71884463049, 1.2054176062, 4.30900123988, 1.11919681661, 3.70166489186, 1.18350371975, 1.06212083039, 6.19084515582, 4.33129509757, 1.16270579996, 4.47947349012, 1.09175755225, 0.956461731799, 1.05905663657, 1.03839376319, 0.815030628308, 6.82866247889, 1.02486579728, 0.92649871639, 58.2958911657, 0.91407013789, 5.29196822455, 1.18764199016, 3.49599548722, 1.14089209961, 27.0021063962, 16007.9305225
2.52875135115, 1.27956124491, 1.34300865309, 1.14388056436, 3.87944427117, 1.06443817049, 5.49987600412, 0.830931946218, 1.08136235517, 5.83838364212, 3.00105013351, 1.14513254417, 4.09822878251, 1.19065514004, 0.898704279296, 1.10076593641, 1.04782231294, 0.860017382535, 3.78265195597, 1.00668900648, 0.976018827361, 181.689299599, 1.06401669318, 1.45141014212, 1.16336931164, 1.4872649998, 0.940672530574, 35.3210520195, 6239.29755145
2.54752392451, 1.15973908042, 1.55180304384, 1.02299696342, 3.49208581229, 0.844390514134, 5.15455392834, 1.11283182243, 1.10066909715, 4.82290198162, 3.88941308154, 1.12176101828, 4.85107168273, 0.814846323483, 1.08562768033, 1.04809190463, 1.07156095749, 0.825735601638, 4.42204870109, 0.933597978465, 0.850012480008, 85.6370366575, 0.950220552694, 2.56409224666, 1.08337371819, 3.758357085, 1.00294555053, 26.8075080454, 33320.3095144
5.65687731127, 1.35341659955, 0.834097858188, 0.976178185066, 2.40800401784, 1.15566367755, 1.08584483082, 1.18983706368, 0.930103534161, 3.18841077407, 7.27087601669, 0.852512370273, 1.45164076046, 1.01269205778, 0.836279112451, 1.4654860795, 1.00727392678, 1.14541238292, 4.52132136636, 1.03943240895, 0.79743131093, 363.02127789, 0.938989852276, 1.13630138228, 1.22184567058, 2.61591576764, 1.04620755951, 42.3784458673, 5533.74865989
5.31609137659, 1.17103146402, 0.760968250769, 1.01550777239, 6.09911399025, 0.998529658756, 5.14460381607, 1.1504140077, 0.949919914855, 2.21860458051, 7.71459313565, 1.121430384, 1.28690680036, 1.03444688919, 0.938182970961, 1.47646384041, 1.08019551192, 1.09698123029, 4.56017641345, 1.00835640608, 0.857359503606, 161.403843622, 1.13156299552, 5.98792689274, 1.00858362132, 4.39407492655, 1.11741324585, 32.8953406526, 7688.7015386
1.90001739576, 1.03691609053, 0.74617344185, 1.11043611704, 4.42288936503, 0.724022109887, 5.89386883761, 1.20703903961, 0.908525746345, 3.18451335127, 3.2936711862, 0.980647266908, 4.19317962935, 0.820515510807, 0.834905934224, 1.33148649622, 1.08233359454, 0.99656538689, 8.90213819965, 0.96546416921, 0.882239876963, 104.304973128, 0.998138429488, 3.93794225361, 1.17208053829, 1.60622466766, 1.06860171174, 41.7136661045, 6074.05810737
5.44109639356, 1.08749573092, 1.10901800888, 0.966738802848, 6.02554939308, 0.847509902075, 4.8519454344, 0.820156842786, 0.925567422081, 5.25228104802, 4.29358238998, 0.898767723802, 4.74956794793, 1.10905311223, 1.03083279885, 1.37043987561, 1.16672674856, 0.903416037837, 8.10233504926, 0.973865292689, 0.940986898481, 102.014837088, 1.13576139629, 3.07498670222, 0.985574881234, 1.75903761093, 1.10672492301, 39.5266234607, 6464.67348571
5.31609137659, 1.17103146402, 0.760968250769, 1.01550777239, 6.09911399025, 0.998529658756, 5.14460381607, 0.959972328636, 0.949919914855, 2.21860458051, 7.71459313565, 1.121430384, 1.28690680036, 1.03444688919, 0.938182970961, 1.47646384041, 1.08019551192, 1.09698123029, 4.56017641345, 0.967991076935, 0.857359503606, 161.403843622, 1.13156299552, 5.97313969321, 1.00858362132, 4.39407492655, 1.11741324585, 38.3978469407, 7166.21409578
3.47164831736, 1.12219572359, 0.844845816739, 1.10301465453, 1.98267505798, 0.989696740241, 4.67646168831, 0.98367112262, 0.980408187825, 3.89457408145, 4.07606245902, 1.1488901366, 1.62323900074, 1.26307357142, 0.790762546014, 1.45557782584, 1.13963333292, 1.06761836884, 5.75346011822, 0.977616181258, 0.938251699628, 68.8789335523, 0.892831398169, 1.20493346448, 0.976828090691, 3.31177652295, 1.06318179339, 30.2729526226, 10911.443829
4.90426011957, 1.41577380179, 1.02383715071, 1.20464764147, 2.73857645273, 0.916443432398, 3.89287692096, 1.22733943282, 0.959542769329, 1.72121736424, 6.59278458393, 0.915018300036, 3.27487750795, 0.906406754653, 0.926458496787, 1.44678348164, 1.16594216802, 1.13695467941, 7.3385468307, 1.06296207387, 0.790417035379, 316.357026874, 0.914786215729, 3.53199820215, 1.10605403287, 4.3429685016, 1.28328907955, 29.0920638842, 13264.2601318
2.03402719017, 1.11732458856, 1.56001365403, 1.20451308672, 6.97002949467, 0.881733879429, 5.47863321359, 1.03154558332, 1.00129445617, 4.64547886936, 2.614698304, 1.04369452757, 3.06965760758, 0.924767098146, 0.844567472143, 1.44678348164, 1.01793357848, 0.961928615649, 5.56070455108, 1.13353046056, 0.877895316397, 363.005432667, 0.911881104576, 2.46797773785, 1.22250686507, 3.23707915907, 0.873980985376, 37.9381254233, 7636.46355792
1.49722368012, 1.00555320311, 0.936815835825, 0.834127610549, 4.16977116181, 1.14853335269, 4.66073251283, 1.16196746747, 0.937303940766, 4.81501735821, 7.7304164843, 0.836081280182, 5.03634906477, 0.906023851858, 0.873474952123, 1.0124825125, 1.12737895711, 1.12778377388, 4.90703810449, 0.967584505508, 0.861248417668, 397.434955033, 1.07382049875, 4.20075027851, 1.0834922566, 4.72918010449, 1.07096912466, 34.7176033286, 9138.99802618
4.62387157269, 1.42053521975, 1.38189552978, 0.891251320815, 2.39438151269, 1.09382278811, 3.5980421193, 0.847896349077, 0.987392299623, 3.51327706097, 5.98747098691, 0.920270289937, 3.82666965121, 1.01252380988, 0.790847880229, 1.06318273059, 1.08279851643, 1.0532047446, 6.41085026795, 1.16970587181, 0.989760356447, 275.055918096, 1.02632437364, 2.75587281566, 1.18640474697, 4.25993048901, 0.922277789254, 30.184792262, 11744.6064298
5.01630704097, 1.20261551387, 1.38844926132, 0.986264824925, 6.44564375678, 1.0542980292, 4.55100568134, 0.881999410416, 1.04591492045, 3.35048251095, 4.57816429898, 1.21461284658, 2.83062856748, 1.12158837853, 0.878195974747, 1.50908784271, 1.0083356811, 0.939253269123, 7.89164841225, 0.991610372159, 0.800676156463, 319.509395319, 1.04181231867, 1.3204890554, 0.978831524735, 2.33171331793, 1.20357735989, 35.5227576529, 8892.4750853
2.58135547313, 1.05004376339, 1.09331181014, 1.013416393, 5.811612847, 0.856564980471, 5.7883330576, 0.847619516441, 1.11980582192, 5.31145904797, 5.23680305057, 1.15234525945, 1.12021825431, 0.953314024995, 0.993997478841, 1.2430910212, 1.03898619168, 1.04643241795, 4.40236247472, 1.07931601483, 0.838222231903, 407.287881296, 1.17531726478, 1.03487179578, 1.10558756216, 3.29192125511, 0.93950443196, 28.3559324939, 18463.1506408
3.24728375991, 1.03005668462, 1.47313150551, 1.1885339943, 6.66966706762, 1.16878437462, 3.13490130249, 0.939704078792, 1.00526997206, 4.14008761331, 4.40191661937, 0.836348267698, 3.16060855186, 0.911588569417, 0.880913871841, 1.079167556, 1.02839480545, 0.92161769496, 7.7258408519, 0.977722046893, 0.800539327706, 84.9483361172, 0.972140429135, 1.08885311124, 0.975026798293, 3.89663468978, 1.23301257061, 28.701622501, 15520.9428514
5.16250672458, 1.00122159372, 1.37539870592, 0.863519503005, 3.8950331265, 0.770837983891, 2.92461728232, 1.19460468686, 1.08537656166, 3.07882179664, 7.78094133399, 1.02304216648, 3.17982710515, 0.901740400653, 1.06806875159, 1.62186315723, 1.00553606919, 0.918025532481, 8.20010663683, 1.1034623099, 0.76969993324, 11.9002772154, 1.0879996665, 4.78742263062, 1.03162346976, 5.22275383693, 0.904084131402, 29.130926918, 14926.5354704
4.14742589198, 1.32270415844, 1.66099839469, 1.02759949051, 2.3420332749, 1.03649685261, 1.82172957638, 1.15214949532, 0.964384017584, 5.40020518567, 2.92460678616, 0.822246808177, 2.08247371149, 1.13902331856, 0.947705862657, 1.49204292516, 1.04883078934, 1.11385746206, 7.50892741691, 1.06726069734, 0.990218510204, 371.00161969, 1.1796505505, 5.37086451499, 1.00588722799, 4.22057248786, 1.23333580306, 41.2508488889, 7337.89457158
3.63615283986, 1.15643586899, 0.817268050351, 0.812596487219, 6.6373610778, 0.843604218416, 3.86625129689, 0.82333634236, 1.10410118047, 5.91381537963, 6.94478119904, 1.21607394536, 2.50676376841, 0.930545890848, 0.921763322599, 1.33553121975, 1.08053199154, 1.088324205, 5.00643657003, 0.914544573716, 0.92545781974, 145.474491722, 0.896068431922, 4.88741232469, 1.10346155066, 3.45501378057, 1.23445554248, 37.3121706944, 8499.59541235
1.49722368012, 1.00555320311, 0.886995890103, 1.13813267721, 4.16977116181, 1.04878590847, 4.66073251283, 1.16196746747, 0.937303940766, 4.81501735821, 7.7304164843, 0.83464285189, 5.03634906477, 0.906023851858, 0.873474952123, 1.16205946455, 1.12737895711, 0.865364686056, 4.90703810449, 0.967584505508, 0.85692663386, 397.434955033, 1.07382049875, 4.20075027851, 1.13114726593, 4.72918010449, 1.2780982833, 39.4466090493, 8374.87658753
1.99061967279, 1.28533621397, 1.33845480838, 1.2051313816, 2.48349902167, 0.969638676489, 5.38170000717, 1.16877696583, 0.937551749054, 6.00030828451, 6.59556372425, 0.935601506172, 4.49772445291, 1.23802062595, 0.837318973099, 1.35672149081, 1.01843945117, 1.22922594352, 4.0761434751, 1.11594487866, 0.819322961923, 222.978156016, 0.997674298864, 3.18300846617, 0.987131372587, 4.28202747904, 1.11218397146, 29.3314794582, 16937.2474043
4.95038323963, 1.39256409428, 1.52780836501, 0.81385663853, 3.96972155878, 1.13318020377, 4.57995509302, 1.00323602474, 0.934183951276, 2.66290708757, 6.88266609942, 0.87255051467, 3.60027956071, 0.97772791409, 1.0270585887, 1.17237201176, 1.08445162173, 0.8149245151, 9.65036773558, 1.06239321639, 0.767095547701, 56.4548554568, 1.13103125992, 3.24363859845, 1.17349208999, 2.73628663506, 1.05308904824, 36.4234905438, 9417.59143616
1.7093238545, 1.13987738263, 1.20320033508, 1.08881869967, 5.28636003027, 1.16802710963, 1.80287181121, 1.24407848363, 1.12364302138, 3.80611401883, 6.73855883889, 1.09253708485, 1.452372698, 0.844830621509, 0.948089064088, 1.56412472956, 1.10403164893, 0.869549522632, 7.85568462863, 1.15692439877, 0.958641424014, 10.1811866707, 0.864934727599, 5.16913706094, 1.06971217698, 4.53024558333, 0.930641127322, 50.7545962805, 7343.40624464
