5.99519738941, 1.42384065201, 1.38981764026, 1.20331594913, 1.65846868843, 0.724638581995, 5.91429798812, 1.13181065319, 1.10109747258, 3.56055381386, 4.29251058752, 0.843065678149, 2.34350243829, 1.14764328696, 0.878829842324, 1.07192829114, 1.06299372574, 0.960702525977, 8.00066937587, 0.948069155015, 0.816324327653, 193.410779376, 1.04781223924, 4.40275142837, 0.972603163127, 2.84703481322, 1.26908656601, 9.62641411685, 13.6127900683
5.73103933091, 1.35509124725, 1.70628573951, 0.950491063871, 2.29870738822, 1.09239739019, 3.18540705818, 0.938786076805, 1.07219121406, 5.18784265495, 7.29110578235, 0.997849467911, 4.80709055667, 0.821266300694, 0.780626650052, 1.33723293546, 1.06802742883, 1.22436442836, 7.6227546523, 0.916004585089, 0.773011793893, 118.445707233, 1.15801379529, 1.82039419821, 0.992595864409, 5.35102724438, 0.958899819555, 7.66268438107, 397.616845179
4.49364621745, 1.25304713685, 0.812440664048, 1.08728710438, 7.06179543901, 0.989261497832, 1.70609887139, 0.846817327379, 0.980824982308, 4.56149866769, 4.51258655062, 1.02814216444, 3.93740630734, 1.06860676547, 0.954369233119, 1.17522986438, 1.08610494613, 1.18758480156, 6.72822407826, 0.920739169483, 0.857014778456, 165.550532788, 1.05613869657, 5.19685132619, 1.1348214094, 5.09680736964, 1.20962871411, 16.1444141011, 57.9481092887
1.26904132547, 1.4224188724, 1.16070834969, 1.09458792399, 4.45166373929, 0.742339469897, 2.0660142809, 0.935503510171, 1.01991688121, 3.2189309365, 7.66798867917, 1.13537038649, 2.15809732193, 1.19049559611, 1.01780410974, 1.39693705378, 1.04555048278, 1.08331388104, 3.25078360783, 0.93648715478, 0.96815414725, 53.9793698364, 0.991765012079, 3.52149209952, 1.18127064114, 3.23682753047, 1.20081775067, 9.82373557504, 59.3758430976
1.33326751681, 1.12749385075, 1.07780440155, 1.11280581425, 5.16530195251, 1.08247032403, 3.68401203958, 1.25551521885, 1.03140037491, 2.7302134066, 2.57073717463, 1.10953318987, 4.19227915818, 0.826093872686, 0.793825039981, 1.09456469952, 1.02089927349, 0.851434107769, 3.15426697631, 0.93094202363, 0.896300385865, 233.261788711, 1.09753932104, 4.57033818594, 1.19835414784, 3.1052973369, 0.9701932666, 9.68088528973, 530.424799562
5.3206482711, 1.35045948665, 1.2863174337, 0.837320409266, 4.88710702761, 1.01924366451, 1.78071573722, 1.09600359594, 1.01139314997, 3.99269584956, 1.97122142972, 0.871274086243, 3.77206096613, 1.08440915979, 1.05501802028, 1.33095293353, 1.01843945117, 0.970024734866, 9.26443516141, 0.932910010336, 0.804499946542, 186.188058449, 0.983199053276, 5.48474236393, 1.09996855842, 5.30977168937, 1.04848410739, 13.0336056146, 144.952284334
4.16762437662, 1.11210531198, 1.0271862839, 1.00828811805, 5.66659448786, 0.755052523179, 5.63125378937, 1.00899807817, 0.991580455967, 4.46766890097, 5.81588570738, 0.968250361116, 4.34935107522, 1.17809518652, 0.902002664318, 1.60008585743, 1.050293566, 1.00814687375, 6.32634758999, 1.05668369396, 0.973616314579, 11.0166103564, 1.04706054687, 4.74886326194, 0.967552201672, 4.46606061557, 0.993575549342, 11.2142545047, 221.656454382
2.60030170962, 1.05667415587, 0.82730312218, 1.12534995565, 5.35157303625, 0.88149146592, 5.83111441955, 1.13018466369, 0.951730705169, 5.58673232366, 5.34511588748, 1.11831319788, 3.71912547065, 1.14460969791, 0.92511882811, 1.4867404894, 1.13179255362, 0.996783129172, 3.94638117173, 1.17101718953, 0.760822271743, 121.51756322, 1.19923888084, 2.68373328129, 1.0108734361, 1.21151305545, 1.1576491773, 11.8384186952, 257.854358517
3.67225188052, 1.00596360525, 1.5000903259, 1.13130246393, 6.88036766758, 0.936366699806, 3.84254787841, 0.978445428076, 0.952091319721, 1.38761086992, 2.0963213901, 1.02826254865, 2.1035882792, 0.8840582352, 0.796561732891, 1.56805187105, 1.00424846105, 0.829996490784, 4.58116248189, 1.11569984585, 0.796745615974, 207.03498355, 0.882046585847, 2.15107754476, 1.10474564369, 4.27794160264, 1.29659092063, 9.92416843254, 1494.18956824
4.86950808066, 1.33095989957, 1.4067177997, 0.811591548173, 1.63115399234, 0.973641821759, 4.20655704945, 1.09239664388, 1.13819243559, 4.21658610579, 7.32960190673, 0.86008671617, 1.35627019333, 1.13610298812, 0.96906814598, 1.21615386435, 1.09367284156, 1.14789711005, 5.39336737671, 1.18814107885, 0.957346883561, 207.003936297, 0.926951330473, 3.82533717749, 0.978840485037, 3.70550025915, 1.2178129622, 12.6442139488, 283.293581079
4.78145182501, 1.18939905677, 1.59706441929, 0.829714324231, 2.92943621166, 1.13062788335, 3.1303233627, 1.19874675619, 1.08569209871, 2.20469674779, 2.22259597328, 1.05175812286, 2.59700690847, 0.963531068117, 0.835495862113, 1.0353789575, 1.04663478123, 1.203517004, 7.74526962096, 1.14753349511, 0.772018797689, 390.001422301, 0.868188772579, 2.47921336984, 1.22937584411, 4.68286640189, 0.984572422175, 22.0672250513, 229.816378209
2.79254254512, 1.30150163654, 0.85530188232, 0.919484545773, 2.28387135456, 0.808517409621, 2.66449409397, 0.846073611822, 1.09359881696, 4.46642645656, 1.81018293462, 0.976180037179, 1.07780998061, 1.09826820007, 0.898493330326, 1.61426435957, 1.108561973, 1.1590250093, 8.5818440552, 0.990139072804, 0.909000481588, 298.067188399, 1.01432800409, 4.18030220186, 1.00148130007, 1.70560944515, 1.08951737754, 11.2596112835, 652.629879501
1.38137092725, 1.3817168421, 1.2170244067, 1.06237499, 6.23687945067, 1.18907144012, 3.17675212981, 1.00227062348, 0.997807068044, 3.67312601831, 4.98788961511, 0.879727891504, 4.11102138359, 0.884317951428, 0.986910969928, 1.27619555131, 1.13606000184, 0.943905740725, 9.28933956481, 1.0574338897, 0.890764158828, 354.485884303, 1.17330524311, 1.06294299892, 1.2359189249, 3.05410336955, 1.07233191074, 12.4883887109, 1434.00788195
3.87924790673, 1.28835708871, 1.21195513267, 1.11124798516, 3.02088703197, 0.785022218256, 5.22221570637, 1.11174136039, 1.01059839633, 3.59327869048, 2.93866713343, 0.947733039515, 1.65550927588, 0.861870137905, 0.861675605374, 1.49850907175, 1.0163095746, 1.17227486923, 8.13345049497, 0.940351310416, 0.853652802743, 402.430257468, 0.965704360968, 1.50338611728, 1.13471206871, 1.86148419344, 1.01994908062, 19.7505297813, 383.605288088
5.16250672458, 1.00122159372, 1.37539870592, 0.863519503005, 2.65677505727, 0.770837983891, 2.92461728232, 1.19460468686, 1.08537656166, 3.07882179664, 7.78094133399, 1.02304216648, 2.68908626666, 0.901740400653, 1.06806875159, 1.62186315723, 1.00553606919, 0.918025532481, 8.20010663683, 1.1034623099, 0.76969993324, 11.9002772154, 1.0879996665, 4.78742263062, 1.03162346976, 5.22275383693, 0.904084131402, 21.2411370245, 292.878277603
4.59677368073, 1.14384486431, 1.64888554299, 0.909776755929, 3.80899443353, 0.957416880416, 4.40069876407, 0.984222624464, 1.12307770548, 4.24894950204, 5.42058615965, 0.98551341633, 2.52407497762, 0.978815441918, 1.04579200073, 1.05242234859, 1.03645721629, 1.0640141885, 6.15306738366, 0.931181044434, 0.832512323061, 161.0242604, 0.897288307339, 2.50770181061, 1.17716305113, 2.56507212057, 1.02249264914, 14.8084979321, 492.907870964
4.75399836378, 1.30153914327, 1.09482445808, 0.889541565512, 2.40684719827, 1.0326030888, 4.1233085446, 1.21225367485, 0.951624307017, 2.8896531371, 6.51289272684, 1.0981699076, 3.79400681756, 0.822878104745, 0.913436827856, 1.42927056916, 1.04232110255, 1.01558764043, 8.92991244175, 1.10596419873, 0.780227402037, 133.039083823, 1.0541519799, 4.09009139948, 1.10232660058, 1.50357588152, 0.887014969434, 12.7453064033, 1158.70484933
5.44109639356, 1.08749573092, 1.10901800888, 0.966738802848, 6.02554939308, 0.847509902075, 4.8519454344, 0.820156842786, 0.925567422081, 5.25228104802, 4.29358238998, 1.07875704876, 4.74956794793, 1.10905311223, 1.03083279885, 1.37043987561, 1.16672674856, 0.903416037837, 8.10233504926, 0.944165348977, 0.940986898481, 102.014837088, 1.06401669318, 3.07498670222, 0.985574881234, 1.75903761093, 1.10672492301, 24.6276460285, 329.43177436
2.55344655722, 1.1562616229, 0.768449020559, 0.949748373083, 1.43062119498, 0.810496952695, 4.58188398928, 1.00166408758, 1.06724402853, 4.00407002413, 6.33289265331, 1.04617513657, 2.99069000604, 1.21687948027, 0.829696715827, 1.57173285803, 1.10878070736, 1.17531667698, 3.68487004643, 1.18297204799, 0.949202878166, 156.570130876, 1.03029042404, 4.25746635574, 0.982537568997, 1.5406600973, 1.10016899414, 25.0267709094, 315.902069578
5.23333580772, 1.10441186962, 0.831719295474, 1.17601759323, 4.70806199413, 0.868058815547, 4.90194493159, 1.21248531016, 1.13763049804, 2.61360734807, 3.47454102816, 1.1799939817, 2.78882264514, 0.969466315739, 0.813788625572, 1.25145234737, 1.12280583608, 0.943085479516, 4.47424888308, 0.978922193412, 0.979152598781, 281.52907618, 1.19975328055, 1.52761051373, 1.20604985528, 1.08985044644, 1.04636337882, 20.0743499765, 399.896497032
5.3206482711, 1.35045948665, 1.2863174337, 0.837320409266, 4.88710702761, 1.01924366451, 1.78071573722, 1.09600359594, 1.01139314997, 3.99269584956, 1.97122142972, 0.871274086243, 3.77206096613, 1.23802062595, 1.05501802028, 1.33095293353, 1.01843945117, 0.970024734866, 9.26443516141, 0.932910010336, 0.804499946542, 186.188058449, 0.983199053276, 5.48474236393, 1.09996855842, 5.30977168937, 1.04848410739, 15.2515960559, 629.7795605
3.02080223552, 1.42384065201, 1.70628573951, 0.950491063871, 4.93098189278, 0.724638581995, 5.91429798812, 1.22627225195, 1.10109747258, 1.3256822021, 4.29251058752, 0.843065678149, 3.85406003252, 1.14764328696, 0.878829842324, 1.07192829114, 1.05203656346, 0.960702525977, 8.00066937587, 0.980547251193, 0.773011793893, 62.1565484821, 1.19506937097, 4.40275142837, 0.958634051246, 2.84703481322, 1.26908656601, 14.6067918373, 741.245569655
3.80823728683, 1.31107055552, 1.60515323761, 0.811549292262, 2.15449152839, 0.852889171566, 5.03630243318, 1.04277176933, 0.992251033544, 3.37794201107, 5.82235014683, 0.953879423622, 1.74053465589, 1.27784597792, 1.01462960415, 1.23751502902, 1.13136246169, 0.820227356331, 6.92490704137, 1.14829058941, 0.906475346491, 117.186189667, 0.847997830578, 5.24467146712, 1.14746319203, 2.93623175352, 1.16514985663, 16.0565740701, 544.248545818
4.68638963866, 1.08207144333, 1.42992034293, 1.09518943044, 2.76139778275, 0.985918021425, 1.53973266259, 1.2026301717, 1.13557951702, 2.4549134628, 6.96514731447, 0.82270652443, 4.35519503832, 1.07850093325, 0.980636576936, 1.50118370919, 1.04937249965, 1.05262040696, 9.99397031097, 1.12790095967, 0.776046779012, 245.666198568, 1.17135222677, 1.5069844371, 1.09280766939, 4.73444556887, 1.22346956875, 14.8410346205, 680.867067754
1.38137092725, 1.3817168421, 1.2170244067, 1.06237499, 2.13539955018, 1.16067228673, 4.30233685074, 1.00227062348, 0.997807068044, 3.59793680911, 2.20726438717, 0.872101844871, 4.11102138359, 1.02106472446, 0.862596995615, 1.41285267671, 1.13606000184, 0.943905740725, 9.28933956481, 1.0574338897, 0.890764158828, 354.485884303, 1.17330524311, 5.63055132991, 1.23464511237, 3.05410336955, 1.07233191074, 14.2472626498, 2447.58931999
1.38137092725, 1.3817168421, 1.2170244067, 1.06237499, 6.23687945067, 1.18907144012, 3.17675212981, 1.00227062348, 1.05986609592, 3.67312601831, 4.98788961511, 0.879727891504, 4.11102138359, 0.884317951428, 0.986910969928, 1.27619555131, 1.13606000184, 0.943905740725, 9.28933956481, 1.0574338897, 0.890764158828, 354.485884303, 0.844717012024, 1.06294299892, 1.2359189249, 2.06857294151, 1.07233191074, 14.9725013202, 1432.35612326
3.24097202106, 1.41106862286, 1.07320031129, 0.956608148874, 4.89463935875, 0.795636009209, 2.32447841893, 1.14755882208, 0.920291270118, 6.0339942668, 2.03197638784, 0.903821591484, 2.35349203121, 0.86207302811, 0.9226440356, 1.1673300472, 1.03133192454, 0.892772655812, 4.68140211664, 1.00008609503, 0.9764868129, 406.015330225, 0.983367410463, 5.67432204743, 1.07343054959, 3.80399296656, 1.24067979338, 16.4572997973, 665.795315457
3.47164831736, 1.12219572359, 0.806506156535, 1.10301465453, 1.98267505798, 0.989696740241, 4.67646168831, 0.98367112262, 0.974051101639, 3.89457408145, 4.07606245902, 1.1488901366, 1.62323900074, 1.03444688919, 0.790762546014, 1.45557782584, 1.13963333292, 1.06761836884, 5.75346011822, 0.977616181258, 0.938251699628, 68.8789335523, 0.892831398169, 1.20493346448, 0.976828090691, 3.31177652295, 1.06318179339, 15.7325860146, 1174.55115007
3.62220750019, 1.34648776794, 0.969384162561, 1.01473080337, 6.20547344921, 1.00936880859, 3.89899618905, 0.873456672182, 0.966932233049, 4.17225488139, 5.18268466218, 1.04325197841, 1.34666616694, 0.978815441918, 0.983545564251, 1.04713714904, 1.15555902677, 1.14316741942, 6.05645997517, 1.00673371226, 0.996885106838, 212.628600391, 1.18037197518, 4.4497525572, 1.15145447734, 4.27672814429, 0.946127211363, 16.8629926374, 667.53868491
2.20019760581, 1.30553459365, 1.54941951195, 1.20075471619, 6.79362831822, 0.972522285597, 3.3527571051, 1.06142815018, 0.92553209187, 5.69847342891, 2.55670614193, 1.13273979604, 2.09314239734, 1.01326004367, 1.04131809781, 1.15593793943, 1.00932837442, 0.858292834828, 9.55449600461, 1.04971400231, 0.886863165577, 307.515917091, 0.986746518176, 2.04130596872, 1.21664746714, 3.15993770218, 1.11701749927, 27.8901420544, 569.998691417
2.54752392451, 1.09006853273, 1.55180304384, 1.04906910901, 3.49208581229, 0.844390514134, 5.15455392834, 1.11283182243, 0.920392591382, 4.82290198162, 3.88941308154, 1.12176101828, 4.85107168273, 0.814846323483, 1.08562768033, 1.04809190463, 1.07156095749, 0.825735601638, 3.30811931144, 0.933597978465, 0.850012480008, 85.6370366575, 0.950220552694, 2.56409224666, 1.08337371819, 3.758357085, 0.940672530574, 29.3013928471, 560.337909147
1.7093238545, 1.13987738263, 1.20320033508, 1.08881869967, 5.28636003027, 1.16802710963, 1.80287181121, 1.24407848363, 1.12364302138, 3.80611401883, 6.73855883889, 1.09253708485, 1.452372698, 0.844830621509, 0.948089064088, 1.56412472956, 1.10403164893, 0.817335236254, 7.85568462863, 1.15692439877, 0.958641424014, 10.1811866707, 0.859322899505, 5.16913706094, 1.06971217698, 4.53024558333, 0.930641127322, 15.6387680512, 2258.17116217
5.58296377516, 1.42377315494, 0.944943365296, 0.858600884412, 1.87374572848, 0.799776585826, 2.59260300243, 0.943853660118, 1.12786864045, 1.37766960793, 3.48733818577, 0.840000840978, 3.45772326942, 1.02322781054, 1.00756741762, 1.01720529385, 1.14075353501, 1.04008450619, 5.91349875651, 1.05001263927, 0.962254467526, 47.6963234787, 1.01932369451, 1.05300328043, 1.20908868036, 2.52912954313, 1.18178055773, 16.8997912076, 901.868064286
4.59016966697, 1.25304713685, 0.812440664048, 1.08728710438, 7.06179543901, 0.989261497832, 1.70609887139, 0.846817327379, 0.980824982308, 3.99890456178, 4.51258655062, 1.02814216444, 3.93740630734, 1.06860676547, 0.954369233119, 1.17522986438, 1.08610494613, 1.18758480156, 6.72822407826, 0.920739169483, 0.857014778456, 165.550532788, 1.05613869657, 5.19685132619, 1.1348214094, 5.09680736964, 1.20962871411, 18.7344302683, 1108.38442555
5.06417397771, 1.15996637921, 1.2934453552, 0.979574464125, 3.07848296478, 0.737344713521, 3.25237896453, 0.978051677275, 1.09744013283, 1.33500739684, 5.41586748949, 0.894012559436, 4.88902411818, 1.22324532374, 0.839902733923, 1.28137928045, 1.08580177333, 0.829054984414, 9.69907263303, 0.925757514203, 0.825193910157, 123.42050217, 1.07314685007, 2.7650998741, 1.09202489717, 1.68069660154, 1.04843821406, 15.6632990519, 7460.48352185
4.28344692202, 1.14947521871, 1.58118858665, 0.892222550998, 2.46311843082, 0.946811846913, 1.11512113726, 1.08900937129, 1.03172292355, 3.41396106004, 5.93564872645, 0.897188011717, 4.78465874924, 1.27924668623, 0.803434583158, 1.45257006617, 1.1493042668, 1.22975810615, 4.07770477802, 0.966956382295, 0.931056903639, 134.618638717, 1.12232607199, 5.62870139147, 0.96326927754, 1.35120532191, 0.973164420927, 16.0920143915, 1960.40831722
4.68752153052, 1.08749573092, 1.72091519333, 0.966738802848, 6.02554939308, 0.847509902075, 4.8519454344, 0.820156842786, 0.925567422081, 5.25228104802, 3.35549956461, 1.07875704876, 2.95608769022, 1.10905311223, 1.05863755371, 1.37043987561, 1.16672674856, 0.903416037837, 8.10233504926, 0.944165348977, 0.963732620384, 246.92348094, 1.06401669318, 4.15443165804, 0.985574881234, 1.75903761093, 1.10672492301, 24.0493840517, 681.885913754
3.67225188052, 1.00596360525, 1.5000903259, 1.13130246393, 6.88036766758, 0.936366699806, 3.84254787841, 0.900189484516, 0.952091319721, 1.38761086992, 2.0963213901, 1.02826254865, 2.1035882792, 0.8840582352, 0.796561732891, 1.56805187105, 1.00424846105, 0.829996490784, 5.39336737671, 1.11569984585, 0.796745615974, 207.03498355, 0.926951330473, 2.15107754476, 1.10474564369, 4.27794160264, 1.29659092063, 16.2111061036, 1621.02875391
4.75399836378, 1.30153914327, 0.990625623921, 0.889541565512, 2.40684719827, 1.00442762977, 4.1233085446, 1.21225367485, 0.964077077095, 2.8896531371, 4.29358238998, 0.976180037179, 3.79400681756, 1.09826820007, 0.898493330326, 1.42927056916, 1.04232110255, 1.01558764043, 8.92991244175, 1.10596419873, 0.780227402037, 133.039083823, 1.0541519799, 4.09009139948, 1.10232660058, 1.50357588152, 1.19271513454, 20.5064403477, 1028.63397451
4.16762437662, 1.11210531198, 1.0271862839, 1.00828811805, 5.66659448786, 0.755052523179, 5.63125378937, 1.00899807817, 0.991580455967, 4.46766890097, 5.81588570738, 0.968250361116, 4.34935107522, 1.17809518652, 0.902002664318, 1.60008585743, 1.050293566, 1.00814687375, 6.32634758999, 1.05668369396, 0.973616314579, 12.54887296, 0.929571299503, 4.74886326194, 1.23765785732, 4.46606061557, 0.993575549342, 18.1651363385, 1399.9674117
3.24097202106, 1.41106862286, 1.07320031129, 0.956608148874, 4.89463935875, 0.795636009209, 2.32447841893, 1.14755882208, 0.920291270118, 5.98825962377, 2.03197638784, 0.903821591484, 2.35349203121, 0.86207302811, 0.9226440356, 1.1673300472, 1.03133192454, 0.892772655812, 4.68140211664, 1.00008609503, 0.9764868129, 406.015330225, 0.864936172418, 5.562733163, 1.07343054959, 3.80399296656, 1.005910346, 26.9674192003, 730.963052731
3.55032033926, 1.34230640452, 0.967904776423, 1.13871604439, 3.51485495421, 0.747871605721, 1.45014890732, 1.25705431166, 0.905412690855, 2.51502465514, 6.71926566139, 1.04444890651, 2.19030390364, 1.07913544363, 0.980175589599, 1.60674384222, 1.07023912505, 1.14164887906, 8.7092067166, 1.03548361849, 0.837682892014, 125.593673273, 1.14770670656, 5.26795152644, 1.0222923118, 4.05608680464, 1.27856316901, 19.2586181859, 1456.86289103
4.16762437662, 1.11210531198, 1.0271862839, 1.00828811805, 5.66659448786, 0.755052523179, 5.63125378937, 1.00899807817, 0.991580455967, 4.46766890097, 5.81588570738, 0.968250361116, 4.34935107522, 1.17809518652, 0.902002664318, 1.60008585743, 1.050293566, 1.00814687375, 6.32634758999, 1.05668369396, 0.973616314579, 12.54887296, 1.04706054687, 4.74886326194, 0.967552201672, 4.46606061557, 0.993575549342, 41.6450884885, 858.608283541
5.39542170095, 1.08098099776, 0.814541757864, 0.914397899857, 6.32361267426, 0.753547567252, 2.48324516163, 1.24486665521, 0.975760073146, 4.40653704328, 4.36634465794, 1.19759925398, 2.88605178158, 0.857432261464, 0.807116946949, 1.31595380533, 1.076463101, 1.17551780931, 8.50694910009, 0.934493899103, 0.916068830269, 358.488267802, 1.07395801719, 2.62018212526, 1.04391919918, 4.31772004143, 1.26431411584, 38.4730724909, 989.408035724
5.3206482711, 1.35045948665, 1.2863174337, 0.837320409266, 4.88710702761, 1.12860813207, 1.78071573722, 1.09600359594, 1.01139314997, 3.99269584956, 4.23182894861, 0.871274086243, 3.77206096613, 0.898681007909, 1.05501802028, 1.33095293353, 1.16981552457, 0.970024734866, 9.26443516141, 0.932910010336, 0.80570565293, 186.188058449, 1.16055350921, 5.69050494636, 1.20313542324, 5.30977168937, 1.04848410739, 31.2869336591, 1007.36303584
5.51931359393, 1.35659599042, 1.33754151433, 1.19030206859, 4.20372217606, 0.771781054625, 1.86349019713, 0.824807127308, 0.979489026767, 2.38643994197, 3.6182575383, 0.813623688097, 4.79942958124, 0.940101637348, 0.883787817567, 1.36979033145, 1.0099681751, 0.939245210817, 4.52019136681, 1.07390434984, 0.946148643473, 243.6488065, 1.09347956983, 4.34623433077, 1.160564669, 4.67129564585, 1.06942781129, 17.1631592516, 2401.45592208
3.0131561605, 1.35659599042, 1.33754151433, 1.19030206859, 4.20372217606, 0.771781054625, 1.86349019713, 0.824807127308, 0.979489026767, 2.38643994197, 3.6182575383, 0.813623688097, 4.79942958124, 0.940101637348, 0.883787817567, 1.36979033145, 1.0099681751, 0.939245210817, 6.29890080377, 1.07390434984, 0.946148643473, 243.6488065, 1.09347956983, 4.34623433077, 1.23765785732, 4.67129564585, 1.06942781129, 28.5407987163, 1074.48743708
3.0131561605, 1.35659599042, 1.33754151433, 1.19030206859, 4.20372217606, 0.771781054625, 1.86349019713, 0.824807127308, 0.979489026767, 5.09083553835, 3.6182575383, 0.813623688097, 4.2616314308, 0.940101637348, 0.883787817567, 1.36979033145, 1.0040043798, 0.939245210817, 6.29890080377, 1.07390434984, 0.946148643473, 243.6488065, 1.09347956983, 4.34623433077, 0.967552201672, 4.67129564585, 1.06942781129, 32.5467682708, 1026.59316645
4.91597866388, 1.03156239436, 1.46946600742, 0.997580191068, 1.91150102326, 0.720264280033, 5.92013985554, 0.872790410696, 1.06314313135, 4.0728315531, 3.66135189369, 1.21100446721, 1.24710658147, 0.829844445081, 1.07334705853, 1.10676123852, 1.04565737956, 0.83201564968, 9.53964575199, 1.17165436451, 0.97701517534, 59.4376459908, 1.16733735031, 4.66182052375, 1.16238287522, 2.80218636899, 1.21660912933, 17.1113669708, 3471.8616948
4.82327341338, 1.28478480982, 1.71884463049, 1.17350787558, 4.30900123988, 1.11919681661, 3.70166489186, 1.20425977191, 1.06212083039, 6.19084515582, 4.33129509757, 1.16270579996, 4.47947349012, 1.09175755225, 0.956461731799, 1.0460589122, 1.03839376319, 0.815030628308, 6.82866247889, 0.962885184251, 0.92649871639, 58.2958911657, 0.91407013789, 5.29196822455, 1.21107091373, 1.31637158661, 1.14089209961, 17.1314927571, 5312.10308251
5.93038157171, 1.17831802158, 1.16581858015, 1.02767856259, 2.72716303013, 1.17891857743, 3.9928528672, 1.12544100869, 1.04323654252, 2.80779738442, 4.84249630406, 0.837298785365, 1.6467051733, 0.911790027694, 0.922876709696, 1.19289410182, 1.12267506142, 1.07759108226, 4.17918336216, 0.978950886546, 0.979244271621, 39.0728903475, 1.00529547149, 4.24066896463, 0.974206840425, 4.41628781958, 1.22322783057, 17.5900206251, 3155.43295722
4.68752153052, 1.08749573092, 1.10901800888, 0.966738802848, 6.02554939308, 0.847509902075, 4.8519454344, 0.820156842786, 0.925567422081, 5.25228104802, 3.35549956461, 1.07875704876, 2.95608769022, 1.10905311223, 1.03083279885, 1.37043987561, 1.16672674856, 0.903416037837, 8.10233504926, 0.944165348977, 0.963732620384, 246.92348094, 1.06401669318, 3.07498670222, 0.985574881234, 1.75903761093, 1.10672492301, 18.1465142596, 6204.28864723
5.06417397771, 1.15996637921, 1.2934453552, 0.979574464125, 3.07848296478, 0.982179537334, 3.25237896453, 0.978051677275, 1.09744013283, 1.33500739684, 5.41586748949, 0.894012559436, 4.88902411818, 1.22324532374, 0.839902733923, 1.12040895384, 1.08580177333, 0.829054984414, 9.69907263303, 0.925757514203, 0.825193910157, 131.104046983, 1.07314685007, 2.7650998741, 1.09202489717, 1.68069660154, 1.04843821406, 22.9343940717, 1458.27559453
5.39542170095, 1.23570877179, 0.814541757864, 0.914397899857, 6.20591377328, 0.753547567252, 2.48324516163, 1.24486665521, 0.975760073146, 4.40653704328, 4.36634465794, 1.19759925398, 1.49601449159, 0.857432261464, 0.807116946949, 1.31595380533, 1.076463101, 1.17551780931, 8.50694910009, 0.934493899103, 0.916068830269, 358.488267802, 1.07395801719, 2.62018212526, 1.04391919918, 4.31772004143, 1.26431411584, 17.9813271389, 9667.10199635
4.91597866388, 1.03156239436, 1.64404474677, 0.997580191068, 1.91150102326, 0.720264280033, 5.93821248135, 0.872790410696, 1.06314313135, 2.49714976856, 6.52653376366, 1.21100446721, 1.24710658147, 0.81743912679, 1.07334705853, 1.10676123852, 1.04565737956, 0.83201564968, 9.53964575199, 1.17165436451, 0.97701517534, 24.2000332041, 1.16733735031, 3.57858543532, 1.10031514895, 2.80218636899, 1.21660912933, 19.3642170953, 2968.33170118
5.3206482711, 1.35045948665, 1.34007209316, 0.837320409266, 4.2965448456, 1.12860813207, 1.78071573722, 1.09600359594, 1.01139314997, 3.99269584956, 1.97122142972, 0.871274086243, 3.77206096613, 1.01212124738, 1.05501802028, 1.33095293353, 1.16975613303, 0.970024734866, 9.26443516141, 0.932910010336, 0.80570565293, 186.188058449, 0.983199053276, 5.69050494636, 1.09996855842, 5.30977168937, 1.04848410739, 19.4340672986, 2587.68102719
3.81905230532, 1.07556329747, 0.885429861446, 0.824968445952, 3.34805066321, 0.898403264115, 3.91108566809, 0.861397981338, 1.07950344733, 4.15841663309, 2.04630999113, 1.03936627915, 4.28344712039, 1.20284393261, 0.96736660316, 1.41709208325, 1.10313667202, 0.939253269123, 3.68487004643, 1.03792143996, 0.992955914231, 121.984884537, 0.900349097131, 2.0939994983, 1.00574810316, 5.29684510257, 1.09834534215, 19.8965071353, 2872.41900493
4.16762437662, 1.11210531198, 1.0271862839, 1.00828811805, 5.66659448786, 0.755052523179, 5.63125378937, 1.00899807817, 0.991580455967, 4.46766890097, 5.81588570738, 0.968250361116, 4.34935107522, 1.17809518652, 0.902002664318, 1.60008585743, 1.050293566, 1.00814687375, 6.32634758999, 1.05668369396, 0.973616314579, 12.54887296, 1.04706054687, 4.74886326194, 0.967552201672, 4.46606061557, 0.993575549342, 21.4211104265, 2320.29860138
4.28344692202, 1.25398208918, 0.907911137615, 0.892222550998, 2.46311843082, 1.09770157825, 1.11512113726, 1.08900937129, 1.03172292355, 3.41396106004, 5.93564872645, 0.897188011717, 4.78465874924, 1.27924668623, 0.803434583158, 1.45257006617, 1.1493042668, 1.20776195444, 8.8707521912, 0.966956382295, 0.931056903639, 292.188250024, 0.874873437714, 5.62870139147, 0.96326927754, 1.35120532191, 0.973164420927, 24.8512163795, 1598.31317376
1.49722368012, 1.00555320311, 0.936815835825, 0.834127610549, 4.16977116181, 1.14853335269, 5.1571828811, 0.935503510171, 0.937303940766, 4.81501735821, 7.7304164843, 0.836081280182, 5.03634906477, 0.906023851858, 0.873474952123, 1.0124825125, 1.08279851643, 1.12778377388, 4.90703810449, 0.967584505508, 0.861248417668, 397.434955033, 1.07382049875, 2.92168954455, 1.19170173915, 3.23682753047, 1.19132577, 22.8597004317, 2265.89989493
5.06417397771, 1.24978137647, 1.44577358727, 0.979574464125, 3.07848296478, 0.737344713521, 3.25237896453, 0.978051677275, 1.09744013283, 1.33500739684, 4.27836224542, 0.894012559436, 4.88902411818, 1.22324532374, 0.839902733923, 1.28137928045, 1.08580177333, 0.829054984414, 9.69907263303, 0.915679161413, 0.825193910157, 123.42050217, 1.07314685007, 2.7650998741, 1.09202489717, 4.76675909184, 1.04843821406, 19.8420405238, 4083.32886362
1.99061967279, 1.28533621397, 1.33845480838, 1.2051313816, 2.48349902167, 0.77916362328, 5.38170000717, 1.16877696583, 0.937551749054, 6.00030828451, 7.7304164843, 0.935601506172, 5.03634906477, 1.23802062595, 0.894129971779, 1.35672149081, 1.01399705377, 1.22922594352, 4.0761434751, 1.11594487866, 0.819322961923, 261.877908143, 0.963621111263, 3.18300846617, 0.987131372587, 4.28202747904, 1.11218397146, 24.8903451247, 1931.38880022
1.38593893126, 1.23141044555, 1.66049871184, 1.11652348532, 2.15855838171, 0.896023248191, 4.57682768689, 1.24486665521, 1.09156929597, 3.9748867212, 6.84239393115, 1.06242289031, 2.50201029229, 1.26096488298, 1.08631422528, 1.40774689475, 1.16105293879, 1.0082969693, 7.24709415012, 0.979548837529, 0.997652017042, 406.741950715, 1.05010667102, 1.50338611728, 1.15121736408, 5.44734985968, 1.22816226437, 19.6609581581, 9421.22573724
4.16806760443, 1.33285392248, 1.00364390947, 0.853735667379, 5.30213161446, 0.765236785416, 1.60442066651, 1.11659110934, 0.914009165904, 2.49714976856, 6.52653376366, 1.21859588315, 2.2893201283, 1.220044948, 0.859809390642, 1.17077611433, 1.14700296429, 0.931597997388, 3.39853113421, 0.973747016497, 0.906826127338, 155.940039511, 1.12493669232, 3.9228125579, 1.22462184216, 4.93682201969, 1.29458615639, 21.6644388615, 2561.95097841
4.71482482127, 1.27241182614, 0.844980148541, 1.06506309766, 2.34340995556, 1.04372965314, 1.24573773086, 1.16746778447, 1.12629507234, 4.11360232896, 4.97913177003, 1.1799939817, 3.85740571297, 0.880378739241, 1.07595140114, 1.33781621093, 1.02048124315, 1.09470169682, 7.89528455708, 1.15549434833, 0.77851232772, 389.858451488, 0.92239781261, 5.17177086812, 1.22388897803, 2.39161509477, 1.27111709113, 25.9416901826, 1897.78727115
4.82327341338, 1.30453528448, 1.71884463049, 1.2054176062, 4.30900123988, 1.11919681661, 3.70166489186, 1.18350371975, 1.06212083039, 6.19084515582, 4.33129509757, 1.16270579996, 4.47947349012, 1.09175755225, 0.956461731799, 1.05905663657, 1.03839376319, 0.813349470215, 6.82866247889, 1.02486579728, 0.92649871639, 58.2958911657, 0.91407013789, 5.29196822455, 1.18764199016, 3.49599548722, 1.14089209961, 30.1949076676, 1572.83348438
5.23333580772, 1.10441186962, 0.831719295474, 1.17601759323, 4.70806199413, 0.868058815547, 4.90194493159, 1.21248531016, 1.13763049804, 2.61360734807, 3.47454102816, 1.1799939817, 2.78882264514, 0.969466315739, 0.813788625572, 1.25145234737, 1.12280583608, 1.11793323801, 4.47424888308, 0.978922193412, 0.979152598781, 281.52907618, 1.15411743995, 1.52761051373, 1.20604985528, 1.08985044644, 1.04636337882, 22.0468516471, 2833.94195928
3.93014004673, 1.03074301938, 1.34890534673, 1.06236390055, 6.23916963956, 0.761403478902, 5.18544311985, 0.862774581524, 1.12946969545, 2.85522111373, 2.82554894153, 1.11090285327, 3.82599795053, 0.890592390152, 0.991674564938, 1.01895929247, 1.1268308999, 0.993829085332, 7.57433034039, 1.04722740647, 0.913415853079, 256.103608757, 0.971153190202, 1.97399064983, 1.11681071651, 3.99394712052, 0.998378064555, 30.9646574158, 1612.70899278
5.99519738941, 1.42384065201, 1.38981764026, 1.21117504364, 1.65846868843, 0.724638581995, 5.91429798812, 1.13181065319, 1.10109747258, 3.56055381386, 4.29251058752, 0.843065678149, 2.34350243829, 1.14764328696, 0.878829842324, 1.07192829114, 1.09771378692, 0.960702525977, 8.00066937587, 0.948069155015, 0.816324327653, 193.410779376, 1.04587516887, 4.40275142837, 0.972603163127, 2.84703481322, 1.26908656601, 20.6648793928, 3805.46797951
1.7940811936, 1.06374322338, 1.17189534875, 0.875500038686, 7.06615915315, 1.14926457713, 3.90636672804, 0.823457137597, 1.0841173419, 5.94511966061, 7.22157012585, 1.15041220353, 4.10805139922, 1.26090038921, 0.792552703981, 1.37153797866, 1.0536332239, 0.871304447019, 7.88518913246, 1.10220817298, 0.760090794754, 19.4575050333, 1.15421643252, 5.40917146626, 1.15155977938, 2.11371175488, 0.935226683405, 22.9833807248, 2567.15826663
5.31609137659, 1.17103146402, 0.792059301019, 1.01550777239, 6.09911399025, 1.15566367755, 5.14460381607, 1.18755740417, 0.949919914855, 2.21860458051, 7.71459313565, 1.121430384, 1.01873650069, 1.03444688919, 0.958626597626, 1.47646384041, 1.08019551192, 1.09698123029, 4.56017641345, 1.00835640608, 0.857359503606, 51.7675781823, 1.13156299552, 5.98792689274, 1.00858362132, 4.39407492655, 1.11741324585, 25.3617533765, 2286.23955713
2.60806863005, 1.24302919715, 0.997026674143, 1.1292826578, 3.00941001922, 0.778258952501, 1.96369866825, 1.19382159367, 1.11650162937, 5.98880265715, 6.44642293697, 1.1555130786, 2.75921681892, 1.23331744855, 0.860853781604, 1.56694432686, 1.06572086544, 1.03179657789, 9.8570466153, 1.00678384096, 0.897810709388, 386.245966687, 1.02215965914, 5.98144504957, 1.20765267773, 3.801589328, 1.01814940777, 20.9674644518, 5718.57612722
3.0131561605, 1.35659599042, 1.33754151433, 1.19030206859, 4.20372217606, 0.771781054625, 1.86349019713, 0.824807127308, 0.979489026767, 2.38643994197, 3.6182575383, 0.813623688097, 4.79942958124, 0.940101637348, 1.00756741762, 1.36979033145, 1.0040749155, 0.939245210817, 6.29890080377, 1.07390434984, 0.946148643473, 243.6488065, 1.09347956983, 4.34623433077, 1.23765785732, 4.67129564585, 1.13801442584, 42.5584209364, 1706.00426788
4.28344692202, 1.25398208918, 0.907911137615, 0.892222550998, 2.46311843082, 1.09770157825, 1.11512113726, 1.08900937129, 1.03172292355, 3.41396106004, 5.93564872645, 0.897188011717, 4.78465874924, 1.27924668623, 0.803434583158, 1.45257006617, 1.1493042668, 1.20776195444, 8.8707521912, 0.966956382295, 0.931056903639, 134.618638717, 0.874873437714, 5.62870139147, 0.96326927754, 1.35120532191, 0.973164420927, 29.4365170687, 2208.12103025
3.84972705466, 1.40739801151, 1.59356806161, 1.12889151228, 1.71573940009, 0.824444617446, 4.13704435695, 1.19253985061, 1.0682300021, 2.66815670725, 4.56240835805, 1.1931727515, 3.96758805915, 0.903667682354, 0.860536815661, 1.09395340387, 1.03630399037, 0.99580953176, 6.84495227757, 1.18390388783, 0.837539357842, 187.369850994, 1.08116287672, 3.69061181999, 1.12181939858, 4.5546228735, 0.892544722902, 33.2951324019, 1912.36032043
3.42979230023, 1.39113249163, 1.58118858665, 0.905244796369, 2.8578000838, 0.946811846913, 2.46854719055, 1.04733270956, 1.05840146006, 2.2417053608, 6.96311858644, 1.03853130735, 3.56528295175, 1.17863068912, 1.05156677595, 1.57789151569, 1.1052965156, 1.17432008246, 4.07770477802, 1.14730744807, 0.775492665576, 10.6485290298, 1.12232607199, 3.00957718729, 1.03946852991, 4.29721205418, 0.930029689677, 43.8786240533, 1839.42122096
4.75399836378, 1.30153914327, 1.09482445808, 0.889541565512, 2.40684719827, 1.0326030888, 4.1233085446, 1.21225367485, 0.964077077095, 2.8896531371, 4.29358238998, 1.0981699076, 3.79400681756, 0.822878104745, 0.913436827856, 1.42927056916, 1.04232110255, 1.01558764043, 8.92991244175, 1.10596419873, 0.780227402037, 133.039083823, 1.0541519799, 4.09009139948, 1.10232660058, 1.50357588152, 0.887014969434, 30.3732694229, 2223.20856679
2.79254254512, 1.30150163654, 0.85530188232, 0.919484545773, 1.52531367036, 0.808517409621, 2.66449409397, 0.846073611822, 1.09359881696, 4.46642645656, 4.49513915845, 0.976180037179, 1.07780998061, 1.09826820007, 0.898493330326, 1.61426435957, 1.108561973, 1.1590250093, 8.5818440552, 0.990139072804, 0.903603261111, 298.067188399, 1.0414820895, 4.18030220186, 1.02278133037, 1.70560944515, 0.993969444317, 32.0131061223, 2079.58400332
2.55344655722, 1.02556331219, 0.768449020559, 0.949748373083, 1.43062119498, 0.810496952695, 4.58188398928, 1.00166408758, 1.06724402853, 4.00407002413, 6.33289265331, 1.04617513657, 2.99069000604, 1.21687948027, 0.962190236778, 1.57173285803, 1.10878070736, 1.17531667698, 3.68487004643, 0.926609063405, 0.949202878166, 156.570130876, 1.01904196337, 4.25746635574, 0.982537568997, 1.5406600973, 1.10016899414, 22.5356565559, 4001.97181516
2.55344655722, 1.29377967997, 0.768449020559, 0.949748373083, 1.43062119498, 0.810496952695, 4.58188398928, 1.00166408758, 1.06724402853, 4.00407002413, 6.33289265331, 1.04617513657, 2.99069000604, 1.21687948027, 0.962190236778, 1.57173285803, 1.10878070736, 1.17531667698, 3.68487004643, 1.18297204799, 0.949202878166, 156.570130876, 1.01904196337, 4.25746635574, 0.982537568997, 1.5406600973, 1.10016899414, 22.1608372053, 5425.27279713
1.01413305669, 1.04513366282, 1.61667143982, 1.19307553792, 4.59907880765, 1.12391639299, 4.43268691157, 0.822807203577, 0.951031257556, 3.5129512673, 1.97201998902, 0.911946668413, 1.80702567023, 1.15377683019, 0.79801166114, 1.29248959568, 1.13420510439, 0.885772521938, 9.60067787309, 0.937952629435, 0.985647704682, 167.562837402, 1.05787468445, 5.59832966472, 1.07588357846, 4.3463764598, 1.01871731912, 22.1700990331, 5380.30682426
1.23927059324, 1.04513366282, 1.12624743633, 0.873520399386, 6.32818288208, 1.16827819354, 3.88400233964, 0.929565631413, 0.964992774277, 3.89271332165, 1.83708477671, 1.21030065724, 2.48448790042, 1.20423020762, 1.0171577501, 1.1211940194, 1.14740973309, 0.813744486573, 6.6343108118, 0.997794686766, 0.826916849708, 192.638771265, 1.04379890662, 5.04519863638, 1.00148130007, 3.06589886951, 0.946232790937, 22.6811414973, 5063.74223767
1.7093238545, 1.15690424662, 1.66115876294, 1.08881869967, 5.28636003027, 1.16802710963, 1.80287181121, 1.24407848363, 1.12364302138, 3.80611401883, 6.73855883889, 1.09253708485, 1.452372698, 0.844830621509, 0.948089064088, 1.61805240658, 1.16015240107, 0.869549522632, 7.85568462863, 1.15692439877, 0.958641424014, 10.1811866707, 0.864934727599, 5.16913706094, 1.06971217698, 4.53024558333, 0.930641127322, 25.1227063697, 2812.71257327
1.38137092725, 1.3817168421, 1.2170244067, 1.06237499, 6.23687945067, 1.18907144012, 3.17675212981, 1.00227062348, 0.997807068044, 3.67312601831, 4.98788961511, 0.879727891504, 4.11102138359, 0.884317951428, 0.986910969928, 1.27619555131, 1.13606000184, 0.943905740725, 9.28933956481, 1.0574338897, 0.890764158828, 354.485884303, 1.17330524311, 1.06294299892, 1.2359189249, 3.05410336955, 1.07233191074, 23.491936573, 3513.27317083
1.7093238545, 1.13987738263, 1.20320033508, 1.08881869967, 5.28636003027, 1.16802710963, 1.80287181121, 1.24407848363, 1.12364302138, 3.80611401883, 6.73855883889, 1.09253708485, 1.452372698, 0.844830621509, 0.948089064088, 1.56412472956, 1.10403164893, 0.869549522632, 7.85568462863, 1.15692439877, 0.958641424014, 10.1811866707, 0.864934727599, 5.16913706094, 1.06971217698, 4.53024558333, 0.930641127322, 21.9114085248, 10016.8547704
3.0131561605, 1.35659599042, 1.33754151433, 1.19030206859, 4.20372217606, 0.771781054625, 1.86349019713, 0.824807127308, 0.979489026767, 2.38643994197, 3.6182575383, 0.813623688097, 4.79942958124, 0.940101637348, 1.00756741762, 1.36979033145, 1.0099681751, 0.939245210817, 6.29890080377, 1.07390434984, 0.946148643473, 243.6488065, 1.09347956983, 4.34623433077, 1.23765785732, 4.67129564585, 1.06942781129, 22.9821525418, 4037.23409529
4.95038323963, 1.39256409428, 1.53947279355, 1.05733900034, 3.96972155878, 1.13318020377, 4.57995509302, 1.08391038092, 0.934183951276, 2.66290708757, 6.88266609942, 0.87255051467, 3.60027956071, 0.97772791409, 1.03376560945, 1.17237201176, 1.08445162173, 0.8149245151, 9.65036773558, 1.06239321639, 0.788843902365, 56.4548554568, 1.13103125992, 3.24363859845, 1.17988500015, 2.73628663506, 1.05308904824, 23.5449264533, 3618.79317353
1.26904132547, 1.4224188724, 1.16070834969, 1.09458792399, 4.45166373929, 0.742339469897, 2.0660142809, 0.935503510171, 1.05989777974, 3.2189309365, 7.66798867917, 1.16061890229, 2.15809732193, 1.19049559611, 1.01780410974, 1.39693705378, 1.04555048278, 1.08331388104, 3.25078360783, 0.93648715478, 0.96815414725, 53.9793698364, 0.991765012079, 3.52149209952, 1.18127064114, 3.23682753047, 1.19132577, 22.2804555835, 6944.77808729
4.78224023534, 1.03461344617, 0.772527677282, 1.11841493231, 4.94583392646, 0.717257022261, 4.30233685074, 0.879864418593, 1.12206150294, 2.59834167939, 1.71446954141, 1.05557866865, 2.39222884348, 1.01672964959, 0.862596995615, 1.41129800896, 1.10428756376, 0.872423107827, 9.33862939763, 1.00551323598, 0.809839043935, 124.472802326, 1.18825437302, 4.90942388544, 1.17196991554, 3.42469289618, 1.1536818112, 36.0232990635, 2311.88747242
4.78224023534, 1.03461344617, 0.772527677282, 1.11841493231, 4.94583392646, 0.717257022261, 4.30233685074, 0.857153666203, 1.12206150294, 2.59834167939, 1.71446954141, 1.05557866865, 2.39222884348, 1.01672964959, 0.862596995615, 1.41129800896, 1.10428756376, 0.872423107827, 9.33862939763, 1.00551323598, 0.809839043935, 124.472802326, 1.10131618938, 4.90942388544, 1.17196991554, 3.42469289618, 1.1536818112, 26.9823036878, 2611.11923309
5.49960376683, 1.29475813383, 1.66115876294, 0.896332550524, 3.91402237688, 1.11955667646, 2.29210593198, 0.889854080488, 1.105405916, 2.09406445475, 6.80362739662, 1.04753446572, 1.4969988917, 1.15784052256, 0.951110512925, 1.38312633606, 1.16015240107, 0.931216107081, 9.80751537032, 0.967011914553, 0.867540932361, 311.898055992, 1.12750660308, 1.15524758312, 0.999425877191, 4.72236795735, 1.02316320663, 23.8534635131, 3990.64356982
5.93038157171, 1.17831802158, 1.16581858015, 0.951609827252, 2.72716303013, 1.17891857743, 3.9928528672, 1.12544100869, 1.04323654252, 2.80779738442, 4.84249630406, 0.837298785365, 2.24200928956, 0.911790027694, 0.922876709696, 1.08201441713, 1.12784015138, 1.07759108226, 4.17918336216, 0.978950886546, 0.961072327729, 39.0728903475, 1.03029042404, 4.24066896463, 0.965083390361, 4.41628781958, 1.22322783057, 25.8709582288, 2877.90729806
4.91597866388, 1.03156239436, 1.64404474677, 1.02767856259, 1.91150102326, 0.720264280033, 5.93821248135, 0.863515981718, 1.06314313135, 2.49714976856, 6.52653376366, 1.21100446721, 1.24710658147, 0.911790027694, 1.07334705853, 1.10676123852, 1.04565737956, 0.83201564968, 9.53964575199, 1.17165436451, 0.97701517534, 24.2000332041, 1.16733735031, 3.57858543532, 1.14551036619, 2.80218636899, 1.21660912933, 23.0015265502, 4143.90107942
5.06417397771, 1.15996637921, 1.2934453552, 0.979574464125, 3.07848296478, 0.792577387509, 3.25237896453, 0.978051677275, 1.09744013283, 1.33500739684, 5.41586748949, 0.894012559436, 4.88902411818, 1.22324532374, 0.839902733923, 1.12040895384, 1.08580177333, 0.829054984414, 9.69907263303, 0.925757514203, 0.825193910157, 123.42050217, 1.07314685007, 2.7650998741, 1.09202489717, 1.68069660154, 1.04843821406, 26.2918813394, 2963.41370335
2.55344655722, 1.02556331219, 0.768449020559, 0.949748373083, 1.43062119498, 0.810496952695, 4.58188398928, 1.00166408758, 1.06724402853, 4.00407002413, 6.33289265331, 1.04617513657, 2.99069000604, 1.21687948027, 0.962190236778, 1.57173285803, 1.10878070736, 1.17531667698, 3.68487004643, 0.926609063405, 0.949202878166, 156.570130876, 0.96351099714, 4.25746635574, 0.982537568997, 1.5406600973, 1.10016899414, 30.9242165454, 2568.65843434
3.13512557991, 1.35454191908, 1.71018259099, 0.930177825778, 6.01578349079, 0.836725205146, 1.56390727921, 1.04331712817, 0.906145811882, 2.51155139873, 2.70684583379, 0.917455927901, 3.11745025959, 0.960791106914, 1.02081534306, 1.35277258533, 1.03939867546, 1.16057808715, 8.95250606671, 1.18297204799, 0.850790514628, 126.321307492, 1.09840786705, 5.0035804967, 1.22516678386, 3.35989085498, 0.969020161628, 35.692879609, 2463.42651498
1.49722368012, 1.00555320311, 0.936815835825, 0.834127610549, 4.16977116181, 1.14853335269, 5.1571828811, 1.11466765246, 0.937303940766, 4.81501735821, 7.7304164843, 0.836081280182, 5.03634906477, 0.906023851858, 0.873474952123, 1.0124825125, 1.08279851643, 1.12778377388, 4.90703810449, 0.967584505508, 0.861248417668, 397.434955033, 1.07382049875, 4.00580748891, 1.19170173915, 4.72918010449, 0.895191490457, 30.497937597, 2806.87252736
4.62387157269, 1.42053521975, 1.38189552978, 0.891251320815, 2.39438151269, 1.09382278811, 3.5980421193, 0.847896349077, 0.987392299623, 3.51327706097, 5.98747098691, 0.920270289937, 3.82666965121, 0.968924560207, 0.790847880229, 1.06318273059, 1.08279851643, 1.0532047446, 6.41085026795, 1.18491142918, 0.989760356447, 275.055918096, 1.02632437364, 2.75587281566, 1.18640474697, 4.25993048901, 0.922277789254, 23.8994894779, 5150.90787122
4.75399836378, 1.30153914327, 1.09482445808, 0.889541565512, 2.40684719827, 1.0326030888, 4.1233085446, 1.24796736967, 0.951624307017, 2.8896531371, 6.51289272684, 1.0981699076, 3.79400681756, 0.822878104745, 0.913436827856, 1.42927056916, 1.04232110255, 1.01558764043, 8.92991244175, 1.10596419873, 0.780227402037, 133.039083823, 1.0541519799, 3.8495770422, 1.10232660058, 1.50357588152, 1.10672492301, 24.1893820113, 4749.52818421
5.907661725, 1.10441186962, 0.831719295474, 1.17601759323, 4.70806199413, 0.868058815547, 4.90194493159, 1.21248531016, 1.13763049804, 2.61360734807, 3.47454102816, 1.1799939817, 2.77187726933, 0.969466315739, 0.813788625572, 1.25145234737, 1.12280583608, 1.11793323801, 4.47424888308, 0.978922193412, 0.979152598781, 281.52907618, 1.15411743995, 1.52761051373, 1.02292703845, 1.08985044644, 1.04636337882, 26.8071385713, 3404.47289709
