1.51913469444, 1.00000096163, 1.70910159323, 0.919637965732, 6.9212401796, 0.745375266369, 5.23639828065, 1.00172253889, 0.978332458376, 4.85200784423, 5.72061323258, 1.10676743796, 2.01602912089, 0.90778371686, 1.09000006324, 1.07189748888, 1.04830282717, 0.882611869316, 8.73697335922, 1.06018221684, 0.773780396156, 564.827828817, 1.0173037614, 2.15507818719, 1.11395739936, 1.57315305155, 1.06956686625, 10.6084458269, 10.336584533
5.10131515725, 1.00000032341, 1.44755551194, 0.953032997143, 6.74984325372, 0.879953287979, 4.71282824894, 1.07779046658, 0.993188004164, 3.85998465989, 5.4833883318, 1.11932775363, 3.42382067839, 0.885522643508, 1.09000033505, 1.1036497442, 1.01813694852, 0.879932082033, 6.99541716509, 1.07118243495, 0.839915627707, 295.760430794, 1.00525239701, 1.7118766711, 1.09990273106, 2.78414737147, 1.24960707811, 26.2266466566, 9.93282131932
5.10593806194, 1.00000013596, 1.06051586038, 0.926780380797, 3.83771348808, 0.94308379276, 5.76729631657, 1.15656244646, 0.900527821309, 3.68811765357, 5.15556514375, 0.972651950578, 3.50529548033, 1.0751601345, 1.090000994, 1.0980142837, 1.01555857982, 0.854015328625, 9.19312585884, 0.995993493648, 0.825265541847, 886.891851957, 1.06305186604, 4.45079162434, 1.092078334, 2.19037853828, 1.23008110066, 149.471996414, 11.4804787618
3.72109730825, 1.00000003425, 1.63327026033, 0.809138378669, 4.00445536109, 0.929510840341, 1.8220228386, 1.19979432451, 0.978813460504, 1.40070790799, 5.30654711976, 0.995319790531, 5.0014041655, 0.880149932353, 1.09000039452, 1.09049322714, 1.04841044952, 1.11730457885, 8.99502264392, 1.04535504967, 0.780410768281, 149.605061847, 1.18215084175, 1.54900915385, 1.1141416267, 4.94567617107, 1.22348707741, 131.164124583, 13.6094289178
3.05029749136, 1.00000084605, 1.24695383036, 1.1464699555, 4.40160085739, 0.758186328342, 1.84068241443, 1.14162649371, 0.934775596134, 1.90869890871, 6.10603657244, 0.918699703377, 3.40921313117, 0.95398091755, 1.09000008927, 1.05437840997, 1.00352696211, 1.05442203718, 9.386495586, 0.911209019997, 0.76370701554, 107.164131383, 0.928048737137, 3.94224589247, 1.18879119208, 2.59831243272, 1.14603127399, 65.5259025055, 18.280383128
3.29548922993, 1.00000070707, 1.17277650371, 0.896319040736, 6.64594079162, 0.82741343659, 1.21212017699, 1.20393073588, 0.921781961201, 5.55609673358, 5.619925938, 1.05273097559, 3.77150990599, 1.23465344157, 1.09000013852, 1.04435086463, 1.00922117452, 1.00053658322, 5.56728845318, 1.04082958001, 0.761412377531, 11.88621602, 1.05135366057, 4.24227229434, 1.14092189327, 2.82185860982, 1.0680328348, 145.119384958, 11.8218790743
3.0963661274, 1.00000013485, 1.38982636775, 1.13172228041, 2.09351232452, 0.978118120754, 1.74751012855, 1.17943330958, 0.902871854974, 6.07657017076, 5.0703302304, 1.08068964871, 4.83923046196, 1.14658807991, 1.09000067583, 1.01902299072, 1.03608907346, 1.16269629699, 7.99019625808, 1.15141376811, 0.961782898988, 436.855727521, 1.04833145854, 2.78377505463, 1.00075890759, 4.89854222982, 1.27638525591, 145.003337678, 17.1611241362
3.98951828074, 1.00000008258, 1.07986009711, 0.826021876912, 2.34327266754, 0.744953977426, 2.97895127335, 1.05787151749, 0.933844145099, 2.89300731184, 5.13291666665, 1.20702610824, 3.27584062828, 1.11456422769, 1.09000065083, 1.05362624547, 1.01798016674, 0.963744203397, 7.97096313545, 1.14238449639, 0.954997680668, 835.626739484, 1.10471329922, 4.04948128604, 1.15404251598, 3.7062421458, 1.10381749788, 95.3571014701, 20.5439876388
5.77737464297, 1.00000006532, 1.53410501409, 0.856728932325, 4.97407650499, 0.713074268656, 2.22610193468, 1.04693849818, 0.993648863778, 3.08295581839, 4.75938478988, 0.984363245061, 3.73156798801, 1.12700993281, 1.09000008991, 1.0823575779, 1.00006336097, 0.938954821708, 4.20704659482, 1.12525873257, 0.82896140696, 678.995938488, 1.04418233546, 1.02316712245, 1.18717753142, 4.52370799381, 0.899778333988, 262.008448719, 14.0440135507
2.21840638894, 1.00000049841, 1.60918897868, 1.12500811636, 6.62381727036, 0.736615280361, 4.15025304619, 1.17175855367, 0.986928772603, 5.96054250158, 5.53207159591, 1.10183872476, 3.80158424286, 1.00857037707, 1.09000079066, 1.10157507992, 1.01445129834, 1.19280031246, 6.81286819757, 1.03962347459, 0.865251695631, 255.792762917, 0.984688911887, 3.76274707085, 1.16170436096, 1.03121353215, 0.908940204725, 250.725266106, 15.9436217384
4.31280513892, 1.00000037171, 1.24710316772, 1.04732131258, 2.09288095072, 0.895979832631, 2.60733429518, 1.13296889017, 0.931725485765, 1.73834944398, 6.058985218, 0.832011600814, 3.09048231813, 1.0173740233, 1.09000028717, 1.00426022716, 1.00197560292, 1.13208138455, 3.89131303279, 1.15827883587, 0.772333197054, 98.0215954946, 1.17951047194, 5.20834740829, 0.986644692017, 3.2201643598, 1.26934884308, 221.485221525, 15.943817759
4.86702580931, 1.00000064795, 1.7365808087, 1.13819390009, 4.70206302284, 0.812947937122, 1.42678772649, 1.09026507925, 0.992889222504, 3.09684538234, 5.04112761186, 1.14682842639, 1.90945741995, 1.28307192784, 1.09000039082, 1.07426332334, 1.02946533096, 1.173905644, 9.92915870167, 1.04210273396, 0.821137964128, 425.750025504, 1.06196251865, 1.49576294724, 0.990304659093, 1.47689032453, 1.26686801788, 362.417242187, 15.6851851358
1.22440909989, 1.00000043235, 1.24546813328, 0.824580141462, 3.92717153443, 0.859100795664, 1.22283169224, 1.11723987331, 0.967169731486, 5.65698814649, 4.84001586452, 0.926951014597, 3.96966093777, 0.87467010756, 1.0900005063, 1.10658577616, 1.04927367776, 0.930666539644, 3.63011607442, 1.02298839797, 0.768874268343, 36.530351322, 0.983343590778, 2.04479914395, 1.04153329612, 1.48314846432, 0.908170780216, 235.901666484, 15.9953676347
5.20159077018, 1.00000021042, 1.15638322196, 0.986746121194, 4.04089562214, 0.767873818101, 3.11752641239, 1.16386015342, 0.978601001004, 3.08552625881, 4.98293627985, 0.941738912467, 5.0014041655, 1.24300113908, 1.09000014848, 1.05448010342, 1.0189187551, 0.813984142755, 6.08170342917, 1.0057528546, 0.786298457966, 687.205807355, 1.15885967554, 5.09773091652, 1.02761757807, 4.38525017239, 1.21931365171, 234.295940207, 16.0694702934
4.97667725475, 1.00000070505, 1.26963002916, 0.863667848121, 4.59882588159, 0.760130046995, 3.94439854, 1.18594698747, 0.994205415508, 4.81368402905, 5.96783216299, 0.890280332597, 4.05326287741, 0.8486272011, 1.09000082855, 1.02074155746, 1.00993583267, 0.99651348159, 3.67195524229, 1.17567365677, 0.81746475298, 577.720105444, 1.13860317298, 4.57303438698, 1.03544074188, 4.70209177251, 1.05211375309, 224.275839419, 26.6985759232
2.46473207868, 1.00000085153, 1.08131763448, 1.0226423244, 4.49947779642, 0.857204052793, 2.84161739934, 1.12198957214, 0.96259100254, 4.11662789791, 5.05116171656, 0.990761425008, 3.40470798102, 1.27397244277, 1.09000023908, 1.03799545377, 1.00382334503, 1.21222567868, 4.98209189809, 1.00498285689, 0.886392674583, 512.769677006, 1.1207867362, 5.22301411358, 1.1051495887, 5.29610289458, 1.26898126867, 364.938589111, 15.9221058674
1.8975517644, 1.00000095003, 1.33740604281, 1.05481292775, 1.56277059363, 0.838565741106, 2.98341360105, 1.0622505935, 0.94256416157, 1.44566227611, 6.04719346519, 0.874064639936, 2.6070551696, 1.19105041833, 1.09000006442, 1.0839396228, 1.00623111784, 0.815357443296, 4.57556067709, 0.94507440955, 0.804188864157, 310.186263259, 0.999275185123, 4.86328208469, 1.15317208822, 3.42029149396, 0.943133223192, 372.055802391, 15.849155409
3.97825545499, 1.00000081673, 1.54324243113, 1.17671350499, 5.15806522335, 0.841670921472, 1.19077507215, 1.10470864169, 0.916085510879, 1.95246678944, 5.63320175029, 0.89573868534, 4.3730694335, 0.945878086036, 1.09000025457, 1.01484618521, 1.01723638146, 1.01697891219, 3.8225658746, 0.910660196417, 0.855244267766, 195.407035722, 1.1540955818, 5.47583794304, 1.01674382179, 3.17728800428, 1.10865698856, 288.525985201, 21.0184110787
3.58533126795, 1.00000070035, 1.18777619521, 0.932026171439, 6.84170954965, 0.875612798709, 5.91222767533, 1.06681423884, 0.959666456289, 6.01341075213, 5.67633490657, 1.01120081559, 4.69468392923, 0.839410214911, 1.09000031258, 1.04774086493, 1.00556469972, 0.856480553688, 6.27758833282, 1.04788486356, 0.899633395439, 929.386055481, 0.914725715673, 4.77179194817, 0.991964728258, 3.41885327691, 1.10908009064, 246.093506394, 25.8817356131
1.54085785609, 1.00000045008, 1.36945073229, 1.07592260149, 4.62577069597, 0.723129614059, 4.8739171103, 1.2598866947, 0.90830255691, 5.90639927518, 5.60186792952, 0.953011985466, 1.07045941125, 0.835176390412, 1.09000025919, 1.00702286581, 1.01728372966, 0.857258595955, 8.15399418847, 0.973192030576, 0.862206410917, 742.771062906, 1.00104679866, 1.34327307914, 1.04210250117, 4.07101428689, 0.891750426406, 391.66023417, 16.1965965388
3.74963302719, 1.00000007279, 1.50274267674, 0.975840529101, 5.7840294902, 0.916803540351, 2.95301905316, 1.24811628405, 0.972719293881, 1.42074793631, 6.15420075935, 0.995785114216, 3.08766334275, 0.954929211292, 1.09000090059, 1.04993704353, 1.02930744896, 0.903756002545, 4.10155990294, 1.15691553321, 0.845795752629, 661.03714837, 1.06009274991, 2.2563953014, 0.999557351238, 4.10652341581, 0.952076938416, 323.516802497, 29.2923173863
4.58996807, 1.00000016309, 1.01489423968, 1.00633086548, 3.28015280173, 0.748454205856, 1.67176404037, 1.17196140856, 0.910066500259, 1.69421885639, 5.64531668087, 0.896156986202, 4.87594269653, 0.977561030426, 1.0900005795, 1.05944188117, 1.04233152257, 1.15927692087, 4.33994699862, 0.985847356217, 0.96034508925, 557.498754465, 1.15443579061, 4.50026915347, 1.08782264933, 4.19749239828, 1.21784812766, 298.610682579, 29.3537814184
4.77580704515, 1.00000020574, 1.08883484518, 0.922500208893, 5.70738409648, 0.783759865244, 3.02295443025, 1.07113065679, 0.955682836617, 5.6790897706, 5.19028764378, 0.93835335869, 4.4290751786, 0.957258050825, 1.09000007301, 1.03292220969, 1.04993491415, 0.995324273297, 3.33215842363, 1.08959757942, 0.964695626285, 339.9031996, 1.1276152222, 3.59468788296, 1.06498074712, 5.29479979744, 0.919947103785, 416.322402892, 16.4712546701
1.16293677607, 1.00000024422, 1.69455054165, 1.09528481363, 2.50972995053, 0.790313718667, 4.7187426518, 1.15774451135, 0.976998699641, 1.24433476729, 5.15558084174, 0.85779917234, 2.34716972078, 0.952394926279, 1.09000010853, 1.04041113293, 1.04811235834, 1.22981197369, 8.55167223712, 1.14458557007, 0.979063108639, 652.361093554, 1.09421325882, 5.36968307746, 0.982147737838, 5.1322332887, 0.908207114731, 451.836220735, 16.9877357256
2.24759754603, 1.00000000157, 1.51091036096, 1.1281850519, 5.59397565529, 0.825877473172, 2.10884843306, 1.24484308579, 0.996639773953, 2.26420002944, 5.41528938841, 1.08269512468, 1.38544245284, 0.905818073513, 1.09000033709, 1.05018521026, 1.01649313855, 0.95069954535, 7.30524704514, 1.10181720941, 0.957373213191, 959.284906188, 1.16096062169, 5.86274517358, 1.04672185009, 2.84231302963, 0.902839254082, 442.561198201, 24.3150704835
3.6746748947, 1.00000076564, 1.59319773961, 0.984701797079, 2.02355032535, 0.99589395184, 4.16397669406, 1.13036547044, 0.902584965321, 3.76739034895, 5.31499350349, 0.934919908956, 4.58519381105, 1.00783926028, 1.09000004567, 1.06536771459, 1.02562418535, 0.956074054513, 9.72663611774, 1.17809432676, 0.829160756031, 805.490324565, 0.968906401468, 5.2249004978, 1.11286102403, 3.26204965385, 1.21719115077, 445.843070936, 24.2366840214
1.74200999907, 1.0000003352, 1.13355404642, 0.89006289371, 5.04843413598, 0.763989317135, 2.91363735934, 1.08790176014, 0.94543654781, 2.89915711392, 4.94283185852, 0.955472880962, 2.26016739422, 1.15885529738, 1.09000043819, 1.02922324194, 1.03585629187, 0.966646451074, 8.71761759267, 0.968601731483, 0.956341679584, 873.903631895, 1.09984455094, 1.31385108822, 1.07629464216, 3.38665184888, 1.13834632118, 435.553982803, 33.220107831
2.37592027437, 1.00000070333, 1.5290487282, 0.899606558445, 5.46910345786, 0.862576629623, 4.94537025678, 1.2062720561, 0.954365547945, 1.57612136118, 5.11945839626, 1.14881074424, 3.38985043866, 0.936012945512, 1.09000076828, 1.09602452674, 1.00034425199, 1.16883986232, 5.56669613095, 0.959150290306, 0.940104010117, 257.912368247, 0.988489890723, 1.44346016239, 1.0688207047, 5.46094815816, 1.28449463219, 459.228375224, 24.1008387008
3.23459608275, 1.0000007849, 1.17311004291, 1.01372248264, 5.49976031128, 0.79440596355, 4.50092161112, 1.05516534709, 0.919216368944, 1.85234259439, 4.92329194861, 1.05008007222, 3.65726854156, 1.27910326463, 1.09000034459, 1.04320527169, 1.00099816019, 0.882740466792, 6.24181398329, 0.978725620137, 0.841936044668, 955.374387634, 1.19792307421, 3.10763799321, 1.00585244976, 5.41759210218, 1.01663636814, 579.530919517, 17.9451165275
2.81933570072, 1.00000021074, 1.2958951583, 0.859502717965, 6.13534941108, 0.917239934567, 5.50702144621, 1.02197630639, 0.948283958456, 1.25635828882, 5.52726843494, 0.963916083216, 3.37714450638, 0.937057939821, 1.09000037126, 1.09951910467, 1.0011276444, 1.08425183233, 4.29948608783, 1.02550751082, 0.800416295193, 449.060703056, 1.15167342966, 3.00381545474, 1.15962232425, 1.06397002883, 1.07900580429, 459.937459416, 24.1956774805
2.37592027437, 1.00000070333, 1.5290487282, 0.899606558445, 5.46910345786, 0.957440542017, 4.94537025678, 1.2062720561, 0.954365547945, 1.57612136118, 5.11945839626, 1.14881074424, 3.99960916139, 0.97468572214, 1.09000076828, 1.09602452674, 1.00034425199, 1.16883986232, 5.56669613095, 1.00990933624, 0.940104010117, 257.912368247, 0.988489890723, 1.44346016239, 1.0688207047, 5.46094815816, 1.28449463219, 640.095514237, 19.0141914979
3.72109730825, 1.00000003425, 1.63327026033, 0.809138378669, 4.00445536109, 0.929510840341, 1.8220228386, 1.19979432451, 0.978813460504, 1.40070790799, 5.30654711976, 0.995319790531, 2.92673904246, 0.949933840309, 1.09000039452, 1.09049322714, 1.04841044952, 1.11730457885, 8.99502264392, 1.04535504967, 0.780410768281, 149.605061847, 1.18215084175, 1.54900915385, 1.1141416267, 4.94567617107, 1.218116426, 513.895361672, 24.6738421652
1.65114755297, 1.00000059037, 1.54191029525, 1.05039969619, 6.86250496697, 0.968264820716, 3.25151732254, 1.18067752368, 0.978007446385, 4.68935127901, 4.82503317687, 1.03791238246, 4.03543351694, 1.05086568323, 1.09000038156, 1.05958660734, 1.0483447875, 1.00534962202, 4.92671880632, 0.940369070832, 0.914674148103, 699.552786834, 1.19794578192, 3.41877701038, 0.974380376994, 3.09334293651, 1.02773620306, 478.041668105, 31.6177990398
3.0963661274, 1.00000013485, 1.38982636775, 1.13172228041, 2.09351232452, 0.978118120754, 1.74751012855, 1.17943330958, 0.902871854974, 6.07657017076, 5.91666654158, 1.08068964871, 4.83923046196, 1.14658807991, 1.09000067583, 1.01902299072, 1.03608907346, 1.01106003926, 7.99019625808, 1.15141376811, 0.961782898988, 403.297362189, 1.04833145854, 2.78377505463, 1.00075890759, 4.89854222982, 1.07358727306, 815.203613661, 20.2706143269
4.43621264413, 1.00000043488, 1.23620792697, 0.973099802319, 5.04732383488, 0.854553570029, 2.61829441612, 1.12619540492, 0.911681251489, 4.31643264403, 5.06162184198, 1.15049445502, 2.50173984885, 0.973831033957, 1.09000053054, 1.083689296, 1.01733149689, 1.14646341837, 8.80506242042, 0.939780586737, 0.910585484211, 392.878607963, 0.92283927844, 5.45038586049, 1.12149852043, 4.41291748108, 1.04033890122, 687.033658089, 22.2408994083
2.40519747492, 1.00000081407, 1.4794312354, 1.00441531556, 2.21922983773, 0.905423588707, 3.20384573002, 1.08038783886, 0.943484186785, 5.68396217791, 5.87396346168, 0.847243162582, 1.88618169759, 0.885673497672, 1.0900004534, 1.05284473304, 1.0450780967, 0.849876533116, 6.98066925503, 0.960250291244, 0.845294819682, 194.658277178, 0.920898805649, 4.3572880222, 1.19019241539, 5.00539288724, 1.29389619282, 768.618730002, 20.8580398633
2.44729315877, 1.00000050369, 1.668991299, 1.10851053129, 4.63273172028, 0.750250295062, 2.37148292999, 1.15193015763, 0.985614285943, 5.25019043448, 5.24540673696, 1.14455750233, 3.4915747327, 0.849310079113, 1.09000080494, 1.01852377963, 1.02705553992, 1.14748829991, 4.70754338512, 1.03082255427, 0.874064248942, 260.584414139, 1.13889205898, 3.77641762127, 1.03445275291, 3.34260695415, 1.04229694261, 500.414784584, 33.9568300202
2.35102814327, 1.00000008916, 1.38928029133, 1.1265396244, 2.12041511852, 0.968428586251, 1.47633780006, 1.05076372945, 0.976036878232, 3.68755876078, 5.65821101662, 1.18119076319, 1.25230605809, 1.1854097173, 1.09000041681, 1.01146131621, 1.02162028775, 0.996371227407, 7.3671749778, 1.14925616744, 0.89555865038, 914.83808764, 0.935380289973, 3.09060493966, 1.09927890822, 2.23936651051, 1.08775040749, 509.611832296, 33.723023583
4.20786124286, 1.00000019176, 1.22575404533, 1.08005357844, 6.74699247893, 0.850827123011, 5.15769663583, 1.09670826179, 0.992872699971, 5.66603716532, 4.81649585938, 1.17497497583, 2.63087326336, 0.971321335164, 1.09000033071, 1.1003656843, 1.02224023563, 1.15926340623, 9.19219370073, 1.18372229555, 0.905264032289, 219.633031029, 1.02906401429, 5.54575659966, 1.11973174636, 5.29469858337, 0.94028556939, 688.976850524, 27.1929948612
2.54783810873, 1.00000044212, 1.17598667031, 0.938299364567, 5.17233634994, 0.774830741106, 1.98246740983, 1.24915097721, 0.90438653338, 1.32337587916, 5.06511718417, 1.12929524053, 5.03579198043, 0.87407005088, 1.09000077811, 1.03250746061, 1.03364253587, 1.22864798672, 7.3001701762, 0.913422850679, 0.959583360503, 715.072242274, 0.973520824322, 4.26196475439, 1.12580843658, 1.25896353063, 0.885690877228, 841.510457647, 21.5768251554
5.51481784541, 1.00000048405, 1.59933658636, 0.974268861951, 6.36740907091, 0.762814024939, 4.53107762279, 1.25394888376, 0.917722539203, 3.92279565511, 4.71090428323, 0.918651083839, 3.0407922995, 0.945239126539, 1.09000076168, 1.03493060605, 1.01340589704, 0.90337908734, 8.19755042458, 1.1187259908, 0.798525846291, 135.11782149, 1.09147032135, 4.0994781092, 0.950025132125, 2.70303789601, 1.24028711905, 832.614644945, 24.8256760538
1.06784322075, 1.00000037292, 1.31645697179, 0.830610459035, 4.99611748907, 0.928093022151, 3.63028885402, 1.0505730138, 0.951886510242, 5.15733805503, 6.18710083412, 1.19365690875, 3.0676347174, 1.08971168181, 1.09000054535, 1.05142777318, 1.04410923955, 0.836813279386, 8.91579258492, 1.08975048885, 0.905029358738, 547.859946412, 1.09371901998, 2.88937171357, 1.18663642927, 4.35353347801, 1.07295451895, 558.895165134, 36.5415143683
1.51913469444, 1.00000096163, 1.70910159323, 1.04707535209, 6.9212401796, 0.745375266369, 5.76500350216, 1.00172253889, 0.978332458376, 4.85200784423, 5.72061323258, 1.10676743796, 2.01602912089, 0.90778371686, 1.09000006324, 1.04532283313, 1.04830282717, 0.882611869316, 9.60440994121, 1.06018221684, 0.773780396156, 456.863493928, 1.0173037614, 3.0984052295, 1.11395739936, 1.57315305155, 1.06956686625, 571.490001114, 34.1503089883
2.40519747492, 1.00000081407, 1.4794312354, 1.00441531556, 2.21922983773, 0.905423588707, 3.20384573002, 1.08038783886, 0.943484186785, 5.68396217791, 5.87396346168, 0.847243162582, 1.88618169759, 0.885673497672, 1.0900004534, 1.05284473304, 1.0450780967, 0.849876533116, 7.17330460235, 0.960250291244, 0.845294819682, 194.658277178, 0.920898805649, 4.3572880222, 1.19019241539, 5.00539288724, 1.2893697238, 853.256735848, 24.6581322675
4.20786124286, 1.00000019176, 1.2801094588, 1.08005357844, 6.74699247893, 0.850827123011, 5.15769663583, 1.20279639762, 0.992872699971, 5.66603716532, 4.81649585938, 1.17497497583, 2.63087326336, 0.971321335164, 1.09000033071, 1.1003656843, 1.02224023563, 1.15926340623, 8.17706815833, 1.18372229555, 0.905264032289, 219.633031029, 1.02906401429, 5.54575659966, 1.11973174636, 5.29469858337, 0.908898939859, 1103.27233594, 21.5998635087
4.75424400921, 1.00000001893, 1.30466879295, 1.13721070258, 4.77491802241, 0.93145563808, 2.51733790457, 1.08793001002, 0.91685750036, 4.610293443, 5.5955200031, 1.15742776015, 3.35745501831, 1.21063507276, 1.09000062605, 1.07019681074, 1.00118287378, 0.83084497164, 6.25952045482, 0.956508854604, 0.783112233977, 674.324694289, 1.01336363392, 2.61134688949, 1.05864327368, 2.80228142012, 1.28511731199, 662.514608174, 37.6326214657
2.46473207868, 1.00000085153, 1.08131763448, 1.0226423244, 4.49947779642, 0.857204052793, 2.84161739934, 1.12198957214, 0.96259100254, 4.11662789791, 5.05116171656, 0.990761425008, 3.40470798102, 1.27397244277, 1.09000009039, 1.03799545377, 1.00382334503, 1.21222567868, 4.98209189809, 1.00498285689, 0.886392674583, 512.769677006, 1.1207867362, 5.22301411358, 1.1051495887, 3.38173892698, 1.26898126867, 793.428217775, 37.5641326462
2.39453858435, 1.00000031729, 1.12899720914, 1.20880645749, 2.95279959337, 0.87652116001, 3.72885366455, 1.20059473735, 0.921031592391, 1.38714997717, 5.27465398098, 0.910726218209, 3.29541408414, 0.976064519222, 1.09000054873, 1.09794494006, 1.02157734084, 1.06878547026, 3.67335632572, 1.18981143584, 0.883121488035, 996.65541522, 1.16532968457, 2.19572928972, 1.03187993155, 3.77943175793, 0.884508809771, 878.026980434, 24.7541782486
3.74963302719, 1.00000007279, 1.50274267674, 0.975840529101, 5.7840294902, 0.916803540351, 2.95301905316, 1.11262533654, 0.972719293881, 1.42074793631, 6.15420075935, 0.995785114216, 3.08766334275, 0.954929211292, 1.09000090059, 1.04993704353, 1.02930744896, 0.903756002545, 4.10155990294, 1.15691553321, 0.845795752629, 661.03714837, 1.06009274991, 2.2563953014, 0.999557351238, 4.10652341581, 0.952076938416, 1215.75868598, 22.6268832721
5.51481784541, 1.00000048405, 1.59933658636, 0.812507950481, 6.36740907091, 0.762814024939, 4.53107762279, 1.25394888376, 0.917722539203, 3.92279565511, 5.65821101662, 0.918651083839, 3.0407922995, 0.945239126539, 1.09000076168, 1.03493060605, 1.02162028775, 0.90337908734, 7.3671749778, 1.1187259908, 0.829720201851, 135.11782149, 1.09147032135, 4.0994781092, 0.950025132125, 2.70303789601, 1.08775040749, 701.526309485, 38.5753044026
2.54538741263, 1.00000003827, 1.27764846613, 1.05032343606, 5.78285850086, 0.761124533143, 1.86363504406, 1.17156893644, 0.973233547477, 5.045687264, 5.55880834779, 0.874192193495, 1.34327229866, 0.837218236329, 1.09000098213, 1.0532620434, 1.02983963582, 0.874714069811, 5.0023767464, 1.03804377803, 0.88842012395, 340.015285381, 1.06849816958, 2.3901465904, 1.21790477383, 2.81076823671, 0.97523689228, 1174.20666889, 26.4111483201
3.75940351607, 1.00000046508, 1.3625356355, 1.10229449309, 1.91383004323, 0.822716381705, 5.09996868486, 1.09943585331, 0.956347037546, 2.5491326971, 5.22610019874, 1.11004968133, 1.30078308919, 1.20560892161, 1.09000063966, 1.04866732668, 1.04158858824, 1.02277496753, 4.10325026726, 0.971736536998, 0.799267523947, 349.264821867, 0.961683992314, 2.70314713047, 1.01857827048, 2.6080087883, 1.12580190825, 929.545646567, 26.4271465059
3.22036905243, 1.00000080035, 1.26217358325, 0.955730996098, 5.82230425684, 0.73149069112, 1.21348688361, 1.20040090128, 0.957306235217, 2.75267155971, 5.80826085365, 0.864116372897, 2.31044511614, 1.03515753747, 1.09000014927, 1.0744348857, 1.03838130281, 0.998202193244, 8.14438902907, 1.03348266971, 0.804543038495, 667.463294324, 1.18758530362, 1.96168767965, 1.05216512676, 1.55697938376, 0.990206014327, 1456.24278977, 22.8501498319
2.45352484615, 1.00000086161, 1.70930072047, 0.856497951214, 5.56278670735, 0.818533478691, 4.72492659918, 1.09357302367, 0.92500051323, 5.94933624386, 5.40233523143, 0.849337972785, 3.70633822228, 1.22748370251, 1.09000039466, 1.06565347874, 1.02589473032, 0.968149537166, 6.04778725105, 1.15670737855, 0.825002683193, 724.851488792, 0.915087034242, 3.60354819191, 1.0131340242, 4.21359174796, 0.913873439326, 1304.71874773, 25.2197658871
5.17245535179, 1.0000007849, 1.17311004291, 1.01372248264, 5.49976031128, 0.79440596355, 4.50092161112, 1.16253964882, 0.919216368944, 1.85234259439, 4.92329194861, 1.05008007222, 3.65726854156, 1.27910326463, 1.09000034459, 1.04320527169, 1.00840662293, 0.882740466792, 6.24181398329, 0.983107352673, 0.841936044668, 938.42605156, 1.19692519562, 3.10763799321, 1.22358381188, 5.0391431255, 1.01663636814, 1307.61615846, 23.5548243728
2.24420200891, 1.00000080667, 1.69402067543, 0.914067296628, 6.20344462526, 0.753753472846, 2.20093593848, 1.16253964882, 0.921619799627, 4.40481967702, 6.02832358941, 1.21611247669, 4.31997296673, 0.914961414087, 1.09000027012, 1.0535884803, 1.04002693013, 0.872327914659, 5.28473065724, 1.0901808968, 0.992906422729, 581.786757976, 0.934441495179, 5.95521416029, 1.22358381188, 3.05029513968, 0.913101134456, 704.509455225, 39.9765772564
4.76133594072, 1.00000062611, 1.0588968507, 1.01226610745, 6.2063026531, 0.823776673513, 3.66681165203, 1.17522496449, 0.997936529476, 3.61004892532, 4.96115697454, 0.86609568116, 3.51207761481, 0.831809049565, 1.09000042944, 1.03164426203, 1.0266863038, 0.95890582595, 4.99448047426, 0.993138351797, 0.921355413734, 932.717393123, 1.19647405679, 1.59336317165, 1.12964577516, 3.00831669755, 0.904882424087, 999.935178139, 30.9126237378
4.33923884647, 1.00000020321, 1.41851069497, 1.00238822516, 3.04444056859, 0.845515128542, 3.84172739624, 1.04050536772, 0.982337410459, 4.81222031368, 6.16021103347, 0.88234263855, 3.64568469071, 1.12051970141, 1.09000028265, 1.10885805122, 1.03475916453, 0.977675079318, 7.91166367538, 1.15383501658, 0.846352313616, 566.913357551, 1.03913463596, 1.26687131038, 1.1846808964, 2.60507638218, 1.03452925956, 1221.87236758, 26.6279581141
1.18917237135, 1.00000063152, 1.34641072083, 1.01884314144, 3.50848946809, 0.797927079279, 1.38260423701, 1.08261747269, 0.954912103644, 5.96790087191, 6.17748098624, 1.02958614639, 2.51040627619, 1.14077198589, 1.09000040119, 1.06222584574, 1.0478710578, 1.14445910028, 9.87429678087, 1.17542464538, 0.926624297862, 260.909627137, 1.1058053329, 1.97720574268, 1.01592985947, 4.00551814505, 0.987645858064, 959.733484986, 39.8105560378
2.47752116304, 1.00000025755, 1.64246972885, 1.12500811636, 2.7935518094, 0.898190983795, 2.37982217024, 1.00231659642, 0.959198555347, 3.1656737652, 5.50134223114, 0.984816837579, 1.18481242066, 0.877228289419, 1.09000098847, 1.10157507992, 1.01446045309, 0.826291920528, 3.27946580545, 1.10880151575, 0.912651365711, 615.74936833, 1.04611534054, 2.20903862186, 1.20532451482, 5.21014167274, 1.29391875044, 1621.85546636, 23.5382996179
2.68708975091, 1.00000076128, 1.48150556558, 0.805942301793, 5.43694372691, 0.714828774337, 3.95730384921, 1.2345764403, 0.954401334341, 3.3145518964, 5.43381073573, 0.89910739554, 4.5612086052, 1.12324690157, 1.09000007779, 1.01035229968, 1.04858383192, 1.1309426913, 4.12391332389, 1.06510507485, 0.927657407884, 541.207500925, 1.07069127811, 3.76621587447, 1.19333138464, 5.35333803116, 1.10011482241, 1340.07261081, 24.2598878686
1.5529246944, 1.00000025755, 1.38809345044, 1.11477725059, 2.7935518094, 0.898190983795, 2.37982217024, 1.00231659642, 0.959198555347, 3.1656737652, 5.50134223114, 0.984816837579, 1.18481242066, 0.877228289419, 1.09000098847, 1.03637086612, 1.01446045309, 1.02582815678, 3.27946580545, 1.10880151575, 0.912651365711, 615.74936833, 1.04611534054, 2.20903862186, 1.20532451482, 5.21014167274, 1.29391875044, 1541.66347833, 24.24670199
3.6746748947, 1.00000076564, 1.59319773961, 0.984701797079, 2.02355032535, 0.99589395184, 4.16397669406, 1.13036547044, 0.909578637962, 3.76739034895, 5.31499350349, 0.934919908956, 3.95655837964, 1.00783926028, 1.09000004567, 1.06536771459, 1.02562418535, 0.956074054513, 9.72663611774, 1.16333458975, 0.829160756031, 805.490324565, 0.968906401468, 5.2249004978, 1.11286102403, 1.59743074179, 1.21719115077, 929.487837432, 40.5633662863
3.64378851438, 1.00000033829, 1.12923130233, 1.01424853207, 6.66557840896, 0.91616660263, 1.5320930492, 1.02710122824, 0.989007190434, 2.71463333133, 5.2462930738, 0.91338948973, 2.81502402816, 1.16362218915, 1.09000084382, 1.00499831526, 1.04445314089, 0.924703434617, 6.03125066313, 1.12987529322, 0.787977377942, 344.872125261, 1.04850790806, 5.6505419468, 1.08943592851, 4.77313903487, 1.08792143981, 1048.12030263, 30.9959174881
5.62383317753, 1.00000008258, 1.07986009711, 0.826021876912, 2.34327266754, 0.744953977426, 2.97895127335, 1.05787151749, 0.933844145099, 2.89300731184, 5.13291666665, 1.20702610824, 3.27584062828, 1.11456422769, 1.09000065083, 1.05362624547, 1.0334939525, 0.963744203397, 7.97096313545, 1.14238449639, 0.954997680668, 835.626739484, 1.10471329922, 4.04948128604, 1.15404251598, 3.7062421458, 0.921282213839, 1229.78464439, 26.9953750354
3.08003005239, 1.00000036431, 1.21889567865, 1.09128595856, 4.53143209091, 0.78139802069, 5.04235470977, 1.11273874832, 0.987462056455, 6.18574105668, 5.19394635917, 0.868794371174, 3.48545226755, 1.21889720009, 1.09000083645, 1.06087302432, 1.04071130265, 1.13344443899, 5.63377904986, 0.991935845136, 0.764886885471, 332.703559847, 0.959078006417, 4.96269834206, 1.17810376757, 3.14451279181, 0.891564860446, 1383.14237225, 24.7513605747
3.45628822411, 1.00000007995, 1.14159132954, 1.10293742341, 4.2458434925, 0.981909793046, 1.73957576043, 1.19419818509, 0.933517477607, 3.96140178606, 5.61092448388, 1.08907224339, 3.67949904291, 1.13692919473, 1.09000057855, 1.08938092235, 1.00383408039, 1.18596521869, 7.47329421836, 0.938536037421, 0.863883083824, 84.2082329662, 1.12256717231, 4.80814956227, 0.994420085426, 2.57305992381, 1.02499231963, 1580.78988244, 24.2596495812
3.97825545499, 1.00000047595, 1.54324243113, 1.17671350499, 5.15806522335, 0.841670921472, 1.19077507215, 1.10470864169, 0.916085510879, 1.95246678944, 5.63320175029, 0.89573868534, 4.3730694335, 0.945878086036, 1.09000025457, 1.01484618521, 1.01723638146, 1.01697891219, 3.8225658746, 0.910660196417, 0.855244267766, 195.407035722, 1.1540955818, 5.47583794304, 1.01674382179, 3.17728800428, 1.10865698856, 1059.27069401, 31.0685873732
3.48976057744, 1.00000001212, 1.66839549267, 1.0361357996, 3.31628842654, 0.999620831444, 5.17987446097, 1.18081647495, 0.986349345728, 3.07152424173, 6.07816958311, 1.10353468131, 4.93495451556, 0.997753018143, 1.0900002061, 1.0988926079, 1.01835780361, 0.866769581757, 4.91874976285, 0.923532039271, 0.807998520363, 169.783805007, 1.18927982603, 1.31053104314, 1.03281573121, 4.87188253632, 1.07004092793, 1355.220107, 27.2065066394
3.48976057744, 1.00000001212, 1.66839549267, 1.0361357996, 3.31628842654, 0.985022029289, 5.17987446097, 1.18081647495, 0.986349345728, 3.07152424173, 6.07816958311, 1.10353468131, 4.93495451556, 0.997753018143, 1.0900002061, 1.0988926079, 1.01835780361, 0.866769581757, 4.91874976285, 0.923532039271, 0.810983405797, 283.633048323, 1.18927982603, 1.31053104314, 1.03281573121, 4.87188253632, 1.16954718899, 1460.82054275, 25.1139067479
5.4310324738, 1.00000064687, 1.71073509315, 0.813321319644, 1.62170543113, 0.761442229331, 2.70393153489, 1.18797157456, 0.935651849684, 5.76857543562, 5.39469363253, 0.991089414453, 1.34733188617, 1.20401592177, 1.09000094305, 1.10564357575, 1.00803590256, 0.940726290853, 7.58929113252, 1.16432206275, 0.846266757885, 704.743751996, 1.07447843846, 4.40158749538, 1.17914910269, 3.69371504843, 1.24704834491, 1410.03450145, 26.1976572065
4.33923884647, 1.00000020321, 1.41851069497, 1.09938376042, 3.04444056859, 0.971888049459, 3.84172739624, 1.04778242462, 0.982337410459, 4.81222031368, 6.16021103347, 0.88234263855, 3.64568469071, 1.12051970141, 1.09000028265, 1.10885805122, 1.03475916453, 0.977675079318, 8.91644157886, 1.15383501658, 0.973702601995, 566.913357551, 1.03913463596, 1.26687131038, 1.03070840485, 2.60507638218, 1.03452925956, 1085.23412617, 41.6370839198
5.16622154768, 1.00000042195, 1.18173306393, 1.07268445171, 2.54084045882, 0.995131498913, 3.06505174595, 1.11374174424, 0.929571301347, 3.17770051298, 5.57172774141, 0.95625849889, 2.16966535523, 1.00640251048, 1.0900007858, 1.06079298094, 1.01362982646, 1.19564090989, 3.79429219872, 1.03302097826, 0.945249716839, 914.716260488, 1.12126507188, 5.70749188918, 0.993265715664, 3.65395029246, 0.988880851622, 1113.28663059, 41.5736679311
3.07283957147, 1.00000076878, 1.17639333529, 1.14938242875, 1.79988136447, 0.93707249109, 5.17969171698, 1.1234854512, 0.996858191291, 1.75521807079, 4.86824159452, 1.0968137441, 4.22845339547, 0.820605546472, 1.09000006428, 1.02065557889, 1.01493870971, 0.914006874066, 8.97729930088, 1.10079856369, 0.950904929155, 599.161529751, 1.06849207549, 3.14154011836, 1.08665273079, 3.13787122884, 1.06389223492, 1221.30386882, 32.8476543694
1.18917237135, 1.00000063152, 1.34641072083, 1.01884314144, 3.50848946809, 0.797927079279, 1.38260423701, 1.08261747269, 0.930356021224, 6.05564761057, 6.17748098624, 1.02958614639, 2.51040627619, 1.14077198589, 1.09000040119, 1.06222584574, 1.0478710578, 1.14445910028, 9.87429678087, 1.17542464538, 0.926624297862, 260.909627137, 1.1058053329, 1.97720574268, 1.01592985947, 4.00551814505, 0.987645858064, 1271.45164852, 31.4199920865
3.18432013019, 1.00000062749, 1.58914325069, 0.959303565501, 4.77650996614, 0.938040572858, 4.82352240963, 1.20546655022, 0.969734430273, 4.43782979017, 5.68704753711, 0.975489963346, 4.97374424834, 1.05489317822, 1.09000019462, 1.01370302548, 1.00908723477, 1.13021516429, 5.84897816041, 1.02612020418, 0.860057408498, 313.853976169, 1.03231142544, 2.21040793154, 1.21446510435, 2.28850126389, 1.13400515647, 1705.29857889, 25.6832369752
4.04198495349, 1.0000006254, 1.19884645431, 1.07676222522, 5.78113065912, 0.861275039816, 3.53403239165, 1.12109312173, 0.993324417634, 4.3650330499, 5.00726378463, 1.01109247158, 2.56869924899, 1.2751597522, 1.09000085207, 1.07395879288, 1.03803140884, 1.03035827961, 3.02416620088, 1.13047959604, 0.971204162027, 664.134441592, 1.00815776479, 5.85357334699, 1.21117386057, 1.68521471017, 1.09362119285, 1492.35134486, 26.3294779677
2.78010172293, 1.00000032434, 1.49814780241, 0.87157358966, 5.88705665001, 0.970027334784, 4.71409880762, 1.12131313016, 0.980404157581, 5.4550896919, 5.69998098524, 1.06738603038, 4.87450521712, 0.857794149033, 1.09000034871, 1.07153104795, 1.03753154514, 0.831582792984, 8.45313633334, 0.97741122682, 0.943211324925, 72.3883309753, 0.967897538044, 4.44037335025, 1.23378397946, 4.64904957902, 0.872120440965, 1488.8799495, 27.822697804
4.23381087324, 1.00000019555, 1.22734822962, 1.0314991466, 6.26077877811, 0.950810718279, 2.48708138699, 1.12867683108, 0.972369498387, 2.27043086024, 5.57166620411, 1.07018587661, 3.74915274279, 1.16244109166, 1.09000019771, 1.00075157726, 1.03656239489, 0.88881469045, 4.48608081752, 1.14304041108, 0.871575508591, 476.668993076, 0.990427267394, 5.94647036494, 1.21913307506, 2.42201143155, 0.892008041623, 1231.98163277, 43.5404224878
2.54783810873, 1.00000044212, 1.17598667031, 0.938299364567, 5.3394951745, 0.774830741106, 1.98246740983, 1.24915097721, 0.90438653338, 1.32337587916, 5.06511718417, 1.12929524053, 5.03579198043, 0.87407005088, 1.09000077811, 1.03250746061, 1.03364253587, 1.22864798672, 7.3001701762, 0.913422850679, 0.959583360503, 715.072242274, 0.913216128301, 4.26196475439, 1.12580843658, 1.25896353063, 0.885690877228, 1241.37713138, 43.1424705509
3.73212743192, 1.0000003993, 1.17426796472, 1.11828232641, 4.87873480816, 0.720324313056, 3.68854353962, 1.11001684725, 0.902584965321, 6.09106786689, 5.97519526739, 1.14466176062, 3.95560785511, 0.851823230829, 1.09000016939, 1.09765111807, 1.04390650301, 0.925200850951, 8.6144022257, 1.00834887637, 0.954947299702, 250.472008459, 1.13468590145, 5.89563181088, 1.05874586706, 3.26204965385, 1.13326085741, 2163.37352424, 25.9663316622
5.94891836682, 1.00000016309, 1.01489423968, 1.00633086548, 3.28015280173, 0.748454205856, 1.25500686708, 1.17196140856, 0.910066500259, 1.69421885639, 5.64531668087, 0.896156986202, 4.28606470158, 0.977561030426, 1.0900005795, 1.05944188117, 1.04233152257, 1.15927692087, 4.33994699862, 0.985847356217, 0.96034508925, 557.498754465, 1.15443579061, 4.50026915347, 1.08782264933, 4.19749239828, 1.21784812766, 1520.84770112, 34.2766809721
2.05012262162, 1.00000018069, 1.58737784105, 1.00108996028, 3.69034479843, 0.859300286097, 2.10824873132, 1.25749155746, 0.976357485726, 3.61693251656, 5.3651197349, 0.863607911961, 4.46392330229, 1.18604112679, 1.09000047646, 1.03314092682, 1.00423596307, 0.877582767949, 7.90215945836, 1.15016468989, 0.925601233459, 318.114004173, 1.15929462124, 1.41110407303, 1.09664310856, 2.55325840256, 0.96729971952, 1686.28669302, 29.6543801939
1.92165430582, 1.00000037244, 1.36069219659, 1.03588098816, 6.5296837521, 0.961001893782, 3.25678076514, 1.11262533654, 0.99179954348, 2.13409241758, 4.99730405925, 1.08234363121, 1.84071592288, 0.844427533832, 1.09000092456, 1.07544440636, 1.00841266471, 1.21601012771, 9.22542788026, 1.14127760527, 0.981723297701, 534.309331494, 1.16640881457, 3.34981595037, 0.958438491305, 5.42632827848, 1.04449954997, 1607.05489714, 29.8573341585
1.74200999907, 1.0000003352, 1.13355404642, 0.89006289371, 5.04843413598, 0.763989317135, 2.91363735934, 1.23556810568, 0.94543654781, 2.89915711392, 4.94283185852, 0.955472880962, 2.26016739422, 1.15885529738, 1.09000043819, 1.02922324194, 1.03585629187, 0.966646451074, 8.71761759267, 0.968601731483, 0.956341679584, 946.107031231, 1.19597778533, 1.31385108822, 1.07629464216, 3.38665184888, 1.01421688414, 1717.87089061, 29.2540434287
2.7720992166, 1.00000095686, 1.3056968484, 0.895217408607, 2.94297489545, 0.739493962864, 1.77216515819, 1.07145651194, 0.992108037737, 3.90751084333, 5.87014586775, 0.988741425544, 3.94385026213, 1.12579979774, 1.09000081887, 1.05008091246, 1.03431153479, 0.825061187648, 8.75239082898, 0.995796615818, 0.766381958991, 214.209415452, 0.973925811779, 1.49269685251, 1.06119495559, 3.23776257911, 1.20098878198, 1238.90624617, 45.6285819745
5.84222672592, 1.00000056734, 1.57664253845, 1.15068980892, 6.74939385969, 0.97012419087, 1.54958408673, 1.09445028038, 0.913378226962, 4.32967307732, 4.77094343972, 1.12072788914, 3.7675066444, 1.11135081612, 1.09000026922, 1.00513986125, 1.01364882742, 0.843744386803, 5.97723673184, 1.0751572918, 0.823607768047, 920.556755587, 1.1117272916, 5.17500150338, 0.992861308369, 3.38173892698, 1.14097582481, 1247.03683636, 44.6459251002
5.75943236053, 1.00000070145, 1.67543325823, 0.936332140542, 1.70408165104, 0.726725489018, 4.36958028184, 1.24932264869, 0.902272240559, 1.89055461758, 4.91054832004, 1.17100082807, 4.61454395997, 1.16630857239, 1.09000044209, 1.09118760102, 1.03036161355, 1.22920477525, 3.73388702367, 0.958196093506, 0.988733411232, 397.470260996, 1.14903022251, 2.93941146601, 1.01028281812, 2.37620471998, 1.12858939744, 1373.17095887, 44.5725876191
2.05876924745, 1.0000001232, 1.59781784152, 1.08678127988, 6.67787058164, 0.975120457522, 2.08085279675, 1.04776388386, 0.933044183709, 3.64197957853, 5.92783752664, 1.09088682543, 1.95161530174, 0.852069964416, 1.09000035279, 1.00749501295, 1.04344204925, 1.02289911463, 4.38840083303, 1.08579331749, 0.978225289592, 479.944406038, 0.930942751282, 4.52778873686, 0.965562355907, 4.69179863885, 1.2108487733, 2190.72086538, 28.3510906835
1.65114755297, 1.00000059037, 1.73115714064, 1.05039969619, 6.86250496697, 0.854430827862, 3.25151732254, 1.0449663912, 0.978007446385, 4.68935127901, 4.82503317687, 1.03791238246, 4.03543351694, 1.05086568323, 1.09000038156, 1.05958660734, 1.0483447875, 1.17293759605, 4.92671880632, 0.940369070832, 0.966707642896, 699.552786834, 1.19794578192, 3.41877701038, 0.974380376994, 3.09334293651, 1.02773620306, 2295.44140229, 28.0234254777
4.76133594072, 1.00000062611, 1.0588968507, 1.01226610745, 6.2063026531, 0.823776673513, 3.24500725085, 1.17522496449, 0.997936529476, 4.27839993642, 4.96115697454, 0.882693556268, 3.51207761481, 0.831809049565, 1.09000042944, 1.03164426203, 1.0266863038, 0.95890582595, 4.99448047426, 0.993138351797, 0.937491908079, 697.914239267, 1.19647405679, 1.59336317165, 1.12964577516, 3.00831669755, 0.904882424087, 1595.04248677, 35.0585995112
5.97126981619, 1.00000018852, 1.73918257289, 1.11318632237, 2.40927375789, 0.881126844444, 1.42434635761, 1.14387917948, 0.909936545005, 5.6155780794, 4.79939991641, 1.16454405337, 3.23462606318, 1.06540672049, 1.09000079075, 1.04731433184, 1.00579389586, 1.07615343102, 8.89862972669, 1.12930625191, 0.998409961031, 383.437496038, 0.961630596632, 5.19385133939, 1.14269771428, 1.49468202352, 1.17680963974, 1739.33860359, 29.4075795145
5.10131515725, 1.00000032341, 1.43054723074, 0.953032997143, 6.74984325372, 0.905313766567, 4.71282824894, 1.07779046658, 0.993188004164, 3.85998465989, 5.4833883318, 1.11932775363, 3.42382067839, 0.885522643508, 1.09000033505, 1.1036497442, 1.01813694852, 0.879932082033, 6.99541716509, 1.07118243495, 0.839915627707, 200.75757416, 1.00525239701, 1.7118766711, 1.09990273106, 2.78414737147, 1.24960707811, 1465.27565811, 44.6415332164
1.80279686194, 1.00000048004, 1.60363815829, 1.02821665787, 4.37952706797, 0.734698458987, 2.42604307954, 1.09611971419, 0.910226551824, 1.62690050799, 5.29995860333, 0.839997907116, 4.87285148677, 1.09178992417, 1.09000018395, 1.03663454778, 1.00111380018, 1.09502946562, 9.970294646, 1.02122551374, 0.839062383566, 148.397178119, 1.16939088515, 2.51592910201, 1.12225664982, 1.15842122489, 0.957732572358, 2426.16347718, 28.5952531177
5.48853593252, 1.00000049596, 1.52252540242, 0.915240951461, 2.97857810392, 0.726443483674, 5.234713442, 1.16252579122, 0.958172824219, 4.64782245537, 5.43800291846, 1.02934357197, 2.62634095958, 0.88523872703, 1.09000034383, 1.05712483644, 1.00100565162, 0.997433048727, 9.10360786404, 1.04162151733, 0.910665830299, 769.727138784, 1.17568716648, 3.20723238738, 1.02311056126, 1.53945788464, 1.08584322557, 1609.7790549, 35.0839493329
4.37145181864, 1.00000033829, 1.71477665521, 1.19433443447, 3.20473761001, 0.852450752883, 4.01026603536, 1.08044891171, 0.955840137949, 3.93734528797, 5.6263221455, 1.05694242235, 2.98671585061, 1.11420372593, 1.09000052905, 1.06847692102, 1.03929445819, 1.19558238114, 9.11889022774, 1.1011328301, 0.977112760618, 543.63030523, 1.16584496659, 2.23745601107, 1.03322009086, 3.24820054765, 1.27975347411, 1903.6780494, 29.9145867655
1.28909851025, 1.0000003909, 1.18753552075, 1.09712448572, 3.52721327459, 0.807989623638, 2.74711954998, 1.04933235033, 0.94091352992, 1.50345934941, 5.50460999164, 1.01712235522, 2.57115326563, 0.991336057123, 1.09000034944, 1.03215377075, 1.04193241949, 1.20562342614, 3.68189404838, 1.13878267326, 0.786725503614, 512.797760947, 1.03374138463, 5.31200458119, 1.0213207477, 1.19116666436, 1.20089943862, 1802.36145424, 30.3962994432
4.73219932161, 1.00000097111, 1.70406525119, 1.18461990766, 6.79335692974, 0.867288514094, 1.53149666131, 1.04332116924, 0.94336237311, 5.22001482612, 4.84766091997, 0.831650836512, 2.52974570874, 1.03053071152, 1.09000003539, 1.08966411794, 1.03052962871, 1.06137616413, 8.1727169484, 1.12326761641, 0.978711377141, 264.52742292, 1.11330130561, 5.21070246773, 1.01152774958, 3.92114058192, 1.1249524904, 1499.90783797, 46.846617679
2.7720992166, 1.00000095686, 1.3056968484, 0.895217408607, 2.94297489545, 0.739493962864, 1.77216515819, 1.07145651194, 0.992108037737, 2.03130893909, 5.87014586775, 0.988741425544, 3.94385026213, 1.12579979774, 1.09000081887, 1.05008091246, 1.03431153479, 0.824592479271, 8.75239082898, 0.995796615818, 0.766381958991, 214.209415452, 0.973925811779, 1.49269685251, 1.06119495559, 3.23776257911, 1.27362464935, 3225.79039417, 29.2147594269
5.10593806194, 1.00000013596, 1.06051586038, 0.856497951214, 5.56278670735, 0.969525959134, 5.76729631657, 1.15656244646, 0.900527821309, 3.24245581501, 5.15556514375, 0.972651950578, 3.50529548033, 1.0751601345, 1.090000994, 1.0980142837, 1.01555857982, 0.854015328625, 9.19312585884, 0.995993493648, 0.825265541847, 886.891851957, 1.00575162305, 3.60354819191, 1.092078334, 2.19037853828, 1.23008110066, 1642.06244456, 35.7397181296
