1.51913469444, 1.00000096163, 1.70910159323, 0.919637965732, 6.9212401796, 0.745375266369, 5.23639828065, 1.00172253889, 0.978332458376, 4.85200784423, 5.72061323258, 1.10676743796, 2.01602912089, 0.90778371686, 1.09000006324, 1.07189748888, 1.04830282717, 0.882611869316, 8.73697335922, 1.06018221684, 0.773780396156, 564.827828817, 1.0173037614, 2.15507818719, 1.11395739936, 1.57315305155, 1.06956686625, 10.6084458269, 10.336584533
2.02966031533, 1.00000037292, 1.31645697179, 1.00441531556, 4.99611748907, 0.928093022151, 3.63028885402, 1.0505730138, 0.951886510242, 3.36278826842, 6.18710083412, 1.19365690875, 3.0676347174, 1.08971168181, 1.09000054535, 1.05142777318, 1.04410923955, 0.836813279386, 8.91579258492, 1.06193783094, 0.905029358738, 547.859946412, 1.137940722, 2.88937171357, 1.18663642927, 4.35353347801, 1.07295451895, 12.0724247331, 6.55193786674
5.10131515725, 1.00000032341, 1.44755551194, 0.953032997143, 6.74984325372, 0.879953287979, 4.71282824894, 1.07779046658, 0.993188004164, 3.85998465989, 5.4833883318, 1.11932775363, 3.42382067839, 0.885522643508, 1.09000033505, 1.1036497442, 1.01813694852, 0.879932082033, 6.99541716509, 1.07118243495, 0.839915627707, 295.760430794, 1.00525239701, 1.7118766711, 1.09990273106, 2.78414737147, 1.24960707811, 26.2266466566, 9.93282131932
5.17245535179, 1.0000007849, 1.17311004291, 1.01372248264, 5.49976031128, 0.79440596355, 4.50092161112, 1.16253964882, 0.919216368944, 1.85234259439, 4.92329194861, 1.05008007222, 3.65726854156, 1.27910326463, 1.09000034459, 1.04320527169, 1.00840662293, 0.882740466792, 6.24181398329, 0.983107352673, 0.841936044668, 938.42605156, 1.19692519562, 3.10763799321, 1.22358381188, 4.61292204982, 1.01663636814, 37.469516995, 9.25690678862
2.45352484615, 1.00000093993, 1.70930072047, 0.856497951214, 5.56278670735, 0.818533478691, 4.72492659918, 1.09357302367, 0.92500051323, 5.94933624386, 5.40233523143, 0.849337972785, 3.70633822228, 1.28581888092, 1.09000039466, 1.06565347874, 1.02589473032, 1.01098207146, 6.04778725105, 1.15670737855, 0.804543038495, 724.851488792, 0.915087034242, 3.60354819191, 1.0131340242, 4.21359174796, 0.913873439326, 42.9487959733, 8.40032690449
5.94891836682, 1.00000016309, 1.01489423968, 1.00633086548, 3.28015280173, 0.779714497691, 3.68854353962, 1.17196140856, 0.900045129655, 1.69421885639, 5.64531668087, 0.896156986202, 4.28606470158, 0.977561030426, 1.0900005795, 1.05944188117, 1.04233152257, 0.925200850951, 4.33994699862, 0.944233074042, 0.96034508925, 557.498754465, 1.15443579061, 4.50026915347, 1.08782264933, 4.19749239828, 1.25656560168, 31.7694309761, 10.6374958799
5.10593806194, 1.00000013596, 1.06051586038, 0.926780380797, 3.83771348808, 0.94308379276, 5.76729631657, 1.15656244646, 0.900527821309, 3.68811765357, 5.15556514375, 0.972651950578, 3.50529548033, 1.0751601345, 1.090000994, 1.0980142837, 1.01555857982, 0.854015328625, 9.19312585884, 0.995993493648, 0.825265541847, 886.891851957, 1.06305186604, 4.45079162434, 1.092078334, 2.19037853828, 1.23008110066, 149.471996414, 11.4804787618
3.72109730825, 1.00000003425, 1.63327026033, 0.809138378669, 4.00445536109, 0.929510840341, 1.8220228386, 1.19979432451, 0.978813460504, 1.40070790799, 5.30654711976, 0.995319790531, 5.0014041655, 0.880149932353, 1.09000039452, 1.09049322714, 1.04841044952, 1.11730457885, 8.99502264392, 1.04535504967, 0.780410768281, 149.605061847, 1.18215084175, 1.54900915385, 1.1141416267, 4.94567617107, 1.22348707741, 131.164124583, 13.6094289178
3.05029749136, 1.00000084605, 1.24695383036, 1.1464699555, 4.40160085739, 0.758186328342, 1.84068241443, 1.14162649371, 0.934775596134, 1.90869890871, 6.10603657244, 0.918699703377, 3.40921313117, 0.95398091755, 1.09000008927, 1.05437840997, 1.00352696211, 1.05442203718, 9.386495586, 0.911209019997, 0.76370701554, 107.164131383, 0.928048737137, 3.94224589247, 1.18879119208, 2.59831243272, 1.14603127399, 65.5259025055, 18.280383128
3.29548922993, 1.00000070707, 1.17277650371, 0.896319040736, 6.64594079162, 0.82741343659, 1.21212017699, 1.20393073588, 0.921781961201, 5.55609673358, 5.619925938, 1.05273097559, 3.77150990599, 1.23465344157, 1.09000013852, 1.04435086463, 1.00922117452, 1.00053658322, 5.56728845318, 1.04082958001, 0.761412377531, 11.88621602, 1.05135366057, 4.24227229434, 1.14092189327, 2.82185860982, 1.0680328348, 145.119384958, 11.8218790743
1.18917237135, 1.00000063152, 1.34641072083, 1.01884314144, 3.50848946809, 0.797927079279, 1.38260423701, 1.08261747269, 0.954912103644, 5.96790087191, 6.17748098624, 1.02958614639, 2.51040627619, 1.01176709548, 1.09000028265, 1.06222584574, 1.0478710578, 1.14445910028, 9.87429678087, 1.17542464538, 0.926624297862, 260.909627137, 1.1058053329, 1.97720574268, 1.01592985947, 4.00551814505, 0.987645858064, 89.364964454, 14.3553571443
2.35102814327, 1.00000008916, 1.38928029133, 1.1265396244, 2.12041511852, 0.968428586251, 1.47633780006, 1.05076372945, 0.976036878232, 3.68755876078, 5.65821101662, 1.18119076319, 1.17055077348, 1.1854097173, 1.09000041681, 1.01146131621, 1.02162028775, 0.996371227407, 7.3671749778, 1.14925616744, 0.89555865038, 914.83808764, 0.935380289973, 3.09060493966, 1.22281960975, 2.23936651051, 1.08775040749, 150.492525238, 13.1839395493
3.0963661274, 1.00000013485, 1.38982636775, 1.13172228041, 2.09351232452, 0.978118120754, 1.74751012855, 1.17943330958, 0.902871854974, 6.07657017076, 5.0703302304, 1.08068964871, 4.83923046196, 1.14658807991, 1.09000067583, 1.01902299072, 1.03608907346, 1.16269629699, 7.99019625808, 1.15141376811, 0.961782898988, 436.855727521, 1.04833145854, 2.78377505463, 1.00075890759, 4.89854222982, 1.27638525591, 145.003337678, 17.1611241362
3.98951828074, 1.00000008258, 1.07986009711, 0.826021876912, 2.34327266754, 0.744953977426, 2.97895127335, 1.05787151749, 0.933844145099, 2.89300731184, 5.13291666665, 1.20702610824, 3.27584062828, 1.11456422769, 1.09000065083, 1.05362624547, 1.01798016674, 0.963744203397, 7.97096313545, 1.14238449639, 0.954997680668, 835.626739484, 1.10471329922, 4.04948128604, 1.15404251598, 3.7062421458, 1.10381749788, 95.3571014701, 20.5439876388
1.16293677607, 1.00000024422, 1.7071620172, 0.922500208893, 2.50972995053, 0.790313718667, 4.7187426518, 1.15774451135, 0.976998699641, 1.24433476729, 6.12261635269, 0.85779917234, 2.34716972078, 0.952394926279, 1.09000010853, 1.04041113293, 1.04811235834, 1.05665565522, 7.52391285546, 1.14458557007, 0.979063108639, 652.361093554, 1.09421325882, 5.36968307746, 0.982147737838, 5.1322332887, 0.908207114731, 98.8211489592, 20.429994302
5.77737464297, 1.00000006532, 1.53410501409, 0.856728932325, 4.97407650499, 0.713074268656, 2.22610193468, 1.04693849818, 0.993648863778, 3.08295581839, 4.75938478988, 0.984363245061, 3.73156798801, 1.12700993281, 1.09000008991, 1.0823575779, 1.00006336097, 0.938954821708, 4.20704659482, 1.12525873257, 0.82896140696, 678.995938488, 1.04418233546, 1.02316712245, 1.18717753142, 4.52370799381, 0.899778333988, 262.008448719, 14.0440135507
2.21840638894, 1.00000049841, 1.60918897868, 1.12500811636, 6.62381727036, 0.736615280361, 4.15025304619, 1.17175855367, 0.986928772603, 5.96054250158, 5.53207159591, 1.10183872476, 3.80158424286, 1.00857037707, 1.09000079066, 1.10157507992, 1.01445129834, 1.19280031246, 6.81286819757, 1.03962347459, 0.865251695631, 255.792762917, 0.984688911887, 3.76274707085, 1.16170436096, 1.03121353215, 0.908940204725, 250.725266106, 15.9436217384
4.31280513892, 1.00000037171, 1.24710316772, 1.04732131258, 2.09288095072, 0.895979832631, 2.60733429518, 1.13296889017, 0.931725485765, 1.73834944398, 6.058985218, 0.832011600814, 3.09048231813, 1.0173740233, 1.09000028717, 1.00426022716, 1.00197560292, 1.13208138455, 3.89131303279, 1.15827883587, 0.772333197054, 98.0215954946, 1.17951047194, 5.20834740829, 0.986644692017, 3.2201643598, 1.26934884308, 221.485221525, 15.943817759
1.18917237135, 1.00000063152, 1.34641072083, 1.01884314144, 3.50848946809, 0.797927079279, 1.38260423701, 1.08261747269, 0.930356021224, 6.06456765178, 6.17748098624, 0.998078866441, 2.51040627619, 1.14077198589, 1.09000040119, 1.06222584574, 1.0478710578, 1.14445910028, 9.93499887468, 1.17542464538, 0.926624297862, 86.8020970235, 1.1058053329, 1.97720574268, 1.01592985947, 4.00551814505, 0.987645858064, 194.811105376, 18.1679303332
3.0963661274, 1.00000013485, 1.38982636775, 1.13172228041, 2.09351232452, 0.978118120754, 1.74751012855, 1.17943330958, 0.902871854974, 6.07657017076, 5.0703302304, 1.08068964871, 4.83923046196, 1.14658807991, 1.09000067583, 1.01902299072, 1.01798016674, 1.16269629699, 7.99019625808, 1.15141376811, 0.988624145341, 524.406189371, 1.04833145854, 2.78377505463, 1.00075890759, 4.89854222982, 1.27638525591, 128.650122436, 21.1242033679
4.33923884647, 1.00000020321, 1.41851069497, 1.00238822516, 3.04444056859, 0.845515128542, 3.84172739624, 1.04050536772, 0.993791802195, 4.81222031368, 6.16021103347, 0.88234263855, 4.09579994583, 1.12051970141, 1.09000028265, 1.10902447101, 1.03475916453, 0.977675079318, 7.91166367538, 1.15383501658, 0.846352313616, 566.913357551, 1.03913463596, 1.26687131038, 1.1846808964, 2.60507638218, 0.885770540121, 342.841609293, 15.5558009413
1.22440909989, 1.00000043235, 1.24546813328, 0.824580141462, 3.92717153443, 0.859100795664, 1.22283169224, 1.11723987331, 0.967169731486, 5.65698814649, 4.84001586452, 0.926951014597, 3.96966093777, 0.87467010756, 1.0900005063, 1.10658577616, 1.04927367776, 0.930666539644, 3.63011607442, 1.02298839797, 0.768874268343, 36.530351322, 0.983343590778, 2.04479914395, 1.04153329612, 1.48314846432, 0.908170780216, 235.901666484, 15.9953676347
5.20159077018, 1.00000021042, 1.15638322196, 0.986746121194, 4.04089562214, 0.767873818101, 3.11752641239, 1.16386015342, 0.978601001004, 3.08552625881, 4.98293627985, 0.941738912467, 5.0014041655, 1.24300113908, 1.09000014848, 1.05448010342, 1.0189187551, 0.813984142755, 6.08170342917, 1.0057528546, 0.786298457966, 687.205807355, 1.15885967554, 5.09773091652, 1.02761757807, 4.38525017239, 1.21931365171, 234.295940207, 16.0694702934
5.66217714857, 1.00000003827, 1.27764846613, 1.05032343606, 5.78285850086, 0.761124533143, 5.09996868486, 1.17156893644, 0.973233547477, 4.6456639995, 5.55880834779, 0.874192193495, 1.34327229866, 0.837218236329, 1.09000098213, 1.0532620434, 1.02983963582, 0.874714069811, 5.0023767464, 0.948715073137, 0.88842012395, 340.015285381, 1.06849816958, 2.3901465904, 0.990348294593, 2.81076823671, 0.97523689228, 222.880776136, 19.4814169896
1.54085785609, 1.00000045008, 1.36945073229, 1.07592260149, 4.62577069597, 0.723129614059, 4.8739171103, 1.25990593956, 0.90830255691, 5.90639927518, 5.60186792952, 0.953011985466, 1.07045941125, 0.835176390412, 1.09000025919, 1.00702286581, 1.01728372966, 0.857258595955, 8.15399418847, 0.973192030576, 0.862206410917, 934.540269242, 1.00104679866, 2.27795173935, 1.04210250117, 4.07101428689, 0.891750426406, 131.673116461, 21.6655268877
4.86702580931, 1.00000064795, 1.7365808087, 1.13819390009, 4.70206302284, 0.812947937122, 1.42678772649, 1.09026507925, 0.992889222504, 3.09684538234, 5.04112761186, 1.14682842639, 1.90945741995, 1.28307192784, 1.09000039082, 1.07426332334, 1.02946533096, 1.173905644, 9.92915870167, 1.04210273396, 0.821137964128, 425.750025504, 1.06196251865, 1.49576294724, 0.990304659093, 1.47689032453, 1.26686801788, 362.417242187, 15.6851851358
3.97825545499, 1.00000081673, 1.54324243113, 1.17671350499, 5.15806522335, 0.841670921472, 1.19077507215, 1.10470864169, 0.916085510879, 1.95246678944, 5.63320175029, 0.89573868534, 4.3730694335, 0.945878086036, 1.09000025457, 1.01484618521, 1.01723638146, 1.01697891219, 3.8225658746, 0.910660196417, 0.855244267766, 195.407035722, 1.1540955818, 5.47583794304, 1.01674382179, 3.17728800428, 1.10865698856, 288.525985201, 21.0184110787
3.58533126795, 1.00000070035, 1.18777619521, 0.932026171439, 6.84170954965, 0.875612798709, 5.91222767533, 1.06681423884, 0.959666456289, 6.01341075213, 5.67633490657, 1.01120081559, 4.69468392923, 0.839410214911, 1.09000031258, 1.04774086493, 1.00556469972, 0.856480553688, 6.27758833282, 1.04788486356, 0.899633395439, 929.386055481, 0.914725715673, 4.77179194817, 0.991964728258, 3.41885327691, 1.10908009064, 246.093506394, 25.8817356131
4.97667725475, 1.00000070505, 1.26963002916, 0.863667848121, 4.59882588159, 0.760130046995, 3.94439854, 1.18594698747, 0.994205415508, 4.81368402905, 5.96783216299, 0.890280332597, 4.05326287741, 0.8486272011, 1.09000082855, 1.02074155746, 1.00993583267, 0.99651348159, 3.67195524229, 1.17567365677, 0.81746475298, 577.720105444, 1.13860317298, 4.57303438698, 1.03544074188, 4.70209177251, 1.05211375309, 224.275839419, 26.6985759232
2.46473207868, 1.00000085153, 1.08131763448, 1.0226423244, 4.49947779642, 0.857204052793, 2.84161739934, 1.12198957214, 0.96259100254, 4.11662789791, 5.05116171656, 0.990761425008, 3.40470798102, 1.27397244277, 1.09000023908, 1.03799545377, 1.00382334503, 1.21222567868, 4.98209189809, 1.00498285689, 0.886392674583, 512.769677006, 1.1207867362, 5.22301411358, 1.1051495887, 5.29610289458, 1.26898126867, 364.938589111, 15.9221058674
1.8975517644, 1.00000095003, 1.33740604281, 1.05481292775, 1.56277059363, 0.838565741106, 2.98341360105, 1.0622505935, 0.94256416157, 1.44566227611, 6.04719346519, 0.874064639936, 2.6070551696, 1.19105041833, 1.09000006442, 1.0839396228, 1.00623111784, 0.815357443296, 4.57556067709, 0.94507440955, 0.804188864157, 310.186263259, 0.999275185123, 4.86328208469, 1.15317208822, 3.42029149396, 0.943133223192, 372.055802391, 15.849155409
5.75943236053, 1.00000081544, 1.57664253845, 1.17527251721, 6.74939385969, 0.97012419087, 1.54958408673, 1.19874142045, 0.913378226962, 4.32967307732, 4.77094343972, 1.12072788914, 3.7675066444, 1.11135081612, 1.09000026922, 1.00647575295, 1.01364882742, 0.843744386803, 8.30919332154, 1.0751572918, 0.823607768047, 920.556755587, 1.1117272916, 5.17500150338, 0.992861308369, 3.38173892698, 1.14097582481, 258.755917059, 27.7962493764
1.54085785609, 1.00000045008, 1.36945073229, 1.07592260149, 4.62577069597, 0.723129614059, 4.8739171103, 1.2598866947, 0.90830255691, 5.90639927518, 5.60186792952, 0.953011985466, 1.07045941125, 0.835176390412, 1.09000025919, 1.00702286581, 1.01728372966, 0.857258595955, 8.15399418847, 0.973192030576, 0.862206410917, 742.771062906, 1.00104679866, 1.34327307914, 1.04210250117, 4.07101428689, 0.891750426406, 391.66023417, 16.1965965388
1.8770841632, 1.00000008258, 1.07986009711, 0.826021876912, 2.34327266754, 0.744953977426, 2.97895127335, 1.05787151749, 0.933844145099, 2.89300731184, 5.13291666665, 1.21253461466, 3.27584062828, 1.11456422769, 1.09000065083, 1.05362624547, 1.0334939525, 0.963744203397, 7.97096313545, 1.14238449639, 0.954997680668, 835.626739484, 1.10471329922, 4.96269834206, 1.15404251598, 3.7062421458, 0.921282213839, 335.403641025, 28.6920966878
3.74963302719, 1.00000007279, 1.50274267674, 0.975840529101, 5.7840294902, 0.916803540351, 2.95301905316, 1.24811628405, 0.972719293881, 1.42074793631, 6.15420075935, 0.995785114216, 3.08766334275, 0.954929211292, 1.09000090059, 1.04993704353, 1.02930744896, 0.903756002545, 4.10155990294, 1.15691553321, 0.845795752629, 661.03714837, 1.06009274991, 2.2563953014, 0.999557351238, 4.10652341581, 0.952076938416, 323.516802497, 29.2923173863
4.58996807, 1.00000016309, 1.01489423968, 1.00633086548, 3.28015280173, 0.748454205856, 1.67176404037, 1.17196140856, 0.910066500259, 1.69421885639, 5.64531668087, 0.896156986202, 4.87594269653, 0.977561030426, 1.0900005795, 1.05944188117, 1.04233152257, 1.15927692087, 4.33994699862, 0.985847356217, 0.96034508925, 557.498754465, 1.15443579061, 4.50026915347, 1.08782264933, 4.19749239828, 1.21784812766, 298.610682579, 29.3537814184
3.58533126795, 1.00000045008, 1.36945073229, 1.07592260149, 4.62577069597, 0.723129614059, 4.8739171103, 1.05985104256, 0.90830255691, 5.90639927518, 5.60186792952, 0.953011985466, 1.07045941125, 0.835176390412, 1.09000025919, 1.00702286581, 1.01728372966, 0.857258595955, 8.15399418847, 1.04788486356, 0.862206410917, 742.771062906, 1.00104679866, 1.34327307914, 1.04210250117, 3.41885327691, 0.891750426406, 393.524865075, 18.8045619412
4.77580704515, 1.00000020574, 1.08883484518, 0.922500208893, 5.70738409648, 0.783759865244, 3.02295443025, 1.07113065679, 0.955682836617, 5.6790897706, 5.19028764378, 0.93835335869, 4.4290751786, 0.957258050825, 1.09000007301, 1.03292220969, 1.04993491415, 0.995324273297, 3.33215842363, 1.08959757942, 0.964695626285, 339.9031996, 1.1276152222, 3.59468788296, 1.06498074712, 5.29479979744, 0.919947103785, 416.322402892, 16.4712546701
2.54783810873, 1.00000044212, 1.17598667031, 0.938299364567, 5.3394951745, 0.774830741106, 1.98246740983, 1.24915097721, 0.986349345728, 1.26236692334, 5.06511718417, 1.19117730395, 5.03579198043, 0.87407005088, 1.09000077811, 1.03250746061, 1.03739182285, 1.22864798672, 7.3001701762, 0.913422850679, 0.959583360503, 51.4566514798, 0.913216128301, 4.26196475439, 1.12580843658, 4.87188253632, 0.885690877228, 335.062245894, 29.4056792726
2.40519747492, 1.00000081407, 1.4794312354, 0.830610459035, 2.21922983773, 0.905423588707, 3.20384573002, 1.08038783886, 0.943484186785, 5.68396217791, 6.19300742443, 0.847243162582, 1.55756526656, 0.885673497672, 1.0900004534, 1.05284473304, 1.0450780967, 0.849876533116, 9.27107743808, 0.960250291244, 0.845294819682, 194.658277178, 0.920898805649, 4.3572880222, 1.19019241539, 3.37746295488, 1.29389619282, 407.778344885, 23.3011677022
1.16293677607, 1.00000024422, 1.69455054165, 1.09528481363, 2.50972995053, 0.790313718667, 4.7187426518, 1.15774451135, 0.976998699641, 1.24433476729, 5.15558084174, 0.85779917234, 2.34716972078, 0.952394926279, 1.09000010853, 1.04041113293, 1.04811235834, 1.22981197369, 8.55167223712, 1.14458557007, 0.979063108639, 652.361093554, 1.09421325882, 5.36968307746, 0.982147737838, 5.1322332887, 0.908207114731, 451.836220735, 16.9877357256
5.97126981619, 1.00000018852, 1.73918257289, 1.11318632237, 2.20390773668, 0.881126844444, 1.42434635761, 1.14387917948, 0.982181876143, 5.6155780794, 4.79939991641, 1.16454405337, 3.23462606318, 1.06540672049, 1.09000042944, 1.04731433184, 1.03043541456, 1.07615343102, 8.89862972669, 1.12930625191, 0.998409961031, 697.914239267, 1.05745644079, 1.59336317165, 1.14269771428, 1.49468202352, 1.17680963974, 378.931307153, 32.9616375827
2.93182978606, 1.00000013485, 1.38982636775, 1.13172228041, 2.09351232452, 0.978118120754, 1.74751012855, 1.17943330958, 0.902871854974, 2.89300731184, 5.0703302304, 1.08068964871, 4.83923046196, 1.14658807991, 1.09000067583, 1.01902299072, 1.04455717136, 0.961770515997, 9.82396459763, 1.15141376811, 0.961782898988, 436.855727521, 1.04833145854, 2.78377505463, 1.00075890759, 4.89854222982, 1.27638525591, 396.075268751, 30.5308354355
2.24759754603, 1.00000000157, 1.51091036096, 1.1281850519, 5.59397565529, 0.825877473172, 2.10884843306, 1.24484308579, 0.996639773953, 2.26420002944, 5.41528938841, 1.08269512468, 1.38544245284, 0.905818073513, 1.09000033709, 1.05018521026, 1.01649313855, 0.95069954535, 7.30524704514, 1.10181720941, 0.957373213191, 959.284906188, 1.16096062169, 5.86274517358, 1.04672185009, 2.84231302963, 0.902839254082, 442.561198201, 24.3150704835
3.6746748947, 1.00000076564, 1.59319773961, 0.984701797079, 2.02355032535, 0.99589395184, 4.16397669406, 1.13036547044, 0.902584965321, 3.76739034895, 5.31499350349, 0.934919908956, 4.58519381105, 1.00783926028, 1.09000004567, 1.06536771459, 1.02562418535, 0.956074054513, 9.72663611774, 1.17809432676, 0.829160756031, 805.490324565, 0.968906401468, 5.2249004978, 1.11286102403, 3.26204965385, 1.21719115077, 445.843070936, 24.2366840214
2.37592027437, 1.00000070333, 1.5290487282, 0.899606558445, 5.46910345786, 0.862576629623, 4.94537025678, 1.2062720561, 0.954365547945, 1.57612136118, 5.11945839626, 1.14881074424, 3.38985043866, 0.936012945512, 1.09000076828, 1.09602452674, 1.00034425199, 1.16883986232, 5.56669613095, 0.959150290306, 0.940104010117, 257.912368247, 0.988489890723, 1.44346016239, 1.0688207047, 5.46094815816, 1.28449463219, 459.228375224, 24.1008387008
5.84222672592, 1.00000070145, 1.67543325823, 0.936332140542, 1.67739219032, 0.726725489018, 4.36958028184, 1.24932264869, 0.902272240559, 1.89055461758, 4.91054832004, 1.17100082807, 4.61454395997, 1.16630857239, 1.09000044209, 1.09118760102, 1.03036161355, 1.09534543342, 3.73388702367, 0.958196093506, 0.988733411232, 397.470260996, 1.14903022251, 3.03427996562, 1.01028281812, 2.37620471998, 1.12858939744, 485.592957628, 20.3063299538
3.23459608275, 1.0000007849, 1.17311004291, 1.01372248264, 5.49976031128, 0.79440596355, 4.50092161112, 1.05516534709, 0.919216368944, 1.85234259439, 4.92329194861, 1.05008007222, 3.65726854156, 1.27910326463, 1.09000034459, 1.04320527169, 1.00099816019, 0.882740466792, 6.24181398329, 0.978725620137, 0.841936044668, 955.374387634, 1.19792307421, 3.10763799321, 1.00585244976, 5.41759210218, 1.01663636814, 579.530919517, 17.9451165275
3.22036905243, 1.00000080035, 1.26217358325, 0.995586979924, 5.82230425684, 0.73149069112, 1.8764507104, 1.20040090128, 0.957306235217, 2.75267155971, 5.80826085365, 0.864116372897, 2.31044511614, 1.03515753747, 1.09000014927, 1.0744348857, 1.03838130281, 0.998202193244, 8.14438902907, 1.03348266971, 0.825002683193, 146.479811095, 1.18758530362, 1.96168767965, 1.05216512676, 1.55697938376, 0.990206014327, 437.66413474, 31.5990304813
1.74200999907, 1.0000003352, 1.13355404642, 0.89006289371, 5.04843413598, 0.763989317135, 2.91363735934, 1.08790176014, 0.94543654781, 2.89915711392, 4.94283185852, 0.955472880962, 2.26016739422, 1.15885529738, 1.09000043819, 1.02922324194, 1.03585629187, 0.966646451074, 8.71761759267, 0.968601731483, 0.956341679584, 873.903631895, 1.09984455094, 1.31385108822, 1.07629464216, 3.38665184888, 1.13834632118, 435.553982803, 33.220107831
2.81933570072, 1.00000021074, 1.2958951583, 0.859502717965, 6.13534941108, 0.917239934567, 5.50702144621, 1.02197630639, 0.948283958456, 1.25635828882, 5.52726843494, 0.963916083216, 3.37714450638, 0.937057939821, 1.09000037126, 1.09951910467, 1.0011276444, 1.08425183233, 4.29948608783, 1.02550751082, 0.800416295193, 449.060703056, 1.15167342966, 3.00381545474, 1.15962232425, 1.06397002883, 1.07900580429, 459.937459416, 24.1956774805
2.54538741263, 1.00000003827, 1.27764846613, 1.05032343606, 5.78285850086, 0.761124533143, 5.09996868486, 1.17156893644, 0.973233547477, 5.045687264, 5.55880834779, 0.874192193495, 1.34327229866, 0.837218236329, 1.09000098213, 1.0532620434, 1.02983963582, 0.874714069811, 5.0023767464, 0.948715073137, 0.88842012395, 340.015285381, 1.06849816958, 2.3901465904, 1.21790477383, 2.81076823671, 0.97523689228, 579.103766964, 22.0097696661
2.37592027437, 1.00000070333, 1.5290487282, 0.899606558445, 5.46910345786, 0.957440542017, 4.94537025678, 1.2062720561, 0.954365547945, 1.57612136118, 5.11945839626, 1.14881074424, 3.99960916139, 0.97468572214, 1.09000076828, 1.09602452674, 1.00034425199, 1.16883986232, 5.56669613095, 1.00990933624, 0.940104010117, 257.912368247, 0.988489890723, 1.44346016239, 1.0688207047, 5.46094815816, 1.28449463219, 640.095514237, 19.0141914979
5.4310324738, 1.00000064687, 1.71073509315, 0.813321319644, 1.62170543113, 0.761442229331, 2.70393153489, 1.18797157456, 0.935651849684, 5.76857543562, 5.39469363253, 0.991089414453, 1.34733188617, 1.20401592177, 1.09000094305, 1.10564357575, 1.00803590256, 0.940726290853, 7.58929113252, 1.16432206275, 0.846266757885, 704.743751996, 1.07447843846, 4.40158749538, 1.17914910269, 4.70209177251, 1.22590453429, 583.608484611, 20.9594576609
3.72109730825, 1.00000003425, 1.63327026033, 0.809138378669, 4.00445536109, 0.929510840341, 1.8220228386, 1.19979432451, 0.978813460504, 1.40070790799, 5.30654711976, 0.995319790531, 2.92673904246, 0.949933840309, 1.09000039452, 1.09049322714, 1.04841044952, 1.11730457885, 8.99502264392, 1.04535504967, 0.780410768281, 149.605061847, 1.18215084175, 1.54900915385, 1.1141416267, 4.94567617107, 1.218116426, 513.895361672, 24.6738421652
1.65114755297, 1.00000059037, 1.54191029525, 1.05039969619, 6.86250496697, 0.968264820716, 3.25151732254, 1.18067752368, 0.978007446385, 4.68935127901, 4.82503317687, 1.03791238246, 4.03543351694, 1.05086568323, 1.09000038156, 1.05958660734, 1.0483447875, 1.00534962202, 4.92671880632, 0.940369070832, 0.914674148103, 699.552786834, 1.19794578192, 3.41877701038, 0.974380376994, 3.09334293651, 1.02773620306, 478.041668105, 31.6177990398
5.77737464297, 1.00000006532, 1.53410501409, 0.856728932325, 6.62381727036, 0.713074268656, 2.22610193468, 1.04693849818, 0.993648863778, 3.08295581839, 4.75938478988, 1.0233122088, 3.73156798801, 0.874139768483, 1.09000008991, 1.0823575779, 1.00006336097, 0.938954821708, 4.20704659482, 1.12525873257, 0.82896140696, 678.995938488, 1.04418233546, 1.02316712245, 1.18717753142, 4.52370799381, 0.899778333988, 501.850623591, 24.8769159719
5.51481784541, 1.00000054288, 1.59933658636, 0.974268861951, 6.36740907091, 0.762814024939, 4.53107762279, 1.25394888376, 0.917722539203, 3.92279565511, 4.85679499883, 0.81025482272, 3.0407922995, 0.945239126539, 1.09000076168, 1.03493060605, 1.02824338683, 0.90337908734, 8.19755042458, 1.1187259908, 0.798525846291, 135.11782149, 1.09147032135, 4.0994781092, 0.950025132125, 2.70303789601, 1.24028711905, 474.199081118, 34.8332116958
3.0963661274, 1.00000013485, 1.38982636775, 1.13172228041, 2.09351232452, 0.978118120754, 1.74751012855, 1.17943330958, 0.902871854974, 6.07657017076, 5.91666654158, 1.08068964871, 4.83923046196, 1.14658807991, 1.09000067583, 1.01902299072, 1.03608907346, 1.01106003926, 7.99019625808, 1.15141376811, 0.961782898988, 403.297362189, 1.04833145854, 2.78377505463, 1.00075890759, 4.89854222982, 1.07358727306, 815.203613661, 20.2706143269
1.16293677607, 1.000000835, 1.7071620172, 0.922500208893, 2.50972995053, 0.790313718667, 4.7187426518, 1.15774451135, 0.976998699641, 1.24433476729, 5.65821101662, 0.85779917234, 2.34716972078, 0.952394926279, 1.09000010853, 1.04041113293, 1.04811235834, 1.05665565522, 7.52391285546, 1.14458557007, 0.960623595875, 652.361093554, 1.09421325882, 3.09060493966, 0.982147737838, 4.12461695737, 0.908207114731, 700.843416962, 20.3159431295
4.20786124286, 1.00000019176, 1.22575404533, 1.08005357844, 6.74699247893, 0.850827123011, 5.15769663583, 1.09670826179, 0.992872699971, 1.32337587916, 4.81649585938, 1.17497497583, 2.63087326336, 0.971321335164, 1.09000033071, 1.03250746061, 1.03364253587, 1.15926340623, 9.19219370073, 1.18372229555, 0.905264032289, 219.633031029, 1.02906401429, 5.54575659966, 1.11973174636, 1.3976555414, 0.94028556939, 664.041144366, 20.693350637
2.44729315877, 1.00000050369, 1.668991299, 1.10851053129, 4.63273172028, 0.750250295062, 2.37148292999, 1.15193015763, 0.985614285943, 5.25019043448, 5.24540673696, 1.14455750233, 3.4915747327, 0.849310079113, 1.09000080494, 1.01852377963, 1.02705553992, 1.14748829991, 4.70754338512, 1.03082255427, 0.874064248942, 260.584414139, 1.13889205898, 3.77641762127, 1.03445275291, 3.34260695415, 1.04229694261, 500.414784584, 33.9568300202
4.37145181864, 1.00000033829, 1.71477665521, 1.19433443447, 2.80730145624, 0.852450752883, 5.80930206205, 1.08044891171, 0.955840137949, 3.93734528797, 5.6263221455, 1.05694242235, 2.98671585061, 1.11420372593, 1.09000052905, 1.06847692102, 1.03929445819, 1.19558238114, 9.11889022774, 1.1011328301, 0.830436000311, 543.63030523, 1.14047115301, 2.23745601107, 1.03322009086, 3.24820054765, 1.27975347411, 551.699281553, 26.096448297
1.74200999907, 1.0000003352, 1.13355404642, 0.89006289371, 5.04843413598, 0.763989317135, 5.18241588618, 1.23556810568, 0.925365475452, 2.89915711392, 4.94283185852, 1.16783190892, 1.53343569592, 0.996022122532, 1.09000043819, 1.02922324194, 1.04770972322, 0.966646451074, 8.71761759267, 0.968601731483, 0.956341679584, 946.107031231, 1.19597778533, 3.58903232031, 1.07629464216, 3.38665184888, 1.01421688414, 576.118239942, 25.0945745162
2.35102814327, 1.00000008916, 1.38928029133, 1.1265396244, 2.12041511852, 0.968428586251, 1.47633780006, 1.05076372945, 0.976036878232, 3.68755876078, 5.65821101662, 1.18119076319, 1.25230605809, 1.1854097173, 1.09000041681, 1.01146131621, 1.02162028775, 0.996371227407, 7.3671749778, 1.14925616744, 0.89555865038, 914.83808764, 0.935380289973, 3.09060493966, 1.09927890822, 2.23936651051, 1.08775040749, 509.611832296, 33.723023583
4.43621264413, 1.00000043488, 1.23620792697, 0.973099802319, 5.04732383488, 0.854553570029, 2.61829441612, 1.12619540492, 0.911681251489, 4.31643264403, 5.06162184198, 1.15049445502, 2.50173984885, 0.973831033957, 1.09000053054, 1.083689296, 1.01733149689, 1.14646341837, 8.80506242042, 0.939780586737, 0.910585484211, 392.878607963, 0.92283927844, 5.45038586049, 1.12149852043, 4.41291748108, 1.04033890122, 687.033658089, 22.2408994083
2.40519747492, 1.00000081407, 1.4794312354, 1.00441531556, 2.21922983773, 0.905423588707, 3.20384573002, 1.08038783886, 0.943484186785, 5.68396217791, 5.87396346168, 0.847243162582, 1.88618169759, 0.885673497672, 1.0900004534, 1.05284473304, 1.0450780967, 0.849876533116, 6.98066925503, 0.960250291244, 0.845294819682, 194.658277178, 0.920898805649, 4.3572880222, 1.19019241539, 5.00539288724, 1.29389619282, 768.618730002, 20.8580398633
5.36702845812, 1.00000007995, 1.14159132954, 1.10293742341, 4.2458434925, 0.981909793046, 1.19077507215, 1.19419818509, 0.999105738618, 3.96140178606, 6.15474297516, 1.08907224339, 3.67949904291, 1.13692919473, 1.09000057855, 1.02749932027, 1.00383408039, 1.18596521869, 7.47329421836, 0.938536037421, 0.863883083824, 84.2082329662, 1.12256717231, 4.80814956227, 0.994420085426, 2.57305992381, 1.02499231963, 506.901026339, 35.0175669944
5.10131515725, 1.00000032341, 1.44755551194, 0.953032997143, 6.74984325372, 0.879953287979, 4.71282824894, 1.07779046658, 0.993188004164, 3.85998465989, 5.4833883318, 1.11932775363, 3.42382067839, 0.885522643508, 1.09000033505, 1.1036497442, 1.01813694852, 0.879932082033, 6.99541716509, 1.07118243495, 0.839915627707, 295.760430794, 1.02400519016, 1.7118766711, 1.09990273106, 2.78414737147, 1.24960707811, 552.559150795, 33.0223631235
1.65114755297, 1.00000059037, 1.54191029525, 1.12352521495, 6.86250496697, 0.968264820716, 3.25151732254, 1.18067752368, 0.978007446385, 4.68935127901, 4.82503317687, 1.03791238246, 4.03543351694, 1.08427722747, 1.09000038156, 1.05958660734, 1.0483447875, 0.873890096442, 4.92671880632, 0.940369070832, 0.869930546925, 699.552786834, 1.19794578192, 3.41877701038, 0.974380376994, 3.09334293651, 1.02773620306, 601.591898242, 25.3738013641
3.45628822411, 1.00000007995, 1.14159132954, 1.10293742341, 4.2458434925, 0.981909793046, 1.19077507215, 1.19419818509, 0.933517477607, 3.96140178606, 5.61092448388, 1.08907224339, 3.67949904291, 1.13692919473, 1.09000057855, 1.08938092235, 1.00383408039, 1.18596521869, 7.47329421836, 0.938536037421, 0.863883083824, 84.2082329662, 1.12256717231, 4.80814956227, 0.994420085426, 2.57305992381, 1.02499231963, 697.405761596, 22.3418461262
2.54783810873, 1.00000044212, 1.17598667031, 0.938299364567, 5.17233634994, 0.774830741106, 1.98246740983, 1.24915097721, 0.90438653338, 1.32337587916, 5.06511718417, 1.12929524053, 5.03579198043, 0.87407005088, 1.09000077811, 1.03250746061, 1.03364253587, 1.22864798672, 7.3001701762, 0.913422850679, 0.959583360503, 715.072242274, 0.973520824322, 4.26196475439, 1.12580843658, 1.25896353063, 0.885690877228, 841.510457647, 21.5768251554
3.22036905243, 1.00000080035, 1.26217358325, 0.995586979924, 5.82230425684, 0.73149069112, 1.8764507104, 1.20040090128, 0.949555597088, 2.75267155971, 6.04585207574, 0.864116372897, 2.31044511614, 1.03515753747, 1.09000014927, 1.0744348857, 1.03838130281, 0.998202193244, 8.14438902907, 1.03348266971, 0.825002683193, 146.479811095, 1.18758530362, 1.96168767965, 1.05216512676, 1.55697938376, 0.990206014327, 952.977691978, 21.4750264729
1.06784322075, 1.00000037292, 1.31645697179, 0.830610459035, 4.99611748907, 0.928093022151, 3.63028885402, 1.0505730138, 0.951886510242, 5.15733805503, 6.18710083412, 1.19365690875, 3.0676347174, 1.08971168181, 1.09000054535, 1.05142777318, 1.04410923955, 0.836813279386, 8.91579258492, 1.08975048885, 0.905029358738, 547.859946412, 1.09371901998, 2.88937171357, 1.18663642927, 4.35353347801, 1.07295451895, 558.895165134, 36.5415143683
1.51913469444, 1.00000096163, 1.70910159323, 1.04707535209, 6.9212401796, 0.745375266369, 5.76500350216, 1.00172253889, 0.978332458376, 4.85200784423, 5.72061323258, 1.10676743796, 2.01602912089, 0.90778371686, 1.09000006324, 1.04532283313, 1.04830282717, 0.882611869316, 9.60440994121, 1.06018221684, 0.773780396156, 456.863493928, 1.0173037614, 3.0984052295, 1.11395739936, 1.57315305155, 1.06956686625, 571.490001114, 34.1503089883
4.20786124286, 1.00000019176, 1.22575404533, 1.08005357844, 6.74699247893, 0.850827123011, 5.15769663583, 1.09670826179, 0.992872699971, 5.66603716532, 4.81649585938, 1.17497497583, 2.63087326336, 0.971321335164, 1.09000033071, 1.1003656843, 1.02224023563, 1.15926340623, 9.19219370073, 1.18372229555, 0.905264032289, 219.633031029, 1.02906401429, 5.54575659966, 1.11973174636, 5.29469858337, 0.94028556939, 688.976850524, 27.1929948612
4.73219932161, 1.00000098845, 1.70406525119, 1.18461990766, 6.79335692974, 0.940698423772, 1.53149666131, 1.04332116924, 0.94336237311, 5.22001482612, 4.84766091997, 0.831650836512, 2.52974570874, 1.03053071152, 1.09000003539, 1.08966411794, 1.03052962871, 1.06137616413, 8.1727169484, 1.12326761641, 0.978711377141, 264.52742292, 1.11330130561, 5.21070246773, 1.19294070035, 3.92114058192, 1.1249524904, 695.612870311, 26.4253061603
4.01896866346, 1.00000025746, 1.12899720914, 1.20880645749, 2.95279959337, 0.87652116001, 3.72885366455, 1.20059473735, 0.921031592391, 1.38714997717, 5.27465398098, 0.952790441705, 3.29541408414, 0.976064519222, 1.09000054873, 1.09794494006, 1.02157734084, 1.06878547026, 3.67335632572, 1.18981143584, 0.776733654024, 996.65541522, 1.16532968457, 5.97661215789, 1.03187993155, 3.77943175793, 0.994286736172, 764.57171647, 22.9526020448
4.20786124286, 1.00000019176, 1.2801094588, 1.08005357844, 6.74699247893, 0.850827123011, 5.15769663583, 1.20279639762, 0.992872699971, 5.66603716532, 4.81649585938, 1.17497497583, 2.63087326336, 0.971321335164, 1.09000033071, 1.1003656843, 1.02224023563, 1.15926340623, 8.17706815833, 1.18372229555, 0.905264032289, 219.633031029, 1.02906401429, 5.54575659966, 1.11973174636, 5.29469858337, 0.908898939859, 1103.27233594, 21.5998635087
2.24420200891, 1.0000007849, 1.17311004291, 1.01372248264, 3.50223444778, 0.79440596355, 4.50092161112, 1.16253964882, 0.919216368944, 1.85234259439, 4.92329194861, 1.05008007222, 3.65726854156, 1.28612661075, 1.09000016807, 1.04320527169, 1.00840662293, 0.882740466792, 6.24181398329, 0.983107352673, 0.841936044668, 938.42605156, 1.19692519562, 5.95521416029, 1.22358381188, 5.0391431255, 1.01663636814, 1198.41017801, 21.4853071391
2.05012262162, 1.00000018069, 1.48235524976, 1.00108996028, 3.69034479843, 0.859300286097, 2.10824873132, 1.25581768253, 0.976357485726, 3.61693251656, 5.3651197349, 0.863607911961, 4.46392330229, 1.18604112679, 1.09000047646, 1.03314092682, 1.00423596307, 0.877582767949, 7.90215945836, 1.15016468989, 0.925601233459, 318.114004173, 1.19215033838, 1.41110407303, 1.09664310856, 2.55325840256, 0.96729971952, 608.286072236, 34.9152837475
2.35102814327, 1.00000024422, 1.38928029133, 1.1265396244, 1.65988081714, 0.968428586251, 1.47633780006, 1.05076372945, 0.976036878232, 3.68755876078, 6.12261635269, 0.972123500645, 1.17055077348, 1.1854097173, 1.09000041681, 1.00665685457, 1.02162028775, 0.996371227407, 7.3671749778, 1.14925616744, 0.89555865038, 914.83808764, 0.935380289973, 5.36968307746, 1.22281960975, 2.23936651051, 1.08775040749, 783.535843531, 23.8833799906
3.23459608275, 1.0000007849, 1.17311004291, 1.01372248264, 5.49976031128, 0.79440596355, 4.50092161112, 1.05516534709, 0.919216368944, 1.6035487038, 4.92329194861, 1.06146366081, 3.65726854156, 1.27910326463, 1.09000034459, 1.03527154255, 1.00099816019, 0.882740466792, 6.24181398329, 0.978725620137, 0.98667781614, 955.374387634, 1.19792307421, 3.10763799321, 1.00585244976, 5.42592027688, 1.01663636814, 834.655767537, 23.438434553
4.77580704515, 1.00000020574, 1.08883484518, 1.09528481363, 5.70738409648, 0.783759865244, 5.53732474605, 1.07113065679, 0.955682836617, 5.6790897706, 5.19028764378, 0.93835335869, 4.32126713552, 0.957258050825, 1.09000007301, 1.03292220969, 1.04993491415, 0.995324273297, 3.33215842363, 1.08959757942, 0.964695626285, 339.9031996, 1.1276152222, 3.59468788296, 1.06498074712, 5.29479979744, 0.919947103785, 1166.35528966, 23.2625931074
3.74963302719, 1.00000007279, 1.50274267674, 0.975840529101, 5.7840294902, 0.916803540351, 2.95301905316, 1.11262533654, 0.972719293881, 1.42074793631, 6.15420075935, 0.995785114216, 3.08766334275, 0.954929211292, 1.09000090059, 1.04993704353, 1.02930744896, 0.903756002545, 4.10155990294, 1.15691553321, 0.845795752629, 661.03714837, 1.06009274991, 2.2563953014, 0.999557351238, 4.10652341581, 0.952076938416, 1215.75868598, 22.6268832721
4.31280513892, 1.00000037171, 1.24710316772, 1.04732131258, 2.09288095072, 0.895979832631, 2.60733429518, 1.13296889017, 0.992889222504, 1.73834944398, 6.058985218, 0.832011600814, 3.09048231813, 1.0173740233, 1.09000010589, 1.00426022716, 1.00197560292, 1.13208138455, 3.89131303279, 1.15827883587, 0.772333197054, 98.0215954946, 1.17951047194, 5.20834740829, 0.986644692017, 3.2201643598, 1.26934884308, 633.696076068, 35.0873902494
5.51481784541, 1.00000048405, 1.59933658636, 0.974268861951, 6.36740907091, 0.762814024939, 4.53107762279, 1.25394888376, 0.917722539203, 3.92279565511, 4.71090428323, 0.918651083839, 3.0407922995, 0.945239126539, 1.09000076168, 1.03493060605, 1.01340589704, 0.90337908734, 8.19755042458, 1.1187259908, 0.798525846291, 135.11782149, 1.09147032135, 4.0994781092, 0.950025132125, 2.70303789601, 1.24028711905, 832.614644945, 24.8256760538
2.40519747492, 1.00000081407, 1.4794312354, 1.00441531556, 2.21922983773, 0.905423588707, 3.20384573002, 1.08038783886, 0.943484186785, 5.68396217791, 5.87396346168, 0.847243162582, 1.88618169759, 0.885673497672, 1.0900004534, 1.05284473304, 1.0450780967, 0.849876533116, 7.17330460235, 0.960250291244, 0.845294819682, 194.658277178, 0.920898805649, 4.3572880222, 1.19019241539, 5.00539288724, 1.2893697238, 853.256735848, 24.6581322675
2.46473207868, 1.00000085153, 1.60519379898, 1.0226423244, 2.65197519071, 0.857204052793, 2.84161739934, 1.01120666009, 0.914330599731, 4.11662789791, 5.05116171656, 0.990761425008, 3.40470798102, 1.27397244277, 1.09000009039, 1.03799545377, 1.00382334503, 1.21222567868, 4.98209189809, 1.00498285689, 0.825002683193, 512.769677006, 1.1207867362, 5.22301411358, 1.1051495887, 3.38173892698, 1.26898126867, 957.587245399, 24.6090467131
3.22036905243, 1.00000080035, 1.26217358325, 0.955730996098, 5.82230425684, 0.73149069112, 1.21348688361, 1.20040090128, 0.957306235217, 2.75267155971, 5.80826085365, 0.864116372897, 2.31044511614, 1.03515753747, 1.09000014927, 1.0744348857, 1.03838130281, 0.998202193244, 8.14438902907, 1.03348266971, 0.804543038495, 667.463294324, 1.18758530362, 1.96168767965, 1.05216512676, 1.55697938376, 0.990206014327, 1456.24278977, 22.8501498319
5.17245535179, 1.0000007849, 1.17311004291, 1.01372248264, 5.49976031128, 0.79440596355, 4.50092161112, 1.16253964882, 0.919216368944, 1.85234259439, 4.92329194861, 1.05008007222, 3.65726854156, 1.27910326463, 1.09000034459, 1.04320527169, 1.00840662293, 0.882740466792, 6.24181398329, 0.983107352673, 0.841936044668, 938.42605156, 1.19692519562, 3.10763799321, 1.22358381188, 5.0391431255, 1.01663636814, 1307.61615846, 23.5548243728
2.47752116304, 1.00000042398, 1.64246972885, 1.20365318265, 2.7935518094, 0.898190983795, 2.37982217024, 1.00231659642, 0.959198555347, 5.86849722101, 5.50134223114, 0.984816837579, 1.18481242066, 0.877228289419, 1.09000098847, 1.10157507992, 1.01446045309, 0.826291920528, 3.13569827853, 1.10880151575, 0.950287050958, 615.74936833, 1.07986423716, 3.47781357702, 1.20532451482, 5.21014167274, 1.14717432212, 831.878824259, 36.1542119901
4.75424400921, 1.00000001893, 1.30466879295, 1.13721070258, 4.77491802241, 0.93145563808, 2.51733790457, 1.08793001002, 0.91685750036, 4.610293443, 5.5955200031, 1.15742776015, 3.35745501831, 1.21063507276, 1.09000062605, 1.07019681074, 1.00118287378, 0.83084497164, 6.25952045482, 0.956508854604, 0.783112233977, 674.324694289, 1.01336363392, 2.61134688949, 1.05864327368, 2.80228142012, 1.28511731199, 662.514608174, 37.6326214657
1.74200999907, 1.0000003352, 1.13355404642, 0.89006289371, 5.04843413598, 0.763989317135, 2.91363735934, 1.08790176014, 0.94543654781, 2.89915711392, 4.94283185852, 0.955472880962, 2.06839430984, 1.15885529738, 1.09000043819, 1.02922324194, 1.03585629187, 0.966646451074, 5.38414503509, 0.968601731483, 0.956341679584, 873.903631895, 1.09984455094, 1.31385108822, 1.07629464216, 3.38665184888, 1.13834632118, 756.469932692, 37.2500207942
2.39453858435, 1.00000031729, 1.12899720914, 1.20880645749, 2.95279959337, 0.87652116001, 3.72885366455, 1.20059473735, 0.921031592391, 1.38714997717, 5.27465398098, 0.910726218209, 3.29541408414, 0.976064519222, 1.09000054873, 1.09794494006, 1.02157734084, 1.06878547026, 3.67335632572, 1.18981143584, 0.883121488035, 996.65541522, 1.16532968457, 2.19572928972, 1.03187993155, 3.77943175793, 0.884508809771, 878.026980434, 24.7541782486
3.48976057744, 1.00000001212, 1.66839549267, 1.10319621308, 3.14870463336, 0.999620831444, 5.17987446097, 1.18081647495, 0.986349345728, 3.07152424173, 6.07816958311, 1.10353468131, 5.01661525399, 0.997753018143, 1.0900002061, 1.0988926079, 1.01835780361, 0.866769581757, 4.78492565991, 0.923532039271, 0.807998520363, 169.783805007, 1.18927982603, 1.31053104314, 1.03281573121, 4.87188253632, 1.07004092793, 1519.67824325, 23.5310148308
2.68708975091, 1.00000076128, 1.48150556558, 0.805942301793, 5.43694372691, 0.714828774337, 3.95730384921, 1.2345764403, 0.954401334341, 3.3145518964, 5.43381073573, 0.89910739554, 4.5612086052, 1.12324690157, 1.09000007779, 1.01035229968, 1.04858383192, 1.1309426913, 4.12391332389, 1.06510507485, 0.927657407884, 541.207500925, 1.07069127811, 3.76621587447, 1.19333138464, 5.35333803116, 1.10011482241, 1340.07261081, 24.2598878686
5.51481784541, 1.00000048405, 1.59933658636, 0.812507950481, 6.36740907091, 0.762814024939, 4.53107762279, 1.25394888376, 0.917722539203, 3.92279565511, 5.65821101662, 0.918651083839, 3.0407922995, 0.945239126539, 1.09000076168, 1.03493060605, 1.02162028775, 0.90337908734, 7.3671749778, 1.1187259908, 0.829720201851, 135.11782149, 1.09147032135, 4.0994781092, 0.950025132125, 2.70303789601, 1.08775040749, 701.526309485, 38.5753044026
2.47752116304, 1.00000025755, 1.64246972885, 1.12500811636, 2.7935518094, 0.898190983795, 2.37982217024, 1.00231659642, 0.959198555347, 3.1656737652, 5.50134223114, 0.984816837579, 1.18481242066, 0.877228289419, 1.09000098847, 1.10157507992, 1.01446045309, 0.826291920528, 3.27946580545, 1.10880151575, 0.912651365711, 615.74936833, 1.04611534054, 2.20903862186, 1.20532451482, 5.21014167274, 1.29391875044, 1621.85546636, 23.5382996179
3.75940351607, 1.00000046508, 1.3625356355, 1.10229449309, 1.91383004323, 0.822716381705, 5.09996868486, 1.09943585331, 0.956347037546, 2.5491326971, 5.22610019874, 1.11004968133, 1.30078308919, 1.20560892161, 1.09000063966, 1.04866732668, 1.04158858824, 1.02277496753, 4.10325026726, 0.971736536998, 0.799267523947, 349.264821867, 0.961683992314, 2.70314713047, 1.01857827048, 2.6080087883, 1.12580190825, 929.545646567, 26.4271465059
