0.64563971551, 0.948282283435, 87.1729681117, 0.67469559521, 2.75401759296, 27.2551634878, 0.760545396821, 1.32493490782, 2.04282651025, 0.0, 0.0
0.127559867714, 1.25385668496, 93.005845748, 0.485871047958, 36.2829907057, 2.36088821989, 1.51043058428, 0.782048422418, 9.26228583774, 0.020176914613, 0.277777777778
0.127559867714, 1.0606759418, 86.5029718647, 0.65045825504, 36.2829907057, 2.36088821989, 1.51043058428, 4.76232224885, 9.26228583774, 0.021184244482, 0.118644067797
0.127559867714, 1.0606759418, 86.5029718647, 0.65045825504, 36.2829907057, 2.36088821989, 1.51043058428, 4.76232224885, 9.26228583774, 0.0255537975994, 0.0576923076923
0.557303402079, 1.0737950194, 89.1970497836, 0.694166567818, 2.9825572411, 1.2115106091, 0.399182422202, 4.13795230386, 10.2915345578, 0.0460743216977, 0.0
0.321142335456, 1.08585679026, 92.621950298, 0.684718003758, 28.0869078029, 4.28599755389, 0.785356399553, 1.13168270054, 19.3116899203, 0.0499764394629, 0.0
0.411689996071, 1.18020293244, 92.621950298, 0.559591927029, 9.0312265397, 1.34854772164, 0.50311981091, 3.45088372433, 5.81570499729, 0.0453218126029, 0.3
0.411689996071, 1.09271806374, 81.1056888907, 0.525751464997, 62.8798289162, 1.34854772164, 0.987081811751, 0.139043229585, 9.0325160818, 0.0350696702629, 0.5
0.321142335456, 1.08585679026, 81.1056888907, 0.684718003758, 28.0869078029, 4.28599755389, 1.89769269767, 1.13168270054, 13.4739241085, 0.0532502257357, 0.0
0.377864731927, 0.824035282709, 85.4671314206, 0.462276443084, 95.5591356663, 3.08727109352, 1.76460755093, 3.6177269419, 14.4431256596, 0.0640030286286, 0.0
0.411689996071, 0.985400252441, 92.621950298, 0.559591927029, 9.0312265397, 1.14948261345, 0.50311981091, 3.45088372433, 3.16734005794, 0.0527955931294, 0.611111111111
0.644854825142, 1.20521613336, 86.5029718647, 0.65045825504, 39.9258700451, 5.7230108858, 0.666220046612, 4.76232224885, 15.5559665421, 0.0683860418113, 0.0
0.172005911764, 1.00184892436, 80.0081357423, 0.584274276044, 11.1837480484, 30.0981861545, 0.0204086390174, 1.20417858097, 18.4274926238, 0.0907370449381, 0.0
0.205051343891, 1.16819614641, 89.5388495981, 0.509259642547, 32.6302065467, 26.980788726, 0.880520086129, 0.914166247302, 16.9993175033, 0.111637022982, 0.0
0.377864731927, 0.824035282709, 85.4671314206, 0.409808702677, 95.5591356663, 3.08727109352, 1.76460755093, 3.6177269419, 14.4431256596, 0.0818480276261, 0.169230769231
0.309467548559, 1.02431074982, 90.0667221714, 0.630427732852, 23.1258957398, 11.2054109141, 1.92118480327, 4.44400873529, 2.44604179937, 0.110970113284, 0.0652173913043
0.7999772412, 1.07238136387, 91.5931476234, 0.581408460359, 36.1616782189, 4.05163135514, 1.52096671856, 0.749036400491, 15.7633687354, 0.117877931147, 0.0
0.377864731927, 0.824035282709, 92.0733268391, 0.409808702677, 99.6853643624, 3.08727109352, 0.169990015362, 3.6177269419, 14.4431256596, 0.0776341113285, 0.439024390244
0.428707466518, 1.25973824058, 82.8090639464, 0.642749659751, 42.9198619468, 1.2115106091, 1.29596272402, 4.13795230386, 17.6270075585, 0.0805685440846, 0.452380952381
0.124855652562, 1.09939202328, 83.2882281694, 0.490471493442, 74.4865606551, 7.77298431783, 0.919930129275, 4.94691413755, 1.54281747201, 0.0813950356438, 0.608695652174
0.172005911764, 1.00184892436, 80.0360748525, 0.651258454984, 11.1837480484, 9.09177050389, 0.666220046612, 1.20417858097, 5.42271732315, 0.0828608222282, 0.304347826087
0.321142335456, 1.08585679026, 81.1056888907, 0.51877333863, 28.0869078029, 4.28599755389, 1.89769269767, 2.07116721314, 13.4739241085, 0.093883202603, 0.173913043478
0.447307222493, 1.10304333603, 93.0044288704, 0.690824613166, 72.0863391973, 7.26681351597, 1.52750383712, 0.311908339779, 7.37367551794, 0.123287221012, 0.0384615384615
0.250431138779, 1.02691950394, 88.3052636583, 0.614305752617, 57.0669859821, 11.7761297983, 1.23054020285, 3.6594243222, 17.0973455366, 0.129887164662, 0.0
0.428707466518, 0.92294888093, 82.3332639927, 0.642749659751, 42.9198619468, 1.2115106091, 1.85648619612, 4.13795230386, 17.6270075585, 0.0841165259903, 0.465753424658
0.218620679028, 1.03493496992, 90.202801858, 0.495849914481, 4.75701318619, 5.30934330921, 1.08736522892, 0.719513225267, 17.8647941349, 0.103018649285, 0.238095238095
0.323182061644, 1.25385668496, 93.005845748, 0.485871047958, 2.75401759296, 2.36088821989, 1.51043058428, 2.16337463683, 9.26228583774, 0.085763097321, 0.548780487805
0.411689996071, 1.09271806374, 92.621950298, 0.525751464997, 5.29888914825, 1.34854772164, 0.987081811751, 0.139043229585, 9.0325160818, 0.0904568534899, 0.555555555556
0.11143807878, 1.00892003668, 90.8423741691, 0.411732718941, 90.5641345511, 14.7606211203, 1.57430685265, 1.87018954599, 17.9630413969, 0.103764327909, 0.266666666667
0.735607386984, 1.17221896002, 89.5873751084, 0.654557117555, 0.0468587081757, 38.7666872892, 0.939855711138, 3.65021942802, 16.3937688539, 0.140223649782, 0.0
0.111369747709, 1.00892003668, 90.2480282891, 0.411732718941, 90.5641345511, 14.7606211203, 1.36645210597, 1.56875340458, 16.8837506797, 0.102716570966, 0.36170212766
0.212923415093, 1.05962588739, 94.5807840442, 0.66439468531, 23.1965362279, 25.7996732783, 0.176049762007, 4.37471937647, 17.1511804963, 0.142629375453, 0.0
0.109491624784, 1.10630336064, 81.789467599, 0.411732718941, 90.5641345511, 14.7606211203, 1.36645210597, 1.61694819345, 18.760567611, 0.100929622602, 0.469387755102
0.31538383132, 1.25551249215, 88.6278819669, 0.61316335247, 85.4325875168, 4.55476801092, 1.24100703584, 1.58712090646, 7.80815638654, 0.106093895111, 0.357142857143
0.130665090506, 1.09939202328, 90.4990218033, 0.490471493442, 74.4865606551, 26.8221343839, 0.919930129275, 4.87731058836, 1.54281747201, 0.101648308195, 0.72
0.794436000828, 0.92294888093, 84.3043140199, 0.642749659751, 83.2820232264, 1.2115106091, 1.85648619612, 4.13795230386, 17.6270075585, 0.110483424527, 0.45
0.668517805811, 0.856408247357, 91.4941637108, 0.464606595929, 28.1696184725, 5.49673538613, 1.26035187269, 1.47710445707, 4.36391774441, 0.157530425871, 0.0
0.321142335456, 1.08585679026, 81.1056888907, 0.684718003758, 28.0869078029, 4.28599755389, 1.89769269767, 1.13168270054, 19.3116899203, 0.104137386757, 0.488372093023
0.198620235527, 1.18340490714, 81.6982791528, 0.654560308871, 61.7496364065, 13.2361048172, 1.88244670734, 0.980656806831, 15.1665485443, 0.131505443164, 0.139534883721
0.105012981627, 1.16291744799, 80.5079477517, 0.403850509373, 41.7022430355, 39.415620282, 1.62235673256, 4.51270505078, 19.9153568457, 0.157888183838, 0.0
0.644854825142, 0.84455479243, 86.5029718647, 0.65045825504, 39.9258700451, 5.7230108858, 1.41897989784, 4.76232224885, 15.5559665421, 0.158037893191, 0.0
0.783651942369, 1.00178944503, 86.6373869323, 0.543894217222, 79.7657724984, 14.4350201184, 0.186592386393, 1.61694819345, 18.760567611, 0.159882770084, 0.0
0.211194807884, 1.10304333603, 93.0044288704, 0.627889284979, 72.0863391973, 7.26681351597, 1.52750383712, 0.311908339779, 7.37367551794, 0.145395325114, 0.15873015873
0.211194807884, 1.10304333603, 93.0044288704, 0.627889284979, 72.0863391973, 7.26681351597, 1.52750383712, 0.311908339779, 7.37367551794, 0.128536300895, 0.442857142857
0.172005911764, 0.84455479243, 80.0360748525, 0.651258454984, 11.1837480484, 9.09177050389, 0.967951560963, 1.20417858097, 5.42271732315, 0.142324444308, 0.25
0.557303402079, 1.0737950194, 89.1970497836, 0.643669828317, 2.9825572411, 7.8969605672, 1.64294170151, 0.96658722667, 10.2915345578, 0.163465237781, 0.0
0.377864731927, 0.824035282709, 85.4671314206, 0.409808702677, 95.5591356663, 3.08727109352, 1.76460755093, 3.6177269419, 14.4431256596, 0.125560679029, 0.52427184466
0.205352254111, 1.11670351656, 87.4708497293, 0.656866658637, 44.2311906338, 11.9260379957, 0.169990015362, 3.8056631013, 4.9671416287, 0.13766529774, 0.358974358974
0.172005911764, 1.00184892436, 80.0081357423, 0.584274276044, 11.1837480484, 9.09177050389, 0.0204086390174, 1.20417858097, 18.4274926238, 0.169259908252, 0.0
0.250431138779, 1.02691950394, 88.3052636583, 0.614305752617, 13.0924405228, 11.7761297983, 1.23054020285, 3.6594243222, 17.0973455366, 0.204732255431, 0.0
0.19805650389, 0.897987784449, 93.2278194326, 0.592829276392, 81.5770713616, 14.9504984208, 1.81221152285, 4.98640844128, 19.5017472239, 0.173821608225, 0.0277777777778
0.31538383132, 0.92294888093, 82.3332639927, 0.61316335247, 86.1452966604, 4.55476801092, 1.85648619612, 1.58712090646, 7.80815638654, 0.142252959309, 0.408163265306
0.178028129638, 0.878644961967, 84.0693320529, 0.598930739701, 52.9880539938, 40.8493009075, 1.89510525724, 0.899368186772, 4.89255351545, 0.205874846204, 0.0
0.100433735966, 0.879329683235, 93.9066029523, 0.547339310972, 51.8416411143, 31.0083009275, 1.36645210597, 4.19929400023, 16.8837506797, 0.168676064458, 0.0769230769231
0.11143807878, 1.00892003668, 90.8423741691, 0.411732718941, 90.5641345511, 14.7606211203, 1.36645210597, 2.98653852742, 16.8837506797, 0.153301094035, 0.324324324324
0.525375418462, 1.22533928394, 91.1256989318, 0.672445123908, 0.408820200678, 11.0543158418, 1.39453424503, 3.57685501039, 13.6771753708, 0.208564698093, 0.0
0.7999772412, 1.07238136387, 91.5931476234, 0.581408460359, 36.1616782189, 7.77298431783, 0.402779839686, 2.80157552438, 15.7633687354, 0.210357846276, 0.0
0.100433735966, 0.879329683235, 93.9066029523, 0.547339310972, 51.8416411143, 31.0083009275, 1.57430685265, 1.87018954599, 8.88353755299, 0.186566925423, 0.0666666666667
0.333637541021, 0.956626868724, 87.6197775797, 0.695862156605, 51.2173977098, 19.0343794582, 0.350250433465, 0.749036400491, 15.8661522334, 0.230722172348, 0.0
0.179700345986, 1.14333335895, 93.435618751, 0.545826144877, 17.3370019457, 22.1914778395, 1.01629280144, 1.19788746984, 3.14820625727, 0.182285911552, 0.108108108108
0.571737064938, 0.956783852547, 82.0256449142, 0.691923142227, 23.587733856, 40.7911883228, 0.824529917934, 4.66305417706, 17.4308683626, 0.239265988868, 0.0
0.205051343891, 1.07081093984, 86.3996236195, 0.509259642547, 32.6302065467, 26.980788726, 0.442427573417, 3.70030829314, 16.9993175033, 0.245428718774, 0.0
0.152717943734, 1.21945426551, 93.9770347694, 0.529652206595, 8.08217594059, 33.6238045262, 1.00768813868, 3.79540511494, 2.04398720255, 0.192372097018, 0.130434782609
0.309467548559, 1.02431074982, 92.9569033157, 0.559980975985, 23.1258957398, 11.2054109141, 1.98657022139, 4.44400873529, 2.44604179937, 0.158036037493, 0.48275862069
0.613832715853, 0.850772262235, 92.7792428839, 0.51539667702, 15.9873140229, 9.93828919051, 1.62452408648, 2.64453234335, 3.27629674817, 0.227587232972, 0.0588235294118
0.264974987572, 1.15284125691, 89.5388495981, 0.565750220188, 4.15976939692, 17.377687307, 0.880520086129, 1.95533411378, 5.00366360766, 0.255797748229, 0.0
0.110158742234, 0.958173827625, 94.0635848622, 0.548204854641, 37.514449277, 47.6494898814, 1.16223201485, 3.14973682287, 4.03852628271, 0.177592131904, 0.214285714286
0.18138397097, 1.01153602122, 83.5613330006, 0.564195766753, 40.5763020439, 33.0802244894, 1.97398256951, 2.03912183632, 4.02660215256, 0.243353195044, 0.04
0.794436000828, 0.92294888093, 84.3043140199, 0.642749659751, 83.2820232264, 7.8969605672, 1.01885820576, 0.96658722667, 17.6270075585, 0.25812659108, 0.0
0.326695632374, 1.1786332909, 82.3919886687, 0.453359913672, 47.114618854, 4.55476801092, 0.158624446946, 2.50821991492, 13.9236408728, 0.172615108124, 0.25
0.358621669326, 1.06336516753, 85.8944860058, 0.65450630946, 9.89727626403, 12.8923444785, 1.6096883861, 1.84238566869, 3.50802765489, 0.195741309607, 0.163265306122
0.250431138779, 1.02691950394, 88.3052636583, 0.614305752617, 57.0669859821, 11.7761297983, 1.23054020285, 3.6594243222, 17.0973455366, 0.182301858549, 0.176470588235
0.518604450512, 0.923472671054, 92.1073940372, 0.569393450063, 82.4128721163, 16.5517080743, 1.53991619123, 4.65557858163, 14.0576919859, 0.258300823707, 0.0
0.7999772412, 1.07238136387, 91.5587392514, 0.581408460359, 36.1616782189, 7.77298431783, 0.402779839686, 2.80157552438, 19.2274303815, 0.260774222223, 0.0
0.619896777818, 1.07155717317, 81.2198502041, 0.685314212835, 14.5886803786, 14.8981867557, 1.6821815907, 4.04125681114, 17.4161521316, 0.269567536435, 0.0
0.457115963244, 0.936488611528, 92.5898590541, 0.418446099271, 17.0775260596, 37.7360672319, 0.856252933606, 2.40978553437, 13.4616332459, 0.282312843741, 0.0
0.205352254111, 1.11670351656, 87.4708497293, 0.608879385857, 44.2311906338, 11.9260379957, 0.169990015362, 3.8056631013, 4.9671416287, 0.196313653675, 0.24
0.717900000922, 1.00884750576, 89.976581318, 0.441525605702, 30.3809825435, 16.3857392957, 1.23230545423, 4.16084533554, 18.1432301351, 0.283106525769, 0.0
0.393617193905, 1.05641674327, 86.4713775664, 0.548782308987, 29.1400832338, 18.7118642082, 1.19943976489, 1.77597510616, 16.9406508025, 0.278887126793, 0.0277777777778
0.212923415093, 0.938789462011, 94.5807840442, 0.651076232177, 23.1965362279, 25.7996732783, 0.141414488921, 4.16084533554, 15.4996517886, 0.283775623381, 0.0
0.152717943734, 1.21945426551, 93.9770347694, 0.529652206595, 27.2187227127, 13.2361048172, 0.712481673884, 0.96658722667, 10.2915345578, 0.191705326101, 0.3
0.110158742234, 0.958173827625, 94.0635848622, 0.548204854641, 71.926817526, 47.6494898814, 1.16223201485, 3.14973682287, 4.03852628271, 0.248386181014, 0.0857142857143
0.211194807884, 0.844725450565, 82.1310062745, 0.627889284979, 12.9650498144, 28.9050194534, 0.846766350702, 0.0209473664588, 15.6759016055, 0.316007495626, 0.0
0.198620235527, 1.02962954597, 81.6982791528, 0.654560308871, 61.7496364065, 33.6238045262, 1.88244670734, 0.980656806831, 12.6629869531, 0.333863360574, 0.0
0.152717943734, 1.21945426551, 93.9770347694, 0.529652206595, 27.2187227127, 13.2361048172, 0.712481673884, 4.65557858163, 10.2915345578, 0.177907546204, 0.473684210526
0.591270181905, 0.923252313956, 88.0723528491, 0.559473011828, 65.7288004605, 26.8759217104, 1.22156014468, 1.47710445707, 10.8728896775, 0.336826566607, 0.0
0.130665090506, 1.09939202328, 83.2882281694, 0.490471493442, 74.4865606551, 41.3316093971, 0.919930129275, 4.87731058836, 1.54281747201, 0.183057706546, 0.444444444444
0.218387421924, 0.878644961967, 90.7210116548, 0.598930739701, 52.9880539938, 40.8493009075, 1.89510525724, 0.899368186772, 4.89255351545, 0.283026519545, 0.0526315789474
0.447307222493, 1.10304333603, 93.0044288704, 0.690824613166, 72.0863391973, 7.26681351597, 1.52750383712, 0.311908339779, 7.37367551794, 0.21970838297, 0.186440677966
0.205352254111, 1.0335287279, 85.4671314206, 0.656866658637, 44.2311906338, 11.9260379957, 1.76460755093, 3.8056631013, 4.9671416287, 0.187129439618, 0.412698412698
0.777355928929, 1.11415676794, 88.0404279642, 0.643151971588, 14.4389973717, 19.2428397287, 1.89430984542, 3.47043953387, 13.0694625316, 0.337042103275, 0.0
0.518604450512, 0.923472671054, 87.6305431907, 0.569393450063, 16.9837268006, 16.5517080743, 1.53991619123, 4.65557858163, 16.1414870426, 0.322497498239, 0.030303030303
0.415611567277, 1.13583525649, 94.252543653, 0.555853925178, 80.2917161205, 36.638468626, 0.537594064052, 3.87842412845, 16.5709668356, 0.365369613277, 0.0
0.309467548559, 1.02431074982, 92.9569033157, 0.559980975985, 23.1258957398, 11.2054109141, 1.62452408648, 4.44400873529, 2.44604179937, 0.204478090027, 0.35593220339
0.393617193905, 1.05641674327, 86.4713775664, 0.553624556812, 70.2152515841, 18.7118642082, 1.19943976489, 1.77597510616, 16.9406508025, 0.373771007726, 0.0
0.518604450512, 0.923472671054, 87.6305431907, 0.569393450063, 16.9837268006, 16.5517080743, 1.53991619123, 4.65557858163, 17.1336704434, 0.375968449879, 0.0
0.326695632374, 1.1786332909, 82.3919886687, 0.453359913672, 14.8690828945, 26.8221343839, 0.57109469003, 2.50821991492, 13.6836356725, 0.380877907156, 0.0
0.484199290928, 0.99130373085, 86.2871578619, 0.665509592257, 27.6023455756, 34.5613589436, 1.59018810639, 2.89851962061, 12.9663198398, 0.388656901673, 0.0
0.250431138779, 1.02691950394, 91.1256989318, 0.672445123908, 0.408820200678, 11.0543158418, 1.39453424503, 3.57685501039, 13.6771753708, 0.206453192328, 0.327102803738
0.61167444597, 1.16692471819, 90.4990218033, 0.687000113527, 48.5985064318, 40.2501550132, 0.813547652572, 2.64659751807, 9.85767807295, 0.42550677757, 0.0
