4.91064956045, 1.18239090926, 1.57723975095, 1.00000029444, 6.07145148839, 1.05681404455, 5.93313324311, 1.26000095346, 1.00000024168, 5.27468934012, 3.35647392632, 1.09220954842, 1.62636316876, 1.05904466239, 1.07552838012, 1.51504640074, 1.05414669528, 1.10982454133, 3.27936012095, 1.00000000657, 1.00000058364, 88.1347594978, 0.976238950438, 1.72984000903, 0.961150902329, 4.15368395199, 0.870000053574, 331.358891037, 1.07238605898
1.94529199208, 1.24671774837, 1.47018756666, 1.00000095349, 6.45158739538, 1.16450558831, 1.31809723138, 1.26000072036, 1.00000000408, 5.10490023368, 3.56080062604, 1.06887110604, 1.07709231239, 1.10988646462, 1.00776754637, 1.29825345723, 1.05243824085, 1.02802432113, 7.40701069692, 1.00000048701, 1.00000095343, 79.8422094348, 1.07424741949, 4.22947779423, 1.01032875157, 3.87699762712, 0.870000347805, 127.337240487, 1.34048257373
2.6588464737, 1.33901117945, 1.35088400488, 1.00000004967, 5.09509212322, 1.18525508528, 2.71270819265, 1.26000048447, 1.00000030067, 5.92690156112, 4.02664277036, 1.01147134328, 1.09215497307, 1.10340403951, 1.00961517452, 1.09804009343, 1.11613096522, 1.03133938848, 7.65002841751, 1.00000065256, 1.00000014543, 91.8238329288, 0.931754665901, 4.29278373924, 1.06472885383, 4.18327062765, 0.870000541541, 353.161232937, 0.0
3.44600582574, 1.02379909777, 1.72853724486, 1.00000095681, 5.64765389878, 1.0607403552, 4.73456900966, 1.26000083474, 1.0000005561, 5.79027416226, 3.89273718631, 1.0913799712, 3.8017790703, 1.0987733635, 1.01133231347, 1.16795882686, 1.0538817565, 1.07282511648, 5.4991939408, 1.00000066455, 1.00000021477, 77.3386499285, 1.0311658771, 3.98618014977, 0.996022270817, 3.82738939919, 0.870000881863, 150.338734254, 2.68096514745
2.13468597689, 1.0523174156, 1.58892197912, 1.00000002611, 6.84280886454, 1.15351266639, 4.3096960887, 1.26000054775, 1.00000065622, 5.16102117961, 6.49701716928, 1.09173993094, 1.34453472237, 1.00855635144, 1.00784493557, 1.49690489641, 1.13098012897, 1.07188744022, 7.53844000114, 1.00000067513, 1.00000054487, 107.841660458, 1.06491410079, 5.82326862972, 1.02284695201, 4.26718613743, 0.870000855101, 180.090563211, 1.60857908847
1.01864634196, 1.07364738008, 1.46570388437, 1.00000030548, 5.58548779096, 1.04498318943, 5.52930395573, 1.26000097604, 1.0000001476, 5.01203595171, 5.6484367849, 1.05096001684, 1.98127880599, 1.03390982905, 1.04882127953, 1.43309350754, 1.14543033338, 1.10749202557, 5.37259714138, 1.00000084402, 1.00000003845, 81.6426194375, 0.977967839828, 3.33915698064, 0.957916295453, 3.31669442015, 0.870000661539, 518.118049186, 0.0
5.0488441314, 1.07892425818, 1.64904271304, 1.00000052848, 4.60890939798, 1.15090305331, 4.0552621643, 1.26000016862, 1.00000042038, 5.18385840057, 3.82654396428, 1.04642130138, 3.81082539438, 1.06645316546, 1.03554904162, 1.1017113515, 1.08288151212, 0.960062584327, 4.5800837732, 1.00000091248, 1.00000007554, 101.488668907, 1.04800089689, 2.59868877609, 1.05163961709, 4.33063277703, 0.87000049252, 244.513720292, 2.41286863271
4.84206005277, 1.14546731738, 1.53273658816, 1.0000001835, 5.88961832212, 1.0485278118, 4.43352120005, 1.2600003652, 1.0000005036, 6.13749651684, 3.47093176067, 1.04051094738, 3.28404879706, 1.10864881399, 1.04818448568, 1.36020725862, 1.10520948547, 1.09113223024, 5.25207199653, 1.00000036456, 1.00000084939, 86.783708974, 1.04663365952, 1.4681035239, 0.990152443226, 4.03762990689, 0.870000176838, 226.460904466, 6.97050938338
3.66212843199, 1.20229303896, 1.34255752227, 1.00000046721, 4.4076048072, 1.1485301827, 1.35625437627, 1.26000009926, 1.00000080583, 5.96717452337, 7.19312773019, 1.05114528352, 1.5988363801, 1.03575894268, 1.08841474514, 1.1485115936, 1.08010742432, 0.918554771928, 9.77518391869, 1.00000044033, 1.00000091231, 83.240194461, 0.979626961652, 3.78614999519, 0.958355328441, 4.30803013429, 0.870000671027, 614.237083644, 0.0
3.69994056183, 1.08464908715, 1.66759727099, 1.00000000695, 5.70129169948, 1.02752034886, 3.17983905829, 1.26000048414, 1.00000007741, 5.03900479373, 6.75927791689, 1.03698447015, 2.32842117221, 1.02231302944, 1.08535423511, 1.62321337969, 1.1348890203, 0.996756737268, 8.92184608793, 1.00000078409, 1.00000017686, 89.9365560139, 0.942868524588, 5.46643195509, 0.958213364867, 4.2752031198, 0.870000403763, 597.103048077, 1.34048257373
3.30782335633, 1.21739551385, 1.71111267451, 1.0000003244, 4.37705010235, 1.1715923337, 5.31930544006, 1.26000078932, 1.00000077329, 6.14578498679, 4.4286614248, 1.0748428029, 3.84978397377, 1.0525643807, 1.02672228262, 1.01780849061, 1.13345935795, 0.970731543135, 7.40701069692, 1.00000048701, 1.00000001577, 103.610341282, 0.913886838484, 3.2331522634, 0.970130822932, 3.76745980828, 0.870000095155, 425.660007865, 2.68096514745
4.91313854452, 1.22699328861, 1.58956805592, 1.00000097475, 4.48738656349, 1.07465542772, 3.32964568134, 1.26000035055, 1.00000055241, 5.47274034473, 5.70840635176, 1.02603041309, 2.725827678, 1.06965953394, 1.02306377877, 1.04503853454, 1.07397476683, 0.96509881367, 8.26284895024, 1.00000024905, 1.00000004603, 100.598130902, 1.06620538406, 1.45429548628, 1.03374116505, 3.99945785218, 0.870000385376, 910.003755026, 0.536193029491
5.25518457709, 1.36682426013, 1.54607120018, 1.00000012939, 7.01390055182, 1.15228215267, 4.22701432767, 1.26000057731, 1.00000085811, 5.90606411319, 3.59325445222, 1.0142549369, 2.74318167208, 1.06898784142, 1.00385254209, 1.30187036692, 1.00696299891, 1.09668438749, 7.04402273926, 1.00000010472, 1.00000003864, 78.8843832179, 1.01049560411, 5.81208244554, 0.997864884687, 3.76745980828, 0.870000561451, 1357.9858804, 0.0
3.69994056183, 1.02812366979, 1.4726271068, 1.00000003918, 5.70129169948, 1.02752034886, 3.17983905829, 1.26000080918, 1.00000007741, 5.05570356669, 4.04259163543, 1.03698447015, 2.32842117221, 1.02231302944, 1.07831396862, 1.62321337969, 1.1348890203, 0.920797208984, 8.92184608793, 1.00000078409, 1.00000017686, 83.456557879, 0.942868524588, 5.46643195509, 0.958213364867, 4.2752031198, 0.870000403763, 891.213193597, 2.14477211796
5.92348293059, 1.0518078655, 1.56679917802, 1.00000000452, 5.23584926898, 1.10508638913, 1.12182417231, 1.26000012866, 1.00000026783, 5.11154923983, 7.45460813418, 1.06263497441, 2.9471028005, 1.08518397084, 1.07377560919, 1.40779651242, 1.1375815344, 1.07825470621, 8.54614305504, 1.00000071745, 1.00000052134, 85.6098833555, 0.9932170788, 5.62500334706, 1.04726640917, 3.32450397587, 0.870000705398, 802.941967904, 2.68096514745
3.92423163308, 1.20668360382, 1.41983847913, 1.00000009872, 6.67134972044, 1.09926845839, 2.07405078032, 1.2600001064, 1.0000002263, 5.26757006447, 4.07627646989, 1.08163918647, 3.00421600361, 1.04882555573, 1.05439677836, 1.07121556265, 1.00401876162, 1.09490748222, 6.05239433282, 1.00000038518, 1.00000057967, 111.553473403, 0.933995221654, 2.90707222476, 0.960563033107, 4.12623953113, 0.870000604446, 477.619875521, 3.21715817694
2.26103212924, 1.02379909777, 1.72853724486, 1.00000095681, 5.64765389878, 1.0607403552, 4.73456900966, 1.26000083474, 1.0000005561, 5.79027416226, 3.89273718631, 1.0913799712, 3.8017790703, 1.0987733635, 1.01133231347, 1.16795882686, 1.0538817565, 1.07282511648, 5.4991939408, 1.00000066455, 1.00000021477, 76.75431603, 1.0311658771, 3.98618014977, 0.996022270817, 3.82738939919, 0.870000881863, 1047.76747218, 0.804289544236
4.0965115868, 1.0888292858, 1.51448529942, 1.00000012359, 6.74560031391, 1.0225048204, 4.30196929582, 1.26000063936, 1.00000021451, 5.24298845549, 6.77580437659, 1.04071873813, 1.81796438192, 1.02102252741, 1.08523588368, 1.50970902432, 1.01290440872, 1.06607542407, 7.35267980156, 1.0000007687, 1.00000082705, 112.582551868, 1.03846552217, 1.35021408094, 1.00603736562, 3.94674197032, 0.870000366835, 925.501333663, 1.07238605898
4.83518348409, 1.03360528297, 1.46492434123, 1.00000096242, 4.34185568003, 1.17646740081, 3.17290411153, 1.26000036452, 1.0000005425, 5.04641910221, 5.20510372119, 1.01588184606, 2.55246737353, 1.05489378221, 1.06392499718, 1.09380692522, 1.11124129372, 0.988095252194, 6.30824957684, 1.00000056285, 1.00000080493, 102.143270898, 0.964492132202, 3.1883446329, 0.971275363261, 4.30901600361, 0.870000492065, 1363.4250104, 0.0
4.43355404901, 1.37775838283, 1.41900020563, 1.00000077213, 5.65651581949, 1.05316985505, 1.70408598355, 1.26000087172, 1.00000080624, 5.31023604301, 5.55342647058, 1.0896314491, 1.29790705292, 1.06009309767, 1.01378032823, 1.3112014576, 1.12221157985, 0.923098668734, 8.12439134144, 1.00000035265, 1.00000098882, 102.199877768, 1.07270139035, 3.56646894135, 1.0460806806, 3.98266186954, 0.87000074791, 925.308901384, 2.68096514745
2.58338779861, 1.21635161168, 1.73852109142, 1.00000036175, 6.41947211896, 1.08426625325, 1.96992116521, 1.26000032304, 1.00000000408, 4.97041745294, 3.84570932828, 1.01209677319, 3.95313184876, 1.01745124163, 1.05567233008, 1.35286032008, 1.11774768351, 1.06510551299, 6.1734224711, 1.00000060952, 1.00000011119, 105.14314478, 1.03492282156, 3.32832545299, 1.01636184931, 3.42438315163, 0.870000698814, 896.254872013, 3.21715817694
3.854933108, 1.10910318369, 1.69571742962, 1.00000000568, 5.97853359907, 1.05550809717, 1.07527497325, 1.2600009396, 1.00000022942, 5.94588112483, 5.45561718569, 1.0014144836, 3.73108490087, 1.01076505295, 1.00681197014, 1.12029532921, 1.00614576376, 0.91000378639, 3.11347236541, 1.00000061976, 1.00000013485, 82.2033623407, 0.996540029423, 4.06249164426, 1.03074956143, 3.60973162885, 0.870000987869, 512.446576869, 4.28954423592
2.75770754918, 1.0311149966, 1.64674945646, 1.00000043871, 6.73631088767, 1.18462483877, 4.03522439371, 1.26000043178, 1.0000004834, 5.46567629415, 5.59440758338, 1.03510323109, 2.23549382042, 1.11233207719, 1.01208302475, 1.28063601804, 1.07961937138, 0.960168392146, 8.37435288924, 1.00000077367, 1.00000062607, 117.303864881, 1.03075016776, 4.73404932961, 1.05024553599, 3.29199814838, 0.870000484261, 1156.61753461, 1.87667560322
5.25518457709, 1.36682426013, 1.54607120018, 1.00000012939, 7.01390055182, 1.15228215267, 4.22701432767, 1.26000057731, 1.00000085811, 5.90606411319, 3.59325445222, 1.0142549369, 2.74318167208, 1.06898784142, 1.00385254209, 1.30187036692, 1.00516183499, 1.09668438749, 7.04402273926, 1.00000010472, 1.00000003864, 78.8843832179, 1.01049560411, 5.81208244554, 0.997864884687, 3.69320692068, 0.870000561451, 1324.64260566, 1.34048257373
5.31388483807, 1.41184311576, 1.56991150331, 1.00000073619, 6.38689009452, 1.06716114368, 5.66641452293, 1.26000021571, 1.00000024443, 5.63199685512, 6.5061155016, 1.01016843514, 1.95214657856, 1.07379427174, 1.0376935199, 1.0157881928, 1.11277648632, 1.02634242406, 7.43092668911, 1.00000088136, 1.00000013383, 80.3673854712, 1.03657788703, 1.42744081726, 0.959138490318, 3.37256524691, 0.870000549242, 1360.6627294, 1.07238605898
2.12849807328, 1.31257656286, 1.54253515071, 1.00000057823, 5.4237997492, 1.09179980009, 1.31809723138, 1.26000068089, 1.00000099667, 5.76205085958, 4.35643014267, 1.01110578122, 3.5064828216, 1.0481036601, 1.08955461891, 1.36019788689, 1.08332450695, 1.0798260285, 7.60818153507, 1.00000084786, 1.00000006375, 93.1837218518, 0.934005438379, 5.11000676732, 0.991143954147, 3.73536058721, 0.870000687589, 1467.93174297, 0.268096514745
1.00066307932, 1.00520890789, 1.56635824776, 1.00000001558, 4.29068671985, 1.06034582478, 1.44826211291, 1.26000080651, 1.00000056507, 6.1607191933, 6.12526043052, 1.03490548353, 1.40261264502, 1.02228538709, 1.05002774716, 1.35680188574, 1.09148480486, 1.08863257354, 9.65117824872, 1.0000008373, 1.00000075284, 120.136665319, 0.952546668978, 1.80064514022, 0.970805461131, 3.46417178531, 0.870000959307, 1834.02117504, 0.0
3.30782335633, 1.21739551385, 1.71111267451, 1.0000003244, 4.37705010235, 1.1715923337, 5.31930544006, 1.26000085755, 1.00000077329, 6.14578498679, 4.4286614248, 1.09558837056, 3.84978397377, 1.0525643807, 1.02672228262, 1.01780849061, 1.13345935795, 0.970731543135, 5.11445077215, 1.00000044342, 1.00000001577, 103.610341282, 0.913886838484, 3.2331522634, 0.970130822932, 3.76745980828, 0.870000633525, 967.90460752, 2.9490616622
1.08123018756, 1.30690368108, 1.62183838247, 1.00000004916, 4.96468153119, 1.06331073515, 2.29840932633, 1.26000067461, 1.00000013085, 5.2512729023, 6.11443122837, 1.0036013638, 2.94945722654, 1.11662765354, 1.0529373154, 1.17139494641, 1.10499153935, 0.955219523426, 3.12191651492, 1.00000017329, 1.00000070914, 111.748666726, 0.913421223425, 5.08364313303, 1.05907551026, 3.68029129062, 0.870000952368, 949.519383167, 4.02144772118
2.6588464737, 1.33901117945, 1.35088400488, 1.00000004967, 5.09509212322, 1.18525508528, 2.71270819265, 1.26000048447, 1.00000030067, 5.53219641837, 4.02664277036, 1.03315304168, 1.09215497307, 1.10340403951, 1.00961517452, 1.09804009343, 1.11613096522, 1.03133938848, 7.65002841751, 1.00000065256, 1.00000014543, 81.5544797007, 0.931754665901, 4.29278373924, 1.06472885383, 4.18327062765, 0.870000541541, 1223.27711285, 2.68096514745
5.10153326672, 1.1616078701, 1.3464421171, 1.00000033065, 4.63770501817, 1.17170070629, 5.94326472326, 1.26000062343, 1.00000053129, 5.10927512544, 5.62361241718, 1.02872396388, 3.9164801113, 1.01454291743, 1.05020481685, 1.58124272192, 1.02507954513, 0.914893883519, 9.16442495026, 1.00000065744, 1.00000010691, 121.395187785, 1.08405651648, 1.63862411519, 1.03116780247, 3.33487731137, 0.870000187467, 1228.71397622, 1.87667560322
3.66212843199, 1.20229303896, 1.34255752227, 1.00000073568, 4.4076048072, 1.1485301827, 1.35625437627, 1.26000009926, 1.00000080583, 5.96717452337, 7.19312773019, 1.05114528352, 1.5988363801, 1.03575894268, 1.08841474514, 1.1485115936, 1.08010742432, 0.918554771928, 9.77518391869, 1.00000044033, 1.00000091231, 83.240194461, 0.979626961652, 3.78614999519, 0.958355328441, 4.30803013429, 0.870000671027, 1416.92270257, 1.60857908847
5.70979561703, 1.41225155429, 1.66398218316, 1.00000054963, 6.05165927508, 1.10910387915, 5.43598000027, 1.26000030876, 1.00000098426, 4.98320348059, 4.51032682234, 1.033698853, 2.05737167552, 1.00648664247, 1.02393543285, 1.53828616222, 1.14989886074, 1.01509102521, 8.84031332174, 1.00000035605, 1.00000037801, 90.6747137713, 0.927400992442, 3.2936528162, 1.03888479452, 4.06533813679, 0.870000628201, 1783.04013152, 0.268096514745
5.70979561703, 1.41225155429, 1.66398218316, 1.00000054963, 6.05165927508, 1.10910387915, 5.43598000027, 1.26000030876, 1.00000098426, 4.98320348059, 4.51032682234, 1.033698853, 2.05737167552, 1.00648664247, 1.02393543285, 1.53828616222, 1.14989886074, 1.01509102521, 8.84031332174, 1.00000035605, 1.00000037801, 90.6747137713, 0.927400992442, 3.2936528162, 1.03888479452, 4.06533813679, 0.870000866109, 1469.16014076, 1.34048257373
5.10153326672, 1.1616078701, 1.3464421171, 1.00000039956, 4.63770501817, 1.07556763145, 5.94326472326, 1.26000062343, 1.00000076784, 5.10927512544, 5.62361241718, 1.02872396388, 3.9164801113, 1.01454291743, 1.05020481685, 1.58124272192, 1.02507954513, 0.914893883519, 9.16442495026, 1.0000006912, 1.00000010691, 121.395187785, 1.08405651648, 1.59948594942, 1.03116780247, 3.33487731137, 0.870000187467, 1615.44876189, 0.536193029491
1.17111930735, 1.15801485293, 1.65394236585, 1.00000010333, 6.0270529113, 1.02990384023, 5.41187101754, 1.26000088112, 1.00000049292, 5.23794703811, 4.41481204272, 1.01653801199, 3.50993765967, 1.11252968344, 1.01271758491, 1.42941237991, 1.07823908212, 1.10542885942, 5.91993741826, 1.00000040926, 1.00000055511, 87.0251396287, 0.950120579742, 2.58261942905, 1.00295134119, 3.97106215632, 0.870000211772, 2509.07612172, 0.0
4.09113787638, 1.06138170787, 1.63014816494, 1.00000096929, 5.61097170488, 1.13303229828, 5.41693497675, 1.26000023152, 1.00000051148, 6.19213581856, 5.79103953371, 1.07833301425, 3.59564042461, 1.03807870284, 1.0729122879, 1.02152575843, 1.05246344932, 1.0723467837, 7.43418009471, 1.00000035677, 1.00000014887, 113.511257035, 0.991515434147, 5.78707168961, 1.05358942343, 4.05892741226, 0.870000211184, 1220.17610868, 3.75335120643
4.23212140498, 1.29457307619, 1.6015169605, 1.00000095495, 4.61092284652, 1.0527470924, 4.57734690808, 1.26000051642, 1.00000089171, 5.08239085158, 5.99369264191, 1.03310218504, 3.04376071543, 1.07338390161, 1.02127786848, 1.40779651242, 1.08713864733, 1.03280816349, 5.68803006508, 1.00000092404, 1.00000052094, 99.4721351753, 0.972573461929, 1.96121414668, 0.961394170109, 4.37818716434, 0.870000063869, 1090.92194852, 4.02144772118
3.854933108, 1.10910318369, 1.69571742962, 1.00000000568, 5.97853359907, 1.0296479057, 1.07527497325, 1.2600009396, 1.00000022942, 5.96164131466, 5.45561718569, 1.0014144836, 3.73108490087, 1.01076505295, 1.00681197014, 1.12029532921, 1.00614576376, 0.91000378639, 3.11347236541, 1.00000061976, 1.00000013485, 105.14314478, 0.996540029423, 4.06249164426, 1.03074956143, 3.60973162885, 0.870000988233, 2190.38491164, 0.268096514745
4.01810668549, 1.40836201673, 1.49889525544, 1.00000002113, 6.69647687716, 1.17960042178, 5.27765431708, 1.2600000502, 1.00000062824, 5.71405341754, 7.26323211823, 1.09644603548, 3.71644020245, 1.10376697964, 1.07068254059, 1.49368954425, 1.02763661755, 1.08668274026, 4.27087519032, 1.00000066305, 1.00000090702, 80.7169952112, 1.03023664076, 3.08275119732, 0.993051894904, 3.98809828606, 0.870000776051, 1531.73975883, 1.34048257373
2.92761589245, 1.41933064008, 1.3402835679, 1.00000059886, 5.15599036418, 1.07284695325, 5.77322866155, 1.26000087932, 1.00000005457, 5.18919862846, 7.35541145557, 1.02166502851, 1.88617204085, 1.10998601854, 1.07944792816, 1.55296951523, 1.05178953778, 0.927637412954, 6.07544997306, 1.00000098101, 1.00000017234, 92.1117381514, 0.99826839129, 2.59666478113, 0.980679891421, 3.4317300086, 0.87000084543, 1514.83941869, 1.60857908847
5.54453646568, 1.07757769509, 1.61754907597, 1.000000747, 4.71693383576, 1.02762902156, 2.39001618357, 1.26000021251, 1.00000050157, 5.01286866741, 3.2331081405, 1.02841247049, 1.73584717395, 1.05844423409, 1.08981210812, 1.54999031587, 1.12810885963, 1.07971151768, 4.3143764875, 1.00000000242, 1.00000042793, 115.179217082, 1.04362268172, 5.57093812723, 0.971225750263, 3.75570099905, 0.870000316454, 1715.86699885, 0.536193029491
5.18433133687, 1.00324031789, 1.40401105666, 1.0000009126, 4.27489695278, 1.16918442359, 4.91926662562, 1.26000098801, 1.00000063114, 5.68304328201, 5.93231754642, 1.07707832018, 1.65695833205, 1.00255743443, 1.04018095735, 1.24527845059, 1.15763929894, 0.941120290586, 3.98032058229, 1.00000030155, 1.00000066478, 114.74339399, 1.08301474845, 2.67289675407, 1.00591070216, 3.68029129062, 0.870000670824, 1623.25167238, 1.07238605898
3.1422399767, 1.14667403567, 1.72426411846, 1.00000045637, 4.87616456054, 1.03578996381, 4.82509165964, 1.26000060156, 1.00000055241, 5.62169025384, 4.82578837854, 1.04412347581, 3.66663718502, 1.05501133003, 1.08781121416, 1.21534608401, 1.12221157985, 1.05388990654, 5.15848707165, 1.00000075004, 1.00000050923, 121.425230072, 1.06987184142, 5.00277092177, 1.02801041723, 4.01560842446, 0.870000318146, 3001.24898233, 0.0
4.30301805522, 1.15319180717, 1.73934637201, 1.00000044222, 4.56035435339, 1.05726640211, 5.3651808141, 1.26000023212, 1.00000097087, 5.36246473983, 3.32821044721, 1.01504940556, 3.58247422662, 1.0056583583, 1.05305121096, 1.01968831774, 1.08785322989, 0.947370580845, 8.7109903568, 1.00000015363, 1.00000073852, 87.5995797783, 0.935525058542, 1.56668300788, 1.01213941715, 3.65665435978, 0.870000864206, 1267.99027397, 3.75335120643
3.5784444608, 1.02473018377, 1.59361557526, 1.00000095778, 5.97018759584, 1.11161463671, 4.61908845129, 1.26000074267, 1.00000049292, 5.77294722593, 6.66067575751, 1.05883780808, 1.29901925391, 1.11252968344, 1.05932322047, 1.19273022243, 1.14743000354, 0.972538171891, 6.3143224354, 1.00000080308, 1.00000077043, 83.5316877622, 0.99427677714, 3.09833052356, 1.00921713314, 4.07410876749, 0.870000808895, 1123.96275181, 9.38337801609
4.09113787638, 1.06138170787, 1.63014816494, 1.00000096929, 5.61097170488, 1.13303229828, 5.41693497675, 1.26000023152, 1.00000051148, 6.19213581856, 3.29207875109, 1.07833301425, 3.59564042461, 1.08767276639, 1.0729122879, 1.02152575843, 1.05246344932, 1.0723467837, 7.43418009471, 1.00000035677, 1.00000014887, 113.511257035, 0.991515434147, 5.78707168961, 1.05358942343, 4.05892741226, 0.870000211184, 2506.14011577, 0.268096514745
3.37985535677, 1.1594969001, 1.71075388413, 1.00000030944, 5.7362722842, 1.09899701637, 2.9777176538, 1.26000064879, 1.00000057638, 5.86454263477, 5.41730307166, 1.0611214189, 1.23923695719, 1.00272756175, 1.06604104983, 1.13043078448, 1.16462143952, 0.976134985863, 9.47707473284, 1.00000095536, 1.00000019706, 75.3682602675, 1.05846431381, 1.89765834417, 1.05101116676, 3.53961716033, 0.870000210549, 1599.02320179, 1.87667560322
3.16206987579, 1.14667403567, 1.72426411846, 1.00000045637, 4.87616456054, 1.03578996381, 4.82509165964, 1.26000060156, 1.00000055241, 5.62169025384, 6.75458762979, 1.04412347581, 3.66663718502, 1.05501133003, 1.08781121416, 1.21534608401, 1.12221157985, 1.05388990654, 8.03785100298, 1.00000075004, 1.00000050923, 121.425230072, 0.997882932877, 5.00277092177, 1.02801041723, 4.01560842446, 0.870000318146, 2248.95176621, 0.536193029491
5.70335806443, 1.06402452563, 1.5083244501, 1.00000097353, 4.26751858916, 1.08384745395, 5.54724865347, 1.26000004506, 1.00000062904, 5.17287916272, 7.07418140838, 1.04311739582, 3.04243929256, 1.06574591649, 1.03376383503, 1.34519506753, 1.02362797443, 1.06849134927, 6.81379014824, 1.00000065124, 1.00000098637, 92.2891531961, 1.00494117735, 3.54920443545, 0.954014692911, 4.27354492111, 0.87000055874, 1739.82873367, 1.07238605898
4.0965115868, 1.0888292858, 1.49043041748, 1.00000012359, 6.74560031391, 1.0225048204, 4.30196929582, 1.26000054971, 1.00000021451, 5.24298845549, 4.26971757009, 1.04071873813, 2.96798694381, 1.02102252741, 1.03109450528, 1.50970902432, 1.10596404281, 1.04547930693, 7.35267980156, 1.0000007687, 1.00000090458, 113.410090046, 1.03399927866, 1.35021408094, 1.06815147134, 3.94674197032, 0.870000366835, 1687.26564031, 1.60857908847
4.84206005277, 1.14305953233, 1.53273658816, 1.0000001835, 6.96603626637, 1.0485278118, 4.43352120005, 1.26000070929, 1.00000015647, 6.13749651684, 3.47093176067, 1.01854538454, 3.28404879706, 1.11415400634, 1.05138572621, 1.11185328192, 1.10520948547, 1.09113223024, 5.25207199653, 1.00000036456, 1.00000084939, 86.783708974, 0.976119495373, 1.4681035239, 1.0677094199, 4.03762990689, 0.870000176838, 3059.35681257, 0.0
1.29444363088, 1.3506813877, 1.71005742388, 1.00000036781, 6.85971461546, 1.01863623535, 1.3074922506, 1.26000021189, 1.00000012396, 6.04161590988, 7.1529726225, 1.07962614173, 1.0235079794, 1.0707238131, 1.06680401479, 1.3662806546, 1.13282658952, 0.97001375695, 9.16580275956, 1.00000053953, 1.00000072673, 110.838912328, 1.01907665263, 2.93221090123, 1.04390931146, 3.88196897485, 0.870000374641, 1397.3500164, 6.70241286863
2.37670219817, 1.11445684301, 1.52362275412, 1.00000048368, 4.34727637926, 1.08176281678, 2.11914346242, 1.26000055132, 1.0000007669, 5.07314449213, 5.79103953371, 1.01504940556, 3.33065884073, 1.03807870284, 1.01069762753, 1.5002922862, 1.1006212179, 0.961580304729, 3.19054274179, 1.00000036365, 1.00000030315, 98.0528272432, 0.985464965552, 4.78470845951, 1.0261248561, 3.34998298059, 0.870000795014, 1624.74696685, 1.87667560322
2.75770754918, 1.0311149966, 1.71111267451, 1.00000043871, 6.73631088767, 1.18462483877, 4.03522439371, 1.26000043178, 1.0000004834, 5.46567629415, 5.59440758338, 1.03494022149, 2.23549382042, 1.11233207719, 1.01208302475, 1.28063601804, 1.07961937138, 0.960168392146, 5.11445077215, 1.00000077367, 1.00000062607, 117.303864881, 1.03075016776, 4.73404932961, 1.05024553599, 3.29199814838, 0.870000484261, 2770.99180957, 0.804289544236
3.03486070507, 1.10967944209, 1.62078209918, 1.00000077563, 5.32930494828, 1.18258820195, 1.95703648805, 1.26000005752, 1.00000068548, 5.81100690937, 4.82578837854, 1.03608357613, 3.46544111952, 1.07708585143, 1.00568433389, 1.59671499497, 1.00706315239, 0.913511922848, 3.27122067041, 1.00000048973, 1.00000072724, 97.3359270746, 1.06987184142, 3.1817441654, 0.969370050287, 3.51772592942, 0.870000123825, 2613.16231973, 1.07238605898
3.854933108, 1.10910318369, 1.69571742962, 1.00000000568, 5.97853359907, 1.05550809717, 1.07527497325, 1.2600009396, 1.00000022942, 5.94588112483, 5.45561718569, 1.00148284164, 3.72011328432, 1.01076505295, 1.00681197014, 1.12029532921, 1.00614576376, 0.91000378639, 3.11347236541, 1.00000061976, 1.00000013485, 82.2033623407, 0.996540029423, 4.06249164426, 1.03074956143, 3.60973162885, 0.870000987869, 2073.40970476, 1.34048257373
3.37985535677, 1.1594969001, 1.71075388413, 1.00000030944, 5.64488052863, 1.09899701637, 2.9777176538, 1.26000064879, 1.00000057638, 5.86454263477, 5.41730307166, 1.0611214189, 1.23923695719, 1.00272756175, 1.06604104983, 1.13043078448, 1.16746035393, 0.976134985863, 7.35267980156, 1.00000095536, 1.00000022064, 75.3682602675, 1.05846431381, 1.89765834417, 1.05101116676, 3.53961716033, 0.870000366835, 3615.16016631, 0.0
3.96032607838, 1.08495970235, 1.4454475925, 1.00000006099, 5.84238632153, 1.10194485867, 5.30921720488, 1.26000070929, 1.00000062904, 4.9670789834, 5.27015912534, 1.00343139689, 2.06765354069, 1.01825006052, 1.03376383503, 1.32013920311, 1.1295755148, 1.06849134927, 7.12904568488, 1.00000014022, 1.00000040059, 116.574075405, 1.03336956092, 2.53259115335, 0.997207159388, 4.27354492111, 0.870000800859, 3094.98203036, 0.536193029491
3.69994056183, 1.08464908715, 1.66759727099, 1.00000003918, 5.70129169948, 1.02752034886, 3.17983905829, 1.26000048414, 1.00000007741, 5.03900479373, 4.04259163543, 1.03698447015, 2.32842117221, 1.02102252741, 1.08535423511, 1.62321337969, 1.1348890203, 0.996756737268, 8.92184608793, 1.00000078409, 1.00000017686, 83.456557879, 0.942868524588, 5.46643195509, 0.958213364867, 4.27907224439, 0.870000403763, 1534.83481456, 6.70241286863
2.01975813319, 1.03193487368, 1.56174953477, 1.00000031201, 6.67720509715, 1.02931219709, 1.0775102453, 1.26000030594, 1.00000021471, 6.09953247734, 3.18194836836, 1.09697420779, 3.78474578722, 1.03140252485, 1.00985467677, 1.5383385498, 1.13631232298, 0.933299899422, 6.65269841934, 1.00000019268, 1.00000083997, 97.5417735615, 0.96846499624, 5.39076992393, 0.958928044504, 3.72525187672, 0.870000515644, 2070.03186385, 2.14477211796
3.09922563617, 1.07280858424, 1.50717546226, 1.00000032133, 6.77453708373, 1.00791454429, 1.4192142498, 1.26000010605, 1.00000046529, 5.4920564443, 6.48368557719, 1.06335898462, 2.32163407582, 1.1053804586, 1.05131068011, 1.22789400781, 1.10656365933, 1.08458004433, 6.43919103399, 1.00000034755, 1.00000040113, 123.02629674, 0.974072293116, 1.94487088114, 1.02992738066, 3.31666114461, 0.870000146363, 2656.20816396, 1.07238605898
4.43355404901, 1.37775838283, 1.41900020563, 1.00000077213, 5.72219969139, 1.05316985505, 1.70408598355, 1.26000087172, 1.00000080624, 5.31023604301, 5.55342647058, 1.0896314491, 1.29790705292, 1.06009309767, 1.01378032823, 1.3112014576, 1.08485432178, 0.923098668734, 8.12439134144, 1.00000035265, 1.00000098882, 100.768088626, 1.07270139035, 3.56646894135, 1.06915669792, 3.98266186954, 0.87000074791, 4163.6404841, 0.0
3.66212843199, 1.20229303896, 1.34255752227, 1.00000046721, 4.4076048072, 1.1485301827, 1.35625437627, 1.26000009926, 1.00000080583, 5.96717452337, 7.19312773019, 1.05114528352, 1.5988363801, 1.03575894268, 1.08841474514, 1.1485115936, 1.08010742432, 0.918554771928, 9.77518391869, 1.00000044033, 1.00000091231, 83.240194461, 0.979626961652, 3.78614999519, 0.958355328441, 4.30803013429, 0.870000671027, 4106.80588113, 0.268096514745
1.63046732436, 1.31670738895, 1.63807487577, 1.00000029134, 6.01295343589, 1.00753466141, 3.92584530311, 1.26000080514, 1.00000099667, 5.85226616209, 7.12882766257, 1.01958209175, 2.6724529297, 1.06019498537, 1.06428572517, 1.09054486391, 1.09020522946, 1.02078766083, 6.79651237404, 1.00000073445, 1.00000088909, 79.8886664732, 1.02656910826, 1.19123748672, 1.03232679768, 4.30871907045, 0.870000902337, 3264.95814785, 0.536193029491
4.0965115868, 1.0888292858, 1.49043041748, 1.00000012359, 6.74560031391, 1.0225048204, 4.30196929582, 1.26000063936, 1.00000021451, 5.24298845549, 6.77580437659, 1.04071873813, 1.81796438192, 1.02102252741, 1.08523588368, 1.50970902432, 1.10596404281, 1.04547930693, 7.35267980156, 1.0000007687, 1.00000090458, 113.410090046, 1.03399927866, 1.35021408094, 1.06815147134, 3.94674197032, 0.870000366835, 2210.20838436, 4.28954423592
1.18953552261, 1.06124929852, 1.40806091822, 1.00000076522, 5.10865770869, 1.17082532985, 2.03221459978, 1.26000049843, 1.00000074348, 5.18884362292, 5.27193262964, 1.08786927433, 2.41634451552, 1.11040979632, 1.01879465444, 1.34963792529, 1.07102189144, 1.10205306177, 7.91849589538, 1.00000026882, 1.00000062607, 88.0243624422, 1.07236047812, 4.64335768988, 1.05024553599, 3.42231941205, 0.870000392274, 2260.09986741, 3.21715817694
1.81787225288, 1.4205705856, 1.42518188124, 1.00000018658, 5.33878807758, 1.18301301881, 1.39511743689, 1.26000005018, 1.00000016529, 5.58708200115, 3.77423123389, 1.00860910419, 1.32262300553, 1.0504559784, 1.01189796614, 1.30333003105, 1.08158407898, 1.08582954452, 5.9144815693, 1.00000051654, 1.00000023424, 116.274792809, 0.99355754082, 2.06678474234, 1.01927517708, 3.71137628334, 0.870000531379, 2533.68830671, 2.68096514745
1.00066307932, 1.00520890789, 1.56635824776, 1.00000001558, 4.29068671985, 1.06034582478, 1.44826211291, 1.26000080651, 1.00000056507, 6.1607191933, 6.12526043052, 1.03490548353, 1.8936468031, 1.0504559784, 1.01653749515, 1.35680188574, 1.09148480486, 1.08863257354, 9.65117824872, 1.0000008373, 1.00000075307, 120.136665319, 0.99355754082, 1.80064514022, 0.970805461131, 3.46417178531, 0.870000959307, 2904.51473823, 1.07238605898
3.90089835965, 1.03193487368, 1.56906560831, 1.00000031201, 6.67720509715, 1.02931219709, 1.0775102453, 1.26000030594, 1.00000021471, 6.09953247734, 3.18194836836, 1.09697420779, 3.78474578722, 1.03140252485, 1.08392503524, 1.5383385498, 1.13631232298, 0.933299899422, 8.05857157422, 1.00000008399, 1.00000083997, 97.5417735615, 0.96846499624, 5.39076992393, 0.958928044504, 3.72525187672, 0.870000515644, 2783.6033825, 1.87667560322
4.12582801266, 1.10910318369, 1.69571742962, 1.00000000568, 5.97853359907, 1.0296479057, 1.07527497325, 1.2600009396, 1.00000022942, 5.96164131466, 5.45561718569, 1.0014144836, 3.73108490087, 1.01832624154, 1.00681197014, 1.12029532921, 1.00614576376, 0.91000378639, 3.11347236541, 1.00000061976, 1.00000013485, 105.14314478, 0.950120579742, 4.06249164426, 1.03074956143, 3.60973162885, 0.870000988233, 4299.30246858, 0.0
4.09113787638, 1.06138170787, 1.63014816494, 1.00000096929, 4.89035988078, 1.13303229828, 5.41693497675, 1.26000023152, 1.00000051148, 6.19213581856, 3.29207875109, 1.07833301425, 3.59564042461, 1.08767276639, 1.0729122879, 1.02152575843, 1.05246344932, 1.0723467837, 7.43418009471, 1.00000035677, 1.00000014887, 113.511257035, 0.967010443708, 5.9912438175, 1.05358942343, 4.05892741226, 0.870000211184, 3893.30506825, 0.536193029491
1.94529199208, 1.37267821556, 1.45508845247, 1.00000095349, 6.45158739538, 1.16450558831, 2.19882020304, 1.26000072036, 1.00000000408, 6.00692799906, 6.39620301424, 1.06887110604, 1.07709231239, 1.06196215097, 1.00776754637, 1.29825345723, 1.04050536149, 1.02802432113, 5.11445077215, 1.00000044342, 1.00000095343, 79.8422094348, 1.07424741949, 4.22947779423, 1.01032875157, 3.87699762712, 0.870000347805, 2348.95829291, 4.02144772118
5.25518457709, 1.36682426013, 1.54607120018, 1.00000012939, 7.01390055182, 1.15228215267, 4.22701432767, 1.26000057731, 1.00000085811, 5.90606411319, 3.59325445222, 1.0142549369, 2.74318167208, 1.06898784142, 1.0376935199, 1.30187036692, 1.00516183499, 1.10411934751, 7.04402273926, 1.00000010472, 1.00000003864, 78.8843832179, 1.01049560411, 5.81208244554, 0.997864884687, 3.69320692068, 0.870000561451, 2625.50275919, 3.75335120643
3.69994056183, 1.08464908715, 1.66759727099, 1.00000003918, 5.70129169948, 1.02752034886, 3.17983905829, 1.26000048414, 1.00000007741, 5.03900479373, 4.04259163543, 1.03698447015, 2.32842117221, 1.02231302944, 1.08535423511, 1.62321337969, 1.1348890203, 0.996756737268, 8.92184608793, 1.00000078409, 1.00000017686, 83.456557879, 0.942868524588, 5.46643195509, 0.958213364867, 4.2752031198, 0.870000403763, 2978.30810388, 1.34048257373
3.854933108, 1.04389521319, 1.69571742962, 1.00000000568, 5.97853359907, 1.05550809717, 1.07527497325, 1.2600009396, 1.00000022942, 5.94588112483, 5.45561718569, 1.00148284164, 3.72011328432, 1.01076505295, 1.00681197014, 1.12029532921, 1.00614576376, 0.910000269565, 3.11347236541, 1.00000061976, 1.00000013485, 82.2033623407, 0.996540029423, 4.06249164426, 1.03074956143, 3.60973162885, 0.870000987869, 2950.93811763, 1.60857908847
4.31344700584, 1.34180407779, 1.40401105666, 1.00000000753, 4.27489695278, 1.05316985505, 1.32200006354, 1.26000089451, 1.00000060412, 5.84443947959, 4.9684989607, 1.04690281461, 3.3271955349, 1.05153099077, 1.00250827052, 1.17999643313, 1.01391713558, 1.10918926335, 4.51518958157, 1.00000073445, 1.00000026299, 76.0993475445, 1.07346821324, 1.95643998302, 1.0001685701, 3.2938476083, 0.870000056854, 3215.84357786, 1.07238605898
2.59787467744, 1.04095595164, 1.550647927, 1.00000013575, 4.24711555605, 1.1440770246, 5.98811530083, 1.26000003068, 1.00000048226, 5.41070549758, 6.81108121588, 1.05486034727, 3.78703623048, 1.01349139123, 1.05987482864, 1.21116605181, 1.0047520336, 1.05517685558, 5.27088168379, 1.0000008819, 1.0000007362, 111.175624006, 0.954876561337, 1.65977379182, 0.967387469017, 4.13221737559, 0.870000861601, 4640.58402244, 0.0
4.31344700584, 1.34180407779, 1.40401105666, 1.00000000753, 4.27489695278, 1.05316985505, 1.32200006354, 1.26000089451, 1.00000060412, 5.84443947959, 4.9684989607, 1.04690281461, 3.3271955349, 1.05153099077, 1.00250827052, 1.17999643313, 1.01391713558, 1.10918926335, 4.51518958157, 1.00000087112, 1.00000026299, 76.0993475445, 1.07346821324, 2.91235477193, 1.0001685701, 3.2938476083, 0.870000056854, 3931.15544927, 0.536193029491
2.92761589245, 1.31713953548, 1.35830526199, 1.00000059886, 5.15599036418, 1.07284695325, 3.95943179558, 1.26000087932, 1.00000005457, 5.18919862846, 7.35541145557, 1.02166502851, 1.88617204085, 1.10998601854, 1.07944792816, 1.55296951523, 1.05178953778, 0.927637412954, 6.07544997306, 1.00000098101, 1.00000017234, 92.1117381514, 0.99826839129, 2.59666478113, 1.01234163408, 3.4317300086, 0.87000084543, 2831.22422244, 5.63002680965
3.62936402317, 1.03360528297, 1.46492434123, 1.00000040563, 4.34185568003, 1.17646740081, 3.17290411153, 1.26000036452, 1.0000005425, 5.04641910221, 5.20510372119, 1.0414136707, 2.55246737353, 1.05489378221, 1.06392499718, 1.09380692522, 1.11124129372, 0.988095252194, 6.30824957684, 1.00000052689, 1.00000094166, 102.143270898, 0.964492132202, 3.70186331601, 0.971275363261, 4.30901600361, 0.870000492065, 3154.91691944, 2.68096514745
2.29522136778, 1.27785168982, 1.68969284608, 1.00000057812, 4.42502334024, 1.08606073627, 3.88375390947, 1.26000016706, 1.00000033164, 5.52425724663, 4.56546163098, 1.05239110368, 2.89592060797, 1.00748683977, 1.08776267514, 1.62650672945, 1.0610718467, 1.02227497737, 9.08835379773, 1.00000073592, 1.0000008644, 88.6116307796, 0.939048930601, 1.3511453556, 1.00451377601, 4.32545558243, 0.870000662807, 3379.44541595, 1.34048257373
3.854933108, 1.10910318369, 1.62637590935, 1.00000000568, 5.97853359907, 1.05550809717, 1.07527497325, 1.2600009396, 1.00000020509, 5.94588112483, 3.35482536644, 1.00148284164, 3.72011328432, 1.01076505295, 1.00681197014, 1.12029532921, 1.00614576376, 0.91000378639, 3.11347236541, 1.00000061976, 1.00000013485, 82.2033623407, 0.996540029423, 4.06249164426, 1.03074956143, 4.06722672162, 0.870000987869, 4904.71341195, 0.0
5.33581450461, 1.11952314496, 1.54616513208, 1.00000053341, 4.6428404709, 1.08653222211, 3.90094585537, 1.26000073978, 1.0000004607, 5.40551605924, 5.03433657504, 1.067827074, 1.12284182665, 1.03644031055, 1.03894385806, 1.09749929572, 1.14701125993, 0.924166003592, 8.62826091588, 1.00000003866, 1.00000068756, 76.30588118, 0.964686263833, 1.94316427586, 1.02483141495, 3.76889373936, 0.870000565001, 4022.36992164, 0.536193029491
3.30782335633, 1.21739551385, 1.71111267451, 1.0000003244, 4.37705010235, 1.1715923337, 5.31930544006, 1.26000078932, 1.00000077329, 6.14578498679, 4.4286614248, 1.0748428029, 3.84978397377, 1.0525643807, 1.02672228262, 1.01780849061, 1.13345935795, 0.970731543135, 5.11445077215, 1.00000044342, 1.00000001577, 103.610341282, 0.913886838484, 3.2331522634, 0.970130822932, 3.76745980828, 0.870000633525, 2974.6528766, 11.2600536193
5.92348293059, 1.0518078655, 1.56679917802, 1.00000013575, 5.23584926898, 1.10508638913, 1.12182417231, 1.26000012866, 1.00000026783, 5.11154923983, 7.45460813418, 1.06263497441, 2.9471028005, 1.08518397084, 1.07377560919, 1.40779651242, 1.1375815344, 1.07825470621, 8.54614305504, 1.00000071745, 1.00000052134, 85.6098833555, 0.9932170788, 5.62500334706, 1.04726640917, 3.32450397587, 0.870000705398, 3290.10394401, 4.55764075067
3.5784444608, 1.01384064566, 1.54551193629, 1.00000095778, 5.97018759584, 1.11161463671, 4.61908845129, 1.26000074267, 1.00000049292, 5.77294722593, 6.66067575751, 1.05883780808, 1.29901925391, 1.11252968344, 1.05932322047, 1.19273022243, 1.14743000354, 0.967244375105, 6.3143224354, 1.00000080308, 1.00000077043, 83.5316877622, 0.99427677714, 3.09833052356, 1.00921713314, 4.07410876749, 0.870000808895, 3342.52533689, 3.75335120643
3.69994056183, 1.08464908715, 1.66759727099, 1.00000003918, 5.70129169948, 1.02752034886, 3.17983905829, 1.26000048414, 1.00000007741, 5.03900479373, 4.04259163543, 1.03698447015, 2.32842117221, 1.01454291743, 1.08535423511, 1.62321337969, 1.1348890203, 0.996756737268, 8.92184608793, 1.00000078409, 1.00000017686, 83.456557879, 0.942868524588, 5.46643195509, 0.958213364867, 4.27907224439, 0.870000403763, 3630.20161774, 1.34048257373
2.75770754918, 1.08495970235, 1.4454475925, 1.00000006099, 5.84238632153, 1.13435181167, 5.30921720488, 1.26000070929, 1.00000062904, 4.9670789834, 5.27015912534, 1.00343139689, 2.06765354069, 1.07269718805, 1.03376383503, 1.32013920311, 1.1295755148, 1.06849134927, 7.12904568488, 1.00000014022, 1.00000023294, 116.574075405, 1.03336956092, 2.53259115335, 0.997207159388, 4.27354492111, 0.870000800859, 3434.84345842, 2.14477211796
4.0965115868, 1.0888292858, 1.51448529942, 1.00000012359, 6.74560031391, 1.0225048204, 4.30196929582, 1.26000063936, 1.00000021451, 5.24298845549, 6.77580437659, 1.04071873813, 1.73584717395, 1.02102252741, 1.08981210812, 1.50970902432, 1.01290440872, 1.06607542407, 5.33570129482, 1.0000007687, 1.00000082705, 112.582551868, 1.03846552217, 1.35021408094, 1.00603736562, 3.94674197032, 0.870000366835, 5109.69846804, 0.0
4.0965115868, 1.0888292858, 1.49043041748, 1.00000012359, 6.74560031391, 1.0225048204, 4.30196929582, 1.26000054971, 1.00000021451, 5.24298845549, 4.04393603456, 1.04071873813, 2.96798694381, 1.02102252741, 1.03109450528, 1.50970902432, 1.10596404281, 1.04547930693, 9.47707473284, 1.00000077171, 1.00000090458, 113.410090046, 1.03399927866, 1.35021408094, 1.06815147134, 3.94674197032, 0.870000210549, 4441.63383352, 1.07238605898
5.34448258751, 1.36682426013, 1.54607120018, 1.00000012939, 4.90922204675, 1.07296347451, 4.83998573556, 1.26000057731, 1.00000058625, 5.90606411319, 3.59325445222, 1.0142549369, 2.74318167208, 1.06898784142, 1.00186325694, 1.30187036692, 1.00516183499, 1.09668438749, 7.04402273926, 1.00000010472, 1.00000003864, 78.8843832179, 1.01049560411, 5.81208244554, 0.997864884687, 3.92420767212, 0.870000561451, 4930.69712585, 0.536193029491
3.66212843199, 1.20229303896, 1.40800166775, 1.00000073568, 4.4076048072, 1.1485301827, 1.35625437627, 1.26000009926, 1.00000080583, 5.96717452337, 7.19312773019, 1.05114528352, 1.5988363801, 1.03575894268, 1.08841474514, 1.1485115936, 1.08010742432, 0.918554771928, 9.77518391869, 1.00000044033, 1.00000091231, 121.206207759, 0.979626961652, 3.78614999519, 1.00591070216, 4.30803013429, 0.870000671027, 3581.08572029, 2.14477211796
4.23212140498, 1.29457307619, 1.6015169605, 1.00000095495, 4.61092284652, 1.0527470924, 4.57734690808, 1.26000051642, 1.00000089171, 5.08239085158, 5.99369264191, 1.03310218504, 3.04376071543, 1.07338390161, 1.02127786848, 1.32615616775, 1.08713864733, 1.03280816349, 5.68803006508, 1.00000092404, 1.00000052094, 99.4721351753, 0.972573461929, 1.96121414668, 0.953849647448, 4.17717038862, 0.870000063869, 3442.58586424, 3.48525469169
2.58338779861, 1.21635161168, 1.73852109142, 1.00000036175, 6.41947211896, 1.08426625325, 1.96992116521, 1.26000032304, 1.00000000408, 4.97041745294, 3.84570932828, 1.01209677319, 3.95313184876, 1.01745124163, 1.05567233008, 1.35286032008, 1.11774768351, 1.06510551299, 6.1734224711, 1.00000060952, 1.00000011119, 105.14314478, 1.03492282156, 3.32832545299, 1.05311376849, 3.42438315163, 0.870000698814, 3505.29121335, 2.68096514745
4.84206005277, 1.14546731738, 1.53273658816, 1.0000001835, 5.88961832212, 1.0485278118, 4.43352120005, 1.2600003652, 1.00000015647, 6.13749651684, 3.47093176067, 1.01854538454, 3.28404879706, 1.10864881399, 1.04818448568, 1.36020725862, 1.10520948547, 1.09113223024, 5.25207199653, 1.00000036456, 1.00000084939, 86.783708974, 0.976119495373, 1.4681035239, 0.990152443226, 4.03762990689, 0.870000176838, 6211.33780567, 0.0
2.75770754918, 1.0311149966, 1.64674945646, 1.00000043871, 6.73631088767, 1.18462483877, 4.03522439371, 1.26000059449, 1.0000004834, 5.46567629415, 5.59440758338, 1.03510323109, 2.23549382042, 1.11233207719, 1.01208302475, 1.5759903143, 1.07961937138, 0.960168392146, 8.37435288924, 1.00000078132, 1.00000062607, 117.303864881, 1.08530835056, 3.69945535826, 1.03848531126, 3.29199814838, 0.870000484261, 4797.51190073, 1.34048257373
3.79807159398, 1.35627927102, 1.68507065793, 1.0000007471, 4.54716557104, 1.01909799331, 1.83897827179, 1.26000085142, 1.00000083225, 5.03270458001, 6.48095704485, 1.07891218306, 1.72419103859, 1.04941400193, 1.01105768535, 1.07944702484, 1.06965102075, 1.0421014236, 5.93183909112, 1.00000036611, 1.00000095535, 124.745926017, 1.07123257732, 3.17125225893, 1.01458607774, 3.78442711867, 0.870000468077, 4494.44229182, 1.87667560322
4.01810668549, 1.40836201673, 1.49889525544, 1.00000002113, 6.69647687716, 1.17960042178, 5.27765431708, 1.2600000502, 1.00000062824, 5.71405341754, 5.18984722663, 1.09644603548, 3.71644020245, 1.10376697964, 1.07068254059, 1.49368954425, 1.00893537147, 1.08668274026, 4.27087519032, 1.00000066305, 1.00000090702, 81.0014131218, 1.03023664076, 3.08275119732, 0.993051894904, 3.98809828606, 0.870000776051, 5133.58158313, 0.536193029491
1.08123018756, 1.30690368108, 1.62183838247, 1.00000004916, 4.96468153119, 1.06331073515, 2.29840932633, 1.26000067461, 1.00000013085, 5.2512729023, 6.11443122837, 1.0036013638, 2.94945722654, 1.11662765354, 1.0529373154, 1.17139494641, 1.10499153935, 0.955219523426, 3.12191651492, 1.00000017329, 1.00000070914, 100.013754353, 0.913421223425, 5.08364313303, 1.05907551026, 3.68029129062, 0.870000952368, 3731.28457226, 3.21715817694
