$aa,$sced,$cplx,$site,$resl,$acap,$etat,$rely,$Data,$prec,$pmat,$aexp,$flex,$pcon,$tool,$time,$stor,$docu,$b,$plex,$pcap,$kloc,$ltex,$pr,$ruse,$team,$pvol,>>Effort,>>Months,>>Defects,>>Risks
2.57602749177,1.08983828695,1.22146508627,1.18636789263,4.42406243138,0.997417333949,4.26248845569,0.850182799411,1.05392433058,3.76200084063,5.5176068448,0.940136648329,1.09560477053,1.1310041379,1.05795284973,1.31709172086,1.00090946123,1.21246268396,8.54242922171,0.940808710516,0.824666282267,224.723985467,0.857410801285,5.03038336401,1.16922653981,4.97130421899,1.20861497847,2534.01694618,27.2182894071,24403.5293924,5.63002680965
1.59052808288,1.31147103783,1.7185000615,1.00550639812,3.95719246448,0.802754747948,4.21059763149,0.936619616896,0.929395268698,2.59032640474,5.96693304298,1.03446348188,3.24960993128,0.912828157434,0.846895629797,1.33445385782,1.05499657661,1.08464674355,4.6178704445,1.17580952801,0.91959395518,25.0865517892,1.09763485547,4.59828245291,1.19438631356,3.64412602074,0.918519477365,1401.37475712,32.1977159809,6770.62491896,1.34048257373
5.3039696312,1.41518525158,0.847895599123,1.18350329264,4.07469766225,0.898744570086,2.75518627217,0.839805873523,1.02314025189,4.91343491848,5.66420688007,0.906923878003,1.05037548294,0.932713648501,0.968519903557,1.58152890324,1.01380109489,0.85729643616,6.02083949531,0.977425241987,0.907620686415,214.06859704,1.15205929159,3.96609415431,0.971476065178,3.53448884014,1.25404688356,94.080202077,20.3267233521,269.05028712,1.07238605898
2.10622275906,1.01882183694,1.06850751399,1.03571468201,3.47962371334,1.05537928303,1.32909017259,1.0505849973,1.08716090109,5.29380229752,6.57797639504,1.17869527021,2.27125835638,1.0182265152,0.916984443547,1.23872652033,1.14947509861,0.897337080637,8.86443100106,1.09691366663,0.935355378265,223.022532988,0.848407947371,1.51195941901,0.984797549169,1.44065757477,1.00389062877,3855.68830056,37.2852136638,50427.0654496,1.60857908847
4.7207112858,1.12963162361,1.27378084692,0.814904513373,3.07842552418,0.892801802518,1.59464704248,1.17543905858,0.926827833241,1.5917879435,2.25173312601,1.0030213068,4.39952586907,1.18296254279,0.82425805378,1.01535903997,1.02316945289,1.06494141741,7.1909441561,1.10536873266,0.802127082388,58.5414717937,0.878722349301,4.48381498379,1.17399326149,3.26405617179,1.2977259326,2560.92646181,58.0403107233,10339.986493,1.60857908847
5.29734372115,1.24878410506,1.51204576137,1.219915669,4.00471216321,0.834677789979,5.72793246749,0.90997354506,1.13915866293,1.99713627049,4.17099687512,1.10312680704,4.28458186352,0.900336912739,1.01978690876,1.43056276383,1.03556416895,1.07488993633,7.60764778343,1.00378001975,0.772640672486,250.328508012,0.86238143748,1.8034312887,1.15443575298,2.52824019233,1.00507959033,438.897402259,16.0808614035,909.894275761,11.7962466488
2.27153078935,1.05747255774,1.09221771823,1.08960589591,3.09471897238,0.730534569177,3.42677638804,0.840782684474,0.98962878542,3.82790796788,6.19601284282,0.916913245014,4.01647808133,0.905639731899,0.927290248111,1.54221920999,1.16046608905,1.11864497933,7.35784072924,0.925412690142,0.81237985078,359.659799977,0.849262629979,2.27428230274,0.985178572306,2.00900260815,1.25748643717,7228.55111728,44.6908136628,70582.1702996,3.75335120643
4.10979596687,1.12118916236,1.27248262291,1.18963685983,2.55994337346,1.00531708804,1.59931126536,1.08197091814,1.08943581948,4.85044185459,6.5434465273,1.15969418683,3.67727866749,1.01399565029,0.845783497845,1.33621648117,1.12883313485,0.925998291128,3.32487262845,0.921411699192,0.844389028713,145.116519064,0.964753614571,4.16699557808,1.23559751195,5.11960079089,1.28203386017,420.925330108,19.2548808569,4213.47552365,2.68096514745
5.33625406963,1.42323679346,0.826318179104,1.20116153956,5.7233171914,0.824475623679,2.58362825946,0.957105206396,1.04261849734,3.25697794121,6.06084025131,0.936044776703,5.05022257726,1.21020280673,0.955585532424,1.19869552846,1.03580704773,0.868481354025,6.18779508217,1.02505187814,0.788991066855,65.9458062103,1.04923817244,5.04604531918,1.20579052853,3.21621925913,0.916776540998,1558.7401275,46.8335421946,984.887995833,1.34048257373
3.4702324842,1.13821243403,1.32934579335,0.861704662372,2.1170519769,0.755238139771,5.74890551802,1.16479516577,1.08515379348,5.93241665269,4.94751492307,1.07608752506,2.40253977118,1.16635100673,0.998748475144,1.16460040646,1.09377031357,0.970920260906,4.01806556374,1.11372913649,0.836173013767,295.698228021,1.05923765507,1.72063620301,1.19650910773,5.06957176668,1.29033675262,4334.74657334,65.3051042,9830.36332626,1.87667560322
1.01226909159,1.38893365933,1.73303547683,1.15344465021,3.21303118903,0.729273952393,2.72408015788,1.16316009328,1.0355521385,5.30394839946,1.81557434912,1.10988622125,1.79044945576,1.12913890702,0.887551397662,1.33182501824,1.04338667839,1.02847636495,3.2398999348,1.00804852292,0.890682739545,150.51601251,0.843040206095,2.82286691063,1.17460964195,1.44881036944,1.07488225021,1398.54520341,49.0253336015,9913.64505542,2.41286863271
2.1712522373,1.32213796663,1.04414308864,0.828655423801,2.7269511144,0.883500454562,4.76329737956,0.824517593753,0.90089324917,5.05711937006,3.53245944936,0.916082374734,1.28626294145,1.24514670519,0.863905446263,1.41038618212,1.08196156261,1.10588250054,9.56713688115,0.949053851598,0.930172209633,305.176812167,1.1631274918,2.4151492735,0.994789527973,1.96615052661,1.18201956646,4191.63607179,36.7412728691,12650.9286254,4.02144772118
5.60278127463,1.19900386014,1.51104908882,1.04037500294,1.42574228774,1.11768442898,4.69764060628,1.00000612539,1.02264840588,5.07507569186,6.86457555325,0.826064710317,2.64384511157,0.896069820567,0.994533421357,1.34482180077,1.16357499567,1.03900973271,8.85494603952,1.18088858386,0.884219430213,153.548978437,1.17281474299,3.36124346461,1.00783265263,4.51191449339,1.1805826048,2231.70132783,27.3647554842,20960.0104086,6.43431635389
3.91201922513,1.09479010112,1.32948201774,1.06914310687,6.58967172809,1.03753419974,2.16885226035,0.836017870722,1.05851709769,1.8896975285,5.9098879925,0.831569936113,2.27469378222,1.01655098737,1.04713088597,1.33508730358,1.10799742369,1.18906453532,5.20791400281,1.03306467283,0.818817359876,44.7595865056,0.855649145825,5.68394741385,1.00467542198,1.86734557663,0.886981419403,126.099048267,21.909964544,799.552385528,2.14477211796
5.86022050431,1.33993910997,1.57828748327,1.08514749741,3.58185918953,0.961978822243,1.85074636147,1.25533232212,0.920651234398,3.63866979764,2.22972525784,1.17282197706,2.66077819426,1.21813557728,1.01085736513,1.62680219375,1.01231636903,0.838402247557,7.065913474,1.16093854338,0.914213283368,219.614444702,1.02830787527,3.99874306931,0.990843794911,1.8137137246,0.974666864081,810.035151371,19.2418404807,972.046504724,6.97050938338
4.62997762484,1.4116502176,1.22507000997,1.04085813123,3.88812831732,0.736893186753,5.13907778125,1.227935891,0.969007057042,1.63264501201,5.9028922152,0.940343169297,3.89166753239,1.10748817662,0.979688611757,1.07438145173,1.02993800916,1.2062499308,4.58550610521,0.988530742414,0.931359275813,415.316788783,1.14621962688,4.17939033186,1.23040461182,2.27141255848,1.05789007859,701.905102549,38.8997106401,5077.65285992,2.41286863271
3.72999864819,1.22837584584,1.72535961125,0.917974143142,6.32521818371,0.763183267683,2.48509679423,0.999418912251,0.936277138745,2.18054581124,3.32880977396,0.8673295496,3.15897907473,1.20890723884,0.818918593745,1.17204495751,1.03645715814,1.14813392561,9.87142125682,1.0868609338,0.914991829569,43.6417218537,1.14940443951,3.44888680484,0.952953745477,1.1688977299,0.964576451147,2127.92003885,27.2507442668,25759.257555,3.75335120643
1.66401540886,1.37788683968,1.16930670394,1.14705844378,4.43480848866,0.926825274639,5.09043604985,0.928945398243,1.07480634893,1.68178007409,5.26665274289,0.973349842056,4.3002558661,0.997202409553,0.821855065231,1.11351952743,1.12524050878,1.01804431788,8.86039475921,0.974957265653,0.79743331535,110.68310388,0.938747237411,2.0588013379,1.23378836936,5.3203122588,1.17484930332,622.143436846,21.2231268291,1595.75320397,1.87667560322
1.43147174907,1.10465032351,1.22553843934,1.16859283574,1.54896946128,0.864175499511,1.61453458713,0.962204127898,1.07238706762,4.89550120238,6.14345880842,0.896489358462,1.78815536635,1.20527810608,0.847752388803,1.20360227446,1.14097852486,0.879097545594,8.25607171356,0.956848070695,0.789974676917,39.4712207151,1.06230129242,4.1262467608,1.17204141422,5.25104628816,0.881985246096,1342.50246941,42.1146220812,3829.82895148,0.536193029491
2.88213337874,1.07721063927,1.71048214198,1.08370637238,3.68714854969,0.878671661902,4.81092503597,1.21095869323,1.01378481143,2.78418720713,4.10963213978,1.02512553528,3.10970183739,0.891402897103,1.04073474811,1.62815659378,1.03656454187,1.07422324028,7.68455182064,1.17677799395,0.825028715821,20.343369847,0.980268371024,4.95671859521,1.10763050751,3.9901573793,1.11103602823,1642.46204726,34.8113707731,7688.86509392,2.68096514745
1.02891977413,1.2370128075,1.23836343102,0.83797529076,5.78015072902,0.802930217268,5.83175060999,1.23976323891,1.00717527017,5.18136279095,6.27654466828,1.19137051674,3.77822732372,0.812510147342,0.835880144931,1.61413502481,1.08913615867,1.17116176368,7.52426864201,0.934897217778,0.954303318868,169.44680817,1.01686073379,3.38052370179,1.14936530321,4.33115758509,1.11223227252,1531.39401272,35.4147798043,6260.73026872,0.536193029491
3.81813455387,1.28374274112,1.6472931625,0.964357867548,2.59204146261,1.09811380192,4.1250122961,1.21019639299,0.981251838413,4.79169211522,3.0203215918,1.13462245023,3.9250595547,1.07960442976,1.02511743647,1.40958315168,1.03802825881,1.03880972562,4.50910852382,1.16899345425,0.885539236576,238.534116876,0.956415484101,2.51320525444,1.02962537174,1.28161188018,1.14309401067,324.046135052,17.4402529253,2478.84540589,4.82573726542
2.54671481403,1.05526501338,1.25280298138,1.07244981295,2.59076857055,0.87596402832,1.47550302383,1.19501257333,0.945322775674,3.94034920977,6.29184812166,1.14348414582,3.4193697168,1.09717407332,0.923426761887,1.43865667637,1.16468664186,0.881043336637,7.08707708104,1.18838123994,0.844811901901,111.291249757,0.944696405808,2.80224878147,1.02164462914,2.89534908589,1.15825316339,1160.75473849,43.1598542593,4662.71795639,0.0
4.85057686208,1.23809481511,1.50375420185,0.958850986251,3.94433487344,1.08232088574,2.26503551676,1.06049365387,1.13253845587,1.8510356623,4.56248720318,0.952640787233,1.32724722106,1.1656907572,0.859075719213,1.09508126999,1.1665226804,1.22891242321,8.59709162767,0.963843385112,0.777579296202,96.7544366203,1.11902465098,2.08335319381,1.0456767209,1.04090038309,1.15968974585,3452.47076231,46.4737072517,34445.5379107,1.07238605898
3.3095281197,1.14991186942,1.29693495201,1.19434636604,4.82360268386,0.87100643954,1.16242340457,1.01526980489,0.979278264116,5.67244247385,5.06243016456,1.12922740167,3.28302088967,1.2511087496,0.937634946702,1.08696903287,1.00197797739,1.07998960477,5.38772552192,1.13008034726,0.98799874832,95.8207302958,0.994042748038,5.20434600173,1.1881531881,1.22278148131,1.0633769611,3858.17134173,40.1122406646,30911.8979245,7.23860589812
2.4936888104,1.13948852759,0.962298553545,0.957264106826,6.40083770593,1.02821396283,2.63678006959,0.98998155151,0.983728529933,5.16227878393,2.96497108772,1.03075241597,4.76385748044,1.18491630085,1.08771738898,1.58704746122,1.10306662234,1.22492133056,7.59287533448,1.108289684,0.864000430257,344.662840173,0.921780185395,5.24559879774,1.01414632367,1.48167784487,1.27956066876,3340.72090522,30.0087339977,30779.7107359,6.97050938338
5.65799256057,1.35591597294,0.798590146963,0.874525674437,5.38249763581,1.09648549769,2.83597878246,1.20867917115,1.12385039336,3.61105634095,2.9476047082,1.03165695712,2.18166098505,1.28563379188,0.812374289769,1.02684335767,1.00484717173,1.17925662445,3.99957026377,1.03024302629,0.917646741617,246.508637897,1.13094609205,1.60874980604,1.20990997612,3.01975270235,1.17568864806,1897.83720037,28.2235576301,1006.13377931,0.536193029491
2.47665491049,1.4179759917,1.32775726889,0.96065737916,4.61414597085,1.06133720194,5.3106823315,1.04672818577,0.973303328457,5.46794767958,4.86114328526,0.99615002966,2.29926560449,0.925074527586,1.06673722026,1.40564503584,1.11632630346,0.965308487975,5.1145763937,0.987973304309,0.791787303383,190.747095791,1.16365134342,4.43926657504,1.00245216475,2.44203479763,1.09815784772,678.232737797,27.0039886234,10541.8237078,2.9490616622
4.76769524805,1.09533383794,0.963042389575,1.03354253275,4.20168508503,1.15850025696,1.30240573345,0.938673016809,1.11050252165,4.76196842395,5.04452861082,1.02223528695,2.82099289863,1.04832931953,0.785024302205,1.39525346529,1.08864447856,0.923735552432,6.60385297928,0.953396665763,0.944488095757,166.880700259,1.07852249878,2.65991661527,0.96606613082,4.73389576044,1.27606976925,2050.86592765,53.275556341,58412.0273277,2.9490616622
2.76612429161,1.39202468028,1.5030764929,1.09070385722,2.69888481072,0.955811358655,2.28054224991,1.16635341716,0.97282980255,2.97136195045,3.72070408297,1.1307096263,1.94545191346,1.27428439846,0.814820580247,1.55841887276,1.1248787461,0.862411169921,6.11263616873,0.967357464337,0.785589966298,191.574266118,0.858168969065,5.64723881676,1.06281118096,5.37625037257,1.07214354383,1632.08922202,23.8622013702,36795.3435466,3.21715817694
3.13036645005,1.35796331047,1.07972455099,1.14155793193,2.4402362828,1.05248302617,5.39097142962,1.04954877486,1.13971465747,2.74233537741,5.77799052326,0.875320158645,1.30736832828,0.825119206549,1.06496744456,1.12150056313,1.08283750369,1.00139603727,8.0192094127,1.048393125,0.885547323733,416.72828202,0.912537965574,3.60808116639,1.14278787413,4.55816506272,1.16566887959,4321.81232743,61.514440593,48409.9972222,2.14477211796
4.52619128479,1.13114712313,1.21201811404,0.893639831184,3.77833598368,1.12973909165,3.32787727879,0.925658225479,1.01032882214,1.58160907811,3.62362257013,1.20820112744,1.50175785634,1.245035818,0.818796971176,1.31907971041,1.03626580079,1.16844712592,7.17860741453,1.07383429921,0.908933060353,108.247703591,1.15265845557,5.92266302208,1.0661360933,1.56560067204,0.880026377756,1274.37432827,22.2884149802,6760.05530289,4.82573726542
5.22007630436,1.34093451079,0.756124023056,0.992522448642,2.21271428874,0.925774206311,5.72008267059,1.20966531778,1.13385153734,5.7783743567,4.84528123234,1.16192373328,2.45244923224,1.05435089994,0.885935207132,1.33378389641,1.16958299502,0.901320878863,8.46524120708,1.04365168782,0.85732993345,212.155583968,1.10525430917,3.60885766894,1.23565081691,2.32419236127,0.970416188503,221.603271394,13.6674366803,3326.34820858,6.70241286863
3.19491226341,1.00030080143,1.02065419851,1.17561589239,5.88109171342,1.00439116154,4.28673749765,1.06907851486,1.12862597156,5.50267413682,7.67193602136,1.00273609129,1.84939244345,1.12874406719,0.863815131495,1.43601850374,1.05703983076,0.979897764644,6.82395895881,1.1361421884,0.905413823425,373.630446085,0.867962221672,4.9124772821,1.00734492988,5.03361074278,0.969323284589,4563.81187184,64.3415176009,27496.9889994,2.14477211796
3.80170295359,1.2336699365,1.04198179278,0.962544145456,2.69272797178,1.05598192829,5.37491784123,1.08698765489,0.913728125817,2.11239114585,6.62461842681,1.11260451237,4.91946409035,1.24633912306,0.868439115915,1.36009490981,1.15780619225,1.02149814237,9.76028899061,1.04340064478,0.930677044926,31.8444125797,1.06576911058,2.37288209951,1.03918946809,4.3141351649,0.909077877989,1079.61001759,32.1052661087,4571.03374725,0.536193029491
4.43978795589,1.36177698648,1.12334430424,0.945965783886,2.539791453,1.06499324469,5.58099915562,1.07842073646,1.03318990723,3.82916550561,4.38937490731,0.927643643946,4.02246681307,1.00102511134,1.05436744596,1.36050481786,1.14766987584,1.14894577678,8.42417471332,1.17027969482,0.805626935787,346.266474091,1.12765839602,1.77425629142,1.18310000875,2.42063341525,0.970893600054,3357.62779501,32.3172181047,5479.65236933,4.82573726542
5.29962809736,1.37646072889,1.57335909706,0.916481196673,2.79325598836,1.13596142646,4.79805776769,1.02591139461,1.11189375232,3.48531363775,6.91586557854,1.06822494642,1.46912901397,0.812613112397,0.86630350526,1.45611382273,1.0772933979,0.839152210017,4.63039756877,0.991657075725,0.872574422738,17.3495920334,0.944435387629,4.95039325429,1.15043648898,5.32717199409,0.887780940688,862.231475894,29.7061949841,20170.7099444,2.9490616622
5.26712388521,1.03292689041,1.42874382117,1.20788810525,4.78108888573,1.13127447984,3.59703179144,0.901428971862,1.10412674587,2.92702303354,2.83499107729,1.18489895181,4.8795682645,0.997316255166,0.930697827487,1.24604535637,1.10463670577,1.00887469304,9.52598121274,1.11469989077,0.93818974858,325.980052885,1.03799731829,2.70506529534,0.998474004742,3.49468363376,1.03312985516,7004.61961876,74.6829869083,95093.1608962,1.07238605898
1.20014498876,1.0670839952,0.906465157928,1.02530289559,4.74405258643,0.932412786024,3.52058339044,0.825851383863,0.909188826085,3.11455465568,7.01940941232,0.995781335979,4.93589956717,1.02605705852,0.987372464145,1.193180925,1.07825613358,0.963880756664,8.62051822627,1.13275146782,0.780669087861,87.9786668373,1.18777543638,1.1142584603,0.951472334035,3.23711417238,1.29318412486,1557.75833074,34.1500997737,23197.7694064,0.536193029491
4.02467957911,1.19371245686,1.23179985437,1.15314251577,2.4559357443,0.845592073247,5.80661987384,1.15947317273,1.0602472924,2.76097210424,2.0688102989,1.21027784753,4.86864304101,1.0960664264,1.08088593764,1.48513745606,1.08234421435,0.884218798298,8.93182187741,1.13010570232,0.776967095164,283.790134178,0.900249840497,2.89932268111,1.1886946959,1.38305120621,1.13157920579,8195.72055175,82.6323832194,112232.492818,3.21715817694
1.63362511894,1.40496174122,1.01817647368,1.15142250843,5.28008070201,1.13874728327,2.61176275232,0.940118602306,1.05332442854,5.12731974508,4.34557847629,1.13527925759,1.29802399593,1.02381658835,0.983264861108,1.43552159566,1.08197299051,0.839047557584,5.72916452432,1.04932654554,0.956772226886,270.28316648,1.02518762558,3.83493613094,1.23468007007,1.22320307744,0.9810095036,954.631360309,26.8817361801,20096.9865746,4.28954423592
1.70752743931,1.2819651921,0.798889931704,1.00394265989,2.34838491795,1.18454595351,4.19252929827,1.14064502246,1.11443327018,3.15459896763,7.60680684861,1.07638120311,4.00418261516,1.02071069332,0.896573824748,1.20652209875,1.14863114631,1.18056571866,8.52558182204,1.10597613018,0.911701036837,260.488364571,0.883361560754,3.60351677868,1.15595631794,2.68917170778,1.10865657986,2172.43049311,31.0997643937,23958.4099601,2.68096514745
5.98392819601,1.28510442947,0.964929028469,0.994691056269,6.90744414919,0.730090327365,4.45122201343,0.919182043698,1.05652839624,3.25190466475,7.50281738017,0.999824580605,3.01309259205,1.17475356844,1.01817979146,1.61736608544,1.06294885716,1.11744183973,5.87133677461,1.00530725151,0.979083699467,8.90337687776,1.19359985967,3.57900235343,1.06994194438,2.61933342456,0.982918868072,555.566792394,18.2639653028,5563.73685553,4.82573726542
4.63665223737,1.07884147669,1.02454053221,0.930977271894,5.44831998092,1.06784920363,4.97358147029,1.07560243087,1.11441128991,1.32916713984,3.03191603871,1.13780626635,2.65804042075,1.13528779671,0.846741814872,1.51893222879,1.03130122752,1.10941525269,5.28969713587,0.912902057235,0.914533528112,159.12430116,1.19815873976,2.83937709963,1.23933985377,1.64186644684,0.930556974023,395.644860741,30.2742018253,2256.41661954,2.68096514745
5.8714693914,1.01930512621,1.2422749239,1.18277089297,2.98801367547,0.73619393423,3.55168246783,1.2524211479,1.09486791034,3.85058466915,4.17074963122,1.12291180316,3.86772308357,1.18200151801,0.997547004199,1.10358369046,1.11413248066,1.03554212676,6.03289864505,1.02603547798,0.763224048321,367.965584657,0.855665115471,4.33425713405,1.16519799957,2.69763391477,1.09661989803,756.599440838,26.7111893823,4375.22014904,1.34048257373
4.31980925474,1.23034681075,1.27756722147,1.06688483809,1.82802865775,1.1127038686,2.06741159746,0.952173253986,1.11274420247,4.24809015567,1.96380002327,0.81549860061,2.49944688707,0.975993152507,0.929806334582,1.0141926064,1.11548542063,0.99958930379,5.90743715237,1.06844832533,0.897995812802,379.023883776,0.890116556927,4.01102960877,1.00120961535,1.1148096999,1.16266551974,1600.88534448,35.5674869362,3512.50642257,0.536193029491
1.77583549508,1.153296442,1.70347119926,0.964213036509,6.77215622608,1.10062270119,2.28202501446,0.857836970823,1.00095703031,4.44110766403,6.7744230317,0.94037395394,3.96285679158,1.27103347944,0.978637428484,1.53865424486,1.04948391436,1.13958250217,4.94765685453,0.918118618915,0.911772792831,344.665836303,1.01717958917,1.5016336117,0.996226589402,2.77116097273,0.917620674116,1483.28079456,35.0232734298,6942.73266175,1.87667560322
5.7630323352,1.38215807751,0.919176366992,0.892756219406,2.32751018661,0.891208126131,5.95575180981,0.825909315603,1.00536540586,5.76363753197,2.79737375936,0.960402322154,4.30504634281,0.949443649888,0.917221218662,1.43693686952,1.04930551167,0.863605566623,5.59059376653,1.14452179046,0.994642095309,94.8639481307,0.939016789393,4.51965471394,1.21852849825,5.4382155369,1.07840687026,6162.33656772,54.2507431049,53296.1329074,3.75335120643
2.57645006977,1.18569695474,0.934124164364,1.11766998646,3.09009041072,0.786708254764,5.74343609617,0.945874103015,1.1256538465,3.20272616717,6.10199724803,0.823478157589,4.43443592471,0.897739249552,0.903281066291,1.24047140471,1.05172346404,0.84581346,4.95859637277,1.1750976479,0.805858184089,111.753009002,1.02734940337,2.84811980524,1.18873803467,3.9457891672,1.13173660285,9026.32792798,43.1169772022,36433.9084892,8.8471849866
2.81601300275,1.42279584107,0.751061589721,0.82059573437,4.45198460656,0.828043012521,4.27190991613,0.855747850881,0.912221443125,3.00632252111,7.29931743459,1.19961857051,1.19344968756,0.912159422203,0.944722024482,1.13820786353,1.16980944917,1.1954305918,3.60348923776,1.09197940097,0.764111482033,76.4719106912,1.04054103169,2.66917391998,1.18391787364,4.11223779251,0.890808071234,5613.08790899,43.2001747952,46561.6188839,3.48525469169
3.89017307304,1.4255151516,1.19166878409,0.931143855525,6.75939205956,0.968889974652,1.99240882778,1.21370854315,0.977021806037,2.64118850728,5.9027846509,0.940088656893,3.15131631976,0.812152660771,1.08802892014,1.23093998551,1.033755476,1.06298053589,4.03168672988,0.936581598213,0.797327393231,12.0232827216,0.968674731111,5.38553166328,1.03396989436,2.44424188543,0.957746811358,461.252555041,32.7445117852,2118.65070668,1.60857908847
1.33202990148,1.39979319974,1.36512986167,0.942460094601,3.13481651914,0.899910863189,2.01236798189,1.09489062092,0.996161552226,4.50975669464,3.97445321228,1.12368109315,3.28371660798,1.10888118618,0.980344559156,1.58118271913,1.04166709755,0.845265302571,5.51931051405,0.991114711577,0.848864526502,188.649978506,1.0370943953,2.54591465059,1.23804685781,5.46277151425,1.28546558896,3806.70440309,62.1719563534,4629.34038382,1.34048257373
1.42393303539,1.01597289418,1.18211456888,0.843096445236,7.04325776289,1.18877658595,5.6291081011,1.08054664012,1.09105808294,1.67838163486,7.35701930757,0.842785982664,3.30781425211,0.949982134095,0.971176396613,1.04560446635,1.08430245448,1.09535551389,7.16064572605,0.959059920496,0.844225956149,264.39561653,0.870605467219,4.24751405834,1.08396883592,2.69492605101,1.28478935801,4397.81089655,35.2449128298,18261.8830936,2.9490616622
2.7237043006,1.28305767465,1.38163041962,0.915529548368,1.44470626754,0.779083182041,1.14669593104,0.827485294833,0.940561423137,2.82683574859,3.71719399909,1.06483908613,1.21765463914,1.27368719494,0.974100692058,1.53955714552,1.10049514574,0.849471287292,3.45559042504,1.06371606091,0.966920579362,190.638307347,1.10731742054,5.97934923315,1.2277158998,2.38456567821,1.05872140687,3476.36456696,30.658497948,21187.9430809,2.9490616622
3.57976507273,1.08029425298,1.52913757658,0.930931453209,6.26844042807,0.865900788425,5.82595613151,1.08152130828,1.07536336563,2.08838675868,2.71013071293,1.05931729378,4.90070270812,1.17779122504,0.871489905819,1.06622704837,1.03002224215,1.08531254626,4.53969990213,1.14984000756,0.918727522147,101.919178387,1.06978955437,1.25638743182,1.06502437549,3.04094941843,1.26783794276,1472.45326279,46.8169674615,18747.6870405,1.87667560322
3.02044982074,1.29399235556,1.52304102884,1.06621372956,2.04456078948,0.831481688971,3.29645044072,1.03048018216,0.919508285207,1.93816583426,1.74531510605,1.0178075581,1.38332391296,1.16238907923,0.936193319917,1.09455023622,1.03538262786,0.822968941679,5.40024097735,1.02791961779,0.816248284491,159.328574254,1.11388637669,5.25218195145,1.21854436274,3.7257510227,1.16783491842,1430.82171514,28.4933509807,2783.49247094,2.9490616622
1.95088790467,1.21169315787,1.23976304581,1.1804495774,5.58377588011,0.919993279964,2.99308600763,0.892876771953,0.942032602329,4.70840238398,5.17536015604,1.11273563312,2.58010916541,1.14596250282,1.08077616848,1.29157210356,1.10302315576,0.906958446822,9.05993149659,0.932194602382,0.868915343353,298.442859367,0.878364590947,3.11940221407,1.20651416366,2.73452907653,1.17238825541,1328.21168751,23.1401379326,15409.6838071,4.82573726542
1.16069250592,1.18572004953,0.97152220581,0.926004785585,2.64365301231,0.912686678216,1.35001913319,1.12613946747,1.05916311497,4.67795111181,2.94247884447,1.15224700646,4.48096023842,1.10742092658,0.940513297983,1.43923879619,1.0634153168,0.915890627976,9.28557193106,0.943642130413,0.986644862615,19.9218089246,1.05432091176,4.79224537521,1.20919212462,5.47885344324,1.13274443636,2827.39637457,33.5852323881,11436.1768459,2.14477211796
5.38121133771,1.33101124699,1.22557427475,0.907268642443,6.60367022003,0.906896388882,5.59829491916,1.00514650613,1.0116541334,4.60842482524,1.96473021807,1.06641116102,1.29465792949,0.949873559391,0.858573854759,1.61301154281,1.14276642413,1.02107821084,5.50957101911,1.13930596644,0.8746861326,327.608353598,1.04374843331,4.40987368251,1.07077951602,4.55087351587,1.16121502293,1038.3933767,24.2449939394,3652.45066043,3.21715817694
5.39680029008,1.32103389652,1.21788850454,1.20769325061,6.4750464673,0.867784162184,5.03299326414,1.08007962495,1.04637463836,1.59835747987,5.90196748976,0.834977153394,3.1465979607,1.09297270836,0.943753616575,1.62735914995,1.10622757833,0.93240767022,4.29167468676,0.983078924155,0.803536281564,82.4112087257,1.17393816609,4.91342419251,1.1327371816,4.29484592296,1.15867636799,8629.43271191,79.9213553905,133394.419295,4.28954423592
4.63531986202,1.23165733565,0.792197234898,0.96630226704,1.48519302985,0.924874103016,5.13983656096,1.10641322736,1.09870055719,1.39345010711,7.40771937018,1.13095968224,3.12405047362,0.928071785335,0.811745288679,1.01110113389,1.12763672585,1.02416102972,4.00763720719,1.11711100363,0.82370276481,208.341816933,1.08696511427,4.23285837899,1.10331478894,5.1150965237,0.871619810368,8325.03864378,59.4989018312,85698.2466386,0.536193029491
5.47021994731,1.062199434,0.837259674268,0.853698707016,1.51919098439,0.893223244714,1.56318776353,1.15944407839,1.10355292941,3.61431574282,4.28748972037,0.948545635577,2.89491748489,1.2606566189,0.835435069397,1.31839668603,1.09436688969,0.810003070695,6.28394595405,1.0922386583,0.980040467776,157.561068987,0.921908826296,2.8613615198,1.00520713937,4.97894153759,1.02610752771,3880.80118955,43.9991187303,58800.4815525,1.07238605898
1.63053485635,1.35778463893,1.03061851591,1.08937602361,2.67400645604,0.935642141331,5.7411214383,1.11123832974,1.06350362439,5.90283790309,7.32930896941,1.20349597256,2.77704386809,0.834766766785,1.03890530323,1.39274786979,1.15137595595,1.17668228445,8.82901332585,1.133094468,0.780581035768,11.5176473018,0.961806382957,1.4702096663,1.09836559798,1.26000472796,0.898093386008,1574.9267857,30.4089894266,17557.3538837,4.82573726542
5.56698546675,1.08530872105,1.28167256453,1.14604681526,6.05446387395,0.995127304065,1.15668415098,1.22595378277,1.01385628852,3.20839958137,7.3309291197,1.19039434981,3.74932343049,1.2773831037,1.05202650322,1.14058563837,1.05758764384,0.888524274372,6.66291202202,1.15305757836,0.866036497541,179.984873356,0.924339496081,5.93013225234,0.963966093419,2.38313618442,0.871399783836,4622.1994728,66.376014919,23842.1075103,1.60857908847
2.23976449215,1.18983113409,0.757032676233,0.843650628013,1.70187777948,1.13760310995,1.76096159929,1.1480982306,0.910036529163,1.91138741233,1.58835285859,1.10021772848,3.35996723342,1.19056332743,0.832120621727,1.40394753425,1.03226166531,1.01379445777,3.89781868353,1.13803619551,0.938779192733,182.786971415,0.967931826418,4.02673507512,1.11026371001,2.18581766685,1.19799371031,1605.71351058,47.6846650277,8458.07437513,0.536193029491
4.56969188428,1.15200334826,1.24826686001,1.10078948429,4.12781826631,0.974406819974,5.35202276926,1.09898271734,1.05341140633,3.05957632368,2.8816572583,0.99456122171,3.33299242741,0.816075315452,0.884645501611,1.43115024124,1.02260940035,1.18034565371,4.5595796461,1.13748237483,0.988766842155,346.41527486,1.00443908881,3.36794115268,1.00589745754,4.77943870479,0.991106735936,4006.28652261,68.7188236015,17617.8124022,1.60857908847
1.52400621612,1.10284675812,1.49406323095,1.05953188105,3.32914590833,0.827697941802,4.84827243739,1.07453741875,0.998988950305,3.44382757686,2.07537091496,1.17233301011,1.99248431174,0.95714933276,1.02783005023,1.54220466452,1.0116594475,1.10196452713,5.60134497914,0.998071462871,0.931361111535,172.325343003,0.932476067454,3.38563801287,1.09379011603,4.39178877073,1.21996863784,4309.83897446,35.1932319041,60009.3988501,2.41286863271
3.79992110182,1.41680686128,0.746387944924,0.82978512049,6.64029350104,0.979664142278,1.33285520374,0.980204720815,1.0602727072,5.97742018947,4.09975177403,1.02393614203,2.39201454266,1.27976885088,0.892638511432,1.37993001611,1.14511999904,1.21583831168,6.34212626386,1.10481267153,0.931104730877,366.947742244,1.10130498981,5.28602933669,1.17082366378,2.5809779418,0.962001313031,3023.76144992,44.1178664497,37658.691297,1.07238605898
1.78619232921,1.41114344433,1.19445353935,1.21885090298,4.5052170146,0.84231537711,5.21003513469,0.834794631266,0.956590598867,2.47129640525,6.22549605992,0.812344627956,3.7403445668,1.01354169166,1.047072166,1.01418667521,1.08149550394,1.02259011271,4.16927857577,1.15897935558,0.967681661618,203.309795226,1.18894572293,4.56416608536,1.21250536445,5.424943238,1.09455990863,5879.72643106,36.759100692,27700.5598224,4.82573726542
2.1141952728,1.07330492558,0.964161293632,1.12510003557,4.81925866751,0.815175120024,4.5885609336,1.23796425478,0.941860998987,3.26594095353,3.3900257182,1.21383737539,2.79046063129,1.06764720923,0.810864200302,1.10725843753,1.14549172038,0.82149859313,4.89892322583,1.04206680773,0.894418858982,226.563539584,1.0529839124,2.55051839829,0.987572917249,3.44897133649,1.29542007952,2189.82191185,33.1563393691,119858.725776,6.16621983914
3.83649622478,1.26488808186,0.822505546687,0.962860730264,1.56377906029,1.06191558629,3.69886672592,0.915037207214,0.949272772027,1.8402416318,7.68771388061,1.11416159434,2.71546645976,1.20822352657,0.924776178435,1.10811378498,1.12628827964,0.874419136823,3.63050605965,0.963245182815,0.831691062705,267.971619747,1.13414447969,5.54010510418,1.05402180926,4.09735956746,1.00994074594,653.505332965,26.5042295462,2430.31652657,0.804289544236
4.55991879267,1.00366199869,1.40444937938,1.21657732425,5.0536231602,1.12157242057,5.16155705439,1.19014739666,0.911695664431,2.57770656779,7.67730632222,0.885278492935,1.23439637492,0.835263592736,1.00226030566,1.26698937603,1.11982749871,0.963507293342,8.8829778318,0.927442549878,0.948215369653,79.9501160039,0.948738735514,3.56406878021,1.00381305902,3.85499061591,1.22267843494,4741.54361741,50.5827790241,52072.4215029,2.9490616622
1.06871665041,1.37281113566,1.07074079671,0.830340188252,6.40078772846,1.022942729,5.82040918884,1.09382251669,1.04976646852,2.15578394961,6.88297789761,1.15772453986,4.21423121776,1.07970465041,1.07112907711,1.16814970131,1.14414509903,0.906162703489,6.87131043821,1.12409396926,0.910858231293,190.143968249,0.916617652419,2.20184213249,0.996005900886,3.81812924002,1.15440721808,2789.3628282,31.0440287091,8836.84691824,6.70241286863
5.06239283822,1.26766982432,1.1699755294,0.83675839641,4.834352021,0.997574022912,1.59600548462,0.843771929912,0.919552587648,3.77872713064,3.00921032694,0.823135593613,4.96586186789,0.913949817428,1.03592118016,1.46365686677,1.07043911911,0.93340282134,6.29670907526,1.05402448621,0.7863205065,264.877056545,1.08077468911,4.24640304696,0.959805346623,3.78243651474,1.10616584724,335.221475948,22.2262637606,884.713789871,0.0
3.56705015063,1.21391499184,0.847403904862,1.09651738516,2.00522587437,0.843427541835,3.45017071327,0.975829600211,1.04915929313,5.16466371118,3.57328839547,1.19471162067,2.38755933282,1.14937944184,0.783504706892,1.29474038237,1.05029337108,1.20178252048,9.559013589,1.00163878251,0.857872666539,229.718450251,1.04649103042,3.37581591502,1.19817371149,1.64935808669,1.29731943125,441.550685765,31.7623543342,5980.03435613,0.0
5.55888194591,1.08039560972,0.870871351395,1.14829452335,3.44783244446,0.794677585752,3.78915021935,1.23133930764,1.09319847438,5.50883735132,3.20121402004,1.13150404851,4.20136451571,1.06752944943,0.911069930096,1.5703613934,1.07285160583,1.09132670523,4.05575960493,1.05212754018,0.917152505164,336.799218852,1.10443888419,2.70587848998,1.02670642258,1.69999388171,0.888647002087,3183.7412806,42.2018939906,16233.644214,0.0
3.28530846802,1.06237762042,1.07687224833,1.15150661233,5.05702317441,0.804570807324,5.5891568372,0.973884508803,0.983029560385,2.40135812253,5.45397892495,0.810400295763,4.46502281761,1.09603072269,0.947602871885,1.21214972366,1.11453870908,0.881719837568,9.07364668048,1.08454584551,0.863763482324,117.531415011,1.11965372241,3.5838523131,1.09547229194,5.41135581888,1.25758137767,691.205072547,18.6609604549,905.717096279,3.48525469169
2.78431058341,1.16446159555,1.07255792255,1.14779231656,7.00490768026,1.14189215643,3.89301598217,0.942789478313,1.07157238339,1.67205040129,1.91579991772,1.11745565853,4.16279321283,0.878978979075,0.964840360885,1.23223719794,1.04458569152,0.927619506132,9.08890798192,1.14120476505,0.804319767287,11.1120274312,1.15476921982,5.04390360524,1.1674481305,1.20349274357,1.25020353175,6994.61062446,36.0227838638,102107.089146,7.23860589812
3.14943673377,1.34482846868,1.24994777051,1.05964228171,4.28135005021,1.0558386626,5.60720318703,0.903926166278,1.06952641217,6.10526141107,4.10143815122,1.02771239251,4.642318542,1.26858319057,0.833393246058,1.1704289959,1.13287073345,1.06173774991,5.42482029728,0.981262327142,0.91719206861,17.3021093681,0.907508096406,3.97181379458,1.10670870726,4.41958570821,1.19255197899,11983.6325512,44.1332644505,75351.3883368,8.04289544236
3.08989808888,1.02288998955,1.40779681076,0.930107145266,6.35954379027,0.722414254049,3.00835801681,1.10309866645,1.13767535268,4.77469674797,3.85926298562,1.01913304107,4.94868898383,1.15448598153,1.02038662919,1.4935100225,1.0284357657,1.13324602172,9.81992800366,0.924964956433,0.925834025457,350.980209183,1.16474166638,4.34440656875,0.995541895004,5.19256778638,1.02209877968,1649.51378282,29.9628917319,7990.40167209,4.02144772118
4.17421616418,1.03579869598,1.59046389964,1.19026609558,4.06123508715,1.1403809394,3.51193710006,1.25580262925,1.12791729574,2.89545837276,3.18408179045,0.875361444783,2.14778416935,0.973567873346,0.890866239506,1.13095855213,1.05356367136,1.01372344196,6.91290457993,1.05310655092,0.964712274208,414.056507775,1.15883768307,3.75966821876,1.22855461561,1.48578413742,1.14150140341,80.4617766372,13.6863169935,555.856855744,2.9490616622
5.71157731013,1.29351794922,1.13613053886,0.98237284998,5.57517752319,1.16413737166,4.81402268735,0.959231415644,0.908578763881,3.6971329065,2.56891996276,0.900765309846,4.16635068068,0.858642670981,0.841042732997,1.25274699986,1.02426098195,1.11535732398,7.42993322119,1.16277167672,0.850851535694,60.4635216807,0.845081421856,2.67471334331,1.08978203504,5.1406913468,1.09721505984,1943.56803734,51.0229014333,23173.2189569,2.14477211796
1.33529587117,1.09584499678,1.05098858746,0.992771099915,5.0655215654,0.935452338569,3.16309139422,1.02402334615,0.976744249263,5.69140436321,7.48403696581,1.17563604589,2.58187570648,1.25236403996,0.899396949653,1.02717221243,1.09044423932,1.21331840505,9.50895640319,1.06023767242,0.924791962369,181.491725698,1.01788347931,5.74396898126,1.2176475271,2.27315408616,0.877974767004,4273.72369535,49.2891145591,41205.1259367,4.55764075067
4.95834070861,1.14280239938,1.45443475437,0.806618741846,1.85134265759,1.06587479699,3.88941421305,0.977393255687,1.03857130166,1.81562343094,3.22850088068,1.18417790338,3.70881401254,1.19112681249,0.963789734272,1.15745939001,1.04826216457,1.05771428587,3.17787264804,1.05771288494,0.888328888857,191.657798231,1.18384166808,5.56621091659,0.962623944035,3.68605025875,1.13554675575,665.921268762,21.5781007242,3511.64907964,2.14477211796
4.97036098186,1.10286437255,1.01232253292,0.930785179732,2.91914286047,0.836632167143,3.40591836314,0.839285848782,0.972712895513,4.60144229347,7.65929081953,0.928520784405,3.66758391932,1.18730384026,0.942239024091,1.55894554434,1.08250472817,0.945166055922,7.0144534489,0.998358870617,0.850219281333,148.59760407,0.994157539557,4.11933123775,1.13636848642,3.33801854476,1.29402347767,2961.11434125,39.1982834466,23790.9747147,1.60857908847
2.53669808949,1.050364747,1.14395627636,0.955845853718,3.23107397195,0.935642650446,4.49661199054,1.21465453279,1.03102606224,4.78932684595,3.1637018388,0.819740036502,1.17298287064,0.891479399134,0.958614483346,1.56899808383,1.1072959181,1.0627420177,6.13451398425,1.03080500108,0.948883079162,335.859500652,0.948919511385,5.43717593884,1.11596724517,1.03094734044,1.29348496738,3173.89496611,33.7784446321,29830.6482171,2.9490616622
5.99163830951,1.22815758544,1.25135274107,1.02242493951,6.64570452752,1.12596268591,2.29169787025,0.890261629145,1.07517970031,1.61001467658,7.18166263364,0.824134407407,3.92416811596,1.25656763785,0.804266090075,1.19906598836,1.15549402439,0.906501631289,5.93037150133,0.952847452461,0.882959741917,36.8050390767,1.0164940761,4.47377375835,1.21377098096,3.11231623985,0.951690496127,3135.64133977,55.8204156681,10900.028468,2.14477211796
1.45486340949,1.19174091186,0.976977220492,0.966249341522,1.69127014691,0.849371669248,4.42996032172,1.05622674956,1.09999980978,5.837685685,6.44635682734,0.826331986891,3.35301543858,1.27433876541,0.964522306034,1.26196345861,1.00401951549,1.12809174546,7.44392144666,0.989655519441,0.877072173038,128.36376907,0.979427477176,5.8539385768,1.23256528827,1.30995489348,1.07728544632,2226.10759153,33.1141546231,21113.1014085,4.28954423592
3.67740539071,1.21867210193,0.878620189177,1.10254297715,6.66079041431,0.964043785119,2.67426090627,1.03608077529,1.07704480053,4.03263873809,2.55830245948,1.21817292152,3.89664150475,1.15527604501,0.993007874331,1.32652831602,1.14070132913,1.09871553404,9.60063564389,1.1259067848,0.947936885431,409.482411255,0.891526244172,1.46951277309,1.07525739503,2.26333672044,1.1034008677,528.176860034,33.3885875216,3970.58654484,2.68096514745
4.25741443181,1.02087277013,1.69876108898,1.21749202837,1.46631713428,1.15845175097,1.70299538991,1.02772210327,1.13239697481,4.81129383559,2.0196817654,1.13685434908,1.08789087905,1.09151131042,0.969783254148,1.02718175325,1.14929505382,1.1605004724,4.63913283168,0.941851013164,0.871496257007,80.6513587497,1.17410759809,1.15082765822,1.04705570209,1.35427847882,1.07256794891,3902.98678314,39.1198943056,42928.2592885,1.34048257373
3.29768766834,1.16489030624,1.65020286477,0.847164609771,3.73904769678,1.03521258751,3.69258748459,0.826655737961,1.13674831295,5.67959873131,7.13498573671,1.0104430381,4.35083781278,1.24395790201,1.02235118984,1.37227272407,1.05237251472,0.911943604797,3.1352999298,0.994293568546,0.947837075106,282.767877155,1.13719675322,3.00983097777,1.07859996397,4.43570862717,1.27208470209,1077.58690825,32.741662527,7793.47904639,0.268096514745
5.91924114551,1.05802211175,0.99892349424,0.948495818807,3.08919870736,0.785144405012,1.16748745459,1.12410747174,0.927902156793,4.04967375635,4.91397168007,1.04449345292,2.41185850714,0.94839442099,0.973032272468,1.52418740781,1.00956880171,1.10830093832,9.14407691966,0.978325363466,0.950355548223,326.708973049,1.13949770406,3.82755047162,0.961891691632,2.14050331972,1.15496667321,2479.75771069,39.9573591393,15816.3878301,2.14477211796
3.84986841044,1.1031902381,1.41965634594,1.19433365307,4.18359901954,0.807134808617,1.20016281842,1.24772105436,1.11610400998,2.62102287278,7.11125997737,0.998478184787,1.83672344954,0.827365557724,0.945296459983,1.45458816417,1.04550623843,1.21762043543,4.70855196584,1.16827793895,0.862170461443,338.997729929,1.00204050853,2.06133559735,1.18820024045,4.70209088643,0.871417286358,2265.9453415,55.8854031252,26351.5040998,3.21715817694
2.81599520876,1.16290146908,0.755570240038,1.09821536624,2.2801850222,0.888007725256,2.21047078764,0.987926378092,0.924484743973,4.19874100829,5.32997327086,1.13420418214,2.07770339052,1.27042849007,1.08397961727,1.07483684097,1.0823634939,0.851719153677,7.41979248048,1.17459775068,0.844645712353,148.712357751,1.01460817123,1.12042030626,1.13128113697,2.87193818598,1.12659713232,1053.72977438,21.2372273313,1616.41408974,1.34048257373
1.05727542483,1.27315399894,1.68123192146,1.15178721115,5.68224576555,1.05549388137,4.92100657593,1.05014930339,0.999944073351,3.3038903307,5.19315828946,0.95150506644,4.44678240353,1.07697132133,0.951836354772,1.25499099009,1.09777025499,0.857998819925,5.24982349965,1.07925176265,0.808716913125,283.076131687,1.06641828972,5.65644057511,1.05507573735,3.98398649182,0.95455161364,1739.44584196,24.7544551973,27791.3505633,5.8981233244
3.62529551059,1.16865224149,0.815110892693,0.863223057143,4.11446574499,0.793015180631,1.06189355339,0.841377191675,0.96392658738,5.37356680395,3.00361235543,1.14765776297,1.62679245365,1.22530672774,1.08961615653,1.41861505945,1.10805583611,1.16717626601,4.61640221822,1.09198017993,0.808133788524,90.3712950502,0.903468262651,3.58561626844,1.1459792525,3.95792248197,0.888369648265,1294.77361483,27.6997062484,20067.9278469,3.75335120643
5.16416962963,1.26995844007,0.885027407677,1.0315237856,2.16754793891,1.11180379288,2.80906396535,1.13698725954,1.09885611303,3.68272667589,7.71835646183,0.918395457019,2.06000218529,0.938744945721,0.835660694222,1.20354479489,1.04561821235,1.04535592229,8.40903995188,1.15831420905,0.763381481916,311.182817929,1.19609398113,2.1872170957,1.10853643434,4.67907911024,1.19253157129,3721.81111108,61.8439306708,54507.8199428,2.14477211796
3.40956430197,1.08013295563,1.16094946602,1.11135478268,2.44833900091,0.798436056217,1.99711157779,0.924905036959,0.972541178231,2.92659052595,4.37627489346,0.839694432364,4.54928593876,1.1864601605,1.00641315618,1.62574398153,1.03770830477,0.921625012347,5.96929154324,1.14845859679,0.827361231829,62.5700084949,1.19193104578,4.78976964156,1.16867169811,5.34355197963,1.14840516263,41.8880043535,9.32133598912,69.7386194288,2.41286863271
3.63248048144,1.3897251563,1.21926598987,1.02397777639,1.95730378725,0.934901688033,4.91548371724,1.0434414529,0.937612970277,1.42788718279,5.05362518669,1.09635043387,1.82565315955,0.845503784385,0.843775723072,1.52024758752,1.05660801701,1.15633117776,8.33644627943,1.12887348951,0.869797383076,220.036741133,1.19677788059,4.56061558483,1.02930972967,1.76625478016,1.15785590129,7721.12363465,59.1027961402,59131.0029111,0.268096514745
1.07554669313,1.42564222331,1.43199417401,1.16360524257,4.78661435299,1.03069177455,4.37556858109,1.10613818314,1.0271238443,2.3792222559,1.87094730598,1.042191174,4.64818284065,0.907048121505,1.00217538567,1.28182682247,1.11961492072,1.20502762974,3.34876831118,1.04466758327,0.831671211574,130.802063725,1.18379540048,4.89879650856,1.09460581389,5.46936278952,0.988628568066,4846.70079307,40.6700364174,17204.6164775,3.21715817694
4.58852993258,1909.27321167,14320.8871411
6.90569491516,33.3308067901,77.3231472625
9.7995751453,10531.1585312,154368.119092
0.0,2.41286863271,12.3324396783
