$aa,$sced,$cplx,$site,$resl,$acap,$etat,$rely,$Data,$prec,$pmat,$aexp,$flex,$pcon,$tool,$time,$stor,$docu,$b,$plex,$pcap,$kloc,$ltex,$pr,$ruse,$team,$pvol,>>Effort,>>Months,>>Defects,>>Risks
4.42789789055,1.00000003392,1.00689138337,0.989532848105,2.57590320216,0.938073923917,2.51317733195,1.01841064389,0.905410116477,1.8504940501,5.70296751408,1.19405288019,4.73730412527,0.86245574199,1.09000083581,1.06765154578,1.0270269368,1.20687264307,8.07574993564,1.12249802452,0.839467439593,21.0483799501,1.05519778987,4.02757868458,1.15179957744,4.75562827903,0.950842515444,818.206128257,21.2509870254,30596.4470976,8.04289544236
4.57782775968,1.00000041458,1.53538042668,1.05032997335,4.97557609557,0.996802247929,3.03740351421,1.05672988753,0.930183958671,1.32755687371,4.79288213342,1.09186344849,1.73737277619,0.84894861905,1.09000029132,1.06533632512,1.03748586232,0.830326315842,7.65586739081,1.1661856178,0.987830135272,596.45130205,1.12692838969,5.54475847462,1.23843907338,3.19000467045,1.25453903394,953.691117972,20.6984497706,2670.44015807,2.68096514745
3.10435391608,1.00000077335,1.07945402588,1.00054866497,6.13673523822,0.740493324348,5.5981524653,1.2298144834,0.985064164958,4.39355517508,5.80164162578,1.08668791355,4.67854275813,1.23095948454,1.09000087451,1.03901370824,1.04255585543,1.2124558139,6.32213167741,1.16979803509,0.847877834958,260.777354214,1.01799082042,3.4215952768,1.21212263465,3.56757078097,1.18213508794,4693.13827552,41.5696416938,10763.9065051,2.14477211796
1.52454609318,1.00000003533,1.23343777393,0.867946496572,3.5722612505,0.943193082641,4.28738228882,1.24463303929,0.938301716516,5.10004098192,5.99942630397,0.855286886834,4.58725600658,0.835483935258,1.09000067888,1.08835721872,1.01726214857,1.02741512845,9.65756577686,0.984116867563,0.784929113878,419.805193729,1.13558870537,4.76620613746,1.07693448894,1.40690815814,1.11746488452,939.988905957,21.0644670966,6450.3445741,2.9490616622
5.42058771575,1.00000019847,1.44458220401,0.903757034517,4.59998540782,0.736813951297,2.34150255663,1.21755759118,0.980313030406,3.71574823859,5.35353094987,1.13335424638,4.81425746804,1.01206003133,1.09000090764,1.0649888879,1.0442301634,0.863704729658,3.17165619007,1.02526091265,0.811720646724,576.500437318,1.01408037914,1.31429806495,1.21018119644,1.31029160181,1.16834117343,491.667442318,32.1002017766,1948.96662582,0.268096514745
3.58445317434,1.00000041547,1.29306336433,0.894213469955,3.34517460744,0.931912484731,5.27911290014,1.15147232832,0.96851892235,2.93994029533,6.03047036752,1.08107349817,3.73636484985,0.991020069547,1.09000076465,1.08641542883,1.03463111444,1.16924127314,5.7692938537,0.913424090785,0.824524647945,291.020037497,1.02695232872,2.64442709522,1.1271528062,1.75586085845,1.14811043349,541.277114535,17.8599971161,10265.5820764,6.70241286863
5.40522236142,1.00000059986,1.04197129451,1.05273265475,4.20243278368,0.937756642028,2.94831201597,1.00736304599,0.911270943909,2.5704102729,6.19736163011,1.03111537149,2.60961862774,1.02132439038,1.09000008647,1.06408627614,1.00207295363,1.16689802414,3.71463229952,1.08228954095,0.842853432159,266.273077223,0.968745338114,2.83227711626,1.15268040154,2.01950379769,1.16418252144,2190.14762279,29.8157531834,4000.41355628,1.60857908847
2.97525057006,1.00000020733,1.34544026108,1.19605973725,2.86469553169,0.966515291326,4.25006024139,1.11945859294,0.939618299734,4.61098747699,5.12895262315,0.925312912635,4.98156776284,1.17710384951,1.09000080943,1.006901302,1.0227305599,0.991839522137,3.36592870697,0.939468012512,0.822856893995,613.654000019,1.07923160861,4.00209204291,1.10580520507,5.25540997545,1.26595464409,486.328594225,20.1141018137,1467.64024724,2.14477211796
2.18614303324,1.00000084078,1.54333450694,0.965800832235,3.90761496049,0.962444370275,1.5044404189,1.24919338478,0.996936872015,1.4769808299,4.72226793463,0.847634628855,2.23286344287,1.02471377641,1.09000004376,1.03916692093,1.00268094356,1.1160122188,7.30625571271,1.00660432803,0.88485665222,162.401542989,0.955554448269,5.35852418842,1.21386679167,2.81812300261,1.06748352889,2874.48761052,40.9111165045,9904.49451158,0.804289544236
5.75074615284,1.00000030351,1.43087068537,1.08231408444,6.36257944035,0.821151339329,4.79409084496,1.18722525028,0.907489531228,1.29156531933,6.01221780705,1.14436819568,5.06974138055,1.20086321125,1.09000021397,1.04173552924,1.04480170564,0.913294608377,4.52633707211,1.01368362901,0.881024585789,525.903657584,1.10888514993,5.20548899615,1.22271776929,2.80547850304,1.2708891505,1547.05767031,24.1687458244,24700.4153152,5.36193029491
5.08863379756,1.00000062833,1.05873661146,1.02432976252,3.14402790941,0.923504895094,4.49170995958,1.05436711456,0.931006944171,2.80680443761,6.1954830012,1.15219935693,4.71709894142,0.861284674257,1.090000661,1.05527714549,1.03008569788,1.15006644769,4.03575477742,1.04595555843,0.877819244519,315.111407031,1.00371922281,5.5286153336,0.964680590973,3.57874306436,1.00463549764,750.046158927,35.614778107,1360.93274655,0.0
4.49097348162,1.00000015147,1.2663517108,1.03627286208,3.22708646283,0.920116905175,5.15284784958,1.09199003712,0.910112085253,3.55140897405,5.6177096711,1.21254393932,1.94702626495,0.935052207854,1.09000088909,1.05250441415,1.04219314205,1.00835066286,3.5262306921,0.926641418331,0.950513107956,942.651344769,1.12179036587,2.42415414063,1.2252496697,5.39295623969,1.19327615963,3831.29744772,38.6495437592,63888.1645788,5.09383378016
2.7326376652,1.00000085161,1.55898480658,0.888747588891,5.12911763262,0.803544586943,3.60120156051,1.22956825622,0.932319580473,1.38239449075,5.46871286774,0.996067726334,2.9127296524,0.925103738173,1.09000069292,1.10231963366,1.03833866315,1.05818927762,9.75273603074,0.966335460013,0.789885862235,151.829216541,1.01316874556,5.85709365622,1.13844999076,2.75216540987,1.12733120103,2182.6572022,28.9970469476,17796.1265031,5.63002680965
2.72871713102,1.00000063494,1.48227532052,1.12765617117,4.24163792392,0.853431527949,3.42651874225,1.03713831242,0.916011972123,6.00381594235,5.47389020037,0.842984154168,3.31779529143,1.23149736068,1.09000051418,1.05724654734,1.01058714146,1.07830689567,6.84157190282,1.05268956106,0.836810898972,697.343173951,1.04958428391,3.45853302975,0.966104851082,2.34361173769,1.26931568905,1771.21323205,36.4674265811,3884.58771289,0.536193029491
3.48666179749,1.00000003522,1.45695107841,1.07780487586,6.46067593452,0.942567994802,5.21088698477,1.14297564408,0.900421505159,4.06787572702,5.05181716944,0.925202900836,3.11806648456,1.04935329131,1.09000055517,1.04847797046,1.03137169149,1.10899832419,3.3207537245,1.12613915259,0.962720118177,710.553590744,1.16394560642,3.13107057819,1.08812760536,3.12955768266,1.12186188565,3025.08234758,41.6872928016,13804.774486,1.34048257373
1.23431844434,1.00000074138,1.72028853682,0.865687444781,2.38849322113,0.91372366485,5.80751870509,1.07878140423,0.955887045969,4.36552687567,6.09555667929,0.812368638498,4.11407024502,1.09661332508,1.09000000796,1.04048589376,1.0044097729,1.19185148357,5.67980139162,1.18506565809,0.800134641134,156.517123433,1.18855816916,4.68236495634,1.20223699434,2.26237043818,1.18595480742,1005.42571812,24.7096569621,9431.15332651,0.536193029491
4.2656110121,1.00000090877,1.41153827918,1.15120994919,2.47065445886,0.903431550092,2.92954544996,1.05247288982,0.976936784267,2.4280715795,4.87582798152,1.13847120615,3.84209197639,1.19798543788,1.09000044657,1.05280497781,1.01431369325,1.1317015688,4.75459722819,0.93120937276,0.832528730339,29.4099004776,1.13529209901,5.57841020433,1.08021848977,5.17745671551,0.982033622209,3172.4697091,36.1679471359,6899.39971613,2.9490616622
3.24507399007,1.0000003055,1.22259383028,1.0495414729,3.25401554581,0.856088374571,5.50036302167,1.24195628482,0.920095208029,3.03952679742,6.01637567921,0.880178951332,1.61508600777,1.04480183299,1.09000078941,1.09609716614,1.00856577962,0.882637951948,4.86962002871,1.04153436995,0.983381795897,781.60046573,0.944966815176,4.77454174417,1.04774363827,3.97363988927,1.15097915706,1784.73360541,35.077809877,3590.49846897,3.21715817694
3.57251765414,1.00000099082,1.48462009072,1.13763541168,6.83889826267,0.781065774378,5.82066032455,1.19583715782,0.94564128241,4.87733263153,6.18908853362,0.839337843406,2.55359289385,1.00569665752,1.09000084361,1.06691066728,1.03499185952,0.815600516655,9.78204152888,0.949979307671,0.86809882208,260.102856325,1.00044813046,3.70540169687,1.19408237833,1.94737710192,1.01626554871,2352.99504006,33.2857562283,24081.9944387,3.75335120643
3.8994793411,1.00000000221,1.25569566045,1.14786133933,1.96155422042,0.753731441882,3.16301585026,1.04695358195,0.99632796371,5.01916675256,5.56779455949,0.916716199395,4.9492061319,1.0272705607,1.09000078965,1.02044809634,1.02374514951,1.02643852346,5.22156524762,1.16861693776,0.86820044529,395.785188324,0.92093681155,1.58490303274,1.0191065756,2.97487529458,1.10636226063,1768.97745624,30.3265539041,21818.0425404,2.68096514745
3.81821807155,1.00000023962,1.66162718354,0.818483201518,5.41222528081,0.752343504889,1.23319514186,1.00176262759,0.968664853808,3.11625441556,6.14859956414,0.892214689866,3.31764157335,1.18233353213,1.09000054172,1.02276479828,1.00385111428,1.18105829068,8.53222531773,1.04911344705,0.953876086001,447.064154323,0.923969595272,4.97866736252,1.09878123025,4.08315799557,1.13644803419,2817.08101119,60.3352165586,86922.5703133,0.536193029491
3.77458933988,1.00000062839,1.57781495929,1.21637444624,5.64199243751,0.755591782321,2.81302283835,1.23920046717,0.950692143617,4.40068331259,6.1432838758,0.878396091851,2.56277714317,0.974690890607,1.09000029391,1.05901451136,1.04932180491,1.12575762848,6.48501243898,1.18489134922,0.973645866334,959.493541863,0.958247477514,4.90444559507,0.96432394047,3.69045041239,1.1580663071,460.920972147,16.4569917128,3874.84155106,2.9490616622
1.81021986149,1.00000070059,1.2699574155,0.927995605253,2.40328775372,0.722061767897,1.042494463,1.03968963443,0.928830666554,3.15823998235,5.77439831285,0.953119666445,4.42414123968,1.1130122098,1.09000017435,1.00077182448,1.00325265613,0.935671374992,6.17621982103,1.0779900694,0.916002154725,193.01494939,1.10025214036,5.24763847052,1.08523588705,2.08532690892,1.23061392488,1984.45413875,36.817539042,20148.0099205,1.34048257373
2.54321163864,1.00000098002,1.35410931894,1.01179081122,3.3093922449,0.798382382724,2.91315986709,1.13267897769,0.942744522065,4.03616124486,4.68520343634,0.970164664156,2.025894375,1.22879294711,1.09000093293,1.0677527037,1.03871697804,0.849942874679,6.03822258574,0.962611167031,0.971184243705,324.938060601,0.977143398175,1.20317948934,1.13766503803,1.34846754144,0.940420367719,6058.47039476,50.8994308348,56581.3556469,2.68096514745
2.57610689976,1.00000071708,1.32089975072,0.966904829967,3.85193622074,0.712585220617,5.79491077249,1.24029110715,0.988299879591,2.65814976152,4.97269760923,0.917027956697,2.01116113454,1.03210711578,1.09000057624,1.01575602115,1.01339915324,0.956350280735,6.69106641736,0.989039818583,0.819213315664,968.917927297,1.09604518381,2.85563801925,1.11180352916,5.23802857714,1.25638400377,2941.06285594,41.023591054,15312.2938298,3.75335120643
1.80298152465,1.0000001176,1.6440442335,0.852803964841,1.85618428317,0.95602879476,5.6035425102,1.13351469414,0.994784634849,5.84289233818,5.7436128391,0.948377356545,3.45671765305,1.17943824526,1.0900008096,1.08170532136,1.01681122964,1.20346025959,6.27602006813,1.12992552659,0.775017779545,549.209037527,1.03327558066,3.04715412505,1.05891647021,1.3961461082,0.941780539819,1874.49022936,26.8665030424,20364.2121185,7.50670241287
3.94000087779,1.00000098959,1.45312276619,1.0604691071,4.08330019819,0.717509217786,2.52641973023,1.06367122085,0.911732806938,2.6689464997,5.16811002483,1.16401624386,4.00152255578,1.11667038847,1.09000067854,1.06232781587,1.03030923116,0.951909816989,4.5239690969,1.11595015115,0.855015632065,717.890295577,1.02410158128,2.94135321125,1.23024430266,5.20256933983,1.29748173312,295.738145169,14.6082905396,1973.31525436,7.77479892761
3.65432605035,1.00000037949,1.55572283709,1.00591968939,4.37873359291,0.889804133586,3.08696643398,1.00363395459,0.914532824852,3.23625458404,5.23870977857,1.17000254092,2.93234756572,0.852427346023,1.09000071934,1.08443077785,1.02053002844,1.22523784532,7.80634421877,1.18478263197,0.82851143142,832.855446472,1.12028201585,3.25583901221,0.976122358792,5.0659805413,1.13561490183,246.497441657,14.452003612,1890.35809241,5.36193029491
3.83243023141,1.0000001725,1.16590138213,1.17109011789,5.4873536322,0.986787953069,1.27357058326,1.18639808107,0.910717387938,4.6472291686,4.87271506342,0.99988224854,4.25034041511,0.944226339581,1.09000059415,1.08549931545,1.02270620621,1.19304505345,5.3964688165,0.986664297838,0.870654909307,455.83338615,0.983298267631,4.2648389185,1.21196422705,3.79821557467,0.932944178493,1138.44302167,44.1863971868,853.001239459,1.60857908847
4.20883303855,1.00000014305,1.68768678195,0.8033306555,7.0102412513,0.978162964094,4.67443437088,1.20904038329,0.96092869701,2.73357241429,5.71598801129,0.964072682563,4.37311329562,1.0577429835,1.09000082673,1.05906737542,1.04422385177,1.14709273303,3.55217135975,0.931090441853,0.991334232432,699.824654423,1.03975149005,5.23056021803,1.04629184369,5.17209001094,0.936243283488,2214.74170946,32.3891635377,9098.76579421,5.09383378016
1.39365868783,1.00000036316,1.57448666489,1.0391161255,5.67963113232,0.962853366656,4.28491320889,1.19018668343,0.947488788398,4.44956051112,5.79631524105,1.05471010108,4.31576732818,0.994906041474,1.09000027354,1.05489825553,1.04260973361,1.14446461217,9.79756820682,1.00447524827,0.894255021444,330.337682897,1.18017452238,3.85442400255,1.0914963808,5.131661705,1.20239153538,828.200249996,32.6882101451,2827.51356717,0.0
4.10063526758,1.0000001952,1.55218916918,0.949208566817,4.18595122979,0.726650927682,1.21935610662,1.04012866855,0.956950663464,5.97194818401,4.92229703408,0.961159940089,1.22620661973,1.21672640639,1.09000024225,1.08335418592,1.04664086404,1.00255139685,8.06120859564,1.09697598518,0.945918813973,757.311593662,0.916938802511,2.57388117004,1.11060057154,3.21342413996,1.11077492332,6801.88753479,79.5991952327,65163.802038,2.41286863271
5.798306152,1.00000010846,1.73425225708,1.02440157744,4.65829342199,0.990668278921,2.93648148076,1.197316254,0.952214927093,2.5138328809,5.77353935693,1.03930470623,2.89473503204,0.968327258708,1.09000052412,1.10304635611,1.00387971693,1.02697475293,4.33964037753,1.13003949585,0.89683201366,480.970580857,1.112867864,5.33858021374,1.0238214105,4.83300553447,1.06516474557,1942.87573534,35.6743538074,21846.4704875,0.536193029491
1.40808148338,1.00000016918,1.34347129865,0.909547773442,4.33586103377,0.978907399067,1.8401293361,1.03155773287,0.92188427557,2.10282553081,4.93039414598,1.09790251274,3.42471520702,1.10846151112,1.09000065374,1.10794424277,1.04771052387,0.913136180626,3.65541254306,1.13584148313,0.977632096987,876.871629637,0.91389792718,3.89291877649,1.15156496974,4.58198105269,0.964749864173,1534.79641273,45.6708335899,15692.224445,0.804289544236
4.90725910642,1.00000003853,1.46743260093,0.843985579372,3.84642811713,0.978596959612,5.84515187957,1.00478202668,0.997996039818,4.45078433258,5.91367295486,1.124295385,3.58406453866,1.27561738144,1.09000000791,1.09085350001,1.04726477611,0.847603541724,3.66151575974,0.976153346257,0.816181841115,232.200869867,1.10700413988,1.77724394493,1.21465820321,1.81058345803,1.01781978666,3114.47951573,32.7748483626,7044.81487625,3.75335120643
4.9403550465,1.00000002527,1.54890995532,0.982409472739,2.98487840826,0.830545996196,3.5835930761,1.01001581028,0.971920450019,3.79122069681,5.5015614895,0.823131129937,2.26031143534,1.21026435727,1.09000071251,1.05286656851,1.01646941489,1.18156715109,6.69681252701,1.10824185186,0.957191375396,742.658476085,1.05117639831,2.75329004214,1.11014469997,2.76294213879,0.940754533942,773.195839755,28.0573565189,7682.59932219,1.60857908847
3.555688924,1.00000090485,1.48090507895,0.975647678945,2.7791535245,0.746976872106,2.84879365601,1.1399994111,0.980127736682,1.33739227651,6.1457495804,0.853069459889,5.05477028258,1.15207498562,1.09000026893,1.08888657734,1.04956105502,0.92175142023,8.27651546222,1.15898868761,0.959736418787,230.556203271,1.1113904774,3.11767737212,1.12783274454,1.41560300182,1.05124788687,3040.96922638,33.3152428659,47558.9858544,4.55764075067
2.21951589126,1.00000036498,1.38190236821,0.887560656008,4.72097990554,0.815958144503,4.50841465506,1.1306473454,0.930024092714,3.92925811215,5.75114189802,0.845729781069,3.02569725369,1.20671463241,1.09000071201,1.07170528675,1.00755126644,1.19465796146,5.93649629302,1.02275907728,0.977822746665,459.461504463,1.01957651074,1.97327694897,1.17581661295,3.79372298182,0.94333586643,5577.03380562,37.5675832285,13128.1426878,5.63002680965
2.24036489351,1.00000063288,1.56691442978,1.09585449751,1.55249097912,0.759985355472,3.62152102849,1.22588793461,0.990922736199,4.25438640279,6.204561526,1.17570334649,2.4554736333,1.01706572376,1.09000088218,1.09616854814,1.04850020726,0.836900535395,3.00862111719,1.07672725716,0.912643248373,16.1327251216,1.10808066232,1.51954871196,1.2275562746,1.42149983587,1.00958107606,2152.39245954,41.9367154586,8771.75742414,3.48525469169
5.98861060509,1.00000093714,1.69308138535,1.03944101701,5.19036992154,0.847241030828,4.32372442632,1.15040369553,0.9852870769,3.74762079955,6.05262457806,1.21390103975,4.47716896013,1.01582245828,1.09000003721,1.07151889601,1.00610621042,1.16368806184,6.59317454799,1.13475626456,0.971736829416,943.626426159,1.03080671584,1.93069298648,1.21190363151,1.93600036153,1.21825818267,2541.42413426,34.0496406082,21369.8469588,3.75335120643
3.26911368355,1.00000025187,1.35844788115,1.0505546432,2.02710754182,0.845612304988,3.23398599135,1.01721947431,0.910782940543,2.29968336777,5.15621301157,0.838063692691,2.82723470831,1.21658461995,1.09000092132,1.03528001227,1.04327474433,1.15098297274,8.90543515263,1.13672688252,0.889073296175,869.778662444,0.926401610119,5.55398760297,1.17552970905,2.50512948712,1.11593855137,3509.44568579,31.2077563954,20265.331014,4.28954423592
2.87552082151,1.00000078226,1.70165514459,1.18444828779,5.51867338751,0.960154529708,5.84849967179,1.22464386993,0.938759690479,5.75921001929,4.74467263126,0.971306963368,3.473659487,1.13557974365,1.09000027773,1.04910247455,1.03270914383,0.921675669219,8.57838417188,0.979340898969,0.762517381095,918.711394702,0.982898418861,5.2271411874,1.12033325852,3.33201352739,0.983194054982,4273.32976027,34.327932992,15936.9378178,6.97050938338
4.87862463491,1.0000002764,1.40688108521,0.939110805462,2.90711625107,0.846337617863,3.34927326448,1.06974432201,0.903429482076,1.42974104078,4.88735635412,1.1814780743,4.1309760797,1.25331575807,1.0900006373,1.00201511745,1.00182725371,1.13193857243,5.00550519625,0.972202415305,0.944416074459,820.435761134,1.00997031468,1.26965552934,1.16491981567,3.18120857362,1.09980286784,5339.80541029,33.3509399207,21029.4572327,6.70241286863
1.06669633594,1.00000079373,1.31456987254,1.11535170569,3.20478414104,0.912725258169,1.13278202726,1.07849746988,0.936380896555,6.18686218021,5.81386313682,1.02842668384,2.73985014171,1.15615044949,1.09000030298,1.07424861508,1.02470756595,1.19252059433,9.10371943407,0.978794035323,0.862145293517,184.23975899,1.06626855036,5.69920715555,1.06522262715,4.82851257327,1.2743287937,1438.9286932,50.9216134829,23937.135406,1.07238605898
4.75768492734,1.00000039831,1.32942028338,1.12649671397,5.5361874366,0.77504588925,3.68887048252,1.09621340069,0.982874858172,4.67079948551,4.82700134821,0.987674696985,3.72859051724,1.0171793599,1.0900001723,1.01264398714,1.0267327292,0.862826468066,5.43754830996,1.10545596745,0.920835326191,245.399627178,1.18671268103,3.33196502459,1.0212998918,1.08188076018,1.03715839741,1249.40998709,21.9935079195,2423.60681739,4.28954423592
1.7562989766,1.00000038532,1.08660289129,0.873257907264,1.79807759064,0.814658619215,5.74118690258,1.2460158008,0.973672536948,4.16644364258,4.96509356573,0.830317241315,4.14114066711,0.834642990865,1.09000054349,1.06256467364,1.0192951348,1.14012451979,7.05151884589,0.96389143869,0.997949414673,912.886080208,1.03837747245,5.30939342359,1.09818315052,1.14760943054,0.884768286998,7234.40014356,38.3709394811,10959.567966,4.82573726542
1.51814867776,1.00000096785,1.23795841293,0.954958564015,1.57229730411,0.919618775346,3.77218405567,1.01123217397,0.906415667972,3.66727238295,4.8504537962,0.888625084596,4.97192825344,1.21247270405,1.0900006154,1.05168429153,1.01253145482,0.932662861015,5.29958313118,1.1309690883,0.785953752149,473.037217489,1.19556711951,4.28621734493,0.974685269157,2.27390550509,0.967613170066,589.224309529,21.7632500307,4201.48539989,1.87667560322
1.63486344303,1.00000096822,1.51948062596,1.09244372227,2.70884855023,0.918783180135,4.58640999798,1.17312523148,0.9057361366,2.44528601078,4.84372179393,0.920457260833,4.27072436238,1.12451392889,1.09000014865,1.01160871819,1.04248913913,0.839329802941,5.35100160635,0.998598058762,0.800061594475,180.716668481,1.1716501425,2.66248694756,1.07930555489,4.9025297101,1.09184305335,4178.01057174,33.6997314108,24555.61825,6.97050938338
2.13184798979,1.00000002943,1.03738970847,1.01698306662,6.57637979422,0.743297295221,1.32418470551,1.23651662092,0.92215050524,3.45716157284,4.71716776773,1.11332551603,2.30869012381,0.921363692486,1.09000093046,1.03835001664,1.03199544188,1.22760496932,4.95742483391,0.994917602139,0.969059787019,150.465365519,1.10551451721,1.62892545205,1.22094672205,2.1108148909,0.998430553777,146.75405519,23.7869894489,902.19082211,1.07238605898
3.8524971082,1.00000028066,1.48079331877,0.984785037951,3.26427337582,0.786945160137,3.92215965609,1.23369279303,0.938261660097,3.59516174215,5.89943014569,0.859627609549,3.94680967096,1.0425419404,1.09000005581,1.00437134609,1.00111427128,0.948867223095,9.20107120087,1.16070798331,0.853043982481,83.2500145896,1.00463125647,5.13024423004,0.964704575148,4.15969943378,1.17667723987,2064.26257099,49.2601513516,2383.82221179,0.536193029491
3.7824538293,1.00000084417,1.27068746327,1.01824469612,4.85559479129,0.712699733692,4.33561999762,1.15760784506,0.968819656337,3.87162250719,4.94998439821,0.853202091908,1.85067438767,1.07590841603,1.09000018605,1.07808911439,1.02840848866,1.11562465178,3.96678607016,1.1358459179,0.9157867192,649.499309779,1.14196791378,3.49455173319,1.13726039078,3.59562956891,1.22057714676,2868.83998704,44.1988752629,26665.125258,1.60857908847
2.66000074858,1.00000092732,1.37181978639,0.92478694921,3.27072289992,0.820315870896,4.21445421641,1.07599028044,0.900589222407,5.0973275001,6.17096083013,1.08615768586,2.10897245871,0.883017161027,1.09000027093,1.10902543468,1.040117483,0.976738702966,9.10693315029,0.929179854366,0.833697595411,116.965469975,1.12110902635,5.50891189573,1.06768255421,4.62437621771,1.11361978204,1638.0671953,47.673872478,2835.1274995,0.536193029491
1.13844480549,1.00000093393,1.30539136173,1.19478498418,4.00484916576,0.769252879606,1.49897700547,1.11812030776,0.932570308926,1.92616213274,5.38897638622,0.917933851416,1.73092212662,0.990475048829,1.09000018203,1.02851492525,1.00341460146,1.11000406444,5.82998989421,1.06806945983,0.948467695725,777.848457626,1.03743522303,5.22761477954,1.19084043211,4.10536425728,0.970441639634,1890.87754343,50.6072550691,19005.949121,2.41286863271
1.38975086645,1.0000007599,1.70241137641,1.19658340002,5.70105115702,0.733070725946,5.09679193847,1.19229021715,0.993655341677,1.58673793366,5.48114514952,0.979362236595,3.7042583839,1.20290636365,1.09000093277,1.06234454565,1.02574686234,0.93918501313,8.59544154447,1.10774246192,0.795740710232,320.190188704,1.12710109425,5.10927834114,1.16531977137,3.60036814685,1.05683594096,4500.05670152,52.1566321378,67541.0327391,3.21715817694
1.95193108104,1.00000040347,1.2751563352,0.982605219404,5.77934451793,0.845766294768,5.04015872188,1.21251344026,0.997350837258,2.5806751407,5.01337785402,1.17844647723,2.33554193924,1.02555088298,1.09000052012,1.0168607268,1.0024797454,0.816743972291,8.99125531009,1.00445145861,0.78565333301,62.022553134,0.974637419506,1.86819318343,1.17436190924,1.73963633544,0.978963136758,2948.40023404,33.9630249906,40182.8664984,4.55764075067
2.4243883166,1.00000084064,1.23612525495,1.11763157432,3.05115986946,0.820232636811,2.4837733498,1.10069356028,0.990639942865,3.69937834319,6.05644821769,1.07291415727,4.36048958155,1.24023336169,1.09000077338,1.03695762625,1.01398868942,1.01956031128,6.77664091072,1.13547624875,0.909939347657,942.223933816,1.03108912975,2.380667021,1.1576118879,3.47193659135,1.10525680379,3657.95047654,39.0428623601,14271.5302297,4.02144772118
2.03164653868,1.00000028927,1.68558767048,0.931090946874,6.91862078694,0.785963623491,2.75852014839,1.0378335069,0.947657011903,4.96718043372,5.33403211178,0.899632844139,2.56181973642,0.960575190639,1.09000006504,1.0117315632,1.02207419652,1.18124142055,4.96665366202,0.955977354824,0.795653222601,567.73000245,1.12435222612,3.04903345238,1.23397317239,2.86885682542,1.04542634436,2894.55588117,40.7691259365,25251.0553142,2.9490616622
5.03139068707,1.00000001966,1.53182467414,0.880970779323,6.65933099645,0.711551444883,5.53942417809,1.25693474397,0.994499466661,2.6477378977,6.01635947834,1.08667102664,2.26122451636,1.14819667407,1.090000735,1.04933190206,1.01675365081,0.87532446056,8.24843461326,1.14620286347,0.989422766612,434.357630369,1.10717147289,5.48085079187,1.10198387542,4.91397971452,1.13683246501,1396.21059893,22.7930725428,4563.18172008,2.9490616622
5.75148536727,1.00000036316,1.38424367047,1.08528027192,2.13477502662,0.964382239655,1.2481668041,1.00562232478,0.965000541764,3.20174934759,5.68653446642,1.08685845578,4.05461530642,0.912635120293,1.09000032089,1.06675557301,1.02134997473,1.01936060169,9.7660308,0.932767898833,0.85218304055,503.658332178,0.973318568136,2.78578062351,1.21608243052,1.02941767715,0.999412865155,2139.53113036,39.5743599948,16542.4527343,2.41286863271
5.09971403837,1.000000459,1.03397221564,1.0122170082,2.52619392116,0.760685743222,4.20822117646,1.1495348879,0.90782375139,3.39386375029,4.92859800169,1.20411665823,1.83477671113,0.831079659883,1.09000028451,1.04998606962,1.013900905,0.935803085067,5.66215227945,0.968028156794,0.765605952794,197.374119277,1.14365160353,1.46322722872,1.10603023732,1.17530992224,1.26593821845,1993.99454238,31.8665756002,10933.0878455,1.87667560322
4.34991270496,1.00000020584,1.44458160342,1.20806286323,3.71466688758,0.998885771941,1.56795254219,1.10817834329,0.954948969846,1.37847130944,4.80431359638,1.06704471895,4.22351609619,0.855731034974,1.09000004561,1.09843526859,1.04608074589,1.16277248359,9.76672695234,0.923130377225,0.798907649603,102.35165289,1.10759487216,5.28245321096,1.05000253502,4.71384216803,1.1714172814,2049.73870606,32.1071191539,12625.413804,5.36193029491
1.27625272646,1.0000007933,1.30338867711,1.18149871992,6.92974183217,0.965437086795,2.03402715588,1.09411237306,0.916182791115,2.8630567132,5.0341868427,1.02678682852,1.33441292725,1.23243365831,1.09000050672,1.08939089894,1.01641568783,0.845164791294,4.96429318457,1.1756297757,0.996935422488,295.898682258,1.08408177052,4.61688669847,1.21890276909,4.40571472564,1.17448668118,622.233312751,19.1356218525,1966.25611444,6.16621983914
3.44883051758,1.0000002053,1.03069975137,1.10747327864,5.73573254028,0.961411207738,4.27214206394,1.10040554093,0.998071187723,6.16640572572,5.47155708769,1.01878913684,4.16542643419,1.07301457355,1.09000039392,1.06739626105,1.04654086859,1.12703679612,3.63176282322,1.10256251136,0.908007912029,233.138002264,1.10259009048,5.65081196005,1.10884777876,4.9726997785,1.21512497168,6634.5866337,45.9855884061,39535.2415504,2.14477211796
3.04153738167,1.00000048252,1.4445912407,0.999787676566,3.88901037045,0.737229588132,2.84606512411,1.13793854028,0.905683637832,2.8084614251,5.4371987474,0.837514177512,1.59678995505,1.16759416223,1.09000030955,1.029082659,1.01831565979,1.21744043724,5.7759943195,0.989849687526,0.993709359561,497.403926669,1.18415728777,1.08136435352,1.13504469511,4.03432729746,0.954283172974,6355.01623993,39.0222559921,67496.8096243,6.43431635389
2.35188626191,1.00000007685,1.09072901779,0.86206562232,5.4091334155,0.753975825043,3.73093733809,1.04789661785,0.988230768218,2.64930814277,6.08244154509,0.820418183553,1.93796615831,0.913420982634,1.09000035902,1.07059124475,1.0065946054,0.933609665674,4.59068215577,1.0159520256,0.806981986905,612.151604341,1.11388911649,5.33237675485,1.03193983238,5.38743901914,1.08437221081,6450.80026058,44.3182960409,32583.6278075,1.60857908847
1.65929016804,1.00000073185,1.46647794494,0.992478811777,3.41037941155,0.824960072934,4.44776362325,1.23158097436,0.909519400229,4.14486899747,5.62279631561,0.880961602102,2.49146139501,1.27219574245,1.09000059883,1.01495482204,1.02459725063,1.18052995521,6.43841305971,1.11190813145,0.997677205715,805.343896549,0.967285518124,5.72837088566,0.970625247009,4.15683105688,1.16107162829,8263.14033213,39.6544712466,20847.4359216,8.57908847185
1.60868896872,1.00000087981,1.16391856778,0.91397583161,3.39086136734,0.712661663974,2.11353942214,1.17153303282,0.967039925807,3.07270329367,5.58435124399,0.826075100667,3.82807976478,0.959185918495,1.09000040863,1.01917906834,1.01572932112,1.16439449022,5.86210106397,1.15354815559,0.845283547469,128.072811497,1.08914536275,1.94432177647,1.1918105276,2.44161776978,1.23638464584,303.636497447,14.6517712979,1721.81280758,7.77479892761
2.58638801827,1.00000006431,1.0872054193,0.855650388231,4.96537542984,0.874013215292,4.95385237488,1.11684570685,0.933626143556,4.96629648354,5.23390734965,1.18481367164,4.53593867143,1.26867572979,1.09000071648,1.09863369291,1.00523101306,0.983028043547,7.36588548039,1.11920773885,0.973743143101,550.471564205,0.957703776399,1.35804568073,1.0376659768,3.55199989905,1.24328183865,1342.28464838,32.7219602893,7491.14784355,0.536193029491
2.5801893728,1.00000049845,1.48947885305,1.07434538814,3.03857564734,0.997418036602,3.86340807521,1.12445893643,0.946082646899,4.06566916578,5.58635982704,0.898244734421,1.61498305853,0.957993484721,1.09000024012,1.05797257869,1.04024515921,1.19650679114,5.49350871071,0.988147356423,0.858274924582,684.894867915,1.02992200677,3.59538022068,1.09102588504,2.49806937438,1.086582609,1502.49076303,34.2265346466,6663.92526776,2.14477211796
3.46669400558,1.00000041204,1.58253498236,1.04165138771,4.7421539284,0.997278205408,2.6080910754,1.10364605651,0.93879782516,1.59343213191,5.75935291243,1.00659023005,2.65030648997,1.26811907241,1.09000022446,1.08111863738,1.0400230966,0.834971544723,4.52350783183,1.17726453572,0.852933747652,554.917198113,1.10812851282,4.7344105079,0.983990832798,3.14373277953,1.06721526823,1163.33098492,21.6358800409,9709.43772879,5.36193029491
1.68164847011,1.00000096712,1.2622851711,1.04719003148,5.47129298016,0.841568034767,4.87537272016,1.19525533248,0.931744819929,5.17250545098,5.43396209395,0.844033240752,4.68747274436,1.26895262728,1.09000021851,1.05238431677,1.03315109092,1.12995940405,7.079988265,1.0928923913,0.888450113822,57.011481083,1.17805165068,2.28688034932,1.05797214992,2.78786626685,1.11021631095,6900.9486554,48.0290166028,106088.241734,5.63002680965
5.92977077858,1.00000026709,1.08082075801,1.13685914972,4.74825960793,0.763716220265,5.11384100814,1.17578137064,0.955562172307,2.71165533762,4.86744253058,0.980078731655,1.28928300844,0.883415405015,1.09000095943,1.02934171578,1.02336445664,0.81917325234,9.60018207667,1.02660840484,0.875588492391,749.732249605,1.09119040829,1.12524804708,1.1320785145,3.87091920897,0.903125878547,4110.65745668,40.6140200687,40124.0409324,0.804289544236
3.69481832823,1.00000076145,1.42674046688,0.946017068921,4.70708095456,0.797689625521,2.44957930639,1.03096764275,0.978683523194,4.57108092888,5.69048246619,1.15987522172,3.11173706029,0.945547596315,1.09000043763,1.03337538995,1.00601233906,1.01752836721,8.90649337779,0.936705892861,0.899414580873,579.871175571,1.14981207746,4.18793774597,1.05534243322,1.54785080112,1.16758290799,230.716726025,26.7146839303,2157.91119058,2.14477211796
5.45527292592,1.00000072809,1.1589240849,0.94730128369,2.16947397291,0.997769893379,3.37107281139,1.08945710318,0.907061292905,3.089641146,4.700898626,1.17582139589,3.667962556,1.25848711793,1.09000052166,1.04164214757,1.04596754407,1.10568337354,4.29118314581,1.12544764044,0.877919472568,180.119346648,1.07140020081,2.20822192885,1.10843163265,5.22747078386,0.948183082162,3278.04618327,30.4044898544,61227.2438305,7.50670241287
3.79007796,1.0000008758,1.14795356256,1.17090067024,6.14583182894,0.878110289796,1.59105223609,1.10086383596,0.958559705766,3.42901628608,5.57325428124,1.17491108348,1.26134258426,1.17835415257,1.09000076056,1.02985821997,1.02434630667,0.931530888523,8.55460232224,1.00278437675,0.835012411914,590.747990631,1.04809518207,4.97468639681,1.19295330555,2.96149734175,1.18953159505,3059.03456897,45.2498533607,32272.9655015,1.60857908847
2.73011241266,1.00000068624,1.56028794093,1.02592236627,6.30557559536,0.713462775604,2.92875632273,1.2451597128,0.993169548922,3.61580091676,5.82184932781,0.812271563712,1.68775252072,0.839783205031,1.09000056335,1.01318379863,1.04641727314,1.13379655714,9.3909390017,1.05853246929,0.973541093936,752.330927445,0.934332395352,4.07313451586,1.12059403895,5.00445516684,1.23672846153,1153.24316954,43.605728806,5529.36429802,1.60857908847
3.49398664391,1.0000009023,1.03261233998,0.929474191415,4.46597271668,0.923987122837,2.06067379175,1.05828935544,0.94457797094,2.84582111696,5.86890002162,0.892297859093,3.49163207857,0.813005539721,1.0900000478,1.1051517393,1.01746658822,1.09887127657,9.36544332486,1.0689898354,0.992246794123,478.577170974,1.0997758205,5.18323952398,1.13894231086,2.83834552615,1.09852337996,1217.9882069,26.3374744876,4300.28728111,1.87667560322
1.96403356253,1.00000079661,1.39831160226,0.900666500052,3.24570477649,0.767825883808,2.20046809896,1.18325739621,0.963789909782,2.20353605677,5.79468146395,0.863389133649,4.79842987171,1.10364943723,1.09000017948,1.0791982601,1.00548114792,1.03393511098,3.94832113042,1.0207294475,0.794921499295,684.925580756,1.08851444472,1.41757402075,1.13125483434,5.21985068338,1.14077676838,3354.31094329,35.5592713821,25651.4449122,1.87667560322
5.91647879518,1.00000090056,1.30148764392,1.11701679875,2.03065202014,0.969312032605,2.47558290189,1.10948857466,0.931387237288,5.28423500868,6.12529945624,0.855523590565,1.21161471188,1.16043770062,1.09000047496,1.0509188255,1.03378713292,0.84616787454,7.94969941919,1.08662742263,0.983806834359,838.831709003,0.991916776039,5.83320196137,1.10765359742,5.45053334306,1.29927418172,5855.42440403,43.4376903851,62970.8483355,4.82573726542
1.90458934271,1.00000012054,1.39549001,1.079001064,6.20941493976,0.98786258145,3.92855586982,1.00803006423,0.98733529363,1.94476991632,6.07475352078,1.03807884595,1.34182368043,1.10906493892,1.09000088663,1.00078177383,1.04142692627,0.982179839098,4.89994674706,0.945230614677,0.906950323833,976.075821286,0.980146471635,2.44382802795,0.996729775107,4.42885629846,1.26054998227,3210.72118941,36.225576753,18610.8688697,3.48525469169
2.81891055588,1.00000044396,1.40861700139,1.11243893486,5.19012458098,0.86053191536,4.92606155089,1.21277714172,0.968554670597,1.55826413003,4.94642034304,1.13126689659,3.00750215136,1.05841422445,1.09000025033,1.09130096551,1.03796837692,0.836565100959,4.85360938142,1.17427971227,0.78807466195,891.773877594,1.1908693219,1.45379246798,1.10504245121,4.56183477417,1.05063010517,1472.80414374,47.4183395157,6092.13594774,0.536193029491
2.95279825112,1.00000003159,1.1973316232,1.17315380395,3.83743595002,0.79296232426,5.92831467474,1.21901701082,0.904475445383,1.29303567388,4.95434674272,0.940210382402,2.49802284541,0.813141713907,1.09000072794,1.04595654188,1.03354565876,0.991944612863,4.83094927623,1.03772293324,0.926480279441,825.068174332,1.05777039157,4.33260086071,1.21312213446,1.73413423547,0.883187009983,1907.48307483,30.6558962657,40450.8471054,4.28954423592
4.26688738298,1.00000008628,1.58529731193,1.10834986938,6.04678775228,0.731145084116,2.64188606744,1.19045481197,0.967492247529,1.44045143118,5.50470785236,1.00116311748,1.56783610297,0.810825932656,1.09000096793,1.08382554428,1.01817733038,1.12182189757,4.25385094339,1.07330838773,0.994947478793,973.087580358,1.18807954058,5.59592606583,0.958911502345,5.21084238007,1.19237977065,2784.03241979,27.0788395593,8197.52829801,6.97050938338
2.89399857544,1.00000016265,1.59713591289,0.995732585808,2.30754504501,0.969784991182,4.04120811787,1.03581635793,0.940411363561,4.87190253237,5.1845908778,0.9334475834,3.19490191564,0.871500846609,1.09000063347,1.09800495294,1.02236981259,0.953490258543,5.56490240461,0.959095243708,0.857743336765,533.213936952,1.09388265407,4.7196521232,1.18470678209,1.57024474365,1.25960740863,790.113922265,30.3167036531,9544.92941272,0.0
1.98607256649,1.00000052121,1.16644903319,1.02844731514,3.99117536532,0.752088014606,4.6253641761,1.10855211457,0.923187016988,2.74614148773,5.1779868323,0.88177401065,4.72248867341,1.144653224,1.09000086479,1.06091774278,1.01243841429,1.04769099131,4.32948999422,1.13573508789,0.944973700189,21.5476176776,0.985281408484,5.67457283954,1.1206195408,3.32098801375,0.973882167013,3633.12199413,32.5263459889,37643.4511279,5.09383378016
5.57353853481,1.00000083565,1.61081228663,0.83227786467,3.41937270119,0.843376052588,3.72161559942,1.25322308167,0.939345604019,5.70736319033,5.41952328263,0.843110697324,3.49067878853,0.941874535486,1.09000097989,1.08856709469,1.01039801179,0.846137557678,4.76452750964,0.927063622028,0.76123389212,411.931257182,0.914101721207,2.47395644995,1.14402525239,1.06230399314,1.10611581132,3171.21385206,62.9019119606,60623.1122171,2.41286863271
3.88308222884,1.00000023856,1.43346606682,0.85125561122,4.49242057816,0.714149616495,5.18872061926,1.11220719062,0.911453293527,2.22464319124,5.29067120597,0.952672462122,2.81198685792,1.14557649408,1.09000099062,1.0346168828,1.0347214513,0.816522211366,7.45241716617,0.969630693154,0.955966732108,151.922930744,1.03889279369,3.73313211327,1.08677036488,4.80492850099,1.26119528936,2696.04065987,33.0692155317,18506.3635033,1.07238605898
3.45195272232,1.0000009008,1.50357138347,0.95182535983,2.06676938601,0.71759279172,1.12100773119,1.11606868186,0.997865644226,3.97426773299,5.25537543321,0.851779457477,2.22408096798,0.879467113059,1.09000009699,1.07935443405,1.03167200255,0.962891922696,8.17942440878,0.956344474559,0.968761072313,658.492648714,1.12630323699,3.29738392525,0.971959879898,4.84324174751,0.916690150961,2334.59985754,32.6050003911,9681.21046779,3.48525469169
1.06426307876,1.00000098498,1.54405830761,0.972019699954,1.43904037197,0.952674010501,4.77651173838,1.1512635115,0.99372844114,3.7107139819,6.13502709172,0.845357468111,3.95766796302,1.12603587604,1.09000008161,1.0023476244,1.03102539934,1.22486052671,3.68026774931,1.11977158879,0.929092829988,429.106364289,1.14067525276,5.81274244014,1.01089803192,2.66384971529,1.05654703405,1084.42377545,25.4959863869,6137.76875291,3.21715817694
2.63556180687,1.0000002397,1.15007940629,1.20729984971,5.45220242101,0.787998325621,3.81657313503,1.07494355813,0.96396240869,2.01070636182,5.95686820668,1.10347561705,5.00576320977,0.87713488488,1.09000057331,1.0837798743,1.03542373513,1.13024595633,3.803201808,0.958114530655,0.835261729167,242.868251457,1.00729837682,3.06345239235,1.16479191889,4.30145927446,0.95019636915,2087.86620709,52.71509743,5276.16100189,1.60857908847
1.07526457758,1.00000059318,1.01038939405,1.00644020864,5.15332644441,0.716629541845,4.22274319932,1.11704685829,0.912063086811,3.5522027671,5.46131826701,0.919150933821,1.51628520172,0.945536229288,1.09000024896,1.1033521246,1.0303808648,0.820109752911,9.01042838604,1.09351738717,0.782830268474,134.226383158,0.965566677189,1.36140025249,1.15126076578,4.40692120737,1.0431951457,673.620091029,27.0717093541,13842.4022924,2.14477211796
4.45243685045,1.00000000701,1.43507274676,1.146083385,4.10757682813,0.863571884123,4.92889049529,1.07917772986,0.991167462604,1.55010797681,5.71577333382,1.15172336139,4.68911038132,1.10018112502,1.09000084429,1.10395602023,1.00979628861,1.22753549022,8.19720952816,0.973801940694,0.84612231927,503.081234018,0.931624895319,5.87236317247,1.04242055512,1.52211611343,0.89097701828,1018.54374023,21.2627905771,5452.11467629,3.48525469169
1.0350040438,1.0000003416,1.34043632564,1.05830820432,6.17659194645,0.89363297841,1.58918382954,1.06747918424,0.932690368806,1.44008013319,5.65190308718,1.07216128905,4.76924535057,1.02974251133,1.09000045154,1.06961892527,1.03076526945,1.22063442322,4.05866440408,0.942208764043,0.787423597204,836.447452014,0.980262919736,2.10987212704,1.01707222881,2.07013439241,0.943357381809,323.772280969,21.5315368676,1716.54544376,1.60857908847
2.75735692463,1.00000047813,1.50679775,1.1826109833,3.77561549982,0.90483734308,4.89671857677,1.21038303969,0.978017634079,3.78686658413,5.77852230964,0.96587932813,3.30518688509,0.827302648565,1.09000012021,1.08017489821,1.03036676517,1.01969126342,4.1632135881,1.18631855887,0.770694962626,992.308898955,0.928309947509,3.18965079393,1.06902569048,2.33655569836,1.24456369726,12118.7992561,50.7045228012,210862.970017,11.528150134
4.3339088178,1.00000038629,1.45747525859,1.12823084086,6.62530064928,0.726047306534,2.57151476873,1.14231490319,0.956534102353,1.85670654652,5.90235511001,1.1524813583,1.253461988,1.12110150385,1.09000076585,1.07485601061,1.01877063711,1.19146583457,7.63299596208,1.15711152835,0.828739778212,761.282493553,1.17937033971,4.2405775562,1.02513257058,1.83406465237,1.11844063822,553.024393775,25.4002745511,2569.24020086,1.34048257373
5.31468618572,1.00000084727,1.13045147171,0.867853848105,2.83411665948,0.985499032631,2.27482856313,1.16663606592,0.938050155731,3.84881139003,5.88482767584,1.12460383877,3.13557288276,0.856110811688,1.09000016018,1.0366542185,1.01707096229,0.959536006869,7.78492497174,0.9461004799,0.859461562106,253.877080191,1.12702918331,5.80839958355,1.09828330444,4.06381399853,1.28498811695,3832.65477109,49.7515314594,41586.1831625,1.07238605898
2.2319896774,1.0000007477,1.64045768911,0.834966273978,3.89552677266,0.933568692925,3.37163999674,1.19425308987,0.997812669334,1.71272040567,6.00924759899,0.891098230864,3.1185764447,1.23276465397,1.09000007413,1.0876870921,1.00606086461,1.03696111879,6.42209654736,0.995088471549,0.827158891651,630.114020271,1.19612565139,5.09792072943,1.16499523597,1.75877145554,1.19231343795,1654.84449626,35.9443747325,17582.7194687,0.536193029491
3.98430450996,1.00000031297,1.44423259157,0.877229964081,2.44844221029,0.795899081735,2.98466280618,1.01441414465,0.951523456588,4.9464953002,5.9655145621,0.85638365364,1.06594632648,0.892136882634,1.09000048389,1.06655361833,1.03237073494,0.933479029734,3.87417183126,1.06423852032,0.931365018963,961.730281543,0.948485281182,4.02657411314,0.990871341893,1.69198448806,1.07105677116,8355.39848113,47.0089438578,45951.2196833,3.75335120643
3.31465869435,1.00000040384,1.58639401274,1.07666092755,2.25585444839,0.855391884776,3.78711711056,1.21592945015,0.900129070113,5.30680426656,5.73651576695,0.907085820375,1.6426790429,1.07941401758,1.09000033286,1.02046571671,1.01121638894,0.990386764638,5.24251245714,1.06922597652,0.774727433542,226.291259747,1.01563660097,4.40430197726,1.17798932769,2.81316489737,1.27263390514,3246.80414469,61.1194048502,21715.0262706,0.268096514745
4.45734728934,1.00000047114,1.2989309434,1.00414646627,6.47054880932,0.856305091927,5.49507745717,1.02822721519,0.937171189707,4.37869229546,6.23299255726,1.14959620326,4.52445265206,1.21185432509,1.09000095005,1.03798027657,1.02955445953,0.969806870393,7.46840517891,1.06489659702,0.786292734149,875.233093002,1.18717843778,5.75132066866,1.22872943857,5.33988912194,1.16169177325,7080.96316743,58.2758174005,52600.5865698,2.14477211796
12.0409603662,2054.16648589,17553.1099724
6.46720783509,33.7142187513,98.9185924227
54.1223372896,11495.0931268,197710.0397
0.0,2.41286863271,11.7962466488
