0.801077193309, 0.869668587455, 6.87638925478, 0.493169582176, 2.78964652849, 42.4981598893, 2.59738260527, 1.91829949877, 37.9748750574, 684.224437312, 0.457292874626
0.680234584907, 0.885357378709, 4.6405216912, 0.360271205819, 13.642976427, 47.3745259281, 2.5932820844, 1.08206631639, 24.9035702599, 576.522549843, 0.458360435414
0.592222429475, 1.00883106135, 2.33762326834, 0.20541927003, 18.7265845637, 43.0407551128, 2.27973230882, 1.97783511132, 35.4990505323, 320.482641979, 0.459707744005
0.5002273619, 0.935284789392, 2.12557024292, 0.471162454013, 47.9999079634, 43.5588404643, 2.77761487366, 2.32951843006, 31.5780800455, 249.654612613, 0.546721939997
0.617039446632, 1.12709403827, 2.49612823903, 0.495255369158, 0.371811669442, 42.7989753369, 2.15115838217, 4.71308171919, 20.156563484, 309.063475501, 0.529157368447
0.801077193309, 0.869668587455, 6.87638925478, 0.493169582176, 2.78964652849, 42.4981598893, 2.59738260527, 1.91829949877, 37.9748750574, 722.215799167, 0.404773098551
0.66227430705, 1.02400536085, 4.12548117057, 0.238150867734, 11.6709380758, 45.5338509978, 3.16724475458, 1.8762834175, 27.2299823514, 648.462010952, 0.457645704761
0.810130436541, 1.09055531343, 3.43528038103, 0.213837309734, 4.984818047, 44.4839398832, 2.16406372307, 1.12882686045, 31.0469739678, 686.488747198, 0.437648686207
0.779211252014, 0.961995572369, 2.17564864488, 0.446735539425, 44.2124197271, 41.2551610436, 2.59667290116, 3.14271537814, 26.7510299655, 280.822928932, 0.537218736489
0.592222429475, 1.00883106135, 2.72310669646, 0.20541927003, 30.8010208498, 43.0407551128, 2.27973230882, 1.97783511132, 35.4990505323, 401.473066288, 0.460646527091
0.70311448969, 1.19187031685, 2.31061651445, 0.222284144772, 37.730318204, 44.8050984977, 2.46675557793, 1.64788868888, 21.094007363, 343.201429338, 0.4931554566
0.603289810179, 1.1392222312, 5.11162339723, 0.266314792937, 17.766215696, 44.4059969724, 2.263028668, 1.57063693201, 40.8771920165, 924.10086977, 0.418866274746
0.506161512388, 1.08317888053, 5.04142959584, 0.27834954273, 17.766215696, 41.1460397174, 2.92835885099, 1.56960063799, 26.6871195687, 805.237764058, 0.429591812858
0.774449438627, 0.912779716785, 5.60451667728, 0.205737360703, 36.6874204158, 47.7582675778, 3.95774395778, 1.85657313775, 25.5187939122, 784.980743074, 0.456188201885
0.625672872587, 0.876664400312, 2.32666242613, 0.271803908899, 37.5258222489, 49.7431688411, 3.31292527079, 2.18564018153, 30.4755855104, 340.635620695, 0.599372319077
0.894800982759, 0.82137732687, 4.030824217, 0.399385004183, 11.800452826, 49.7431688411, 3.37710528644, 1.51170069679, 32.4893686066, 581.632985909, 0.463394225443
0.653895489757, 1.01183170418, 2.44985455814, 0.347644714782, 18.0850092965, 46.8521992382, 3.05681858178, 1.49101657983, 30.8383832072, 470.310055971, 0.481048384715
0.505299208576, 1.09656017222, 2.86106397747, 0.304366328172, 22.1532120507, 45.6082575079, 2.07692798812, 0.745792140075, 39.6676673867, 488.247638533, 0.467507149438
0.70311448969, 0.890171898837, 2.31061651445, 0.222284144772, 37.730318204, 44.8050984977, 2.46675557793, 1.64788868888, 21.094007363, 350.056164695, 0.506493763661
0.506161512388, 1.08317888053, 5.04142959584, 0.27834954273, 22.2696198463, 41.1460397174, 2.92835885099, 1.56960063799, 26.6871195687, 975.256389628, 0.433502683868
0.692633415628, 1.02400536085, 4.12548117057, 0.238150867734, 11.6709380758, 45.5338509978, 3.42571127951, 1.8762834175, 27.2299823514, 628.249897434, 0.489117923375
0.589922169326, 0.825881144064, 5.79399054004, 0.372847728982, 27.311569105, 42.0235130115, 3.84382023151, 1.92815602216, 23.2026680322, 715.012295324, 0.481666749002
0.589922169326, 0.825881144064, 5.79399054004, 0.372847728982, 3.20278702764, 45.1376539145, 2.06175170314, 1.92815602216, 23.2026680322, 611.296832655, 0.506099478855
0.641433286461, 1.24278137939, 3.82445862946, 0.47217036478, 27.1315351966, 46.6527001888, 2.87394565032, 0.850749079187, 23.3136564834, 887.527596124, 0.473084405876
0.603289810179, 0.984965636174, 5.11162339723, 0.266314792937, 22.2696198463, 44.4059969724, 2.263028668, 1.57063693201, 41.7102815436, 698.798022213, 0.486273005782
0.5002273619, 0.921001786012, 2.12557024292, 0.471162454013, 47.9999079634, 43.5588404643, 3.15461784891, 3.27666449365, 31.5780800455, 401.637830658, 0.50670186637
0.617039446632, 1.13420663621, 2.49612823903, 0.495255369158, 1.82333095449, 42.7989753369, 2.15115838217, 4.71308171919, 20.340124076, 354.688227267, 0.556322096474
0.625672872587, 0.876664400312, 2.32666242613, 0.271803908899, 37.5258222489, 47.513364813, 3.31292527079, 2.18564018153, 30.4755855104, 369.124263745, 0.55193814298
0.551751971727, 0.931328291387, 2.04732666222, 0.498670053564, 18.5947543527, 45.7751379685, 3.39690990526, 2.46190248649, 34.2306619175, 367.430005245, 0.55460287374
0.552900070735, 0.947575200729, 6.97207647179, 0.336976316427, 38.813982589, 40.7182297306, 3.74442562768, 1.26807382342, 24.6958804751, 1039.73723249, 0.459700460717
0.569776127342, 0.920089216615, 6.90379918662, 0.40077375221, 44.5337113961, 41.0105032493, 2.23829606369, 1.72650839388, 24.1176472299, 781.022934998, 0.486747048687
0.750187198742, 0.90880315268, 3.69237352948, 0.325457235744, 0.963929676056, 41.0309893539, 2.77771312197, 1.95491336235, 24.585476584, 469.647162048, 0.512740831201
0.653895489757, 1.01183170418, 2.44985455814, 0.367617741454, 29.2803213767, 42.8725006993, 3.05681858178, 0.909320994694, 30.8383832072, 418.746610785, 0.543179032259
0.779211252014, 0.961995572369, 2.17564864488, 0.446735539425, 29.7789933019, 41.2551610436, 3.65424087, 3.14271537814, 26.7510299655, 365.656948202, 0.571623469784
0.735007249489, 0.823055036074, 3.26497765583, 0.367617741454, 29.2803213767, 42.8725006993, 3.21438465149, 3.82980109034, 29.3760230959, 413.688955548, 0.563154122613
0.735329281152, 1.25181994637, 7.89688735551, 0.29352962124, 15.4481046917, 45.0987816254, 2.42833641548, 2.84676209036, 38.8610113567, 2497.57232554, 0.47863806392
0.707972218459, 0.928474774114, 7.56449590643, 0.240720400376, 27.5816114564, 42.1382211384, 3.18024421772, 1.6477424022, 26.0845121822, 1064.01054387, 0.480467592399
0.774449438627, 0.912779716785, 5.60451667728, 0.205737360703, 36.6874204158, 47.7582675778, 3.95774395778, 1.85657313775, 25.5187939122, 874.313478262, 0.491439498404
0.652585743004, 0.96209735811, 2.60423599361, 0.423878743617, 44.8282004423, 48.7301933537, 3.21327397531, 3.19564643694, 43.5187247753, 484.801907722, 0.520280577565
0.591457460378, 1.0427301788, 2.65102100481, 0.233429848197, 43.9382715329, 44.2361778086, 3.23740792734, 3.46868576, 26.0488658799, 425.906522105, 0.548495056735
0.853030904557, 0.901719152992, 2.28565392999, 0.302667325944, 37.8130218127, 43.8457684335, 3.34806949864, 0.6510706652, 33.8151689063, 387.754292286, 0.604054917374
0.647476068145, 1.09483082025, 2.05592062647, 0.27563363994, 0.112111550279, 46.6262997246, 3.47125959376, 0.615565158704, 30.8656089719, 382.905192817, 0.630559565479
0.647476068145, 1.09483082025, 2.05592062647, 0.222468210889, 29.6729285305, 46.6262997246, 3.47125959376, 0.615565158704, 30.8656089719, 385.260401468, 0.621982624857
0.559756215629, 0.846129563922, 4.08571320553, 0.278941856865, 26.2901350726, 40.4786348875, 2.92233504605, 0.825032472889, 22.6955756028, 414.771828765, 0.580953641678
0.707972218459, 0.928474774114, 7.56449590643, 0.240720400376, 27.5816114564, 42.1382211384, 3.18024421772, 1.6477424022, 26.0845121822, 1236.22168853, 0.489342142754
0.765273537824, 0.939681378488, 7.81807340296, 0.478223728804, 30.683373389, 46.4602394689, 2.05159638631, 2.9810542227, 38.6450862961, 1052.90020127, 0.496739371925
0.812276636479, 1.09023004935, 4.35320867766, 0.499689286733, 12.7324587485, 40.2219210734, 3.50407046187, 1.36547886578, 23.656976773, 1042.57931375, 0.506133893559
0.599553010164, 0.99799908779, 6.08688835051, 0.49868530591, 49.0819588279, 48.6591086514, 2.57523673047, 0.621718257075, 39.3867023804, 930.429064775, 0.510222609807
0.551015439001, 1.1853119376, 3.96589256213, 0.334912278587, 1.66419398595, 43.4330561797, 3.72170845718, 3.19805154945, 25.9717231838, 916.630272134, 0.522130561669
0.680234584907, 0.885357378709, 4.6405216912, 0.360271205819, 13.642976427, 47.3745259281, 2.5932820844, 1.08206631639, 24.9035702599, 507.667059009, 0.541350335752
0.83052181766, 1.00645321922, 4.04378363522, 0.25873463713, 28.3648654697, 40.4892312153, 2.05226882426, 2.82031155747, 37.7388713053, 531.430784563, 0.523392748745
0.586257458018, 0.84625337962, 4.39550287654, 0.429506278949, 23.7309288775, 41.1067551083, 3.12191110717, 3.99037414481, 40.5047538046, 665.117427258, 0.523333874315
0.735027773906, 1.0427301788, 2.65102100481, 0.233429848197, 43.9382715329, 43.7546518843, 3.23740792734, 3.46868576, 26.0488658799, 473.461026018, 0.550235415289
0.750187198742, 0.90880315268, 3.69237352948, 0.325457235744, 5.42147807383, 41.0309893539, 2.77771312197, 4.32973964619, 24.585476584, 401.286049528, 0.64007321407
0.853030904557, 0.901719152992, 2.28565392999, 0.302667325944, 37.8130218127, 43.8457684335, 3.34806949864, 0.6510706652, 33.8151689063, 399.928456236, 0.673241844224
0.784049031596, 0.992662865546, 3.41717925278, 0.400260668891, 30.7787589911, 43.7511148665, 2.08618117301, 0.0491322282885, 36.3148459595, 461.054368363, 0.586327694801
0.803058460421, 0.957823721622, 3.10111574635, 0.230932437501, 8.15229515368, 41.9360098473, 2.40805756773, 2.8049026179, 39.445116652, 423.381681382, 0.595690750464
0.51868707171, 1.23978989364, 6.91714785872, 0.375980800623, 41.2810260761, 43.7743525383, 2.88599980764, 2.3502242585, 23.8358076199, 1573.21895538, 0.494953257814
0.51868707171, 1.23978989364, 6.91714785872, 0.375980800623, 23.6643192336, 43.7743525383, 2.88599980764, 2.3502242585, 23.8358076199, 1627.45491898, 0.491246821299
0.566278758765, 0.947575200729, 6.97207647179, 0.336976316427, 31.6939630887, 43.538940077, 3.74442562768, 1.26807382342, 24.6958804751, 1086.98027775, 0.506010691515
0.551751971727, 0.931328291387, 3.46244368314, 0.498670053564, 18.5947543527, 44.7557959259, 3.39690990526, 2.46190248649, 34.2306619175, 610.946991681, 0.524226415663
0.586257458018, 0.84625337962, 4.39550287654, 0.429506278949, 23.7309288775, 41.1067551083, 3.12191110717, 3.99037414481, 40.5047538046, 575.308473534, 0.531699124033
0.829780618268, 0.888523232949, 3.3575773817, 0.353255443384, 2.06295508828, 41.7817280745, 3.09083799219, 3.21631168668, 25.1696133965, 476.054015042, 0.578337692598
0.652585743004, 0.959634059611, 2.60423599361, 0.423878743617, 44.8282004423, 48.7301933537, 3.21327397531, 2.7261215504, 43.5187247753, 491.122483092, 0.561784258818
0.891046852555, 0.965399261811, 3.26260208064, 0.332255335492, 36.5662319609, 43.7546518843, 3.47343150394, 2.53554578119, 30.8888432025, 520.862848368, 0.554042475882
0.829780618268, 0.888523232949, 3.3575773817, 0.353255443384, 2.06295508828, 41.7817280745, 3.09083799219, 3.21631168668, 25.1696133965, 475.335620415, 0.583882433522
0.625364271483, 1.00561531256, 5.59916325446, 0.409623650262, 39.7006575058, 44.6159233604, 3.09682116533, 3.86184311227, 23.0414373727, 933.972521973, 0.527958627873
0.599700965558, 1.11986563122, 5.28560506262, 0.483635613895, 32.3003269295, 45.1892369391, 3.04730818362, 0.637580049158, 25.9922849247, 1118.12407285, 0.526990030683
0.612584846463, 1.01701463342, 4.85572685617, 0.434028855708, 21.5707355097, 48.3086715597, 3.80285649848, 4.38244815891, 30.1787798188, 912.850402116, 0.531078393734
0.598020001602, 0.890171898837, 7.02614316911, 0.451558168572, 42.6636051023, 47.9155408624, 2.0218618509, 4.37000112618, 28.4423019691, 724.938382567, 0.533778707983
0.560866864671, 0.87295542577, 4.25162111294, 0.426192270021, 31.8337949348, 45.7373319788, 3.27430205892, 2.46094772088, 23.9183445037, 592.966976415, 0.538678080096
0.560866864671, 0.87295542577, 4.08571320553, 0.426192270021, 31.8337949348, 45.7373319788, 2.92233504605, 2.46094772088, 23.9183445037, 476.672616697, 0.578440855592
0.565480003029, 1.03498172532, 5.68745692833, 0.328455594873, 21.6994784794, 42.9566577605, 3.63993412912, 0.460225065143, 23.9896807333, 1121.20629002, 0.530423983434
0.812276636479, 1.09023004935, 6.10544930667, 0.499881815086, 12.7324587485, 40.2219210734, 3.50407046187, 1.36547886578, 23.656976773, 1340.238293, 0.530392695549
0.820468299377, 1.01405665922, 5.30110591566, 0.351950815037, 26.3826151848, 40.7045718908, 2.93344791026, 3.98083909088, 32.5760821425, 871.214481312, 0.535728853418
0.636723296647, 1.19402501304, 2.84455424498, 0.349032775238, 13.744295111, 46.9100466485, 3.97771193216, 2.87926067869, 29.4813438331, 617.813027113, 0.564482916744
0.734901057019, 1.02516522122, 3.00828236026, 0.281287971728, 12.8507874353, 45.947580684, 3.2048021082, 3.67003401485, 43.6956704094, 627.29498955, 0.557082600952
0.636723296647, 1.06819756232, 3.93546935515, 0.349032775238, 13.744295111, 46.9100466485, 3.97771193216, 0.291672171933, 29.4813438331, 647.031733923, 0.55267060095
0.551015439001, 0.956660508665, 3.96589256213, 0.334912278587, 1.66419398595, 43.4330561797, 3.72170845718, 3.19805154945, 25.9717231838, 707.812582889, 0.54603728468
0.83052181766, 1.00645321922, 4.04378363522, 0.25873463713, 28.3648654697, 40.4892312153, 2.24112661244, 2.82031155747, 37.7388713053, 615.749039795, 0.570714725704
0.762787458529, 0.881035747328, 3.60616763767, 0.330169227974, 20.8997750988, 41.7589071096, 3.84732465251, 3.82588654916, 34.6375517723, 645.746609936, 0.554030413081
0.505299208576, 1.09656017222, 2.86106397747, 0.304366328172, 21.2298369746, 45.6082575079, 2.07692798812, 0.745792140075, 39.6676673867, 483.334985787, 0.624455142879
0.714179623783, 0.946803024201, 3.10111574635, 0.251812610298, 25.3288489822, 46.8598644973, 2.29686200206, 2.71703466339, 36.9583616551, 504.628799156, 0.606535874108
0.714179623783, 0.946803024201, 3.45265265676, 0.251812610298, 25.3288489822, 46.8598644973, 2.29686200206, 2.71703466339, 36.9583616551, 498.447571061, 0.611350457329
0.896088651949, 0.930956446164, 3.26260208064, 0.332255335492, 36.5662319609, 44.2361778086, 3.47343150394, 2.53554578119, 30.8888432025, 517.716114792, 0.583993077952
0.572686170476, 1.09791548447, 7.51483795368, 0.489232467822, 47.5670494234, 49.8804873477, 2.08402262398, 3.7340415844, 34.8454564902, 1295.47549894, 0.534696583768
0.629379520345, 1.23600450307, 5.15226194076, 0.439955624825, 31.5641487359, 43.0210978177, 3.15461784891, 3.27666449365, 27.0785131528, 1356.52330137, 0.532621006474
0.575323038153, 1.13114470566, 5.8549427496, 0.439077601566, 38.656962814, 47.7621575116, 2.58784988946, 4.95061546731, 32.8584209055, 1023.07421489, 0.538338461179
0.571083497777, 1.03672388446, 4.43731403136, 0.414259487552, 16.4797749489, 49.2397188154, 2.18823782173, 0.86271935407, 33.1900767837, 773.313146685, 0.553677657896
0.810130436541, 1.09055531343, 3.43528038103, 0.217012118936, 47.5670494234, 44.4839398832, 2.16406372307, 1.12882686045, 31.0469739678, 633.721436391, 0.574039660292
0.8665009275, 1.13683957264, 3.55747716947, 0.461287329992, 0.894717340767, 47.787550385, 2.77917108308, 4.56263725874, 38.8970684962, 622.438456485, 0.577212214073
0.692469533292, 0.854757569963, 4.98301652749, 0.401275811733, 43.6818439784, 41.3481991022, 3.45705867238, 0.20565126166, 22.1004275633, 665.386907352, 0.567406279299
0.601159935202, 0.905021096252, 3.78635620364, 0.285679220041, 38.813982589, 49.3798362377, 3.77126407087, 0.65051997977, 35.8644392394, 677.88612273, 0.558430538939
0.784049031596, 0.992662865546, 3.41717925278, 0.400260668891, 30.7787589911, 43.1545598745, 2.08618117301, 0.0491322282885, 36.3148459595, 508.56962864, 0.61239344441
0.771499288699, 0.846129563922, 4.25162111294, 0.278941856865, 26.2901350726, 40.0434392522, 3.27430205892, 0.825032472889, 22.6955756028, 542.621548986, 0.584682221742
0.598156188515, 1.19418510716, 6.29585872813, 0.370333708449, 6.46770377964, 46.7390613078, 3.11913929394, 3.09310446647, 26.8295897301, 1553.24298212, 0.539347152472
0.803058460421, 0.957823721622, 3.45265265676, 0.230932437501, 7.10760417898, 49.5957908208, 2.10003089673, 2.8049026179, 39.445116652, 515.278675578, 0.658036327099
0.67588046812, 0.943895042098, 7.28684231768, 0.376003571686, 39.0374523663, 44.1007766202, 3.96644889481, 2.76437478042, 40.8603136651, 1256.60534148, 0.546113646942
0.884039546258, 1.08109959339, 4.08594164944, 0.295427641588, 17.3135576082, 45.1533625051, 2.98013757337, 3.98954792877, 34.3927330881, 576.053855732, 0.616938800983
0.709229627581, 1.19477650623, 4.36820217468, 0.28053253843, 18.1554681921, 46.3028541568, 2.32939815931, 2.74211448518, 31.7038691854, 1052.42038591, 0.550171367997
