0.779211252014, 0.961995572369, 2.17564864488, 0.446735539425, 44.2124197271, 41.2551610436, 2.59667290116, 3.14271537814, 26.7510299655, 280.822928932, 0.537218736489
0.70311448969, 1.1392222312, 2.31061651445, 0.329876050384, 37.730318204, 47.1910130965, 2.46675557793, 1.64788868888, 21.094007363, 378.880347093, 0.456949483068
0.592222429475, 1.00883106135, 2.33762326834, 0.20541927003, 18.7265845637, 43.0407551128, 2.27973230882, 1.97783511132, 35.4990505323, 320.482641979, 0.459707744005
0.70311448969, 0.890171898837, 2.31061651445, 0.222284144772, 37.730318204, 44.8050984977, 2.46675557793, 1.64788868888, 21.094007363, 281.401811641, 0.476210833249
0.5002273619, 0.935284789392, 2.12557024292, 0.471162454013, 47.9999079634, 43.5588404643, 2.77761487366, 2.32951843006, 31.5780800455, 249.654612613, 0.546721939997
0.801077193309, 0.869668587455, 6.87638925478, 0.493169582176, 2.78964652849, 42.4981598893, 2.59738260527, 1.91829949877, 37.9748750574, 722.215799167, 0.404773098551
0.810130436541, 1.09055531343, 3.43528038103, 0.213837309734, 4.984818047, 44.4839398832, 2.16406372307, 1.12882686045, 31.0469739678, 686.488747198, 0.437648686207
0.5002273619, 0.984965636174, 5.11162339723, 0.266314792937, 22.2696198463, 44.4059969724, 2.263028668, 1.57063693201, 41.7102815436, 816.856456096, 0.396388503054
0.801077193309, 0.869668587455, 6.87638925478, 0.493169582176, 2.78964652849, 42.4981598893, 2.59738260527, 1.91829949877, 37.9748750574, 684.224437312, 0.457292874626
0.589922169326, 0.825881144064, 5.79399054004, 0.372847728982, 3.20278702764, 45.1376539145, 2.06175170314, 1.92815602216, 23.2026680322, 517.083408266, 0.458224493286
0.66227430705, 1.02400536085, 4.12548117057, 0.238150867734, 11.6709380758, 45.5338509978, 3.16724475458, 1.8762834175, 27.2299823514, 648.462010952, 0.457645704761
0.592222429475, 1.00883106135, 2.72310669646, 0.20541927003, 30.8010208498, 43.0407551128, 2.27973230882, 1.97783511132, 35.4990505323, 401.473066288, 0.460646527091
0.617039446632, 1.12709403827, 2.49612823903, 0.495255369158, 0.371811669442, 42.7989753369, 2.15115838217, 4.71308171919, 20.156563484, 309.063475501, 0.529157368447
0.70311448969, 1.19187031685, 2.31061651445, 0.222284144772, 37.730318204, 44.8050984977, 2.46675557793, 1.64788868888, 21.094007363, 343.201429338, 0.4931554566
0.5002273619, 0.935284789392, 2.12557024292, 0.20541927003, 48.8567911548, 43.5588404643, 2.77761487366, 2.32951843006, 31.5780800455, 301.894444178, 0.550353517296
0.506161512388, 1.08317888053, 5.04142959584, 0.27834954273, 22.2696198463, 41.1460397174, 2.92835885099, 1.56960063799, 26.6871195687, 785.99596137, 0.42201180583
0.774449438627, 0.912779716785, 5.60451667728, 0.205737360703, 36.6874204158, 47.7582675778, 3.95774395778, 1.85657313775, 25.5187939122, 784.980743074, 0.456188201885
0.506161512388, 1.08317888053, 5.04142959584, 0.27834954273, 17.766215696, 41.1460397174, 2.92835885099, 1.33068513425, 26.6871195687, 853.991268568, 0.398484713887
0.680234584907, 0.885357378709, 4.6405216912, 0.360271205819, 13.642976427, 47.3745259281, 2.5932820844, 1.08206631639, 24.9035702599, 576.522549843, 0.458360435414
0.647476068145, 1.09483082025, 3.10822923889, 0.27563363994, 0.112111550279, 46.6262997246, 3.47125959376, 1.96818693891, 30.8656089719, 656.102354921, 0.457831563446
0.66227430705, 1.02400536085, 3.43528038103, 0.238150867734, 4.984818047, 45.5338509978, 3.16724475458, 1.12882686045, 27.2299823514, 569.547797552, 0.461333531989
0.653895489757, 1.01183170418, 2.44985455814, 0.347644714782, 18.0850092965, 46.8521992382, 3.05681858178, 1.49101657983, 30.8383832072, 470.310055971, 0.481048384715
0.505299208576, 1.09656017222, 2.86106397747, 0.304366328172, 22.1532120507, 45.6082575079, 2.07692798812, 0.745792140075, 39.6676673867, 488.247638533, 0.467507149438
0.680234584907, 0.885357378709, 4.6405216912, 0.360271205819, 13.642976427, 47.3745259281, 2.5932820844, 1.08206631639, 24.9035702599, 463.206277477, 0.492609085309
0.812991880231, 0.931328291387, 2.04732666222, 0.498670053564, 18.5947543527, 40.7182297306, 3.64506725613, 1.26807382342, 34.2306619175, 325.113004247, 0.550161073743
0.70311448969, 0.890171898837, 2.31061651445, 0.222284144772, 37.730318204, 44.8050984977, 2.46675557793, 1.64788868888, 21.094007363, 350.056164695, 0.506493763661
0.592222429475, 0.982243181912, 2.33762326834, 0.471162454013, 18.7265845637, 43.0407551128, 2.27973230882, 1.97783511132, 35.4990505323, 348.2113739, 0.536945311999
0.882018745951, 0.961995572369, 2.17564864488, 0.446735539425, 44.2124197271, 41.2551610436, 2.59667290116, 2.61291336453, 30.7987141359, 322.771061187, 0.580606631487
0.625672872587, 0.876664400312, 2.32666242613, 0.245205479354, 37.5258222489, 49.7431688411, 3.31292527079, 2.18564018153, 21.223745328, 323.685878751, 0.57996417512
0.506161512388, 1.08317888053, 5.04142959584, 0.27834954273, 17.766215696, 41.1460397174, 2.92835885099, 1.56960063799, 26.6871195687, 805.237764058, 0.429591812858
0.603289810179, 1.1392222312, 5.11162339723, 0.266314792937, 17.766215696, 44.4059969724, 2.263028668, 1.57063693201, 40.8771920165, 924.10086977, 0.418866274746
0.894800982759, 0.82137732687, 4.030824217, 0.399385004183, 11.800452826, 49.7431688411, 3.37710528644, 1.51170069679, 32.4893686066, 581.632985909, 0.463394225443
0.540355763591, 0.869668587455, 6.87638925478, 0.499685134172, 22.414862031, 42.4981598893, 2.59738260527, 1.91829949877, 24.9035702599, 553.187822641, 0.476937564415
0.894800982759, 0.82137732687, 3.91642708513, 0.399385004183, 11.800452826, 49.7431688411, 3.37710528644, 1.51170069679, 32.4893686066, 526.27784688, 0.497501952734
0.5002273619, 0.921001786012, 2.12557024292, 0.471162454013, 47.9999079634, 43.5588404643, 3.15461784891, 3.27666449365, 31.5780800455, 401.637830658, 0.50670186637
0.617039446632, 1.13420663621, 2.49612823903, 0.495255369158, 1.82333095449, 42.7989753369, 2.15115838217, 4.71308171919, 20.340124076, 354.688227267, 0.556322096474
0.779211252014, 0.861455735484, 2.16339525159, 0.446735539425, 29.7789933019, 41.2551610436, 3.65424087, 3.14271537814, 26.7510299655, 368.542221387, 0.548210894404
0.551751971727, 0.931328291387, 2.04732666222, 0.498670053564, 18.5947543527, 45.7751379685, 3.39690990526, 2.46190248649, 34.2306619175, 367.430005245, 0.55460287374
0.625672872587, 0.876664400312, 2.32666242613, 0.271803908899, 37.5258222489, 49.7431688411, 3.31292527079, 2.18564018153, 30.4755855104, 340.635620695, 0.599372319077
0.812276636479, 1.09023004935, 4.35320867766, 0.49868530591, 12.7324587485, 40.2219210734, 3.50407046187, 1.36547886578, 23.656976773, 867.414705555, 0.4579437279
0.506161512388, 1.08317888053, 5.04142959584, 0.27834954273, 22.2696198463, 41.1460397174, 2.92835885099, 1.56960063799, 26.6871195687, 975.256389628, 0.433502683868
0.589922169326, 0.825881144064, 5.79399054004, 0.372847728982, 27.311569105, 42.0235130115, 3.84382023151, 1.92815602216, 23.2026680322, 715.012295324, 0.481666749002
0.774449438627, 0.912779716785, 4.02501820718, 0.203700759734, 36.6874204158, 47.7582675778, 3.95774395778, 1.85657313775, 25.5187939122, 577.916774501, 0.482151753658
0.653895489757, 1.01183170418, 2.44985455814, 0.367617741454, 29.2803213767, 42.8725006993, 2.65585347381, 0.909320994694, 30.8383832072, 413.253233845, 0.515509593514
0.750187198742, 0.90880315268, 3.69237352948, 0.325457235744, 0.963929676056, 41.0309893539, 2.77771312197, 1.95491336235, 24.585476584, 469.647162048, 0.512740831201
0.779211252014, 0.961995572369, 2.17564864488, 0.446735539425, 29.7789933019, 41.2551610436, 3.65424087, 3.14271537814, 26.7510299655, 365.656948202, 0.571623469784
0.625672872587, 0.876664400312, 2.32666242613, 0.271803908899, 37.5258222489, 47.513364813, 3.31292527079, 2.18564018153, 30.4755855104, 369.124263745, 0.55193814298
0.617039446632, 0.876664400312, 2.49612823903, 0.495255369158, 1.82333095449, 42.7989753369, 3.49999031113, 4.71308171919, 20.340124076, 381.308094171, 0.551392438208
0.617039446632, 1.12709403827, 2.34683153793, 0.495255369158, 0.371811669442, 42.4981598893, 3.89312833083, 4.71308171919, 20.156563484, 393.465833398, 0.549234152082
0.735007249489, 0.823055036074, 2.30637371261, 0.367617741454, 29.2803213767, 42.8725006993, 3.21438465149, 3.82980109034, 29.3760230959, 351.708900997, 0.60492322177
0.641433286461, 1.24278137939, 3.82445862946, 0.47217036478, 27.1315351966, 46.6527001888, 2.87394565032, 0.850749079187, 23.3136564834, 887.527596124, 0.473084405876
0.603289810179, 1.19187031685, 5.11162339723, 0.266314792937, 17.766215696, 44.4059969724, 2.263028668, 1.57063693201, 40.8771920165, 1243.79294082, 0.441169389879
0.552900070735, 0.947575200729, 6.97207647179, 0.336976316427, 38.813982589, 40.7182297306, 3.74442562768, 1.26807382342, 24.6958804751, 1039.73723249, 0.459700460717
0.692633415628, 1.02400536085, 4.12548117057, 0.238150867734, 11.6709380758, 45.5338509978, 3.42571127951, 1.8762834175, 27.2299823514, 628.249897434, 0.489117923375
0.589922169326, 0.825881144064, 5.79399054004, 0.372847728982, 3.20278702764, 45.1376539145, 2.06175170314, 1.92815602216, 23.2026680322, 611.296832655, 0.506099478855
0.603289810179, 0.984965636174, 5.11162339723, 0.266314792937, 22.2696198463, 44.4059969724, 2.263028668, 1.57063693201, 41.7102815436, 698.798022213, 0.486273005782
0.653895489757, 1.01183170418, 2.44985455814, 0.347644714782, 22.1532120507, 46.8521992382, 3.05681858178, 1.49101657983, 30.8383832072, 448.219480565, 0.541815489693
0.653895489757, 1.01183170418, 2.44985455814, 0.367617741454, 29.2803213767, 42.8725006993, 3.05681858178, 0.909320994694, 30.8383832072, 418.746610785, 0.543179032259
0.505299208576, 0.881035747328, 3.06766546407, 0.330169227974, 20.8997750988, 41.7589071096, 3.84732465251, 0.745792140075, 34.6375517723, 575.271043458, 0.516088917607
0.652585743004, 0.96209735811, 2.60423599361, 0.423878743617, 44.8282004423, 48.7301933537, 3.21327397531, 3.19564643694, 43.5187247753, 484.801907722, 0.520280577565
0.853030904557, 0.901719152992, 2.28565392999, 0.302667325944, 37.8130218127, 43.8457684335, 3.34806949864, 0.6510706652, 33.8151689063, 387.754292286, 0.604054917374
0.699931556663, 1.00883106135, 2.72310669646, 0.254607730175, 30.8010208498, 43.0407551128, 2.27973230882, 3.14271537814, 35.4990505323, 390.780816812, 0.602144378557
0.603289810179, 0.921001786012, 2.12557024292, 0.471162454013, 47.9999079634, 43.5588404643, 3.15461784891, 3.27666449365, 31.5780800455, 395.375789783, 0.552675487887
0.560866864671, 0.87295542577, 4.25162111294, 0.426192270021, 31.8337949348, 45.7373319788, 2.92233504605, 2.46094772088, 23.9183445037, 394.904564163, 0.573884053326
0.647476068145, 1.09483082025, 2.05592062647, 0.27563363994, 0.112111550279, 46.6262997246, 3.47125959376, 0.615565158704, 30.8656089719, 382.905192817, 0.630559565479
0.647476068145, 1.09483082025, 2.05592062647, 0.222468210889, 29.6729285305, 46.6262997246, 3.47125959376, 0.615565158704, 30.8656089719, 385.260401468, 0.621982624857
0.810130436541, 1.09055531343, 5.67986101782, 0.217012118936, 47.5670494234, 44.4839398832, 2.16406372307, 1.12882686045, 28.2527120423, 998.431276188, 0.478305080174
0.589922169326, 0.825881144064, 5.79399054004, 0.372847728982, 27.311569105, 42.0235130115, 3.84382023151, 1.92815602216, 23.2026680322, 657.440429671, 0.499994913132
0.692633415628, 1.02400536085, 4.12548117057, 0.238150867734, 39.0225555952, 45.5338509978, 3.42571127951, 1.8762834175, 27.2299823514, 657.785923984, 0.49088119841
0.569776127342, 0.920089216615, 6.90379918662, 0.40077375221, 44.5337113961, 41.0105032493, 2.23829606369, 1.72650839388, 24.1176472299, 781.022934998, 0.486747048687
0.591457460378, 1.0427301788, 2.65102100481, 0.233429848197, 43.9382715329, 44.2361778086, 3.23740792734, 3.46868576, 26.0488658799, 425.906522105, 0.548495056735
0.714179623783, 0.946803024201, 3.10111574635, 0.251812610298, 25.3288489822, 46.8598644973, 2.29686200206, 2.71703466339, 36.9583616551, 466.729453368, 0.5459358786
0.591457460378, 1.0427301788, 2.60423599361, 0.233429848197, 43.9382715329, 44.2361778086, 3.23740792734, 3.46868576, 26.0488658799, 495.662195067, 0.52709918015
0.83052181766, 1.00645321922, 4.04378363522, 0.25873463713, 28.3648654697, 40.4892312153, 2.05226882426, 2.82031155747, 37.7388713053, 531.430784563, 0.523392748745
0.562509471925, 1.16736832834, 2.32666242613, 0.271803908899, 37.5258222489, 47.513364813, 2.15115838217, 2.18564018153, 41.6776015076, 423.552528206, 0.55760571571
0.735007249489, 0.823055036074, 3.26497765583, 0.367617741454, 29.2803213767, 42.8725006993, 3.21438465149, 3.82980109034, 29.3760230959, 413.688955548, 0.563154122613
0.750187198742, 0.90880315268, 3.69237352948, 0.325457235744, 5.42147807383, 41.0309893539, 2.77771312197, 4.32973964619, 24.585476584, 401.286049528, 0.64007321407
0.853030904557, 0.901719152992, 2.28565392999, 0.302667325944, 37.8130218127, 43.8457684335, 3.34806949864, 0.6510706652, 33.8151689063, 399.928456236, 0.673241844224
0.735329281152, 1.25181994637, 7.89688735551, 0.29352962124, 15.4481046917, 45.0987816254, 2.42833641548, 2.84676209036, 38.8610113567, 2497.57232554, 0.47863806392
0.707972218459, 0.928474774114, 7.56449590643, 0.240720400376, 27.5816114564, 42.1382211384, 3.18024421772, 1.6477424022, 26.0845121822, 1064.01054387, 0.480467592399
0.586257458018, 0.84625337962, 4.39550287654, 0.429506278949, 23.7309288775, 41.1067551083, 3.12191110717, 3.99037414481, 40.5047538046, 665.117427258, 0.523333874315
0.569776127342, 0.920089216615, 6.90379918662, 0.325457235744, 0.963929676056, 41.0105032493, 2.23829606369, 1.95491336235, 24.1176472299, 824.168875747, 0.488689691957
0.803058460421, 0.957823721622, 3.10111574635, 0.230932437501, 9.49381839443, 41.9360098473, 2.40805756773, 2.8049026179, 23.8358076199, 463.283366869, 0.553740502391
0.505299208576, 1.09656017222, 2.86106397747, 0.304366328172, 18.0850092965, 45.6082575079, 2.07692798812, 0.745792140075, 39.6676673867, 446.777361448, 0.554629814055
0.735027773906, 1.0427301788, 2.65102100481, 0.233429848197, 43.9382715329, 43.7546518843, 3.23740792734, 3.46868576, 26.0488658799, 473.461026018, 0.550235415289
0.750187198742, 0.90880315268, 3.69237352948, 0.447975212847, 44.5337113961, 41.0309893539, 3.19731546796, 1.72650839388, 24.585476584, 484.937095038, 0.546183912113
0.680234584907, 0.885357378709, 4.6405216912, 0.360271205819, 13.642976427, 47.3745259281, 2.5932820844, 1.08206631639, 24.9035702599, 507.667059009, 0.541350335752
0.551751971727, 0.931328291387, 3.46244368314, 0.498670053564, 18.5947543527, 44.7557959259, 3.39690990526, 2.46190248649, 34.2306619175, 610.946991681, 0.524226415663
0.586257458018, 0.84625337962, 4.39550287654, 0.429506278949, 23.7309288775, 41.1067551083, 3.12191110717, 3.99037414481, 40.5047538046, 575.308473534, 0.531699124033
0.559756215629, 0.846129563922, 4.08571320553, 0.278941856865, 26.2901350726, 40.4786348875, 2.92233504605, 0.825032472889, 22.6955756028, 414.771828765, 0.580953641678
0.559756215629, 1.09483082025, 2.05592062647, 0.222468210889, 29.6729285305, 46.6262997246, 3.59443800325, 0.615565158704, 30.8656089719, 407.637444159, 0.642075117841
0.707972218459, 0.928474774114, 7.56449590643, 0.240720400376, 27.5816114564, 42.1382211384, 3.18024421772, 1.6477424022, 26.0845121822, 1236.22168853, 0.489342142754
0.803058460421, 0.957823721622, 3.10111574635, 0.230932437501, 8.15229515368, 41.9360098473, 2.40805756773, 2.8049026179, 39.445116652, 423.381681382, 0.595690750464
0.774449438627, 0.912779716785, 5.60451667728, 0.205737360703, 36.6874204158, 47.7582675778, 3.95774395778, 1.85657313775, 25.5187939122, 874.313478262, 0.491439498404
0.586257458018, 0.84625337962, 4.39550287654, 0.429506278949, 23.7309288775, 41.1067551083, 3.12191110717, 3.99037414481, 40.5047538046, 661.417923611, 0.527315532415
0.891046852555, 0.965399261811, 3.26260208064, 0.332255335492, 36.5662319609, 43.7546518843, 3.47343150394, 2.53554578119, 30.8888432025, 520.862848368, 0.554042475882
0.560866864671, 0.87295542577, 4.25162111294, 0.426192270021, 31.8337949348, 45.7373319788, 3.27430205892, 2.46094772088, 23.9183445037, 592.966976415, 0.538678080096
0.560866864671, 0.87295542577, 4.08571320553, 0.426192270021, 31.8337949348, 45.7373319788, 3.27430205892, 2.46094772088, 23.9183445037, 619.029456124, 0.532036132471
0.784049031596, 0.992662865546, 3.41717925278, 0.400260668891, 30.7787589911, 43.7511148665, 2.08618117301, 0.0491322282885, 36.3148459595, 461.054368363, 0.586327694801
0.735027773906, 1.0427301788, 2.65102100481, 0.233429848197, 43.9382715329, 43.7546518843, 3.23740792734, 3.46868576, 26.0488658799, 477.327284981, 0.568236084132
