0.104845607442, 0.824587484112, 7.99888878327, 0.519807470926, 87.1327602574, 3.38504837504, 0.06447447748, 1.80809545221, 6.42507323377, 0.0205004812166, 0.0
0.499837554254, 1.19050292759, 4.95431419896, 0.667940456495, 29.4666641822, 1.66199319306, 0.536352122851, 0.84458726476, 24.1574392869, 0.0387071940739, 0.0
0.104845607442, 0.824587484112, 7.99888878327, 0.599574520433, 63.2596516799, 2.86020953578, 0.06447447748, 1.80809545221, 6.42507323377, 0.030990317192, 0.36
0.302583273272, 0.909412307208, 9.62169044524, 0.58063035152, 94.6417995392, 2.78234689908, 3.20523988584, 0.446237371083, 2.34759755214, 0.0331232233302, 0.04
0.458082117353, 1.18628574075, 3.69189754444, 0.555437720542, 49.271810116, 1.9612217937, 2.50036050756, 1.26218336521, 33.3349596761, 0.049712484112, 0.0
0.458082117353, 1.18628574075, 3.69189754444, 0.555437720542, 49.271810116, 1.80704303071, 2.50036050756, 1.26218336521, 19.2889314312, 0.040563334378, 0.00980392156863
0.164056668801, 0.945508888369, 8.97584552165, 0.541376027158, 68.1390201491, 16.6130248004, 0.13567766986, 2.6524885293, 29.6639502473, 0.131647273201, 0.0
0.221577520989, 0.841133503015, 6.93166752306, 0.403384040996, 79.4554906507, 3.03232711651, 1.26400219963, 2.85499604645, 20.3080411446, 0.0497727785774, 0.196428571429
0.292862514807, 0.970882552625, 2.1196467173, 0.489195241066, 6.96809807241, 6.48922265274, 2.51858454728, 2.04228495981, 6.59277439534, 0.101313129086, 0.0166666666667
0.394787974119, 1.1369145815, 9.16339840337, 0.573828989305, 60.1205552332, 22.6334113186, 0.402635099222, 4.80652049579, 25.8008151283, 0.159514979374, 0.0
0.302583273272, 1.13959552205, 9.62169044524, 0.58063035152, 94.6417995392, 2.78234689908, 3.20523988584, 0.446237371083, 2.34759755214, 0.0675747159773, 0.37019969278
0.221577520989, 1.1783509383, 6.93166752306, 0.403384040996, 79.4554906507, 3.03232711651, 1.26400219963, 1.59459429613, 20.3080411446, 0.06250021247, 0.638655462185
0.895378431572, 1.14131869073, 2.25004935748, 0.545793803926, 97.9554881997, 1.15130791818, 2.70744227004, 4.47863704072, 15.1177237262, 0.0876273747577, 0.333333333333
0.880675055278, 0.967590768774, 5.14531610056, 0.618900638972, 1.26269464109, 1.66199319306, 0.536352122851, 1.43031118181, 24.1574392869, 0.103641927954, 0.3125
0.180107398439, 1.15041772889, 2.8096299492, 0.525323284067, 38.6234382137, 7.55723578531, 0.210959863597, 3.84738525995, 3.60202765795, 0.105917616097, 0.0833333333333
0.434228666611, 1.04503830474, 4.59543476726, 0.538214027846, 35.6389266325, 7.29288027741, 3.12859965774, 4.21664053367, 4.85846384668, 0.130660858722, 0.0248138957816
0.217733916186, 0.98645143844, 4.43947248556, 0.553943060307, 46.9346633931, 18.5754765049, 1.9569235814, 4.35390554873, 24.4403238722, 0.177901106343, 0.0
0.644194815291, 0.880468557699, 3.43900639996, 0.480664566016, 81.9247136953, 5.32961271989, 0.526158812722, 4.47708674854, 7.25992781601, 0.0944070324071, 0.384615384615
0.164056668801, 0.945508888369, 8.97584552165, 0.541376027158, 86.9475538783, 16.6130248004, 0.760808546255, 2.6524885293, 29.6639502473, 0.115275818468, 0.230769230769
0.212399056247, 1.1783509383, 6.16049463422, 0.54258742369, 88.3595110211, 13.854528717, 3.10651342455, 3.71501469057, 42.5360845528, 0.164333995879, 0.0992736077482
0.258599877829, 0.881111839557, 3.70953527613, 0.664061878198, 22.5101405843, 26.612318974, 0.362953093174, 3.4191943913, 25.8018636576, 0.183308996609, 0.0
0.353720556925, 0.851781915158, 8.36922708777, 0.570505924638, 50.5234554177, 8.96262401702, 1.5517618239, 1.86696325865, 18.3726219363, 0.157321407457, 0.301886792453
0.571891013276, 0.880468557699, 2.02429526675, 0.447119373495, 81.9247136953, 3.12721920373, 0.526158812722, 4.41606528961, 7.25992781601, 0.137097666483, 0.363636363636
0.180107398439, 1.15041772889, 3.15725054505, 0.503494031843, 38.6234382137, 7.55723578531, 0.702785031376, 3.84738525995, 3.60202765795, 0.134010130642, 0.478260869565
0.107146517764, 0.913328900982, 8.84335161083, 0.669827846527, 57.6706624403, 34.1581766933, 1.45711709705, 1.8182306704, 28.7886700551, 0.182364001683, 0.114285714286
0.264625454548, 0.833599233672, 2.0815498374, 0.613459581062, 53.517896576, 12.6814649828, 3.99191989158, 1.79501489202, 24.2560781503, 0.165985781053, 0.149397590361
0.277103758182, 0.904488430325, 8.45856625569, 0.565002400576, 37.3007144862, 25.6021697632, 0.625869854886, 2.67258168415, 25.3897624844, 0.185059128241, 0.0
0.418594494566, 1.0426558298, 2.81756702466, 0.599574520433, 63.2596516799, 2.86020953578, 2.49782023869, 3.45708684459, 43.2347522351, 0.152759164941, 0.46511627907
0.258599877829, 0.881111839557, 4.45802042762, 0.652903924468, 22.5101405843, 6.17055946864, 0.0925372660169, 3.4191943913, 25.8018636576, 0.152921602411, 0.368421052632
0.150514186232, 1.04503830474, 4.59543476726, 0.538214027846, 35.6389266325, 7.29288027741, 3.12859965774, 4.21664053367, 4.85846384668, 0.134301143987, 0.487514863258
0.101936845912, 1.1861185226, 7.00227286487, 0.415307491892, 63.9384717464, 20.2850916193, 2.88713037162, 4.32426477081, 17.5628054199, 0.174468227213, 0.281609195402
0.264625454548, 0.833599233672, 2.0815498374, 0.613459581062, 53.517896576, 12.6814649828, 3.99191989158, 1.79501489202, 24.2560781503, 0.18272326565, 0.198795180723
0.257623741894, 0.937438036466, 2.97322919543, 0.572758451618, 33.740201748, 21.4819869857, 1.10850428668, 0.133328744353, 24.7889870114, 0.202093891931, 0.0
0.594811208956, 0.980261725449, 4.16600449443, 0.51187771128, 20.1691488768, 7.984017024, 3.32632500356, 2.26844468453, 10.0556567133, 0.190386871944, 0.0147783251232
0.292862514807, 0.970882552625, 2.1196467173, 0.489195241066, 6.96809807241, 5.98785738062, 1.88190561119, 2.04228495981, 6.59277439534, 0.162808285772, 0.398058252427
0.418594494566, 1.0426558298, 2.81756702466, 0.519807470926, 87.1327602574, 3.38504837504, 2.49782023869, 3.45708684459, 43.2347522351, 0.149043678258, 0.528700906344
0.157466026231, 0.965550175437, 9.17896059671, 0.525899580625, 6.72894177581, 30.7643070322, 2.61858455276, 2.96426147571, 17.3444822441, 0.203694501623, 0.0147058823529
0.465666416439, 0.883955165468, 2.16761623089, 0.675695274663, 99.0800611149, 13.0628789637, 2.46133818024, 3.70636521335, 18.6636454704, 0.215454502079, 0.0
0.174395983042, 1.17595648574, 4.86215022876, 0.670487760206, 79.5929752342, 20.1364158888, 3.81523594303, 0.550997514148, 22.2962760851, 0.194507980843, 0.0187667560322
0.101936845912, 1.1861185226, 7.00227286487, 0.415307491892, 63.9384717464, 20.2850916193, 2.88713037162, 1.39031724337, 30.1619498652, 0.171907330221, 0.522727272727
0.259387171511, 1.11013183579, 8.14996478333, 0.440983764453, 66.1492056827, 7.30855851934, 3.70001200231, 3.76647438334, 21.3408670077, 0.192868164557, 0.515081206497
0.353720556925, 0.851781915158, 8.80736076115, 0.570505924638, 98.8951840849, 8.96262401702, 3.53884665481, 1.86696325865, 18.3726219363, 0.194366069595, 0.432677760968
0.566481657159, 1.1369145815, 9.30235709042, 0.499024609865, 4.59806976612, 21.7620123297, 0.45418146657, 1.29297800934, 35.8348325233, 0.244159339698, 0.0
0.650408238318, 0.942539009595, 5.77760934711, 0.413979936752, 13.2354071072, 11.9528915374, 0.644690463637, 1.58453262229, 19.4911874326, 0.199771688896, 0.416666666667
0.257623741894, 0.937438036466, 2.97322919543, 0.572758451618, 33.740201748, 21.4819869857, 1.10850428668, 0.133328744353, 24.7889870114, 0.220353277238, 0.0967741935484
0.575978238831, 0.974481798284, 7.96337347294, 0.581810888166, 18.1767207022, 6.09649994393, 1.58511903681, 0.332607061844, 7.14461885568, 0.205219854477, 0.153846153846
0.277103758182, 0.904488430325, 8.45856625569, 0.565002400576, 37.3007144862, 33.5522053627, 0.625869854886, 4.51263009359, 37.8111298917, 0.26785020038, 0.0
0.166938871629, 1.1710895702, 6.96697336243, 0.670496202867, 61.8027027367, 38.7912732778, 3.27120083576, 3.3025401134, 28.2461738753, 0.25706292275, 0.037037037037
0.314150213415, 1.15077028611, 5.50854698694, 0.546544856439, 72.5535060725, 20.9393784831, 2.51858454728, 1.47811511194, 8.08257562987, 0.263062594822, 0.0227272727273
0.353599502492, 0.999551180078, 2.44645012817, 0.576062789082, 8.58292711435, 20.4664832313, 3.00648213796, 4.93044570055, 12.709833273, 0.26781100432, 0.00993377483444
0.571891013276, 1.08065368066, 2.02429526675, 0.447119373495, 5.82431221206, 3.12721920373, 0.182399098251, 4.41606528961, 37.3386753071, 0.203263158827, 0.571428571429
0.174395983042, 1.17595648574, 4.86215022876, 0.670487760206, 79.5929752342, 20.1364158888, 3.81523594303, 0.550997514148, 22.2962760851, 0.233929108313, 0.136263736264
0.148028062843, 1.1885927329, 7.02786397379, 0.497178581383, 88.5538115597, 35.0826463416, 0.779472660765, 1.29801230282, 28.9800455745, 0.229302834839, 0.266666666667
0.895378431572, 1.14131869073, 2.25004935748, 0.545793803926, 97.9554881997, 2.78636470766, 2.70744227004, 4.47863704072, 15.1177237262, 0.206975420574, 0.272727272727
0.538632103886, 1.18485349004, 9.51980843101, 0.449511194412, 85.5317944333, 22.0541912476, 0.0467932159931, 0.491415329479, 17.8056283443, 0.276106700518, 0.0
0.157466026231, 1.17823816965, 9.87129033019, 0.596507477544, 6.72894177581, 30.7643070322, 2.61858455276, 3.72315808847, 17.3444822441, 0.26416332755, 0.14406779661
0.259387171511, 1.11013183579, 8.14996478333, 0.669827846527, 66.1492056827, 7.30855851934, 1.86582550514, 3.76647438334, 21.3408670077, 0.210888936359, 0.473684210526
0.107146517764, 0.913328900982, 8.84335161083, 0.440983764453, 57.6706624403, 34.1581766933, 0.983892680646, 1.8182306704, 28.7886700551, 0.232577193952, 0.461538461538
0.353599502492, 0.985227854432, 2.08270952038, 0.576062789082, 8.58292711435, 20.4664832313, 3.00648213796, 4.93044570055, 12.709833273, 0.280835912455, 0.0
0.650408238318, 1.13387886458, 5.77760934711, 0.413979936752, 52.9487745027, 11.9528915374, 0.644690463637, 1.58453262229, 19.4911874326, 0.274458009851, 0.428571428571
0.462062144105, 1.02690994608, 4.16600449443, 0.51187771128, 20.1691488768, 7.984017024, 1.13917485764, 2.26844468453, 10.0556567133, 0.255398027485, 0.561797752809
0.148028062843, 1.1885927329, 7.02786397379, 0.486855958209, 88.5538115597, 35.0826463416, 0.779472660765, 1.29801230282, 28.9800455745, 0.244982106237, 0.571428571429
0.398491273315, 1.15584923284, 8.38482397042, 0.664061878198, 11.4017081896, 28.9320810679, 3.24036740315, 2.89396208548, 15.0762996345, 0.314321251416, 0.0
0.607120285321, 0.900958944838, 5.73814462647, 0.639940241639, 60.4869840876, 12.0135104096, 3.03754368173, 0.849013142896, 28.8643860903, 0.285426806154, 0.0208333333333
0.212399056247, 0.841133503015, 6.16049463422, 0.54258742369, 88.3595110211, 16.6238339295, 3.10651342455, 2.1047606602, 42.5360845528, 0.283223170521, 0.502850627138
0.486926688929, 0.905650540599, 7.47390377886, 0.532325285613, 86.9475538783, 24.9690171923, 0.380478489265, 3.68144941669, 2.68813073475, 0.271860828091, 0.611111111111
0.232391032972, 1.0643131362, 3.50476392566, 0.560200489266, 34.7197506292, 46.0578430972, 2.46640653534, 1.22516261306, 23.2151501436, 0.359353072888, 0.0
0.607120285321, 1.04492885289, 5.73814462647, 0.639940241639, 60.4869840876, 12.0135104096, 1.83504360282, 0.849013142896, 28.8643860903, 0.334109719601, 0.0877192982456
0.179560750831, 0.934934087512, 8.44053254239, 0.623113099015, 52.3165420728, 35.6271060592, 2.94414705362, 0.714129349754, 30.8262844827, 0.343004446767, 0.0723684210526
0.568614192337, 0.980409839104, 8.07660011162, 0.523245031387, 27.911533001, 12.2936551943, 1.64978398562, 3.96482539063, 22.6697638468, 0.314668290742, 0.0975609756098
0.178550438564, 0.8720902849, 7.33546320704, 0.520489864957, 50.5234554177, 24.7652342676, 1.5517618239, 2.84830876831, 12.668531939, 0.287543078669, 0.352941176471
0.716156649521, 1.14314382398, 6.30231829923, 0.571566666881, 38.2446775436, 18.6830993209, 1.46603192239, 1.81749662237, 31.5724853233, 0.36567574504, 0.0
0.465666416439, 0.883955165468, 2.16761623089, 0.656094781772, 99.0800611149, 13.1219197698, 2.46133818024, 3.70636521335, 18.6636454704, 0.332516678739, 0.201550387597
0.217733916186, 0.98645143844, 4.43947248556, 0.553943060307, 93.2917372508, 18.5754765049, 1.9569235814, 4.35390554873, 24.4403238722, 0.327962823078, 0.281690140845
0.745251894341, 1.17083915211, 2.80488920206, 0.418531920958, 1.93610261436, 10.3618439495, 2.31456835994, 1.67719612644, 26.7827827563, 0.294415162207, 0.357466063348
0.576870176228, 0.965550175437, 7.62903086545, 0.525899580625, 18.1431625978, 16.7526799061, 3.83553669301, 2.43648306471, 36.1994268429, 0.37838092793, 0.120689655172
0.759749034979, 0.972104074486, 6.05479326244, 0.494658845505, 91.53986458, 25.426673946, 1.70575959273, 1.60041646889, 28.8188139517, 0.378800671066, 0.0
0.248977603166, 1.17685290622, 7.18599575205, 0.442170579973, 1.25964111899, 39.2945857836, 2.85200103788, 3.33111003213, 25.2179612045, 0.368960817898, 0.272727272727
0.710864310884, 1.1421016589, 4.15099534534, 0.651942803064, 15.6991962835, 43.9864756408, 0.917332588719, 3.54200768267, 4.39246552219, 0.32072513614, 0.363636363636
0.432451756396, 0.840454370774, 7.21162365095, 0.64114169549, 57.7306206396, 14.725926971, 1.03013564374, 2.526104548, 8.72763404326, 0.301808636372, 0.4375
0.612873847559, 0.838034829578, 5.47632535372, 0.560174850748, 35.2681006988, 23.5394091466, 1.24836449856, 4.49895381073, 17.8243893327, 0.391746449783, 0.0
0.576870176228, 1.17823816965, 7.62903086545, 0.596507477544, 18.1431625978, 19.5487591199, 3.83553669301, 2.39921279255, 36.1994268429, 0.379959605563, 0.0485933503836
0.314150213415, 1.15077028611, 5.50854698694, 0.457201030618, 72.5535060725, 20.9393784831, 1.88190561119, 1.47811511194, 13.1244393419, 0.338469227643, 0.407766990291
0.207271809542, 1.16581996072, 2.72597408344, 0.449194858997, 58.7589309755, 31.3016389921, 2.22462041351, 1.55512372348, 24.6591447766, 0.307338413473, 0.556962025316
0.178550438564, 0.8720902849, 7.33546320704, 0.520489864957, 98.8951840849, 24.7652342676, 3.53884665481, 2.84830876831, 12.668531939, 0.33031821363, 0.480366492147
0.60503277105, 0.893249989754, 8.6060543495, 0.673257897531, 70.3492791165, 33.1688932908, 1.68278051163, 0.484352280845, 13.1337081683, 0.392979136005, 0.0
0.179560750831, 0.934934087512, 3.50476392566, 0.623113099015, 52.3165420728, 35.6271060592, 2.94414705362, 0.714129349754, 30.8262844827, 0.392820670535, 0.261904761905
0.232391032972, 1.0643131362, 8.44053254239, 0.560200489266, 34.7197506292, 46.0578430972, 2.46640653534, 1.22516261306, 23.2151501436, 0.381873684455, 0.329949238579
0.759933840388, 1.00456420905, 4.75247699056, 0.658003657313, 1.10074419458, 12.1395324286, 0.917332588719, 1.12735079659, 2.20598334334, 0.375535661699, 0.413793103448
0.644194815291, 1.08065368066, 3.43900639996, 0.480664566016, 5.82431221206, 5.32961271989, 0.182399098251, 4.47708674854, 37.3386753071, 0.308735909581, 0.611111111111
0.568614192337, 0.980409839104, 8.07660011162, 0.523245031387, 27.911533001, 12.2936551943, 1.64978398562, 3.96482539063, 22.6697638468, 0.365879421103, 0.494623655914
0.293400785756, 0.872817529091, 4.04052808144, 0.619935878051, 56.7020180479, 22.8740216111, 0.355975815148, 2.86502265038, 20.4879287152, 0.34015391736, 0.533333333333
0.617766795135, 1.00170869462, 6.2076422125, 0.553190030572, 39.160215679, 25.33298752, 2.79160171209, 0.429765760234, 15.5471568766, 0.393735045002, 0.00952380952381
0.500361214403, 1.18004288067, 8.9315091195, 0.656782612036, 30.5406002034, 34.9544644544, 3.38071047632, 4.73170631, 22.2742687807, 0.401279191234, 0.0
0.716156649521, 1.14314382398, 6.30231829923, 0.571566666881, 35.2681006988, 18.6830993209, 1.46603192239, 1.81749662237, 31.5724853233, 0.386921950673, 0.372881355932
0.465273657018, 1.06257570174, 7.21162365095, 0.64114169549, 57.7306206396, 14.725926971, 1.03013564374, 2.526104548, 8.72763404326, 0.38149653279, 0.473684210526
0.312089071693, 1.14352720243, 6.70803729675, 0.608337211894, 26.0366327425, 48.9857294967, 0.917884940282, 2.98123836252, 21.931561601, 0.353591630855, 0.533333333333
0.759933840388, 1.00456420905, 4.75247699056, 0.658003657313, 1.48623920352, 12.1395324286, 3.93747487281, 1.12735079659, 2.20598334334, 0.34066241182, 0.548780487805
0.49093235456, 0.932430162166, 4.42013596439, 0.640412020492, 30.4933790071, 36.2103773944, 2.24008716129, 2.18538409277, 38.3937989407, 0.408952538452, 0.0
0.538632103886, 1.18485349004, 9.51980843101, 0.449511194412, 72.2369568647, 22.0541912476, 0.0467932159931, 0.491415329479, 17.8056283443, 0.349154340352, 0.592592592593
