0.104845607442, 0.824587484112, 7.99888878327, 0.58063035152, 87.1327602574, 3.38504837504, 0.06447447748, 1.80809545221, 6.42507323377, 0.0121178264941, 0.0
0.104845607442, 1.19050292759, 6.80533876389, 0.519807470926, 46.8665466592, 1.66199319306, 0.536352122851, 0.84458726476, 24.1574392869, 0.013763128487, 0.333333333333
0.104845607442, 0.824587484112, 7.99888878327, 0.599574520433, 63.2596516799, 2.86020953578, 0.490359318889, 0.44921955954, 6.42507323377, 0.0141581423446, 0.142857142857
0.104845607442, 0.824587484112, 7.99888878327, 0.519807470926, 87.1327602574, 3.38504837504, 0.06447447748, 1.80809545221, 6.42507323377, 0.0205004812166, 0.0
0.102388473082, 0.824587484112, 2.4736256207, 0.646008592765, 81.075885228, 2.86020953578, 0.06447447748, 1.80809545221, 6.42507323377, 0.0213622892751, 0.461538461538
0.104845607442, 0.824587484112, 7.99888878327, 0.599574520433, 63.2596516799, 2.86020953578, 0.06447447748, 1.80809545221, 6.42507323377, 0.030990317192, 0.36
0.302583273272, 0.909412307208, 9.62169044524, 0.58063035152, 94.6417995392, 2.78234689908, 3.20523988584, 0.446237371083, 2.34759755214, 0.0331232233302, 0.04
0.418594494566, 1.15041772889, 2.81756702466, 0.503494031843, 63.2596516799, 1.88233432944, 2.49782023869, 2.42646352631, 43.2347522351, 0.0340391031843, 0.0
0.104845607442, 0.824587484112, 7.99888878327, 0.519807470926, 87.1327602574, 3.38504837504, 0.06447447748, 1.80809545221, 6.42507323377, 0.0325693740974, 0.444444444444
0.217733916186, 0.98645143844, 4.43947248556, 0.553943060307, 46.9346633931, 1.46901075628, 1.9569235814, 4.35390554873, 30.3320162066, 0.0343766999958, 0.203703703704
0.499837554254, 1.19050292759, 4.95431419896, 0.667940456495, 29.4666641822, 1.66199319306, 0.536352122851, 0.84458726476, 24.1574392869, 0.0387071940739, 0.0
0.302583273272, 0.909412307208, 9.62169044524, 0.58063035152, 94.6417995392, 2.78234689908, 3.20523988584, 0.446237371083, 2.34759755214, 0.0359042170677, 0.047263681592
0.302583273272, 0.909412307208, 9.62169044524, 0.58063035152, 94.6417995392, 2.78234689908, 3.20523988584, 0.446237371083, 8.96886480198, 0.0401632319516, 0.00815217391304
0.221577520989, 0.841133503015, 6.93166752306, 0.403384040996, 79.4554906507, 3.03232711651, 1.26400219963, 2.85499604645, 20.3080411446, 0.0432094575667, 0.0
0.221577520989, 1.1783509383, 6.35089395357, 0.403384040996, 79.4554906507, 2.78234689908, 1.26400219963, 1.72786010565, 2.34759755214, 0.0371602711982, 0.161290322581
0.104845607442, 0.824587484112, 7.99888878327, 0.599574520433, 63.2596516799, 2.86020953578, 0.06447447748, 1.80809545221, 6.42507323377, 0.0366113316446, 0.555555555556
0.458082117353, 1.18628574075, 3.69189754444, 0.555437720542, 49.271810116, 1.80704303071, 2.50036050756, 1.26218336521, 19.2889314312, 0.040563334378, 0.00980392156863
0.157466026231, 0.965550175437, 2.16761623089, 0.675695274663, 99.0800611149, 7.07205827754, 2.46133818024, 3.70636521335, 18.6636454704, 0.0471559191498, 0.0
0.180107398439, 1.15041772889, 2.8096299492, 0.525323284067, 37.3007144862, 7.55723578531, 0.625869854886, 4.21664053367, 3.60202765795, 0.0446295584018, 0.111111111111
0.259387171511, 1.11013183579, 5.50854698694, 0.440983764453, 72.5535060725, 4.07203621685, 3.70001200231, 3.76647438334, 21.3408670077, 0.0488244022359, 0.0108695652174
0.458082117353, 1.18628574075, 3.69189754444, 0.555437720542, 41.6932169812, 1.9612217937, 2.50036050756, 1.26218336521, 33.3349596761, 0.049600223249, 0.0
0.221577520989, 1.1783509383, 6.93166752306, 0.403384040996, 79.4554906507, 3.03232711651, 1.22664487594, 1.59459429613, 2.34759755214, 0.0455393391196, 0.140350877193
0.458082117353, 1.18628574075, 3.69189754444, 0.423883144418, 49.271810116, 1.80704303071, 2.50036050756, 3.50466517372, 19.2889314312, 0.0491541566486, 0.0132450331126
0.458082117353, 1.18628574075, 3.69189754444, 0.555437720542, 49.271810116, 1.9612217937, 2.50036050756, 1.26218336521, 33.3349596761, 0.049712484112, 0.0
0.107146517764, 0.913328900982, 8.84335161083, 0.440983764453, 66.1492056827, 7.30855851934, 0.983892680646, 3.49848702682, 34.3208544685, 0.0475984005095, 0.307692307692
0.221577520989, 0.841133503015, 6.93166752306, 0.403384040996, 79.4554906507, 3.03232711651, 1.26400219963, 2.85499604645, 20.3080411446, 0.0497727785774, 0.196428571429
0.895378431572, 0.967590768774, 4.45802042762, 0.618900638972, 1.26269464109, 1.15130791818, 2.75619684859, 1.43031118181, 15.1177237262, 0.0516284442106, 0.0
0.221577520989, 1.1783509383, 6.93166752306, 0.403384040996, 79.4554906507, 1.98154053763, 1.45711709705, 1.8182306704, 2.34759755214, 0.0490296728453, 0.553191489362
0.458082117353, 1.18628574075, 3.69189754444, 0.555437720542, 41.6932169812, 1.9612217937, 2.50036050756, 1.26218336521, 33.3349596761, 0.0530321395408, 0.28813559322
0.499837554254, 1.19050292759, 4.95431419896, 0.667940456495, 29.4666641822, 1.66199319306, 0.254449276723, 0.782386901641, 24.1574392869, 0.0552209749036, 0.1
0.221577520989, 1.02046145065, 7.50441253647, 0.403384040996, 71.6008331395, 7.29288027741, 1.26400219963, 2.85499604645, 20.3080411446, 0.0596900329018, 0.0
0.302583273272, 0.846821054462, 9.62169044524, 0.519807470926, 94.6417995392, 2.78234689908, 3.20523988584, 0.446237371083, 2.34759755214, 0.0582979767191, 0.20939334638
0.107146517764, 0.913328900982, 8.84335161083, 0.669827846527, 57.6706624403, 12.7369594729, 1.45711709705, 1.8182306704, 28.7886700551, 0.0627932528484, 0.0
0.566481657159, 1.1369145815, 2.02429526675, 0.499024609865, 4.59806976612, 2.34699209984, 0.438854024124, 1.29297800934, 35.8348325233, 0.0597045161793, 0.266666666667
0.88381236432, 1.14131869073, 3.5100403731, 0.545793803926, 97.9554881997, 1.66199319306, 2.70744227004, 4.47863704072, 24.1574392869, 0.068443108437, 0.0
0.499837554254, 1.19050292759, 4.95431419896, 0.667940456495, 29.4666641822, 1.66199319306, 0.536352122851, 0.84458726476, 24.1574392869, 0.0597365532587, 0.272727272727
0.418594494566, 1.11368136633, 2.76603550405, 0.519807470926, 87.1327602574, 3.38504837504, 2.49782023869, 3.45708684459, 43.2347522351, 0.0728088183882, 0.0
0.107146517764, 0.913328900982, 8.84335161083, 0.424014164056, 66.1492056827, 7.30855851934, 0.983892680646, 3.49848702682, 34.3208544685, 0.0697888320557, 0.333333333333
0.221577520989, 1.1783509383, 6.93166752306, 0.403384040996, 79.4554906507, 3.03232711651, 1.26400219963, 1.59459429613, 20.3080411446, 0.06250021247, 0.638655462185
0.302583273272, 1.13959552205, 9.62169044524, 0.58063035152, 94.6417995392, 2.78234689908, 3.20523988584, 0.446237371083, 2.34759755214, 0.0675747159773, 0.37019969278
0.458082117353, 1.18628574075, 3.69189754444, 0.555437720542, 49.271810116, 1.80704303071, 2.50036050756, 1.26218336521, 19.2889314312, 0.0628824650196, 0.467032967033
0.571891013276, 0.880468557699, 2.02429526675, 0.447119373495, 81.9247136953, 3.12721920373, 0.526158812722, 4.41606528961, 7.25992781601, 0.095585389244, 0.0
0.150514186232, 0.881111839557, 5.14531610056, 0.652903924468, 49.8867534819, 6.17055946864, 0.0690694981343, 3.4191943913, 25.8018636576, 0.0807131542601, 0.157894736842
0.566481657159, 1.1369145815, 9.77498125023, 0.499024609865, 4.59806976612, 2.34699209984, 0.438854024124, 1.29297800934, 35.8348325233, 0.0931101052249, 0.142857142857
0.221577520989, 0.841133503015, 7.50441253647, 0.403384040996, 71.6008331395, 3.03232711651, 1.26400219963, 2.85499604645, 20.3080411446, 0.0760045543846, 0.434782608696
0.571891013276, 1.08065368066, 2.02429526675, 0.447119373495, 5.82431221206, 3.12721920373, 0.182399098251, 4.51263009359, 37.3386753071, 0.1066262395, 0.0
0.292862514807, 0.970882552625, 2.1196467173, 0.489195241066, 6.96809807241, 6.48922265274, 2.51858454728, 2.04228495981, 6.59277439534, 0.101313129086, 0.0166666666667
0.150514186232, 1.04503830474, 4.59543476726, 0.538214027846, 34.5522951895, 7.29288027741, 3.12859965774, 4.21664053367, 4.85846384668, 0.0913533610705, 0.282793867121
0.895378431572, 1.14131869073, 2.25004935748, 0.545793803926, 97.9554881997, 1.15130791818, 2.70744227004, 4.47863704072, 15.1177237262, 0.0876273747577, 0.333333333333
0.458082117353, 1.18628574075, 3.69189754444, 0.582665796438, 49.271810116, 1.9612217937, 2.50036050756, 1.26218336521, 33.3349596761, 0.0851045547714, 0.444444444444
0.880675055278, 0.967590768774, 5.14531610056, 0.618900638972, 1.26269464109, 1.21472811102, 0.536352122851, 1.43031118181, 24.1574392869, 0.0771702228544, 0.5625
0.277103758182, 0.904488430325, 8.45856625569, 0.565002400576, 37.3007144862, 15.4419909875, 0.625869854886, 4.41606528961, 37.8111298917, 0.122564838836, 0.0
0.895378431572, 1.14131869073, 2.25004935748, 0.65536772739, 97.9554881997, 2.78636470766, 2.22434802069, 4.47863704072, 15.1177237262, 0.108612634329, 0.00909090909091
0.180107398439, 1.15041772889, 2.8096299492, 0.525323284067, 38.6234382137, 7.55723578531, 0.210959863597, 3.84738525995, 3.60202765795, 0.105917616097, 0.0833333333333
0.13892233467, 0.970882552625, 2.0782370321, 0.489195241066, 6.96809807241, 5.98785738062, 1.88190561119, 2.04228495981, 6.59277439534, 0.0924769916327, 0.3125
0.121159035243, 0.881111839557, 7.60579826643, 0.652903924468, 22.5101405843, 6.17055946864, 0.0925372660169, 3.4191943913, 25.8018636576, 0.0892165648802, 0.481481481481
0.150514186232, 0.881111839557, 4.45802042762, 0.652903924468, 49.8867534819, 6.17055946864, 0.0690694981343, 3.4191943913, 25.8018636576, 0.0883711582763, 0.5
0.895378431572, 0.967590768774, 5.14531610056, 0.618900638972, 1.26269464109, 1.15130791818, 0.536352122851, 1.43031118181, 15.1177237262, 0.084573960824, 0.681818181818
0.164056668801, 0.945508888369, 8.97584552165, 0.541376027158, 68.1390201491, 16.6130248004, 0.13567766986, 2.6524885293, 29.6639502473, 0.131647273201, 0.0
0.353720556925, 1.1369145815, 8.80736076115, 0.570505924638, 6.96809807241, 7.38592646395, 3.9439325179, 2.40224823217, 18.3726219363, 0.120795004765, 0.0102389078498
0.802423849246, 1.0426558298, 8.45856625569, 0.599574520433, 63.2596516799, 2.86020953578, 0.625869854886, 3.45708684459, 43.2347522351, 0.111465982896, 0.142857142857
0.880675055278, 0.967590768774, 5.14531610056, 0.618900638972, 1.26269464109, 1.66199319306, 0.536352122851, 1.43031118181, 24.1574392869, 0.103641927954, 0.3125
0.895378431572, 1.1369145815, 2.25004935748, 0.545793803926, 97.9554881997, 1.15130791818, 2.70744227004, 4.80652049579, 15.1177237262, 0.0989474023666, 0.317073170732
0.644194815291, 0.880468557699, 3.43900639996, 0.480664566016, 81.9247136953, 5.32961271989, 0.526158812722, 4.47708674854, 7.25992781601, 0.0944070324071, 0.384615384615
0.174395983042, 1.19531261364, 4.86215022876, 0.670487760206, 79.5929752342, 20.1364158888, 3.81523594303, 0.550997514148, 22.2962760851, 0.142630147606, 0.0
0.434228666611, 1.04503830474, 4.59543476726, 0.538214027846, 35.6389266325, 7.29288027741, 3.12859965774, 4.21664053367, 4.85846384668, 0.130660858722, 0.0248138957816
0.238197981713, 1.04503830474, 4.59543476726, 0.584184717514, 38.6234382137, 7.29288027741, 3.12859965774, 3.84738525995, 4.85846384668, 0.114540933905, 0.16149068323
0.571891013276, 1.08065368066, 7.65712570613, 0.447119373495, 5.82431221206, 3.12721920373, 0.182399098251, 4.41606528961, 37.3386753071, 0.113123012399, 0.294117647059
0.644194815291, 0.880468557699, 3.43900639996, 0.480664566016, 81.9247136953, 5.32961271989, 0.526158812722, 4.47708674854, 7.25992781601, 0.116131564059, 0.142857142857
0.302583273272, 1.13959552205, 9.62169044524, 0.58063035152, 94.6417995392, 3.03232711651, 3.20523988584, 0.446237371083, 20.3080411446, 0.105759093695, 0.377419354839
0.180107398439, 1.15041772889, 3.15725054505, 0.420525814648, 38.6234382137, 7.55723578531, 0.702785031376, 3.84738525995, 3.60202765795, 0.105619570607, 0.47619047619
0.418594494566, 1.0426558298, 8.45856625569, 0.599574520433, 63.2596516799, 2.86020953578, 0.625869854886, 3.45708684459, 43.2347522351, 0.0995725351576, 0.631578947368
0.353720556925, 0.846124645658, 8.80736076115, 0.619803751312, 99.6420129207, 8.96262401702, 3.53884665481, 1.86696325865, 18.3726219363, 0.14589666731, 0.0109489051095
0.217733916186, 0.98645143844, 2.66217840054, 0.553943060307, 93.2917372508, 18.5754765049, 2.46133818024, 4.35390554873, 24.4403238722, 0.144159962184, 0.0217391304348
0.394787974119, 1.1369145815, 9.16339840337, 0.573828989305, 60.1205552332, 22.6334113186, 0.402635099222, 4.80652049579, 25.8008151283, 0.159514979374, 0.0
0.164056668801, 0.945508888369, 8.97584552165, 0.541376027158, 86.9475538783, 16.6130248004, 0.760808546255, 2.6524885293, 29.6639502473, 0.115275818468, 0.230769230769
0.259387171511, 1.11013183579, 8.14996478333, 0.408148831284, 66.1492056827, 7.30855851934, 3.70001200231, 3.76647438334, 21.3408670077, 0.134780288877, 0.151969981238
0.571891013276, 0.880468557699, 2.02429526675, 0.613459581062, 81.9247136953, 3.12721920373, 0.526158812722, 0.625740198841, 7.25992781601, 0.111137160606, 0.470588235294
0.13892233467, 0.970882552625, 2.0782370321, 0.489195241066, 6.96809807241, 5.98785738062, 2.54430495751, 1.26218336521, 6.59277439534, 0.107043463205, 0.545787545788
0.180107398439, 1.0426558298, 3.15725054505, 0.599574520433, 38.6234382137, 7.55723578531, 0.702785031376, 3.84738525995, 3.60202765795, 0.102599225002, 0.782608695652
0.895378431572, 0.922472460312, 2.25004935748, 0.545793803926, 88.3595110211, 2.78636470766, 2.70744227004, 4.47863704072, 15.1177237262, 0.144264394746, 0.125984251969
0.212399056247, 1.1783509383, 6.16049463422, 0.54258742369, 88.3595110211, 13.854528717, 3.10651342455, 3.71501469057, 42.5360845528, 0.164333995879, 0.0992736077482
0.217733916186, 0.98645143844, 4.43947248556, 0.553943060307, 46.9346633931, 18.5754765049, 1.9569235814, 4.35390554873, 24.4403238722, 0.177901106343, 0.0
0.895378431572, 1.14131869073, 2.25004935748, 0.545793803926, 97.9554881997, 2.78636470766, 2.70744227004, 4.47863704072, 15.1177237262, 0.160026407335, 0.106060606061
0.180107398439, 1.15041772889, 2.8096299492, 0.525323284067, 35.6389266325, 7.55723578531, 0.210959863597, 4.21664053367, 3.60202765795, 0.120149218574, 0.357142857143
0.353720556925, 0.851781915158, 8.36922708777, 0.570505924638, 50.5234554177, 8.96262401702, 1.5517618239, 1.86696325865, 18.3726219363, 0.157321407457, 0.301886792453
0.258599877829, 0.881111839557, 3.70953527613, 0.664061878198, 22.5101405843, 26.612318974, 0.362953093174, 3.4191943913, 25.8018636576, 0.183308996609, 0.0
0.264625454548, 0.833599233672, 4.86215022876, 0.691374034655, 53.517896576, 12.6814649828, 2.88713037162, 1.79501489202, 24.2560781503, 0.164154245088, 0.111111111111
0.418594494566, 1.11368136633, 7.99888878327, 0.519807470926, 87.1327602574, 3.38504837504, 2.49782023869, 3.45708684459, 43.5231917433, 0.121904389144, 0.373417721519
0.3853824722, 0.880468557699, 3.43900639996, 0.649667090814, 81.9247136953, 5.32961271989, 0.526158812722, 1.37826899977, 7.25992781601, 0.121110349179, 0.4
0.571891013276, 0.880468557699, 2.02429526675, 0.447119373495, 81.9247136953, 3.12721920373, 0.526158812722, 4.41606528961, 7.25992781601, 0.137097666483, 0.363636363636
0.418594494566, 0.942539009595, 2.81756702466, 0.519807470926, 87.1327602574, 3.38504837504, 2.49782023869, 3.45708684459, 43.2347522351, 0.1209442308, 0.425438596491
0.277103758182, 0.904488430325, 8.45856625569, 0.565002400576, 37.3007144862, 25.6021697632, 0.625869854886, 2.67258168415, 25.3897624844, 0.185059128241, 0.0
0.302583273272, 1.13959552205, 9.62169044524, 0.58063035152, 94.6417995392, 2.78234689908, 3.20523988584, 0.446237371083, 20.3080411446, 0.124142360307, 0.404279279279
0.353720556925, 0.851781915158, 8.36922708777, 0.570505924638, 50.5234554177, 8.96262401702, 1.5517618239, 2.8609182064, 18.3726219363, 0.164393773005, 0.3125
0.264625454548, 0.833599233672, 2.0815498374, 0.613459581062, 53.517896576, 12.6814649828, 3.99191989158, 1.79501489202, 24.2560781503, 0.165985781053, 0.149397590361
0.101936845912, 0.937438036466, 6.43360554046, 0.572758451618, 33.740201748, 9.47081306479, 1.10850428668, 0.133328744353, 24.7889870114, 0.144067907405, 0.393617021277
0.258599877829, 0.881111839557, 4.45802042762, 0.652903924468, 22.5101405843, 6.17055946864, 0.0925372660169, 3.4191943913, 25.8018636576, 0.152921602411, 0.368421052632
0.107146517764, 0.913328900982, 8.84335161083, 0.669827846527, 57.6706624403, 34.1581766933, 1.45711709705, 1.8182306704, 28.7886700551, 0.182364001683, 0.114285714286
0.212399056247, 1.1783509383, 6.16049463422, 0.54258742369, 88.3595110211, 13.854528717, 3.10651342455, 3.71501469057, 42.5360845528, 0.176654264599, 0.115702479339
