4.13699855527, 1.21356655163, 1.567245392, 1.00000034809, 4.48523116764, 1.14295089674, 1.11701756039, 1.26000047256, 1.00000039724, 5.84411969782, 7.37313321863, 1.03772614755, 1.20303995588, 1.00912087849, 1.0071473799, 1.6048868013, 1.10505543703, 1.0983497261, 3.48171084135, 1.00000060777, 1.00000045161, 106.458635136, 1.03101685057, 1.33653244158, 1.00262178633, 4.17821736836, 0.870000304708, 11.5505014627, 341.739623303
3.62566708488, 1.3772237379, 1.37439819958, 1.00000082007, 4.89556617597, 1.02153217176, 5.96310142243, 1.26000004385, 1.00000043954, 4.97806275124, 3.23746139538, 1.026829308, 4.01348706599, 1.09655665528, 1.07720033771, 1.07471410117, 1.02321944078, 1.08637898445, 9.0772726513, 1.00000063172, 1.00000078802, 112.235915189, 1.04919931898, 1.26574788023, 1.01165700067, 3.83171853265, 0.870000833385, 9.15199282783, 353.249890793
4.51306556072, 1.1913752491, 1.51841379223, 1.00000025209, 6.81778520184, 1.0712259593, 4.27317527865, 1.26000033967, 1.00000084377, 5.68233744568, 5.65351876645, 1.07053350439, 1.44073203767, 1.09775582887, 1.07747526545, 1.17568137343, 1.02195898548, 1.08694727858, 9.30422223634, 1.00000058559, 1.00000026279, 86.7176826086, 1.03450691356, 4.17275981491, 0.978227040348, 3.35448908751, 0.870000979476, 9.43304868432, 365.292026135
3.59942008514, 1.39401912477, 1.59508092413, 1.00000046911, 5.09104681418, 1.17954580245, 5.99978645997, 1.26000036082, 1.00000060152, 5.82974376306, 5.63809008421, 1.08216822267, 3.8953697849, 1.05204332775, 1.03668126417, 1.06218367953, 1.13956696808, 1.0682236503, 8.8893367721, 1.00000089809, 1.00000059126, 111.244287671, 1.07090001678, 2.84164561584, 1.05580050733, 4.31214746855, 0.870000611392, 21.8512697402, 395.273134964
1.22051108431, 1.10221060507, 1.64849890934, 1.00000047219, 5.87965798444, 1.1546365175, 3.18395012961, 1.260000867, 1.00000029443, 5.41617949786, 3.55090533047, 1.00111092268, 2.26800383199, 1.11749008497, 1.06440250319, 1.60237190213, 1.08443439899, 0.937905006153, 4.26498680854, 1.00000023848, 1.00000005138, 81.4339244595, 1.0547671381, 4.82984426217, 1.02482232947, 3.8549010753, 0.870000976324, 17.9840038876, 627.27610251
3.86773992855, 1.27966468379, 1.56406158464, 1.00000020004, 5.40159782246, 1.08503550455, 2.57324652863, 1.26000035788, 1.00000053814, 5.86472372978, 7.50551913077, 1.00567256277, 1.45012795985, 1.00410559864, 1.06033616238, 1.37525743597, 1.16050163369, 0.910507079505, 6.14237021925, 1.00000054947, 1.00000033108, 99.7320451876, 1.06984570194, 3.41797181653, 1.05591602358, 4.06597228189, 0.870000177574, 14.4664578153, 1237.51941106
4.33944574524, 1.32762637559, 1.4231297892, 1.00000067103, 5.27295258666, 1.18026184057, 5.67850166038, 1.26000015347, 1.00000015586, 5.70218030706, 4.74829733606, 1.0898155544, 1.41675923615, 1.06673208104, 1.03740201266, 1.54088649448, 1.15706039507, 0.918356408054, 4.37750209304, 1.000000017, 1.00000081732, 104.668682594, 0.932301345299, 1.81496581536, 1.03785339337, 3.88513345298, 0.870000124099, 20.9103267187, 580.940213649
1.90109286725, 1.34385815943, 1.44965350494, 1.00000090905, 6.22957026955, 1.08608614293, 1.25000337898, 1.26000096271, 1.00000086473, 4.99228010314, 7.63219655292, 1.0553526054, 1.26269528593, 1.01557491356, 1.03926387907, 1.05769370191, 1.10346615364, 1.0742373286, 5.72703474881, 1.00000072908, 1.00000091574, 120.834467563, 0.925229667702, 5.01643054074, 0.994659503597, 3.97897164294, 0.870000464573, 15.5905361925, 1737.55911899
4.73646427217, 1.18159469598, 1.59639848713, 1.00000056501, 6.11239806702, 1.14028523251, 3.08532914453, 1.26000079176, 1.00000091426, 5.38837563626, 4.52495494941, 1.07292722419, 3.17965181021, 1.03458109782, 1.07602768226, 1.30883326571, 1.06376127651, 0.933674331105, 6.48430417153, 1.00000092703, 1.00000027717, 85.0797130611, 0.998088679984, 4.32113637345, 1.02747636933, 3.66606469965, 0.87000033974, 22.3482561913, 1251.06979392
5.70812664708, 1.28215118173, 1.72199736932, 1.00000040295, 5.29814870443, 1.08926706941, 2.11984210972, 1.260000095, 1.00000066505, 5.64350826191, 4.79962907935, 1.04031060277, 1.01548943629, 1.00042749313, 1.01302492321, 1.03304839485, 1.07848126886, 1.10384705045, 8.50571616559, 1.00000041057, 1.00000013366, 97.1563221357, 0.989369251301, 5.25032235273, 0.957005460144, 3.46735323424, 0.870000009857, 24.2282545862, 781.504811564
5.37697853679, 1.05858962708, 1.56998661416, 1.00000032466, 6.86279011372, 1.14526950465, 5.26518260512, 1.26000003445, 1.00000059134, 5.75901005939, 4.30816880991, 1.09677520717, 1.13643429473, 1.00180143364, 1.03251161369, 1.24464563734, 1.00491341303, 1.0852484477, 8.44749732613, 1.00000019868, 1.00000082041, 113.559375305, 0.913446306186, 5.08122780579, 1.05019205009, 4.0878913757, 0.870000459327, 20.1822528475, 1828.49231777
3.67475093049, 1.20236991418, 1.4082958276, 1.00000076033, 6.11283219567, 1.12189685335, 2.85742482985, 1.26000062146, 1.00000025664, 5.20414378232, 7.26334079063, 1.09090580836, 2.1073491837, 1.02363505187, 1.0803454135, 1.08754172845, 1.03417639722, 0.984115558769, 8.15230231091, 1.00000039788, 1.00000088398, 115.06853777, 1.06886370307, 3.8931676771, 0.988018236465, 4.3170184776, 0.870000287178, 18.3229465658, 2271.00113978
1.99216886176, 1.26570214387, 1.44619369284, 1.00000085034, 6.18290355485, 1.14796533227, 1.95220957383, 1.26000039747, 1.00000026226, 5.28348855658, 6.40418174259, 1.09972314547, 3.39721355786, 1.10874214742, 1.03310650282, 1.62679988317, 1.12144311928, 1.10097769564, 3.14114229703, 1.00000057637, 1.0000007629, 118.977163535, 0.922231828033, 3.3476771462, 1.06430381775, 4.04483685784, 0.870000611276, 25.3482314375, 1354.5153822
4.64080934097, 1.31488840932, 1.52109289291, 1.0000003821, 4.66718775988, 1.17668892752, 3.09971236529, 1.26000047312, 1.00000017202, 5.63376308965, 4.4631322491, 1.0522333473, 2.2191733203, 1.11566177785, 1.06084601642, 1.31341880811, 1.08749805966, 0.969999720369, 7.81779261403, 1.00000031182, 1.0000007574, 113.562499718, 1.05271506401, 5.56131903442, 0.999878272052, 3.33671765723, 0.870000445351, 32.0560894031, 862.501188328
5.80635357784, 1.11195964106, 1.71765657375, 1.00000023747, 4.85176168939, 1.13768381774, 3.12517206569, 1.26000021474, 1.00000011035, 5.35255863639, 7.30319188116, 1.06578161184, 1.89865772393, 1.11049061391, 1.06078960859, 1.07817791735, 1.06191629691, 1.00268951462, 9.20201907944, 1.00000032287, 1.00000028951, 115.085095026, 1.01104600334, 5.01056574336, 1.05792511768, 4.3165726727, 0.870000156661, 20.4290779889, 1992.14509006
3.53384610387, 1.41121688452, 1.45228406608, 1.00000044052, 4.57234860561, 1.07406028251, 1.38803762808, 1.26000068726, 1.00000043634, 5.4414536124, 7.22196280881, 1.03700725814, 3.06983971971, 1.03265115608, 1.02697575251, 1.01782512978, 1.04653259031, 1.04798443852, 8.99776983399, 1.00000037327, 1.00000070582, 114.185269531, 0.919409615292, 3.89160236096, 1.06625485673, 4.25500851224, 0.870000552418, 18.7860590339, 2517.13738176
1.04383765279, 1.381134474, 1.36236527071, 1.00000051769, 5.63949688082, 1.00565030028, 2.98794135307, 1.26000028355, 1.00000096, 5.8112253701, 5.50347370803, 1.01714388177, 3.07174643869, 1.08598930919, 1.06087817334, 1.51657402958, 1.06390541022, 1.10874965107, 9.50544257739, 1.00000024671, 1.00000073077, 98.6939326568, 0.910092145193, 3.8651020587, 0.988695304594, 3.40588490876, 0.87000062261, 18.7570015048, 13962.2083843
5.34787120133, 1.08507250492, 1.42386948895, 1.00000029562, 5.75827118214, 1.113723573, 1.16971914623, 1.26000017009, 1.00000040286, 5.80053804285, 4.65000515781, 1.09895812769, 1.9816974879, 1.08149915459, 1.02351357445, 1.21782531766, 1.01803872446, 1.08532452535, 8.03124109049, 1.00000098152, 1.00000086272, 103.802982196, 1.07368663306, 3.13345749376, 1.04161025539, 3.97756374117, 0.870000561748, 27.2924788181, 1478.02300443
5.85454134265, 1.2750817336, 1.64511371883, 1.00000083101, 5.33567599014, 1.16947644346, 5.24892750313, 1.26000072167, 1.0000005383, 5.25913074678, 4.11754460729, 1.0529626927, 1.2092050615, 1.06323297862, 1.0639373577, 1.25826764402, 1.03719970056, 1.04265546899, 5.61305396308, 1.00000086185, 1.00000010941, 97.7034844849, 1.05673770973, 2.56831401015, 1.02307153258, 3.66587486097, 0.870000472657, 46.5811582581, 1357.12356645
2.39894054954, 1.00105305821, 1.39811921572, 1.00000007146, 5.86711823141, 1.10647580093, 2.49484113349, 1.2600006347, 1.00000029737, 5.13724447947, 4.24800036977, 1.0654813539, 1.58517500434, 1.01002853586, 1.06521352098, 1.55447563494, 1.12420759236, 0.96806033711, 5.49216101396, 1.00000027691, 1.00000042704, 103.651300493, 1.04476704336, 2.91599388579, 1.06601385834, 3.83964909772, 0.870000169749, 23.7639966304, 2326.85318564
4.64256794655, 1.12879168023, 1.69658401691, 1.000000349, 5.6474887063, 1.12241845989, 3.11303628434, 1.26000006449, 1.00000022466, 5.30354463312, 6.43543139053, 1.09252868051, 2.18290949496, 1.02290806164, 1.0043009966, 1.50830428703, 1.02618597208, 1.02943826847, 4.73930510594, 1.00000030547, 1.00000081312, 100.167195718, 1.05365117554, 5.22973564851, 0.980643645291, 3.90654235446, 0.870000537129, 19.4175031438, 3984.26630267
4.87525053748, 1.01128306992, 1.55318932512, 1.0000008214, 4.86975356661, 1.17340494924, 4.01767080041, 1.26000013981, 1.00000026122, 5.73517515435, 3.33779227981, 1.00600593109, 2.26816308273, 1.00195826711, 1.08635486064, 1.02961819111, 1.01067805523, 1.00909289539, 6.83538607341, 1.0000002124, 1.00000092983, 97.5730301594, 0.938515662996, 4.03964675574, 1.04657904916, 4.37457380219, 0.870000503026, 20.2503792016, 3607.7430829
1.91181719965, 1.07871195476, 1.35810982943, 1.00000074563, 4.52835196462, 1.04557184408, 1.53283129457, 1.26000022245, 1.0000002558, 6.12401392141, 5.9026568061, 1.06957834436, 1.02193349216, 1.0634889743, 1.0076864283, 1.26668974041, 1.06315758547, 1.052984792, 9.91224762164, 1.00000013969, 1.00000048154, 85.2902223731, 0.965918084032, 5.32052401609, 0.952124339296, 3.44214395226, 0.870000499457, 23.1699136992, 3399.48376687
3.78117831986, 1.05393797295, 1.52682796127, 1.00000008488, 5.26044152698, 1.17328852363, 1.01621382048, 1.26000089001, 1.00000032059, 5.41167999675, 4.66490743784, 1.07144525523, 2.34327041619, 1.11002348567, 1.05218300491, 1.43203241922, 1.12171618225, 0.959089611632, 6.31997837717, 1.00000088714, 1.00000091364, 79.4389919749, 1.07124143103, 2.8853990028, 1.01484623983, 3.69280676912, 0.870000085894, 30.9238264716, 2113.74717966
5.5191680611, 1.25362096466, 1.58526516978, 1.00000060268, 6.49258721974, 1.1653300326, 5.32653482532, 1.26000011628, 1.00000032142, 5.40673510342, 3.47731409578, 1.08020309515, 3.97194483646, 1.04693358509, 1.0739061088, 1.07699570455, 1.0499643292, 0.919578214054, 8.14182653401, 1.00000065877, 1.00000048242, 76.8737792254, 0.910268716454, 5.46539730855, 0.998605291746, 4.20789888467, 0.870000827994, 33.8336863849, 1902.50029551
3.59834977863, 1.15902254596, 1.73870800343, 1.0000009742, 6.49341763353, 1.07982453693, 3.54631847996, 1.26000096567, 1.00000029719, 5.29346859442, 5.4924887029, 1.03435483728, 1.12480465196, 1.0589981964, 1.02980754178, 1.17646787073, 1.02157104511, 1.08532452535, 8.63940426502, 1.0000008328, 1.00000022529, 103.802982196, 1.04324011497, 4.63062415082, 0.96905171846, 3.84477481881, 0.870000679769, 26.6892924648, 2519.82469859
1.91481462658, 1.19751773904, 1.63855084903, 1.00000058975, 5.46352199158, 1.13703816292, 1.05541786014, 1.26000030462, 1.00000053124, 5.11511505, 5.6583060851, 1.03436970382, 1.08050214874, 1.10928651207, 1.05682652818, 1.47893381293, 1.03567090718, 1.05597305348, 8.19022184497, 1.00000071561, 1.00000068182, 88.6346927953, 0.972892779102, 3.47197770738, 1.0037798038, 3.96732330939, 0.870000743346, 19.8659457274, 5701.26075838
5.9829929534, 1.28466984738, 1.3760574659, 1.00000099878, 6.59125636412, 1.01634350353, 3.85877724937, 1.2600006074, 1.00000041795, 5.26402105958, 7.34354982797, 1.07292631437, 3.47368947814, 1.00003907176, 1.03005904569, 1.21471887789, 1.08873222621, 1.10067887584, 5.62801388642, 1.00000063134, 1.00000086306, 91.6392149106, 1.0341173655, 5.2927187421, 1.06876447465, 3.71515396738, 0.870000069341, 21.8578136704, 3772.40850486
4.19423489309, 1.16490828468, 1.63245482361, 1.00000071338, 4.3990369186, 1.10276859995, 1.67616790174, 1.26000026479, 1.00000007036, 5.51578661155, 3.68964510965, 1.08480248688, 4.03865134555, 1.05584433469, 1.02661656627, 1.2902071675, 1.09130298762, 1.04284110532, 7.71368447413, 1.00000023769, 1.00000052301, 107.832558998, 0.968925635763, 1.44016469554, 0.998025144986, 3.60052228138, 0.870000389579, 24.5790453887, 3416.00559963
5.0119375645, 1.03070816598, 1.40646922625, 1.00000052118, 6.55537387642, 1.00796473034, 1.48668823647, 1.26000019302, 1.00000010826, 5.27759919083, 5.57670228198, 1.05819077161, 3.06310224566, 1.0787970818, 1.08802541759, 1.01368038481, 1.08975459625, 0.966790719776, 6.61386884933, 1.00000004289, 1.00000074015, 75.7453355543, 0.959517669827, 5.07762889422, 0.991009354624, 4.10116544335, 0.870000877718, 48.987655254, 2370.16283669
1.58986752386, 1.05858962708, 1.41505939217, 1.00000037291, 5.97109521192, 1.03349930906, 3.18251143036, 1.26000074749, 1.00000064488, 5.48872219406, 6.93173666689, 1.02240224874, 4.01460713657, 1.03152253571, 1.00113363075, 1.33921991681, 1.07382252882, 1.00599220517, 4.77933636268, 1.0000008559, 1.000000979, 105.045936949, 1.08583857666, 5.22230995879, 1.05018602938, 4.04547256973, 0.870000600152, 35.1483974966, 2643.2700388
3.53335822321, 1.42975619445, 1.4387098934, 1.00000078454, 5.83755877284, 1.12694309881, 2.76137970361, 1.26000082318, 1.00000015806, 6.19054857538, 5.25163388273, 1.00656300264, 1.40826225618, 1.08403584624, 1.03277965286, 1.23386416312, 1.0841781994, 1.090737835, 5.11491225666, 1.00000049001, 1.00000006727, 94.9687710943, 1.03861995068, 3.36322763167, 0.975687739994, 3.49653540937, 0.870000928023, 26.909413101, 3069.88668737
1.62420658097, 1.16272955613, 1.71577678771, 1.00000043352, 4.86241291356, 1.18596061664, 2.80219580449, 1.26000048003, 1.00000027854, 6.16381518723, 4.54095879942, 1.01578532528, 2.68228112583, 1.0322095432, 1.07194793483, 1.60384404535, 1.06767650398, 0.988748833849, 3.88573944705, 1.00000079007, 1.0000001853, 123.171781462, 1.0300093711, 3.89571295827, 1.04937467655, 3.54422055947, 0.870000381243, 39.6714010714, 2611.60208007
2.95010610444, 1.31192871966, 1.56830568488, 1.00000054279, 6.61274759379, 1.10093169703, 1.34537333389, 1.26000074189, 1.00000038333, 6.01011473553, 5.50606944618, 1.07227687481, 1.37115772922, 1.07719624991, 1.08414223519, 1.17295277327, 1.0087613711, 0.988470584995, 3.96022013912, 1.00000093143, 1.00000009359, 111.250450181, 0.960270481216, 2.32852388517, 1.05919258382, 3.56707552968, 0.870000333149, 20.7503258635, 6472.44857944
3.53335822321, 1.42975619445, 1.42254137401, 1.00000078454, 5.83755877284, 1.12694309881, 2.76137970361, 1.26000082318, 1.00000015806, 6.19054857538, 5.25163388273, 1.06511139766, 1.71807441833, 1.08403584624, 1.03277965286, 1.12339751776, 1.0841781994, 1.06910619453, 5.11491225666, 1.00000049001, 1.00000006727, 94.9687710943, 1.03861995068, 3.36322763167, 0.975687739994, 3.49653540937, 0.870000928023, 19.9260401333, 6611.79286892
3.59834977863, 1.06644300833, 1.73870800343, 1.0000009742, 6.49341763353, 1.07982453693, 3.54631847996, 1.26000096567, 1.00000029719, 5.29346859442, 5.4924887029, 1.03435483728, 1.12480465196, 1.0589981964, 1.02980754178, 1.17646787073, 1.02157104511, 1.04108003408, 8.63940426502, 1.0000008328, 1.00000022529, 86.9205274641, 1.04324011497, 4.63062415082, 0.96746482386, 3.84477481881, 0.870000679769, 23.6729788529, 5674.48061576
1.67497687368, 1.21072597734, 1.67660476411, 1.00000088858, 4.38127355837, 1.11370990237, 5.73421893224, 1.26000080887, 1.00000038623, 4.96549076771, 3.7699564595, 1.06690108963, 1.11905495764, 1.02001362574, 1.05998302454, 1.27011811729, 1.12363015362, 0.963967123812, 7.04703029501, 1.00000086647, 1.00000007144, 87.2341033384, 0.923231508152, 4.47341891124, 1.02687637846, 3.87627186486, 0.870000137173, 24.822284942, 4333.55780252
4.31279405123, 1.01023483316, 1.34111078597, 1.00000013691, 6.97889475183, 1.06662987229, 1.0967040587, 1.26000056572, 1.0000008271, 5.59647852713, 5.36428668489, 1.08775707677, 3.83947931117, 1.04138832359, 1.07483403402, 1.32624114535, 1.14539242605, 0.994582607787, 8.40847297839, 1.00000084302, 1.00000089379, 88.4724018931, 1.04554469103, 2.93331877517, 0.96080477876, 3.34514069234, 0.870000684571, 37.9376298075, 3161.89794891
2.6690714961, 1.02356347493, 1.61012072849, 1.00000030392, 4.87074317363, 1.17907179717, 3.67509463335, 1.26000012486, 1.00000000896, 4.9768552278, 7.79941298185, 1.05926810049, 1.10454998321, 1.08616946166, 1.01510007358, 1.32030671158, 1.03516548738, 1.03799255526, 3.73092139749, 1.00000085272, 1.00000062108, 114.9425777, 1.00197549208, 1.81602597392, 1.00478229583, 4.31038415973, 0.870000763863, 28.4798621381, 4253.04060869
3.86773992855, 1.27966468379, 1.56406158464, 1.00000099271, 5.60860061067, 1.08503550455, 2.57324652863, 1.26000039758, 1.00000053814, 5.86472372978, 7.50551913077, 1.00567256277, 1.45012795985, 1.00410559864, 1.06033616238, 1.52154373258, 1.02376295441, 0.910507079505, 6.14237021925, 1.00000054947, 1.00000033108, 102.553634884, 1.06984570194, 3.41797181653, 1.05591602358, 4.06597228189, 0.870000177574, 22.1616950935, 6714.85887651
1.99216886176, 1.26570214387, 1.47659881246, 1.00000008123, 6.25398032566, 1.14796533227, 1.95220957383, 1.26000039747, 1.00000026226, 5.28348855658, 6.40418174259, 1.09972314547, 3.39721355786, 1.10874214742, 1.03310650282, 1.04591799081, 1.12144311928, 1.10097769564, 3.14114229703, 1.00000057637, 1.0000007629, 118.977163535, 0.922231828033, 3.3476771462, 1.06430381775, 4.04483685784, 0.870000611276, 23.7228453729, 6491.81520936
5.48104753399, 1.31003516819, 1.36846669969, 1.00000001594, 4.83063237386, 1.0399593993, 5.40394984529, 1.26000017903, 1.0000003287, 5.37593307627, 4.09052078312, 1.03692292288, 3.53645882143, 1.0574923521, 1.04575153389, 1.28197148299, 1.04801697199, 0.964194934611, 7.94938578878, 1.00000026935, 1.00000006454, 97.5138034427, 1.050117413, 3.13716993624, 1.02783996373, 3.93312594451, 0.870000978632, 24.855929765, 6071.19133308
2.86031206821, 1.13606836705, 1.48361681782, 1.00000044731, 6.97296642293, 1.009997683, 4.44500074938, 1.2600005544, 1.00000001618, 5.42039883109, 4.78008707881, 1.01710983976, 3.67700729368, 1.08641334512, 1.0560239347, 1.28228311491, 1.09030660666, 1.07680151415, 8.37829633804, 1.0000008015, 1.00000047054, 87.0989367726, 1.0625513744, 2.11907455324, 0.991504439587, 3.45251579777, 0.870000252975, 26.2311556113, 4751.56747622
2.31336929477, 1.16419130281, 1.36528877263, 1.00000008208, 4.87558670048, 1.08668688873, 3.4811089972, 1.26000005639, 1.0000005176, 6.18765668723, 5.10015553488, 1.03600961083, 1.02395772553, 1.06841194447, 1.03671421941, 1.34180431598, 1.03870586472, 1.06433603154, 7.12249709118, 1.00000014347, 1.00000024585, 89.7193703576, 0.983745716397, 5.4425855228, 1.05787845423, 3.66943321122, 0.870000756766, 44.612467029, 4008.71418579
1.51915087571, 1.10169770038, 1.57418806983, 1.00000098009, 4.44912296363, 1.10873493997, 4.70785149919, 1.26000076107, 1.00000057794, 6.19105838902, 5.85246488755, 1.01091011861, 1.3268418076, 1.07982139393, 1.06718071267, 1.1696680048, 1.1177460847, 0.98350205124, 4.17117631918, 1.00000096323, 1.00000072443, 103.863577668, 1.07897550251, 2.44468705986, 0.977835001309, 4.20802486547, 0.870000140152, 45.4232249265, 3163.72054277
5.58258649983, 1.37275843682, 1.59848656551, 1.00000008007, 5.10536435838, 1.01409688026, 1.21171725, 1.26000002438, 1.00000068249, 5.86762643532, 3.80032618294, 1.09673343404, 2.06138460473, 1.009701337, 1.00252876472, 1.47221470084, 1.06198692985, 0.919225918686, 5.37404323279, 1.00000029384, 1.00000018073, 111.249793213, 0.988423389023, 3.88695787152, 0.966787387553, 4.16151074708, 0.870000673954, 32.3579453354, 4314.13376139
1.16209216838, 1.39180255452, 1.5978983357, 1.00000014487, 5.14621938972, 1.0731756996, 5.45490619862, 1.26000016891, 1.00000067418, 5.06560817779, 6.56615432375, 1.01092504774, 2.60953718905, 1.03225044986, 1.03388256894, 1.55043117853, 1.09256387483, 1.03824635293, 4.29928806851, 1.00000040857, 1.00000002458, 95.1888827112, 1.04380171873, 4.3743229119, 0.972542344379, 3.84996893787, 0.870000364563, 30.0787303906, 4632.69344979
3.78263040008, 1.10911789409, 1.55617487002, 1.00000099128, 4.68216310141, 1.14093719662, 4.20470489325, 1.26000077938, 1.000000541, 5.90116165207, 5.38591392898, 1.0889353328, 1.80778084601, 1.1184299184, 1.0835317132, 1.34979606034, 1.09573811333, 0.992210937667, 4.01407493399, 1.00000029187, 1.00000061679, 114.732983261, 0.982771340454, 5.70066218189, 1.04759722918, 3.81152162246, 0.870000098355, 22.6449147031, 16646.4971307
4.00143737491, 1.16514464737, 1.55761773864, 1.00000034523, 6.15228695598, 1.12810096787, 5.5615820239, 1.26000064076, 1.0000009218, 5.90684853371, 4.3117823887, 1.06254764329, 1.30363917797, 1.08156460534, 1.02624999891, 1.32074267021, 1.03736648883, 1.03917142479, 8.11891024695, 1.00000006544, 1.00000043481, 88.031868655, 0.960568468107, 1.88301204856, 1.00804911459, 3.88758460734, 0.870000875519, 23.0351223128, 10512.0286072
5.64744521541, 1.37592809304, 1.38440287733, 1.0000007104, 6.73083025771, 1.10072365577, 4.20632282101, 1.26000076107, 1.00000068418, 5.03081249197, 4.13125417222, 1.09454929435, 1.6520571436, 1.01284412087, 1.03058171676, 1.35895261542, 1.02757090963, 1.02266160368, 6.80117011473, 1.00000064427, 1.00000057481, 118.468344604, 0.945046296642, 4.21417114625, 0.994033343136, 4.16969921264, 0.87000027613, 24.823247396, 8507.44970625
4.77865149981, 1.02956047101, 1.56163744634, 1.00000039026, 6.02359110943, 1.10319636646, 1.71157891552, 1.26000074962, 1.00000080176, 6.18245345486, 4.31395289511, 1.0273387323, 3.00969434327, 1.07735329461, 1.07692868607, 1.24247945624, 1.03281289493, 1.09776323267, 4.63100709783, 1.00000048983, 1.00000073922, 87.1323202281, 1.05829279143, 3.13306925683, 0.962641692898, 3.58773561804, 0.870000021367, 27.3473124825, 4854.92402202
3.19760658657, 1.22567668713, 1.60993842482, 1.00000020004, 4.85317092506, 1.00979197528, 1.48154840033, 1.26000088268, 1.00000031319, 5.48781609844, 6.30261229049, 1.06738745853, 3.6146632933, 1.02171201613, 1.07723516556, 1.24300307419, 1.16050163369, 0.937240360363, 6.27364719005, 1.00000026146, 1.00000032745, 115.712666981, 1.04736705548, 5.92439912756, 1.05694544502, 4.19804449568, 0.870000532164, 26.5777338354, 6515.00339679
3.90699455876, 1.08259667926, 1.72031975239, 1.00000006851, 4.90479729924, 1.15630285759, 1.62887765903, 1.26000045018, 1.00000086879, 5.11965329142, 7.1534540287, 1.06421638313, 2.49417666551, 1.02259123647, 1.0208168708, 1.49575998157, 1.08142439839, 0.918645497466, 6.10883795429, 1.00000064919, 1.00000081662, 90.5039784496, 0.910146042249, 4.59510073735, 1.06424400226, 3.95406737342, 0.870000296609, 50.2547074735, 3713.95344124
2.62412403901, 1.2655873176, 1.51808736018, 1.00000093579, 5.90543093149, 1.16049298675, 1.45142900237, 1.26000071789, 1.00000051451, 5.617110579, 5.34807298826, 1.03675590505, 1.27617194984, 1.02190286732, 1.0220349703, 1.05281418975, 1.0910991854, 1.10741192526, 8.7907775889, 1.00000069217, 1.00000072181, 77.9992551755, 0.927555555166, 1.72539979406, 0.951103591918, 3.8726402125, 0.870000301449, 36.5523223898, 4576.97794468
1.1734150692, 1.36701629973, 1.71542646271, 1.00000099469, 5.56709094794, 1.17290632646, 1.59831481541, 1.26000090097, 1.0000004665, 5.26710508297, 6.70385216985, 1.07231785905, 2.56432375932, 1.04148514476, 1.08350962271, 1.38375624194, 1.16029941833, 1.03123009115, 4.62919209715, 1.00000054373, 1.00000013814, 76.0931933515, 1.04823169074, 3.42760640033, 0.96367103372, 3.42506268608, 0.870000028564, 23.9804261853, 10778.9009559
3.87199649153, 1.41982988607, 1.53074694129, 1.00000008086, 6.33696585536, 1.0220857771, 4.57504737759, 1.26000017927, 1.00000019459, 5.3320308546, 5.17617943643, 1.00117299682, 2.8753610983, 1.00081024587, 1.02870908538, 1.19595559678, 1.07445302315, 0.952954744507, 9.76674493092, 1.00000007528, 1.00000002484, 80.0390462644, 0.989547997731, 4.39789569893, 1.05939830074, 4.27720815456, 0.870000783155, 32.2247285748, 5107.65561452
4.8094826248, 1.38047346743, 1.3800617365, 1.00000019151, 5.59241496378, 1.13246578122, 4.03507895358, 1.2600002259, 1.00000057581, 5.83445190001, 5.55661990197, 1.01412574873, 2.15518845717, 1.03549879552, 1.03289687904, 1.30801305406, 1.1195742559, 1.10049022422, 3.20643287834, 1.00000090056, 1.00000091873, 122.21356047, 0.92727053954, 3.90769579441, 1.01157063088, 3.7318858156, 0.870000401316, 28.0231327074, 9008.56720795
1.35849465671, 1.41052316159, 1.53481186967, 1.00000015911, 4.32487292016, 1.156234476, 4.51289288118, 1.26000045468, 1.00000052731, 6.05042080992, 4.59501079999, 1.01993236553, 3.08818396789, 1.05507920808, 1.08029468501, 1.21305518392, 1.00132663664, 1.09861739612, 6.57696221996, 1.00000096676, 1.00000037869, 105.924159626, 0.971740544522, 3.43247979992, 1.03197210594, 4.09028969423, 0.870000306385, 28.089949755, 6820.95456455
4.01285347763, 1.27817085614, 1.71391309517, 1.00000072424, 6.82671304714, 1.18517697172, 5.05753621298, 1.26000053792, 1.00000097403, 6.07275914428, 6.57835826916, 1.09203906201, 2.56778771573, 1.11357120486, 1.01561610117, 1.51401704806, 1.05576815169, 1.08193580311, 7.6016210322, 1.00000011037, 1.00000070217, 102.114514933, 0.933999205968, 3.25412451731, 0.957748380647, 3.44888958027, 0.87000080178, 31.6553241426, 6772.10322746
2.95791927502, 1.34641606009, 1.42320170556, 1.00000015967, 6.29977895784, 1.0712259593, 4.99310514094, 1.26000055023, 1.00000080736, 4.9989525741, 7.14065898472, 1.06095344315, 3.64620634385, 1.08742848018, 1.06743246484, 1.06965990902, 1.02258951094, 1.02810222923, 5.07986186471, 1.00000039143, 1.00000047363, 104.102288761, 0.960975267471, 1.35804060157, 0.959260101381, 3.61803607301, 0.870000126296, 48.9117731267, 4700.65184278
3.59942008514, 1.13152001745, 1.5111545805, 1.00000059211, 4.41610083642, 1.18549435779, 2.09902248461, 1.26000036082, 1.00000090309, 4.97125916847, 7.7279479767, 1.03891571778, 3.8953697849, 1.04142649674, 1.05098898181, 1.01648170376, 1.05057477428, 1.05186319404, 8.59636685948, 1.00000020065, 1.00000055434, 82.2429588394, 0.916134650843, 5.65288063475, 1.02433917688, 4.0357710439, 0.870000290098, 24.1040043811, 18098.4184134
1.22051108431, 1.10221060507, 1.64849890934, 1.00000081143, 5.87965798444, 1.1546365175, 3.18395012961, 1.260000867, 1.00000029443, 5.41617949786, 3.55090533047, 1.00111092268, 2.26800383199, 1.11749008497, 1.06440250319, 1.60237190213, 1.08443439899, 0.937905006153, 4.26498680854, 1.00000023848, 1.00000005138, 81.4339244595, 1.0547671381, 4.82984426217, 1.02482232947, 3.8549010753, 0.870000976324, 25.0389422882, 17418.5816205
1.749588958, 1.25678410345, 1.64204268631, 1.00000019758, 5.06402575557, 1.00104938952, 3.21738004998, 1.26000033565, 1.00000089627, 5.06183519448, 5.46176002394, 1.01531226558, 2.32055901014, 1.09099409972, 1.04581800313, 1.51997639048, 1.0472347596, 0.965596381917, 4.88041809238, 1.00000087101, 1.00000037505, 98.1659075237, 1.03829811333, 2.88136582227, 1.01613221028, 3.3420498167, 0.87000039745, 25.9162890459, 13551.3359733
1.05945995525, 1.28003083526, 1.54785631666, 1.0000003696, 4.85402886929, 1.05832646827, 4.67124274917, 1.26000055994, 1.00000079474, 4.96397840215, 5.78787100518, 1.02531851526, 3.81052293225, 1.04159713882, 1.0308287403, 1.35525840397, 1.04090783618, 1.00388061926, 3.49049255979, 1.00000010705, 1.00000005809, 91.3055618674, 1.00965954151, 3.09091172031, 1.01624797746, 3.42426057253, 0.870000385939, 25.7033667389, 13978.8138029
1.52873186025, 1.1187968, 1.62238468606, 1.00000078342, 4.57331695176, 1.16069451728, 4.32476496887, 1.2600005352, 1.00000073694, 5.03127992388, 4.07027064155, 1.01792535703, 2.1335975336, 1.03441332658, 1.05707995374, 1.04259214071, 1.08360654083, 1.05923153368, 8.53992213463, 1.00000066831, 1.00000035855, 93.9612129119, 0.955977672264, 2.08883123365, 1.027729879, 3.66080746552, 0.870000505499, 25.5452240571, 14600.7326815
4.13699855527, 1.21356655163, 1.567245392, 1.00000041902, 4.48523116764, 1.14295089674, 1.11701756039, 1.26000047256, 1.00000037615, 5.84411969782, 7.37313321863, 1.03772614755, 1.20303995588, 1.00912087849, 1.0071473799, 1.6048868013, 1.10505543703, 1.0983497261, 3.48171084135, 1.00000060777, 1.00000045161, 106.458635136, 1.03101685057, 1.33653244158, 1.00262178633, 4.17821736836, 0.870000304708, 32.8126411764, 5405.01284199
3.19760658657, 1.22567668713, 1.60993842482, 1.00000099271, 4.85317092506, 1.00979197528, 1.48154840033, 1.26000088268, 1.00000031319, 6.19325267661, 6.30261229049, 1.06738745853, 3.6146632933, 1.02171201613, 1.07723516556, 1.24300307419, 1.02376295441, 0.937240360363, 6.27364719005, 1.00000026146, 1.00000061405, 115.712666981, 1.02489862526, 5.92439912756, 1.05694544502, 4.19804449568, 0.870000532164, 28.1433479537, 9233.12793588
1.91481462658, 1.19751773904, 1.63855084903, 1.00000058975, 5.46352199158, 1.13703816292, 2.6834696626, 1.26000030462, 1.00000053124, 5.11511505, 5.6583060851, 1.03436970382, 1.08050214874, 1.10928651207, 1.05682652818, 1.47893381293, 1.03567090718, 1.03110073764, 8.19022184497, 1.00000071561, 1.00000068182, 88.6346927953, 0.972892779102, 3.47197770738, 1.0037798038, 3.96732330939, 0.870000743346, 28.6248129773, 6919.04914105
4.26624730351, 1.23755777137, 1.43373597491, 1.00000025246, 6.12308956558, 1.03224104932, 2.98196890392, 1.26000002243, 1.00000055072, 5.36607684387, 5.65677910785, 1.07011439238, 4.00035285979, 1.11543625166, 1.06133465328, 1.25325680715, 1.0336253427, 1.08639206394, 8.99071381236, 1.00000089366, 1.00000037435, 88.0501769453, 1.06264579547, 2.17605869581, 1.02027649175, 4.02773967865, 0.870000526488, 28.1099842105, 11071.0459415
5.26315779843, 1.39753945418, 1.72210348012, 1.00000061042, 6.83914714961, 1.11599913017, 4.40449498903, 1.26000057696, 1.00000013749, 5.79904291829, 4.91198313267, 1.01331728811, 3.28303219942, 1.10375991008, 1.05474016307, 1.36044143522, 1.03793107665, 0.973521833995, 5.85149422673, 1.0000008097, 1.00000047092, 99.2279958449, 0.950276122466, 5.60910527091, 1.00729334887, 3.49675517369, 0.870000790204, 24.2145390543, 18848.9328009
1.40947662686, 1.28882593254, 1.56309017701, 1.00000088, 5.13846584378, 1.18885201615, 2.24786222012, 1.26000095912, 1.00000037377, 5.00473261198, 6.99440078228, 1.07274792163, 2.64747147784, 1.03540234621, 1.00876643408, 1.29042687913, 1.06146305, 1.00736388416, 6.45939035114, 1.00000055971, 1.00000062917, 75.3989998489, 1.06624377551, 4.48931488035, 1.04679655334, 4.11952223927, 0.870000944457, 27.3050963184, 13810.4132735
4.54147320506, 1.00105305821, 1.55052742863, 1.0000007356, 5.72657349828, 1.03124095699, 1.36877555536, 1.26000035873, 1.00000065511, 6.01777226226, 4.04294776862, 1.06039637056, 1.60560904683, 1.10945693894, 1.06812070201, 1.4167523234, 1.07726944765, 0.983353151081, 5.13389012162, 1.00000054663, 1.00000018122, 100.654787228, 0.986617493645, 4.26822211162, 1.04337105358, 3.96274118595, 0.870000352441, 26.0211629441, 14786.5868434
3.62566708488, 1.42021216495, 1.37439819958, 1.00000082007, 4.89556617597, 1.02153217176, 5.96310142243, 1.26000004385, 1.00000043954, 4.97806275124, 3.23746139538, 1.02145359768, 4.01348706599, 1.09655665528, 1.07720033771, 1.07471410117, 1.02321944078, 1.08637898445, 9.0772726513, 1.00000063172, 1.00000078802, 112.235915189, 1.04919931898, 4.93438548935, 1.01165700067, 3.83171853265, 0.870000833385, 33.6178898394, 5762.69083272
3.67764104126, 1.13300961717, 1.61739898508, 1.00000051604, 5.91638921111, 1.01841593265, 1.67625352463, 1.26000094014, 1.00000074226, 5.46872583817, 6.47668559717, 1.04295355729, 3.5398036219, 1.11439662298, 1.03220182537, 1.09786497312, 1.03048241705, 0.933334638791, 4.2067462327, 1.00000012725, 1.00000061762, 120.041197399, 1.04400677839, 2.25672529378, 1.01511157314, 3.57788099453, 0.870000570613, 33.5940307705, 6406.85053094
5.85454134265, 1.2750817336, 1.64511371883, 1.00000083101, 5.33567599014, 1.16947644346, 5.24892750313, 1.26000072167, 1.0000005383, 5.25913074678, 4.11754460729, 1.0529626927, 1.2092050615, 1.06323297862, 1.0639373577, 1.25826764402, 1.03719970056, 1.04265546899, 5.61305396308, 1.00000086185, 1.00000010941, 110.029026238, 1.05673770973, 2.56831401015, 1.02307153258, 3.66587486097, 0.870000472657, 35.3166752157, 5537.11943074
2.23550243649, 1.25064326989, 1.50414727926, 1.00000045291, 5.37330270778, 1.17964906145, 4.85427283826, 1.26000088757, 1.00000081246, 5.49071485065, 4.41888745449, 1.00040361467, 2.62191358364, 1.00061393863, 1.04338243117, 1.3509419974, 1.02546088497, 0.972312354584, 4.24209459505, 1.00000079325, 1.00000098514, 85.0404962789, 1.05174817366, 4.10644549041, 1.05867373749, 4.20259545896, 0.870000118101, 30.0134426882, 8014.46881975
2.69347023291, 1.16534948291, 1.44886265291, 1.00000066708, 5.62163400853, 1.08417068558, 5.51591354193, 1.26000086659, 1.00000027125, 5.96198028988, 4.34509650669, 1.05584189758, 1.27835215752, 1.10714059255, 1.00975582928, 1.32469865183, 1.16421237512, 1.0197012224, 4.74068318988, 1.00000025566, 1.00000091364, 78.0398675685, 1.04338045591, 3.03775588109, 1.05544993121, 3.34663237494, 0.870000085894, 32.9219645295, 7730.28147947
1.25851242396, 1.19582253129, 1.65021364668, 1.00000025443, 5.2515661176, 1.13602275632, 4.26623220213, 1.26000078946, 1.00000054883, 6.14904829846, 5.39659444273, 1.09497604017, 3.56849647908, 1.06850791984, 1.08720027049, 1.05782054959, 1.06326381191, 1.044473448, 8.47581976415, 1.00000064228, 1.0000002725, 100.754861094, 1.02048388587, 3.40725219031, 1.06696290245, 3.65499513319, 0.87000095628, 28.4456382788, 12468.4462567
1.05945995525, 1.28003083526, 1.54785631666, 1.0000003696, 4.85402886929, 1.14616840482, 4.67124274917, 1.26000055994, 1.00000079474, 4.96397840215, 4.64795046093, 1.02531851526, 3.81052293225, 1.04159713882, 1.0308287403, 1.35525840397, 1.04090783618, 1.00388061926, 3.68108276938, 1.00000010705, 1.00000005809, 91.3055618674, 1.00965954151, 2.84445203714, 1.01624797746, 3.42426057253, 0.870000385939, 28.4432717998, 12598.3382899
2.23550243649, 1.25064326989, 1.50414727926, 1.00000045291, 5.37330270778, 1.17964906145, 4.85427283826, 1.26000088757, 1.00000081246, 5.49071485065, 4.41888745449, 1.00040361467, 2.62191358364, 1.00061393863, 1.04338243117, 1.3509419974, 1.02546088497, 0.972312354584, 4.24209459505, 1.00000079325, 1.00000098514, 85.0404962789, 1.05174817366, 4.10644549041, 1.05867373749, 4.20259545896, 0.870000118101, 26.3033098216, 16554.6026061
3.70864277271, 1.26401719191, 1.37714998724, 1.00000084263, 4.40704533239, 1.0967953832, 4.3471401854, 1.26000089384, 1.00000081963, 5.37831190843, 6.49900289336, 1.04726199902, 1.84071414707, 1.02468858423, 1.08103086547, 1.21552858517, 1.09189138213, 1.09006760572, 6.75677858128, 1.00000077267, 1.00000018875, 119.653078189, 1.05243675859, 5.88196803666, 1.05833606175, 4.08320391931, 0.870000702719, 26.0827277774, 27101.2340198
2.88375725659, 1.37045679407, 1.58064591323, 1.00000022706, 5.23611564261, 1.06327087762, 3.59719346181, 1.26000022927, 1.00000047166, 5.75693484898, 3.7800182538, 1.04490605829, 2.20662566929, 1.10635426379, 1.00456098613, 1.54649413626, 1.00074853548, 1.08513382376, 3.65528577511, 1.00000051109, 1.0000003384, 112.110500601, 1.08711537743, 3.5601614772, 0.969609189137, 3.89839930104, 0.870000842046, 33.9160632183, 6489.10893131
3.55783603835, 1.34391676832, 1.54276728122, 1.00000090703, 4.86187921406, 1.01221936879, 2.1311559018, 1.26000098614, 1.00000066512, 5.80124552129, 5.92515604845, 1.0205222708, 1.87832510959, 1.04168996222, 1.01451238536, 1.27016469243, 1.15717525335, 0.96988016472, 8.41798516411, 1.00000015961, 1.00000058044, 83.0518576819, 1.07693189276, 1.01381767497, 1.05925453733, 3.73439355824, 0.870000912441, 55.03098104, 5812.4111854
4.33944574524, 1.32762637559, 1.4231297892, 1.00000028631, 5.27295258666, 1.18026184057, 5.67850166038, 1.26000015347, 1.00000015586, 5.70218030706, 4.74829733606, 1.0898155544, 2.44962712979, 1.06673208104, 1.03740201266, 1.54088649448, 1.13379141389, 0.918356408054, 4.37750209304, 1.000000017, 1.00000078566, 104.668682594, 0.932301345299, 1.81496581536, 1.03785339337, 3.88513345298, 0.870000124099, 41.3336309866, 6261.24403995
4.19640357483, 1.26734003687, 1.72535877743, 1.00000064339, 5.6622468392, 1.05855303161, 3.95869005553, 1.26000023654, 1.0000007242, 5.04720773072, 4.06364653842, 1.00112046745, 2.16403177451, 1.00321515759, 1.06805367042, 1.14134942443, 1.04583586673, 0.984423072887, 7.56754855373, 1.00000051075, 1.00000024527, 76.8795074509, 0.939868134573, 3.74176560347, 0.970112605246, 3.54385005629, 0.870000938982, 32.8389835191, 8907.1122575
5.97351570045, 1.21428053795, 1.47586341711, 1.00000041696, 7.0461193682, 1.01639104708, 5.30439882119, 1.26000077299, 1.0000008084, 5.35729169847, 3.38429220848, 1.00680275236, 3.177804508, 1.04539440818, 1.02929406394, 1.12113219409, 1.12505000799, 1.06953310486, 5.61003849682, 1.00000029617, 1.00000055417, 85.0447140928, 1.01204240517, 1.0863922657, 0.999884164848, 4.29088571787, 0.870000096668, 30.9235930212, 8915.43003612
4.57535112599, 1.31399631146, 1.54806482649, 1.00000095638, 5.2099695912, 1.08914198944, 3.59790666164, 1.26000051548, 1.0000000689, 4.98712105793, 4.86108060421, 1.05947856553, 2.86579893609, 1.00481838814, 1.07981821778, 1.62749588892, 1.08322464039, 0.915839189289, 4.40609574735, 1.00000099115, 1.00000027695, 84.8623879488, 1.02754341756, 2.64829688484, 1.0179451413, 4.11230450546, 0.870000598297, 33.8138092527, 8704.26535503
2.69347023291, 1.16534948291, 1.44886265291, 1.00000071321, 5.62163400853, 1.08417068558, 5.82225714409, 1.26000086659, 1.0000002627, 5.96198028988, 4.34509650669, 1.05584189758, 1.27835215752, 1.10714059255, 1.00975582928, 1.32469865183, 1.16421237512, 1.00988039429, 4.74068318988, 1.00000026342, 1.00000073026, 78.0398675685, 1.04338045591, 3.03775588109, 1.05544993121, 3.34663237494, 0.870000288686, 29.2052091375, 12661.0222476
5.37697853679, 1.37163118028, 1.56998661416, 1.0000003095, 6.66088189284, 1.14526950465, 5.26518260512, 1.26000003445, 1.00000059134, 6.08633425591, 4.30816880991, 1.09677520717, 1.13643429473, 1.00180143364, 1.03251161369, 1.24464563734, 1.00491341303, 1.0852484477, 8.44749732613, 1.00000019868, 1.00000082041, 113.559375305, 0.913446306186, 5.64641968283, 1.05019205009, 4.0878913757, 0.870000459327, 28.5389621385, 12951.6177659
2.00304142241, 1.11730381817, 1.36981167844, 1.00000042348, 5.8271939844, 1.00067664387, 3.50407407171, 1.26000034528, 1.00000038972, 6.07086438896, 7.73475880663, 1.08185374894, 3.10194813867, 1.03527375454, 1.0434787957, 1.62867043966, 1.11406355278, 0.956523933592, 6.32516748505, 1.00000003324, 1.00000076539, 119.728250338, 1.07420505873, 1.68260874664, 0.959229598896, 4.24415309253, 0.870000005437, 26.3055815599, 17695.8912101
1.04383765279, 1.381134474, 1.36236527071, 1.00000051769, 5.63949688082, 1.00565030028, 2.98794135307, 1.26000028355, 1.00000096, 5.8112253701, 5.50347370803, 1.01714388177, 3.07174643869, 1.08598930919, 1.06087817334, 1.51657402958, 1.06390541022, 1.10874965107, 9.50544257739, 1.00000024671, 1.00000073077, 98.6939326568, 0.920333308081, 3.8651020587, 0.988695304594, 3.5267439009, 0.87000062261, 26.5403455394, 16761.0646204
1.52873186025, 1.1187968, 1.62238468606, 1.00000078342, 4.57331695176, 1.16069451728, 4.32476496887, 1.2600005352, 1.00000073694, 5.03127992388, 4.07027064155, 1.01792535703, 2.1335975336, 1.03441332658, 1.05987123689, 1.04259214071, 1.08360654083, 1.05923153368, 3.20643287834, 1.00000066831, 1.00000035855, 93.9612129119, 0.955977672264, 2.08883123365, 1.027729879, 3.66080746552, 0.870000505499, 35.0453661833, 7236.2433609
4.00143737491, 1.07605226469, 1.55761773864, 1.00000034523, 6.52479958523, 1.12810096787, 5.5615820239, 1.26000064076, 1.0000009218, 5.90684853371, 4.3117823887, 1.06254764329, 1.30363917797, 1.08156460534, 1.01684061941, 1.32074267021, 1.03736648883, 1.03917142479, 8.11891024695, 1.00000006544, 1.00000043481, 88.031868655, 0.960568468107, 1.88301204856, 1.00804911459, 3.88758460734, 0.870000740143, 56.8395253159, 7207.01303668
3.67764104126, 1.39753945418, 1.61739898508, 1.00000003209, 5.60906916672, 1.01841593265, 1.67625352463, 1.26000094014, 1.00000074226, 5.46872583817, 6.47668559717, 1.04295355729, 3.75538611027, 1.11439662298, 1.03220182537, 1.09786497312, 1.03048241705, 0.933334638791, 4.2067462327, 1.00000012725, 1.00000061762, 123.979532815, 1.04400677839, 2.25672529378, 1.01511157314, 3.57788099453, 0.870000570613, 32.4770194229, 12040.9982956
4.03647618571, 1.19198166044, 1.66376207259, 1.00000048265, 5.56481860286, 1.14068966432, 4.70971870334, 1.26000000609, 1.00000077085, 5.54436942625, 3.20381162902, 1.08606320918, 1.35572017264, 1.01593483469, 1.00365113223, 1.00575559628, 1.12743415143, 0.93756825165, 3.95203237446, 1.00000049595, 1.00000026549, 83.9891375198, 1.04070657777, 1.45642377135, 1.04657904916, 4.04037591266, 0.870000572018, 32.5949560089, 9114.46945157
1.42317111464, 1.13862573327, 1.59347379105, 1.00000049075, 6.50957458322, 1.17982236714, 4.14721013916, 1.26000048741, 1.000000505, 5.41437292858, 4.91917275169, 1.044556914, 3.04860000399, 1.03544242147, 1.04657813325, 1.53687211127, 1.09462807157, 1.09762143738, 6.68767821612, 1.0000002532, 1.00000073802, 80.4639579823, 0.998887554123, 2.40017197609, 1.03720551281, 4.24528865995, 0.870000315189, 30.7209345372, 13601.2641183
4.36192955594, 1.34079756852, 1.67295317881, 1.0000006508, 4.61978346053, 1.02810621206, 5.74242264768, 1.26000024508, 1.00000023173, 5.53325730242, 6.63388474324, 1.00694594249, 3.14794230295, 1.10969304776, 1.08212324111, 1.08682189929, 1.12751712959, 1.0860011077, 9.15730609513, 1.00000051504, 1.00000028866, 108.186994908, 1.05769346356, 3.7697073907, 1.04498078516, 3.6135856905, 0.870000389899, 27.0648166816, 81488.7056547
5.26315779843, 1.13300961717, 1.72210348012, 1.00000061042, 6.83914714961, 1.11599913017, 4.32889397485, 1.26000057696, 1.00000013749, 5.79904291829, 4.91198313267, 1.01331728811, 3.28303219942, 1.10375991008, 1.05474016307, 1.36044143522, 1.03793107665, 0.973521833995, 5.85149422673, 1.0000008097, 1.0000007107, 99.2279958449, 0.950276122466, 5.60910527091, 1.00729334887, 3.49675517369, 0.870000790204, 41.2958222295, 7683.66688704
4.22281936993, 1.33818477873, 1.35172294781, 1.0000007054, 5.9126204926, 1.05401249085, 2.06381273079, 1.26000017235, 1.00000091993, 6.01533752754, 4.1619188504, 1.08156233365, 4.04899864762, 1.03363387271, 1.0810511839, 1.16635035887, 1.00744923558, 1.07826704183, 4.37412188353, 1.00000069834, 1.00000090456, 102.45110702, 0.923904945066, 1.4606719833, 0.962507769815, 4.33575098385, 0.870000719847, 27.1420145385, 18563.0305043
3.78729823157, 1.200703371, 1.58199656191, 1.00000026829, 6.92815476457, 1.02558343838, 2.4394122091, 1.26000090131, 1.00000013746, 5.39491726949, 3.35852419918, 1.08474904765, 2.32055901014, 1.03662205474, 1.05478452444, 1.47853467639, 1.11716390662, 1.00547569946, 4.19506906748, 1.00000059114, 1.00000039292, 97.2807213607, 0.940678542448, 5.98302775331, 0.97384835007, 3.95876952432, 0.870000783437, 37.1077868081, 8290.24711459
