5.917055729, 1.20421913122, 0.759446972562, 0.82475417899, 5.07316527392, 0.769724661074, 3.46715128797, 0.899694072502, 0.989502654855, 5.62014158806, 6.8446802695, 1.17204996191, 3.14737977722, 1.00443968397, 1.06999223505, 1.01343579797, 1.14815328417, 1.1089525662, 9.50627756064, 1.15952286636, 0.903477219624, 203.984749658, 1.14574535158, 4.31331641075, 0.957463926352, 5.11368985744, 1.03915490706, 11.9154643571, 762.010662436
4.49364621745, 1.25304713685, 0.812440664048, 1.07833846517, 7.06179543901, 0.989261497832, 1.70609887139, 0.846817327379, 0.980824982308, 4.56149866769, 4.51258655062, 1.02814216444, 3.93740630734, 1.06860676547, 0.954369233119, 1.17522986438, 1.07319431814, 1.18758480156, 6.72822407826, 0.920739169483, 0.857014778456, 165.550532788, 1.05613869657, 5.19685132619, 1.1348214094, 5.09680736964, 1.20962871411, 14.7200925658, 170.363672067
4.78224023534, 1.03461344617, 0.772527677282, 1.11841493231, 4.94583392646, 0.713877046355, 3.35359925421, 0.857153666203, 1.12206150294, 2.59834167939, 1.71446954141, 1.05557866865, 2.39222884348, 1.01672964959, 0.862596995615, 1.41129800896, 1.09525928056, 0.872423107827, 9.33862939763, 1.00551323598, 0.809839043935, 124.472802326, 1.17593698905, 1.91944309221, 1.17196991554, 3.42469289618, 1.1536818112, 12.5555031213, 415.136706899
2.58135547313, 1.30553459365, 1.54941951195, 1.20075471619, 6.79362831822, 0.972522285597, 3.3527571051, 1.06142815018, 0.92553209187, 5.69847342891, 5.23680305057, 1.13273979604, 2.09314239734, 1.12171189754, 1.04131809781, 1.15593793943, 1.00799941367, 0.858292834828, 6.43878987254, 1.04971400231, 0.886863165577, 307.515917091, 1.02448053399, 2.04130596872, 1.21664746714, 3.15993770218, 1.11701749927, 15.6923756452, 143.091034379
5.99519738941, 1.42384065201, 1.38981764026, 1.20331594913, 1.65846868843, 0.724638581995, 5.91429798812, 1.13181065319, 1.10109747258, 3.56055381386, 4.29251058752, 0.843065678149, 2.34350243829, 1.14764328696, 0.878829842324, 1.07192829114, 1.06299372574, 0.960702525977, 8.00066937587, 0.948069155015, 0.816324327653, 193.410779376, 1.04781223924, 4.40275142837, 0.972603163127, 2.84703481322, 1.26908656601, 14.3170804545, 1900.47465436
1.90001739576, 1.03691609053, 0.74617344185, 1.16517601951, 4.42288936503, 0.724022109887, 5.89386883761, 1.20703903961, 0.908525746345, 3.18451335127, 3.2936711862, 0.980647266908, 4.19317962935, 0.820515510807, 0.834905934224, 1.33148649622, 1.08233359454, 0.99656538689, 8.90213819965, 0.96546416921, 0.925635900586, 104.304973128, 0.901492567259, 3.93794225361, 1.17208053829, 1.60622466766, 1.06860171174, 14.3504276093, 1192.12812297
5.1804684655, 1.29913633606, 1.00203202909, 1.19914503132, 1.9259234567, 0.787213549004, 4.74431006209, 1.00034684871, 1.02113364149, 5.90250933531, 3.4160232232, 0.895303166312, 3.91916546164, 1.02691915531, 0.808187437444, 1.4429135304, 1.16600652432, 1.22209299639, 7.19463521727, 1.1531389802, 0.990910122695, 204.979742926, 1.11048010546, 4.29838922054, 1.01527977814, 1.02356445337, 0.950588308821, 19.3348424998, 246.775217211
1.21331340037, 1.00052172449, 0.885694934895, 0.881035666659, 3.0504174745, 1.03906637813, 4.97029505903, 0.911093133444, 1.01159656248, 1.35907442924, 5.69288624954, 0.810825296235, 2.48575781625, 1.03489777067, 0.96148351861, 1.14814451131, 1.04883976789, 1.17432008246, 3.07335348063, 1.08121937501, 0.959350697499, 76.0352960034, 1.12232607199, 5.96813845128, 1.10101987242, 3.53288721973, 0.930029689677, 18.6771298799, 306.077802159
1.7940811936, 1.01031723147, 1.17189534875, 0.875500038686, 7.06615915315, 1.14926457713, 3.90636672804, 0.823457137597, 1.0841173419, 5.21214458777, 3.23458065891, 1.15041220353, 2.3054091564, 1.20242255207, 0.792552703981, 1.37153797866, 1.0536332239, 0.871304447019, 7.88518913246, 1.10220817298, 0.760090794754, 19.4575050333, 1.15421643252, 5.40917146626, 1.1285772555, 2.11371175488, 0.935226683405, 24.0791912961, 286.512419902
3.47256185935, 1.00596360525, 1.5000903259, 1.13130246393, 6.88036766758, 0.905343762986, 3.84254787841, 1.04229382958, 1.02300532671, 2.29076687037, 2.0963213901, 1.02826254865, 2.1035882792, 0.869609007759, 0.819759391386, 1.56805187105, 1.00424846105, 0.829996490784, 8.94316763721, 1.09482985685, 0.796745615974, 207.03498355, 0.882046585847, 2.15107754476, 1.10474564369, 4.27794160264, 1.29659092063, 15.1485763675, 1040.04852322
4.91597866388, 1.03156239436, 1.00364390947, 0.997580191068, 1.91150102326, 0.719599723939, 5.92013985554, 0.872790410696, 1.06314313135, 4.0728315531, 3.66135189369, 1.21100446721, 1.24710658147, 0.829844445081, 1.07792562838, 1.10676123852, 1.04565737956, 0.83201564968, 9.53964575199, 1.17165436451, 0.97701517534, 59.4376459908, 1.16733735031, 2.80218319463, 1.16238287522, 2.80218636899, 1.21660912933, 16.2124930126, 480.068878003
1.06419929448, 1.28641014875, 1.58063966243, 0.86106633722, 6.9577199613, 1.01803406342, 1.85405578323, 1.15574275038, 0.939991748254, 6.16765811606, 7.31631936358, 1.08060706702, 2.72204298531, 1.11734205183, 1.04569602136, 1.28391510999, 1.00335419211, 1.16585772731, 3.35476746667, 1.06239967813, 0.938788949099, 150.798813994, 1.17131916048, 4.52457510607, 1.0034557157, 3.52861745762, 1.08561982533, 17.4007437252, 637.659022899
3.47256185935, 1.00596360525, 1.5000903259, 1.13130246393, 6.88036766758, 0.936366699806, 3.84254787841, 1.04229382958, 0.952091319721, 1.38761086992, 2.0963213901, 1.02826254865, 2.1035882792, 0.8840582352, 0.819759391386, 1.56805187105, 1.00424846105, 0.829996490784, 4.58116248189, 1.09482985685, 0.796745615974, 207.03498355, 0.882046585847, 2.15107754476, 1.10474564369, 4.27794160264, 1.29659092063, 15.4205886806, 3034.80975793
1.05568181282, 1.42242930276, 1.44959778542, 1.01681036336, 4.51246922599, 1.11915756701, 4.73091866324, 1.12433113813, 1.07207255049, 4.43053667457, 1.5844192053, 0.823524038096, 1.45360035301, 1.12353023169, 0.994766666395, 1.61141296005, 1.15894075193, 0.899523886592, 6.77166820397, 1.05362427792, 0.767904331029, 346.994819469, 1.09183437437, 3.29401327882, 1.14896876721, 2.11021965212, 0.909693656465, 15.805012461, 2573.82600439
4.78145182501, 1.18939905677, 1.59706441929, 0.829714324231, 2.92943621166, 1.13062788335, 3.1303233627, 1.19874675619, 1.08569209871, 2.20469674779, 2.22259597328, 1.05175812286, 2.59700690847, 0.963531068117, 0.835495862113, 1.0353789575, 1.04663478123, 1.203517004, 7.74526962096, 1.14753349511, 0.772018797689, 390.001422301, 0.868188772579, 2.47921336984, 1.22937584411, 4.68286640189, 0.984572422175, 17.8611271703, 1773.30623573
1.31691953488, 1.36563288962, 1.16380703337, 1.12961899361, 2.85178462177, 1.140264212, 3.05079524685, 1.12225879815, 0.90982827761, 5.45688829159, 4.16361621105, 0.945706328085, 1.50952204, 1.20227010182, 0.962406451807, 1.18972280896, 1.05764750581, 1.11105740903, 5.9372226715, 0.916312480537, 0.79256955606, 312.784497301, 1.05869089074, 2.95766230274, 1.08474221374, 3.08127526839, 0.958102855831, 31.6473945563, 820.056374649
4.62387157269, 1.42053521975, 1.38189552978, 0.891251320815, 2.39438151269, 1.09382278811, 3.17675212981, 0.847896349077, 0.987392299623, 2.1512684817, 5.98747098691, 0.920270289937, 3.82666965121, 1.01252380988, 0.790847880229, 1.06318273059, 1.08279851643, 1.0532047446, 5.6552512022, 1.18484072334, 0.989760356447, 275.055918096, 1.02632437364, 2.75587281566, 1.18640474697, 4.25993048901, 0.922277789254, 20.2520946563, 1166.84179325
3.13512557991, 1.2123638233, 1.71018259099, 0.930177825778, 6.01578349079, 0.836725205146, 1.56390727921, 1.04331712817, 0.906145811882, 2.51155139873, 2.70684583379, 0.843563515822, 3.11745025959, 0.960791106914, 1.02081534306, 1.35277258533, 1.03939867546, 1.13559992756, 8.95250606671, 1.18297204799, 0.850790514628, 126.321307492, 1.09840786705, 5.0035804967, 1.22516678386, 3.35989085498, 0.969020161628, 17.0228039297, 3527.69750979
4.45926895145, 1.32960787812, 1.15523948959, 1.09752245847, 2.89351131328, 0.920490050848, 2.52492854319, 1.01837296223, 1.02201426243, 5.43172289026, 6.46920596109, 1.10330802759, 4.5531794527, 1.27348082804, 1.03520466039, 1.59449227009, 1.02572480044, 1.12551412768, 7.30991500061, 1.17831588718, 0.766328000695, 226.043767166, 1.19194757398, 2.70530061147, 1.17757374521, 3.56857974412, 1.20316642236, 22.4378203156, 1188.93915802
3.39647158216, 1.37772254624, 1.27209148706, 1.05308725862, 1.91060224316, 0.869742381588, 5.44146898729, 1.1781987523, 0.902785560317, 2.84458208698, 2.73653174448, 1.0111754494, 4.46274332936, 1.04383569313, 0.924298118995, 1.06921682367, 1.0629155761, 0.824231289378, 6.37804282585, 0.919533381861, 0.961196607903, 394.703985709, 1.04260481675, 2.89564735977, 1.18617352135, 1.23457757025, 1.19782019444, 17.0354817748, 3584.20781211
5.66119050768, 1.36881891189, 1.19245718522, 0.921963529315, 4.59212858888, 0.904834555236, 1.28638435119, 1.10887169724, 1.12775267169, 1.52645488773, 2.94740095789, 1.17416852017, 3.65713649101, 1.07991192738, 0.781126463119, 1.10283655945, 1.1167397607, 1.14399090756, 5.25402342721, 1.06668088027, 0.861248417668, 368.564931968, 1.15082167769, 4.16175111593, 1.04141907695, 1.90957215419, 1.02272420726, 23.9043259191, 1424.13661012
5.23333580772, 1.10441186962, 0.831719295474, 1.17601759323, 4.70806199413, 0.868058815547, 4.90194493159, 1.21248531016, 1.13763049804, 2.61360734807, 3.47454102816, 1.1799939817, 2.78882264514, 0.969466315739, 0.813788625572, 1.25145234737, 1.12280583608, 0.943085479516, 4.47424888308, 0.978922193412, 0.979152598781, 281.52907618, 1.19975328055, 1.52761051373, 1.20604985528, 1.08985044644, 1.04636337882, 19.7814141238, 1931.47036723
1.33326751681, 1.12749385075, 1.07780440155, 1.11280581425, 5.16530195251, 0.798760096041, 3.68401203958, 1.25551521885, 1.06343580111, 2.7302134066, 5.24600829157, 1.10953318987, 4.19227915818, 0.826093872686, 0.793825039981, 1.09456469952, 1.02089927349, 0.851434107769, 9.99723019372, 0.93094202363, 0.772407410372, 233.261788711, 1.09753932104, 4.57033818594, 1.19835414784, 3.1052973369, 1.00601481801, 17.8345585611, 3681.43791475
4.14742589198, 1.32270415844, 1.66099839469, 1.02759949051, 2.3420332749, 1.03649685261, 1.82172957638, 1.15214949532, 0.964384017584, 5.36896211893, 2.92460678616, 0.822246808177, 2.08247371149, 1.13902331856, 0.947705862657, 1.49204292516, 1.04883078934, 1.11385746206, 7.50892741691, 0.979701284306, 0.841268068383, 371.00161969, 1.1796505505, 5.37086451499, 1.00588722799, 4.22057248786, 1.23333580306, 36.2260360637, 1279.00560847
3.55032033926, 1.34230640452, 0.967904776423, 1.13871604439, 3.51485495421, 0.747871605721, 1.45014890732, 1.25705431166, 0.905412690855, 2.51502465514, 6.71926566139, 1.04444890651, 2.19030390364, 1.07913544363, 0.980175589599, 1.60674384222, 1.07023912505, 1.14164887906, 8.7092067166, 1.03548361849, 0.837682892014, 125.593673273, 1.14770670656, 5.26795152644, 1.0222923118, 4.05608680464, 1.27856316901, 21.2518468372, 2175.42898473
2.39675990584, 1.42962445526, 1.19574659433, 1.16958838214, 6.99905914267, 1.0403058798, 4.48098664323, 0.9240833495, 0.935596702717, 1.98722758061, 5.66892942469, 1.00359268282, 4.7922312388, 0.941157897757, 0.861906490012, 1.0753882973, 1.08780670591, 1.21383544963, 6.78823954426, 1.03924080285, 0.907721809285, 284.031414925, 1.06809015398, 5.47129354463, 1.17988500015, 5.23222912674, 1.27869731629, 36.0075652347, 1688.34622382
4.07084712532, 1.05815651544, 1.17658751959, 0.872162306118, 3.21467811037, 0.78024234204, 1.74984481514, 1.20416273986, 1.1269384604, 1.45165753156, 3.43638865947, 0.934138807299, 2.37620646912, 1.04061258477, 0.891402875094, 1.41452050297, 1.09674775842, 1.06505394601, 4.48731894472, 0.957972520519, 0.83210967178, 404.554500188, 1.1516483146, 1.11746665532, 1.09185482541, 2.79198755602, 1.2449878805, 18.146188055, 4781.0692383
4.8811744423, 1.0853935438, 1.49060096, 0.803721359764, 2.79427218119, 0.781321365161, 2.46421464072, 1.18926323251, 0.916541910247, 3.31351322867, 1.63669542224, 1.19174371171, 1.86847751741, 0.93445168298, 0.797834075524, 1.0791401893, 1.16477630286, 0.959993647836, 7.18849190336, 1.09697785811, 0.850161542536, 93.6913008055, 1.10717302375, 5.10596503588, 1.20297357902, 4.54634587332, 0.892300135814, 28.4400299388, 1845.51514686
5.23333580772, 1.10441186962, 0.831719295474, 1.17601759323, 4.70806199413, 0.868058815547, 4.90194493159, 1.21248531016, 1.12629507234, 2.61360734807, 3.47454102816, 1.03706171296, 2.78882264514, 0.969466315739, 0.813788625572, 1.25145234737, 1.12280583608, 0.943085479516, 4.47424888308, 0.978922193412, 0.979152598781, 281.52907618, 1.19975328055, 5.17177086812, 1.20604985528, 1.08985044644, 1.04636337882, 22.2560857828, 2513.47662713
1.59885159132, 1.34648776794, 0.969384162561, 1.06413818923, 6.20547344921, 1.00936880859, 3.89899618905, 0.873456672182, 0.969215117057, 4.17225488139, 5.18268466218, 1.04325197841, 1.34666616694, 0.920868520379, 0.983545564251, 1.04713714904, 1.15555902677, 1.14316741942, 6.05645997517, 1.16568598731, 0.996885106838, 212.628600391, 1.18037197518, 4.4497525572, 1.15145447734, 4.27672814429, 0.946127211363, 22.5788737611, 2219.39161328
4.07084712532, 1.05815651544, 1.17658751959, 0.872162306118, 3.21467811037, 1.17847759262, 1.74984481514, 1.24407848363, 1.1269384604, 3.27386334736, 3.43638865947, 0.934138807299, 2.37620646912, 1.04061258477, 0.891402875094, 1.41452050297, 1.09674775842, 1.06505394601, 4.48731894472, 0.957972520519, 0.83210967178, 360.316628373, 1.1516483146, 1.11746665532, 1.00843298484, 2.79198755602, 1.2449878805, 21.1079249328, 3132.96539514
3.19329211931, 1.42633740449, 1.12843691152, 1.10797775379, 4.36683604839, 0.900489385929, 1.47214097193, 1.06644878701, 1.01834511655, 3.0047811304, 6.79373078463, 1.03805051204, 5.0677197787, 1.27426342281, 0.858822709532, 1.04181954233, 1.08021244245, 0.848771731578, 4.48172072458, 0.97740895225, 0.842778811966, 156.205695393, 0.929741766727, 2.51138568278, 0.994485993453, 4.05548419057, 1.02371609271, 32.0354591062, 1882.58977424
4.68638963866, 1.08207144333, 1.42992034293, 1.09518943044, 2.76139778275, 0.985918021425, 1.53973266259, 1.2026301717, 1.13557951702, 2.4549134628, 6.96514731447, 0.82270652443, 4.35519503832, 1.07850093325, 0.980636576936, 1.50118370919, 1.04937249965, 1.05262040696, 9.99397031097, 1.12790095967, 0.776046779012, 245.666198568, 1.17135222677, 1.29993305735, 1.09280766939, 4.73444556887, 1.22346956875, 19.2338447116, 6175.25412641
5.93038157171, 1.39021485867, 1.16581858015, 1.02767856259, 2.72716303013, 1.17891857743, 3.9928528672, 1.12544100869, 1.04323654252, 2.80779738442, 4.84249630406, 0.837298785365, 1.6467051733, 0.911790027694, 0.922876709696, 1.19289410182, 1.12267506142, 0.82599298342, 4.17918336216, 0.978950886546, 0.979244271621, 39.0728903475, 1.00529547149, 4.24066896463, 0.974206840425, 4.41628781958, 1.22322783057, 18.8981053752, 7349.70744585
4.5026719112, 1.20261551387, 1.38844926132, 0.986264824925, 6.44564375678, 1.0542980292, 4.55100568134, 0.881999410416, 1.04591492045, 3.35048251095, 4.54612567076, 1.21461284658, 2.83062856748, 1.12158837853, 0.878195974747, 1.41709208325, 1.0083356811, 0.996278274156, 7.89164841225, 0.991610372159, 0.800676156463, 319.509395319, 1.04181231867, 1.3204890554, 0.978831524735, 2.33171331793, 1.20357735989, 31.0638042016, 2117.54892229
3.93014004673, 1.30435338596, 1.63001575098, 1.07522607854, 2.54523982648, 0.736875109706, 4.43268691157, 0.867782900017, 0.982705830712, 2.81785402834, 3.9578571761, 0.96806688675, 3.38882123884, 0.907137382895, 0.79801166114, 1.20013835127, 1.16555773606, 1.05408623838, 3.75025685068, 1.18124804505, 0.961052762859, 86.2732545001, 0.87935882465, 1.97399064983, 1.01129597464, 3.13162104409, 1.1502958168, 20.9934835101, 3910.68345828
3.24728375991, 1.03005668462, 1.47313150551, 1.1885339943, 6.66966706762, 1.16878437462, 3.13490130249, 0.939704078792, 1.00526997206, 4.14008761331, 4.40191661937, 0.836348267698, 3.16060855186, 0.911588569417, 0.880913871841, 1.079167556, 1.02839480545, 0.92161769496, 7.7258408519, 0.977722046893, 0.800539327706, 84.9483361172, 0.972140429135, 1.08885311124, 0.975026798293, 3.89663468978, 1.23301257061, 22.4355686111, 3375.9671453
1.06419929448, 1.28641014875, 1.58063966243, 0.806250262025, 4.96546281873, 1.01803406342, 1.85405578323, 1.15574275038, 0.939991748254, 4.17114516244, 7.58675209904, 1.08060706702, 2.72204298531, 1.11734205183, 1.04569602136, 1.28391510999, 1.00335419211, 1.16585772731, 3.35476746667, 1.06239967813, 0.938788949099, 150.798813994, 0.913608059085, 4.52457510607, 1.0034557157, 3.52861745762, 1.08561982533, 30.6111423288, 2503.78209731
1.33326751681, 1.12749385075, 1.07780440155, 1.11280581425, 5.16530195251, 1.08247032403, 3.68401203958, 1.25551521885, 1.03140037491, 2.7302134066, 5.24600829157, 1.10953318987, 4.19227915818, 0.826093872686, 0.793825039981, 1.09456469952, 1.02089927349, 0.851434107769, 9.99723019372, 0.93094202363, 0.772407410372, 233.261788711, 1.09753932104, 4.57033818594, 1.19835414784, 3.1052973369, 0.9701932666, 26.7476557129, 2773.43303108
4.27321957205, 1.07435551876, 1.38169026868, 0.863519503005, 4.57235776244, 0.770837983891, 4.21800797414, 1.19460468686, 1.08537656166, 3.07882179664, 7.78094133399, 1.02304216648, 3.17982710515, 0.901740400653, 1.06806875159, 1.62186315723, 1.00553606919, 0.918025532481, 8.20010663683, 1.1034623099, 0.76969993324, 11.9002772154, 1.0879996665, 4.78742263062, 1.03162346976, 5.22275383693, 0.904084131402, 23.8869365313, 3183.24952697
5.73103933091, 1.35509124725, 1.70628573951, 1.21367103209, 2.29870738822, 1.09239739019, 3.18540705818, 0.938786076805, 1.07219121406, 5.18784265495, 7.29110578235, 1.04853171981, 4.80709055667, 0.821266300694, 0.780626650052, 1.2195145016, 1.06802742883, 1.22436442836, 7.6227546523, 0.916004585089, 0.773011793893, 118.445707233, 1.01101626543, 1.82039419821, 0.992595864409, 5.35102724438, 0.958899819555, 21.4997518083, 4827.82999032
3.63615283986, 1.15643586899, 0.817268050351, 0.812596487219, 6.6373610778, 0.843604218416, 3.86625129689, 0.82333634236, 0.953183059614, 5.91381537963, 4.67641208359, 1.21607394536, 2.50676376841, 0.930545890848, 0.921763322599, 1.33553121975, 1.08053199154, 1.088324205, 5.00643657003, 0.914544573716, 0.92545781974, 145.474491722, 0.896068431922, 4.92026816466, 1.10346155066, 3.45501378057, 1.23445554248, 21.7814170226, 5777.72388895
1.7940811936, 1.01031723147, 1.17189534875, 0.875500038686, 7.06615915315, 1.14926457713, 3.90636672804, 0.823457137597, 1.0841173419, 5.21214458777, 7.22157012585, 1.15041220353, 2.3054091564, 1.20242255207, 0.792552703981, 1.37153797866, 1.0536332239, 0.871304447019, 7.88518913246, 1.10220817298, 0.760090794754, 19.4575050333, 1.15421643252, 5.40917146626, 1.1285772555, 2.11371175488, 0.935226683405, 31.6581759824, 2709.17837716
4.18626127832, 1.20507387421, 1.20385252519, 1.12854620027, 5.74674505798, 0.852584703661, 2.71394487628, 1.04988381934, 1.0888950372, 1.58735254144, 2.61433671191, 0.988580425137, 3.85532542974, 1.18731941475, 0.928900560984, 1.28224926369, 1.00666932209, 1.19575709227, 7.88858309037, 1.00138459567, 0.908403286724, 47.3022436253, 0.95564604866, 1.19337574331, 1.11533492737, 2.62954101778, 1.006179789, 21.7368887066, 25573.2972295
3.25406712296, 1.42810547921, 1.25789581717, 1.19536633243, 6.47997165864, 0.821015012508, 2.01308181021, 0.900027927622, 1.09108322944, 5.49001942031, 6.48398270128, 1.0291968382, 4.81692642657, 0.92123204977, 1.03164254418, 1.55866516148, 1.14102877662, 1.00174937103, 3.4858750411, 1.08287951434, 0.975603074697, 368.102111808, 1.12199807359, 2.73294631751, 1.21882039626, 3.67474169725, 1.14549671549, 29.6005831181, 3194.04367983
4.90426011957, 1.30531817036, 1.02383715071, 1.20464764147, 2.73857645273, 0.819114501629, 3.89287692096, 1.22733943282, 0.959542769329, 1.72121736424, 6.59278458393, 0.915018300036, 3.27487750795, 1.14677574384, 0.926458496787, 1.33207130405, 1.16594216802, 1.13695467941, 7.70171281202, 1.06296207387, 0.790417035379, 316.357026874, 0.914786215729, 3.53199820215, 1.05799486187, 4.3429685016, 1.28328907955, 25.3523697296, 3640.89685115
2.58135547313, 1.05004376339, 1.09331181014, 1.013416393, 5.811612847, 0.856564980471, 5.7883330576, 0.847619516441, 1.11980582192, 5.31145904797, 5.23680305057, 1.15234525945, 2.1870295417, 0.953314024995, 0.993997478841, 1.2430910212, 1.03898619168, 1.04643241795, 4.40236247472, 1.07931601483, 0.838222231903, 407.287881296, 1.17531726478, 1.03487179578, 1.10558756216, 3.29192125511, 0.93950443196, 24.0754956089, 4101.39782204
3.42092597021, 1.12960933873, 1.49699333953, 1.19307553792, 4.59907880765, 1.12391639299, 1.43975719132, 0.856234250644, 0.951031257556, 3.5129512673, 2.1864672666, 1.16920741898, 1.80702567023, 1.15377683019, 0.804695200763, 1.29248959568, 1.13420510439, 0.885772521938, 9.60067787309, 0.99233561134, 0.926575533414, 209.304894773, 1.05787468445, 5.59832966472, 1.07588357846, 4.3463764598, 1.19831005608, 24.0601513242, 4327.14402274
2.18422172808, 1.33397318893, 1.34007209316, 1.18342840048, 4.45979062427, 0.769280032484, 2.25432561844, 1.01125746575, 0.967876571181, 3.48365771467, 3.95626812046, 0.830059387705, 1.83982558859, 1.06868564646, 0.991967448431, 1.54108363621, 1.15222340013, 1.2001350611, 3.61861491834, 0.950785366053, 0.882003373285, 408.904505963, 0.991765012079, 1.4030783131, 1.16039893411, 3.23682753047, 1.29346198324, 23.8793077555, 6057.39448631
3.24097202106, 1.41106862286, 1.07320031129, 0.956608148874, 4.89463935875, 0.795636009209, 2.32447841893, 1.14755882208, 0.920291270118, 5.98825962377, 2.03197638784, 0.903821591484, 2.35349203121, 0.86207302811, 0.9226440356, 1.1673300472, 1.03133192454, 0.892772655812, 4.68140211664, 1.00008609503, 0.9764868129, 406.015330225, 0.864936172418, 5.562733163, 1.07343054959, 3.80399296656, 1.005910346, 31.3768572001, 3510.30441241
1.76913314264, 1.27965067072, 1.66979817506, 0.980816640444, 3.92556755934, 1.05429733651, 1.67056386896, 1.04176565906, 1.003981296, 2.9288675259, 5.00242288579, 1.08937726856, 2.41565396942, 0.99224062201, 0.990931005279, 1.40799354499, 1.04499056023, 1.21992762484, 5.25263780802, 1.18390388783, 0.975361269621, 45.2900502481, 0.865734829338, 3.53793063314, 1.07849392395, 3.17634263022, 1.2930777794, 23.7218388249, 7097.57223255
1.70512616963, 1.19334294997, 0.906873582891, 1.17081141177, 5.42608504583, 1.11894186208, 4.16669256261, 1.06627966326, 0.944988166992, 5.60856196797, 3.83098498074, 1.02000992721, 1.86744225671, 0.811696355212, 0.930832319764, 1.42085376898, 1.09194172248, 1.20090033834, 8.31070053297, 0.98871736051, 0.971588802954, 288.553069124, 0.862953980448, 3.60195458291, 1.10585442895, 2.97825662315, 0.881315279703, 26.3597839903, 4028.03703504
1.21331340037, 1.06950314578, 0.885694934895, 0.881035666659, 2.06545396255, 1.03906637813, 4.97029505903, 0.911093133444, 1.01159656248, 1.55696363853, 5.69288624954, 0.935103109838, 2.48575781625, 1.03489777067, 0.96148351861, 1.14814451131, 1.13458852627, 1.19492566338, 3.07335348063, 1.08121937501, 0.959350697499, 76.0352960034, 1.18607103163, 5.83156536698, 1.10101987242, 3.53288721973, 1.28700729082, 24.7326132552, 4169.41914752
2.55344655722, 1.02556331219, 0.768449020559, 0.949748373083, 1.43062119498, 0.810496952695, 4.58188398928, 1.23308651407, 0.934943984524, 4.00407002413, 6.33289265331, 1.04617513657, 2.99069000604, 1.21687948027, 0.962190236778, 1.4022288196, 1.15068067041, 1.17531667698, 3.68487004643, 0.926609063405, 0.949202878166, 156.570130876, 0.984698117497, 4.25746635574, 0.982537568997, 1.5406600973, 1.10016899414, 22.5921179401, 10133.9077788
3.19329211931, 1.42633740449, 1.12843691152, 0.829297798956, 4.36683604839, 0.799811299631, 1.47214097193, 1.06644878701, 1.01834511655, 3.0047811304, 6.79373078463, 1.03805051204, 5.0677197787, 1.27426342281, 0.858822709532, 1.04181954233, 1.08021244245, 0.848771731578, 4.48172072458, 0.97740895225, 0.842778811966, 156.205695393, 0.929741766727, 3.03491121798, 0.994485993453, 4.05548419057, 1.02371609271, 27.6007722147, 4066.75895239
3.24097202106, 1.41106862286, 1.07320031129, 0.956608148874, 4.89463935875, 0.795636009209, 2.32447841893, 1.14755882208, 1.07281299845, 5.85263678178, 2.03197638784, 0.903821591484, 2.35349203121, 0.86207302811, 0.9226440356, 1.08418758923, 1.03133192454, 0.892772655812, 4.68140211664, 1.00008609503, 0.9764868129, 406.015330225, 0.864936172418, 5.562733163, 1.07343054959, 3.80399296656, 1.005910346, 39.8489099391, 3427.30682133
5.58296377516, 1.42377315494, 0.944943365296, 0.858600884412, 1.87374572848, 0.799776585826, 2.59260300243, 0.943853660118, 1.12786864045, 1.37766960793, 3.48733818577, 0.840000840978, 3.45772326942, 1.02322781054, 1.00756741762, 1.01720529385, 1.14075353501, 1.04008450619, 5.91349875651, 1.05001263927, 0.962254467526, 47.6963234787, 1.01932369451, 1.05300328043, 1.16342765841, 2.52912954313, 1.18178055773, 28.2177165651, 4092.5064221
3.84972705466, 1.27638363271, 1.59356806161, 1.19178998481, 1.71573940009, 0.824444617446, 4.13704435695, 1.19253985061, 1.0682300021, 2.66815670725, 4.56240835805, 1.1931727515, 3.96758805915, 0.903667682354, 0.860536815661, 1.09395340387, 1.03630399037, 0.99580953176, 6.84495227757, 1.09684890078, 0.837539357842, 187.369850994, 1.08116287672, 3.69061181999, 1.12181939858, 4.5546228735, 0.892544722902, 25.5399097901, 4374.48008031
3.07536615109, 1.2123638233, 1.71018259099, 0.930177825778, 5.72337847381, 0.836725205146, 1.56390727921, 1.04331712817, 0.906145811882, 2.51155139873, 2.70684583379, 0.843563515822, 3.11745025959, 0.960791106914, 1.02081534306, 1.35277258533, 1.15358076412, 1.13559992756, 8.95250606671, 1.18297204799, 0.850790514628, 126.321307492, 1.07298294942, 5.0035804967, 1.22516678386, 3.35989085498, 0.969020161628, 24.0201034272, 10598.0509551
1.72320252889, 1.12652174385, 1.66858656951, 0.950845555724, 1.94366116812, 0.761499707561, 3.88458646412, 0.847731803026, 0.962141824761, 5.19105707452, 2.84474928644, 1.04095415156, 4.48960161057, 1.2593118343, 1.04506267285, 1.39952351755, 1.03428928426, 0.826428814345, 8.50952955572, 1.10746993432, 0.861872115471, 393.11790439, 1.14416295599, 5.22396778382, 1.07807715447, 2.11704241238, 1.06987756366, 24.6555571333, 6987.66731248
5.67872795133, 1.14792542055, 0.936401862296, 0.929174897091, 1.88914497067, 0.841114846162, 5.29031186586, 0.885925234823, 1.11393915289, 5.0736752551, 7.45642231395, 1.15364661745, 2.39594244296, 1.06107738423, 0.936805177868, 1.53000494429, 1.14300681545, 1.21020210388, 4.34734959683, 0.946656401401, 0.839039312928, 182.880193094, 0.98877145432, 4.37176146042, 1.06467649059, 1.23309982101, 0.872671375851, 25.9459364656, 4879.02484816
3.81905230532, 1.07556329747, 0.885429861446, 0.824968445952, 3.34805066321, 0.898403264115, 3.91108566809, 0.861397981338, 1.0540782506, 4.15841663309, 2.04630999113, 1.03936627915, 4.28344712039, 1.20284393261, 0.96736660316, 1.50908784271, 1.10313667202, 0.923185918513, 7.98421389597, 1.03792143996, 0.992955914231, 315.134306474, 0.920406400834, 2.0939994983, 0.990446433303, 4.19662954979, 1.09834534215, 24.7472403636, 6298.31229498
4.72870854283, 1.1741032541, 0.838869609719, 1.06941167825, 3.33777659585, 0.828080846039, 2.89033922148, 0.974413342552, 0.92916202288, 4.94887048874, 5.90324919903, 0.919630872448, 1.85754501295, 1.24667208558, 0.78855819098, 1.14438200426, 1.14130996379, 1.06442490177, 6.56859535437, 0.973677708212, 0.952801943954, 282.178388598, 0.844407646606, 5.74693576531, 1.15433817799, 2.70438291833, 1.27725315966, 30.3616420599, 4294.39270457
2.79254254512, 1.30150163654, 0.85530188232, 0.822873569974, 2.28387135456, 0.808517409621, 2.66449409397, 0.846073611822, 1.09359881696, 2.86547879041, 2.38142521518, 0.976180037179, 1.07780998061, 1.09826820007, 0.898493330326, 1.61426435957, 1.108561973, 1.1590250093, 8.5818440552, 0.990139072804, 0.960110661913, 298.067188399, 1.01432800409, 4.18030220186, 1.00148130007, 1.70560944515, 1.08951737754, 27.2824583333, 5563.5790945
4.16762437662, 1.11210531198, 1.0271862839, 1.00828811805, 5.66659448786, 0.755052523179, 5.63125378937, 1.00899807817, 0.991580455967, 4.46766890097, 5.81588570738, 0.968250361116, 4.34935107522, 1.17809518652, 0.902002664318, 1.60008585743, 1.050293566, 1.00814687375, 6.32634758999, 1.05668369396, 0.973616314579, 12.54887296, 1.04706054687, 4.74886326194, 0.967552201672, 4.46606061557, 0.993575549342, 27.8826827753, 4900.32809684
5.69793877672, 1.23570877179, 0.814541757864, 0.914397899857, 6.8358431968, 0.753547567252, 2.48324516163, 1.21045423249, 0.925635410098, 4.78469233132, 6.84239393115, 1.19759925398, 1.49601449159, 0.857432261464, 0.807116946949, 1.31595380533, 1.076463101, 1.17551780931, 8.50694910009, 0.934493899103, 0.908458934984, 358.488267802, 1.1678746814, 2.62018212526, 1.04391919918, 4.31772004143, 1.26431411584, 25.7229234671, 6501.61885322
5.56210481065, 1.3745958723, 0.730943978995, 1.21949131675, 3.78015344731, 0.999717737397, 5.59526560133, 1.00008268873, 1.10445900821, 5.79445315058, 6.75798000118, 1.15586203152, 3.60908019741, 0.946199187039, 0.951666740133, 1.28294371067, 1.14247936751, 0.86972983966, 7.17944274757, 1.0369130718, 0.78732463489, 171.04637294, 1.09577355816, 2.59382232128, 1.16628052261, 4.6357469116, 1.26447239743, 25.0188071301, 8774.8857067
5.65687731127, 1.35341659955, 0.834097858188, 0.976178185066, 2.40800401784, 1.15566367755, 1.08584483082, 1.18983706368, 0.930103534161, 3.18841077407, 7.27087601669, 0.852512370273, 1.45164076046, 1.01269205778, 0.836279112451, 1.4654860795, 1.00727392678, 1.14541238292, 4.52132136636, 1.03943240895, 0.79743131093, 363.02127789, 0.938989852276, 1.13630138228, 1.22184567058, 2.61591576764, 1.04620755951, 25.0840475839, 12036.3236064
5.51284148682, 1.23349040431, 1.55585481942, 1.14971876241, 1.66241553285, 0.798760096041, 5.29379389511, 1.14041002189, 0.997995751661, 2.33085896616, 6.61144498574, 0.862328202874, 2.05539369141, 1.12934172854, 0.845578786741, 1.2981071674, 1.09631598021, 1.154218032, 4.30469439107, 1.04361746377, 0.79691353153, 409.864353791, 0.848344746888, 4.07031087292, 1.05745488093, 4.98170981291, 1.10756112984, 25.6345794906, 9407.74621881
1.49722368012, 1.00555320311, 0.886995890103, 1.13813267721, 4.16977116181, 1.04878590847, 4.66073251283, 1.16196746747, 0.937303940766, 4.81501735821, 7.7304164843, 0.83464285189, 5.03634906477, 0.906023851858, 0.873474952123, 1.16205946455, 1.12737895711, 0.865364686056, 4.90703810449, 0.967584505508, 0.85692663386, 397.434955033, 1.07382049875, 4.20075027851, 1.13114726593, 4.72918010449, 1.2780982833, 25.8065122048, 7762.6300144
1.39964944191, 1.35454191908, 1.37512333345, 0.846332708484, 6.53192586097, 1.07778536759, 1.24032327361, 1.24591916129, 1.08808579473, 5.89152372719, 5.32351062054, 0.908186000919, 3.3024106146, 0.85132450612, 1.05012842667, 1.618880374, 1.03939867546, 1.16057808715, 3.82390733337, 1.15215692056, 0.820073527741, 202.207587991, 1.12835548607, 5.12777258523, 1.17192665761, 4.98649560353, 1.2287732084, 26.6488241234, 8484.18077963
5.06417397771, 1.15996637921, 1.2934453552, 0.979574464125, 3.07848296478, 0.792577387509, 3.25237896453, 0.978051677275, 1.09744013283, 1.33500739684, 5.41586748949, 0.894012559436, 4.88902411818, 1.22324532374, 0.839902733923, 1.12040895384, 1.08580177333, 0.829054984414, 9.69907263303, 0.925757514203, 0.825193910157, 123.42050217, 1.07314685007, 2.7650998741, 1.09202489717, 1.68069660154, 1.04843821406, 37.8610469306, 4674.58075393
2.03402719017, 1.11732458856, 1.56001365403, 1.20451308672, 6.97002949467, 1.01686248763, 5.47863321359, 1.03154558332, 1.00129445617, 4.64547886936, 2.614698304, 1.04369452757, 3.06965760758, 0.924767098146, 0.780833388556, 1.44678348164, 1.01793357848, 0.961928615649, 5.56070455108, 1.13353046056, 0.877895316397, 363.005432667, 0.911881104576, 2.46797773785, 1.10605403287, 3.23707915907, 0.873980985376, 37.8662895588, 4420.6628933
4.18626127832, 1.22216688587, 1.20385252519, 1.12854620027, 5.74674505798, 0.852584703661, 2.71394487628, 1.04988381934, 1.0888950372, 3.10200529987, 3.01945324284, 0.988580425137, 3.85532542974, 1.18731941475, 0.928900560984, 1.28224926369, 1.00666932209, 1.19575709227, 7.88858309037, 1.00138459567, 0.908403286724, 94.2183380608, 0.95564604866, 1.19337574331, 1.11533492737, 2.62954101778, 1.006179789, 27.396083027, 8089.83621607
3.24728375991, 1.03005668462, 1.47313150551, 1.1885339943, 6.66966706762, 1.16878437462, 3.13490130249, 0.939704078792, 1.00526997206, 4.14008761331, 4.40191661937, 0.836348267698, 3.16060855186, 0.911588569417, 0.880913871841, 1.079167556, 1.02839480545, 0.92161769496, 7.7258408519, 0.977722046893, 0.800539327706, 84.9483361172, 0.972140429135, 1.08885311124, 0.975026798293, 3.89663468978, 1.23301257061, 29.3725868842, 6737.35272706
2.01681362569, 1.03074301938, 1.34890534673, 1.06236390055, 6.23916963956, 0.761403478902, 5.02218388066, 0.862774581524, 1.12946969545, 2.85522111373, 2.82554894153, 0.960933410726, 3.82599795053, 0.890592390152, 0.801498664905, 1.45993169082, 1.1268308999, 0.993829085332, 7.57433034039, 1.04722740647, 0.913415853079, 256.103608757, 0.963061049339, 5.93709237253, 1.11681071651, 3.99394712052, 0.998378064555, 26.2099042405, 17248.9765697
2.60806863005, 1.24302919715, 0.997026674143, 1.1292826578, 3.00941001922, 0.778258952501, 1.96369866825, 1.10581521737, 1.11650162937, 5.98880265715, 6.44642293697, 1.1555130786, 2.75921681892, 1.23331744855, 0.860853781604, 1.56694432686, 1.06572086544, 1.03179657789, 9.00612274067, 1.09209757575, 0.897810709388, 386.245966687, 1.02215965914, 5.98144504957, 1.20765267773, 3.801589328, 1.01814940777, 46.6674972257, 4792.41154914
3.87924790673, 1.28835708871, 1.21195513267, 1.11124798516, 3.02088703197, 0.785022218256, 5.22221570637, 1.11174136039, 1.01059839633, 3.59327869048, 2.93866713343, 0.947733039515, 1.65550927588, 0.861870137905, 0.861675605374, 1.49850907175, 1.0163095746, 1.17227486923, 8.13345049497, 0.940351310416, 0.853652802743, 402.430257468, 0.965704360968, 1.50338611728, 1.13471206871, 1.86148419344, 1.01994908062, 26.6192594618, 36649.9928465
1.72320252889, 1.12652174385, 1.66858656951, 0.950845555724, 1.94366116812, 0.761499707561, 3.88458646412, 1.21701218191, 0.962141824761, 5.19105707452, 2.84474928644, 1.04095415156, 4.48960161057, 1.2593118343, 1.04506267285, 1.39952351755, 1.03428928426, 0.826428814345, 8.50952955572, 1.10746993432, 0.861872115471, 393.11790439, 1.14416295599, 5.22396778382, 1.07807715447, 2.11704241238, 1.06987756366, 26.7840164845, 15463.9445328
1.23927059324, 1.04513366282, 0.910341538305, 0.873520399386, 1.48489816872, 1.16827819354, 3.88400233964, 0.929565631413, 0.964992774277, 3.89271332165, 2.77547433279, 1.06870425207, 2.48448790042, 1.20423020762, 1.0171577501, 1.1211940194, 1.14740973309, 0.813744486573, 6.6343108118, 0.997794686766, 0.826916849708, 192.638771265, 1.18275539985, 5.04519863638, 1.04255151692, 3.06589886951, 0.946232790937, 26.8749210913, 14306.4555541
4.89763635155, 1.05934732024, 1.41803926706, 1.13607110238, 6.13676141798, 0.887969024724, 4.32746011473, 1.20210639182, 1.00978199869, 2.08843469658, 7.70432556856, 1.19342220762, 4.62379982515, 0.954748113694, 0.935957570065, 1.46887245266, 1.0678720096, 0.837130906799, 3.02247781935, 1.1728936517, 0.832393410623, 136.050999345, 0.876816951695, 1.97150169269, 0.987374784265, 1.27976134992, 1.13709776593, 38.1792397467, 5049.07117366
2.39675990584, 1.42962445526, 1.19574659433, 1.16958838214, 6.99905914267, 1.0403058798, 4.48098664323, 0.9240833495, 0.935596702717, 1.98722758061, 5.66892942469, 1.00359268282, 4.7922312388, 0.941157897757, 0.861906490012, 1.0753882973, 1.08780670591, 1.21383544963, 6.23581906917, 1.03924080285, 0.907721809285, 284.031414925, 1.06809015398, 5.47129354463, 1.17988500015, 5.23222912674, 1.27869731629, 43.6169456273, 4986.9306005
4.91597866388, 1.03156239436, 1.46946600742, 0.997580191068, 1.91150102326, 0.720264280033, 5.92013985554, 0.872790410696, 1.06314313135, 4.0728315531, 3.66135189369, 1.21100446721, 1.24710658147, 0.829844445081, 1.07334705853, 1.10676123852, 1.04565737956, 0.83201564968, 9.53964575199, 1.17165436451, 0.97701517534, 59.4376459908, 1.16733735031, 4.66182052375, 1.16238287522, 2.80218636899, 1.21660912933, 36.5504730286, 6040.448422
5.49960376683, 1.29475813383, 1.66115876294, 0.896332550524, 3.91402237688, 1.11955667646, 2.29210593198, 0.889854080488, 1.105405916, 2.09406445475, 6.80362739662, 1.04753446572, 1.4969988917, 1.15784052256, 0.951110512925, 1.38312633606, 1.16015240107, 0.931216107081, 9.80751537032, 0.967011914553, 0.867540932361, 311.898055992, 1.12750660308, 1.15524758312, 0.999425877191, 4.72236795735, 1.02316320663, 31.2336786546, 6965.46326399
5.39542170095, 1.23570877179, 0.814541757864, 0.914397899857, 6.20591377328, 0.753547567252, 2.48324516163, 1.21045423249, 0.925635410098, 6.02731571248, 4.36634465794, 1.19759925398, 1.49601449159, 0.857432261464, 0.807116946949, 1.31595380533, 1.076463101, 1.17551780931, 8.50694910009, 0.934493899103, 0.908458934984, 358.488267802, 1.16434567832, 2.62018212526, 1.04391919918, 4.31772004143, 1.26431411584, 53.2336517354, 5398.1601501
1.84424234835, 1.00122159372, 0.979347795439, 1.21031914115, 3.8950331265, 0.975219363597, 2.92461728232, 0.939632353084, 0.912190453139, 3.46053787135, 1.84006746273, 1.05333795055, 4.88476500316, 0.906402771343, 0.876331932188, 1.19946339636, 1.00804235102, 0.950119236386, 4.02552840545, 1.05167523036, 0.947226492788, 140.783145455, 0.904439544219, 1.41782049674, 1.08963870537, 2.92027447944, 1.02625886989, 27.2914260594, 24265.5677927
4.47399439694, 1.25366362568, 0.895800268782, 0.98085940345, 2.95954428277, 1.18343176607, 5.43321463599, 0.972749800517, 1.09971016142, 5.91046246899, 2.98712474935, 0.978861738715, 1.76979805787, 0.828382967652, 1.04165670874, 1.47646384041, 1.08371128441, 1.07075307296, 9.46749499381, 1.0688410385, 0.936309986575, 230.537526806, 1.04415574493, 4.46651406967, 1.06476783569, 1.67762238101, 1.15222202419, 30.54968858, 8229.15905579
1.39964944191, 1.35454191908, 1.37512333345, 0.987508584852, 6.53192586097, 1.07778536759, 2.15593789061, 1.24591916129, 1.08808579473, 5.89152372719, 5.32351062054, 0.908186000919, 3.3024106146, 0.85132450612, 1.05012842667, 1.618880374, 1.13313017739, 1.16057808715, 5.56346912661, 1.15215692056, 0.854374781055, 202.207587991, 1.12835548607, 5.12777258523, 1.17192665761, 4.98649560353, 1.2287732084, 54.7301725225, 5972.01519871
1.90001739576, 1.03691609053, 0.74617344185, 1.11043611704, 4.42288936503, 0.724022109887, 5.89386883761, 1.20703903961, 0.908525746345, 3.18451335127, 3.2936711862, 0.980647266908, 4.19317962935, 0.820515510807, 0.834905934224, 1.33148649622, 1.08233359454, 0.99656538689, 8.90213819965, 0.96546416921, 0.882239876963, 104.304973128, 0.998138429488, 3.93794225361, 1.17208053829, 1.60622466766, 1.06860171174, 32.8126077127, 6855.41727427
5.917055729, 1.20421913122, 0.759446972562, 0.981963229121, 5.07316527392, 0.769724661074, 3.46715128797, 0.899694072502, 0.989502654855, 5.62014158806, 6.8446802695, 1.17204996191, 3.14737977722, 1.00443968397, 1.06999223505, 1.01343579797, 1.14815328417, 1.1089525662, 9.50627756064, 1.15269692229, 0.903477219624, 203.984749658, 1.14574535158, 4.010627584, 0.957463926352, 5.11368985744, 1.0611141615, 28.1113316421, 18934.4306776
5.07519561938, 1.19064141711, 1.61419666541, 0.815645188586, 4.31165726636, 0.904991215596, 2.64935460348, 0.870546268821, 0.921117815834, 2.19312752907, 4.33481307928, 1.02535830044, 2.8891814896, 0.996211079977, 1.01776992267, 1.18335156955, 1.02648006883, 1.08938409096, 3.85002206122, 1.00101773497, 0.993328846841, 364.176350342, 1.16761006526, 5.39164806762, 1.07059733992, 3.76382189085, 1.25706317831, 30.2898748827, 9408.36378799
3.0131561605, 1.35659599042, 1.56870281397, 1.19030206859, 4.20372217606, 0.771781054625, 1.86349019713, 0.824807127308, 0.979489026767, 2.38643994197, 3.6182575383, 0.813623688097, 4.8289133491, 0.940101637348, 0.883787817567, 1.36979033145, 1.0099681751, 0.939245210817, 6.29890080377, 1.07390434984, 0.946148643473, 243.6488065, 1.09347956983, 4.34623433077, 1.23765785732, 2.52912954313, 1.06942781129, 28.015487833, 48343.7192995
4.47399439694, 1.25366362568, 0.895800268782, 0.98085940345, 2.95954428277, 1.18269723478, 5.43321463599, 0.972749800517, 1.09971016142, 5.91046246899, 2.98712474935, 0.978861738715, 1.76979805787, 0.828382967652, 1.04165670874, 1.45746020366, 1.08371128441, 1.07075307296, 9.46749499381, 1.0688410385, 0.936309986575, 230.537526806, 1.04415574493, 4.46651406967, 1.06476783569, 1.67762238101, 1.15222202419, 28.3525746235, 17273.1488762
5.31609137659, 1.17103146402, 0.760968250769, 1.01550777239, 6.09911399025, 0.998529658756, 5.14460381607, 0.959972328636, 0.949919914855, 2.21860458051, 7.71459313565, 1.121430384, 1.28690680036, 1.03444688919, 0.938182970961, 1.47646384041, 1.08019551192, 1.09698123029, 4.56017641345, 0.967991076935, 0.857359503606, 161.403843622, 1.13156299552, 5.97313969321, 1.00858362132, 4.39407492655, 1.11741324585, 50.8195813469, 6185.74034368
5.1804684655, 1.29913633606, 0.779024688241, 1.19914503132, 1.9259234567, 0.787213549004, 4.74431006209, 1.00034684871, 1.02113364149, 5.90250933531, 3.4160232232, 0.895303166312, 3.91916546164, 1.02691915531, 0.808187437444, 1.4429135304, 1.16600652432, 1.22946881633, 7.19463521727, 1.1531389802, 0.990910122695, 364.176350342, 1.01222054673, 4.29838922054, 1.01527977814, 1.02356445337, 0.910008176672, 29.0311844608, 16508.7783999
5.16250672458, 1.07435551876, 1.38169026868, 0.863519503005, 4.57235776244, 0.770837983891, 4.21800797414, 1.19460468686, 1.08537656166, 3.07882179664, 7.78094133399, 1.02304216648, 3.17982710515, 0.901740400653, 1.06806875159, 1.62186315723, 1.00553606919, 0.918025532481, 8.20010663683, 1.1034623099, 0.76969993324, 11.9002772154, 1.0879996665, 4.78742263062, 1.03162346976, 5.22275383693, 0.904084131402, 30.1295435097, 10667.9111073
2.01681362569, 1.03074301938, 1.34890534673, 0.959773527368, 6.23916963956, 0.761403478902, 5.02218388066, 0.862774581524, 1.12946969545, 2.85522111373, 5.41586748949, 0.960933410726, 3.82599795053, 0.890592390152, 0.801498664905, 1.60545024639, 1.1268308999, 0.829054984414, 7.57433034039, 1.04722740647, 0.913415853079, 167.31625502, 0.945126580777, 5.93709237253, 1.11681071651, 3.99394712052, 0.998378064555, 41.3472376209, 6350.84016251
1.31691953488, 1.36563288962, 1.16380703337, 1.12961899361, 2.85178462177, 1.140264212, 3.05079524685, 1.25112101223, 0.90982827761, 5.45688829159, 4.16361621105, 0.945706328085, 1.50952204, 1.20227010182, 0.962406451807, 1.18972280896, 1.05764750581, 1.11105740903, 5.9372226715, 0.916312480537, 0.79256955606, 312.784497301, 1.05869089074, 2.95766230274, 1.08474221374, 3.08127526839, 1.01814940777, 31.3820945338, 8145.51930563
3.80823728683, 1.32960787812, 1.60515323761, 0.829022261171, 2.15449152839, 0.956022650422, 5.03630243318, 1.04277176933, 0.992251033544, 3.37794201107, 5.99161892098, 0.953879423622, 1.74053465589, 1.25546977651, 1.01462960415, 1.23274534671, 1.13136246169, 0.820227356331, 6.92490704137, 1.14829058941, 0.906475346491, 226.043767166, 0.847997830578, 5.24467146712, 1.14746319203, 1.45271293043, 1.16514985663, 32.2166646518, 7604.69186132
4.78224023534, 1.03461344617, 0.772527677282, 1.11841493231, 4.94583392646, 0.717257022261, 4.30233685074, 0.857153666203, 1.12206150294, 2.59834167939, 1.71446954141, 1.05557866865, 2.39222884348, 1.01672964959, 0.862596995615, 1.41129800896, 1.10428756376, 0.872423107827, 9.33862939763, 1.00551323598, 0.809839043935, 124.472802326, 1.10131618938, 4.90942388544, 1.17196991554, 3.42469289618, 1.1536818112, 33.193949032, 7912.95322582
