4.49364621745, 1.25304713685, 0.759446972562, 1.07833846517, 7.06179543901, 0.989261497832, 1.70609887139, 0.846817327379, 0.980824982308, 4.56149866769, 3.43137215979, 1.02814216444, 3.93740630734, 1.06860676547, 0.954369233119, 1.17522986438, 1.09497065908, 1.18758480156, 6.72822407826, 0.913748741094, 0.857014778456, 165.550532788, 1.05613869657, 5.19685132619, 1.18682214159, 5.09680736964, 0.999448300793, 7.69958715818, 34.8486665089
4.07084712532, 1.05815651544, 1.17658751959, 0.872162306118, 3.21467811037, 1.17847759262, 1.74984481514, 1.06644878701, 1.02862916621, 3.27386334736, 3.43638865947, 0.934138807299, 2.79031425605, 1.04061258477, 0.891402875094, 1.41452050297, 1.09674775842, 1.06505394601, 4.48731894472, 0.957972520519, 0.83210967178, 360.316628373, 1.1516483146, 1.11746665532, 1.00843298484, 2.79198755602, 1.2449878805, 10.8124478643, 74.0615584639
2.58135547313, 1.30553459365, 1.54941951195, 1.20075471619, 6.79362831822, 0.972522285597, 3.3527571051, 1.06142815018, 0.92553209187, 5.69847342891, 5.23680305057, 1.13273979604, 2.09314239734, 1.12171189754, 1.04131809781, 1.15593793943, 1.00799941367, 0.858292834828, 6.43878987254, 1.04971400231, 0.886863165577, 307.515917091, 1.02448053399, 2.04130596872, 1.21664746714, 3.15993770218, 1.11701749927, 15.6923756452, 143.091034379
5.917055729, 1.20421913122, 0.759446972562, 0.82475417899, 5.07316527392, 0.769724661074, 3.46715128797, 0.899694072502, 0.989502654855, 5.62014158806, 6.8446802695, 1.17204996191, 3.14737977722, 1.00443968397, 1.06999223505, 1.01343579797, 1.14815328417, 1.1089525662, 9.50627756064, 1.15952286636, 0.903477219624, 203.984749658, 1.14574535158, 4.31331641075, 0.957463926352, 5.11368985744, 1.03915490706, 11.9154643571, 762.010662436
4.78224023534, 1.03461344617, 0.772527677282, 1.11841493231, 4.94583392646, 0.713877046355, 3.35359925421, 0.857153666203, 1.12206150294, 2.59834167939, 1.71446954141, 1.05557866865, 2.39222884348, 1.01672964959, 0.862596995615, 1.41129800896, 1.09525928056, 0.872423107827, 9.33862939763, 1.00551323598, 0.809839043935, 124.472802326, 1.17593698905, 1.91944309221, 1.17196991554, 3.42469289618, 1.1536818112, 12.5555031213, 415.136706899
1.7940811936, 1.01031723147, 1.17189534875, 0.875500038686, 7.06615915315, 1.14926457713, 3.90636672804, 1.06644878701, 1.0841173419, 5.21214458777, 3.23458065891, 1.15041220353, 2.3054091564, 1.20242255207, 0.792552703981, 1.37153797866, 1.0536332239, 0.871304447019, 7.88518913246, 1.10220817298, 0.760090794754, 70.721258918, 1.15421643252, 2.05821054527, 1.1285772555, 2.11371175488, 1.08663850427, 13.728255745, 166.670058746
4.49364621745, 1.25304713685, 0.812440664048, 1.07833846517, 7.06179543901, 0.989261497832, 1.70609887139, 0.846817327379, 0.980824982308, 4.56149866769, 4.51258655062, 1.02814216444, 3.93740630734, 1.06860676547, 0.954369233119, 1.17522986438, 1.07319431814, 1.18758480156, 6.72822407826, 0.920739169483, 0.857014778456, 165.550532788, 1.05613869657, 5.19685132619, 1.1348214094, 5.09680736964, 1.20962871411, 14.7200925658, 170.363672067
5.99519738941, 1.42384065201, 1.38981764026, 1.20331594913, 1.65846868843, 0.724638581995, 5.89386883761, 1.13181065319, 1.10109747258, 3.56055381386, 4.29251058752, 0.843065678149, 2.34350243829, 1.14764328696, 0.901781445453, 1.07192829114, 1.06299372574, 0.960702525977, 9.08058063644, 0.96546416921, 0.816324327653, 193.410779376, 1.04781223924, 4.40275142837, 0.972603163127, 2.84703481322, 1.26908656601, 13.5211947663, 1381.29720701
1.90001739576, 1.03691609053, 0.74617344185, 1.16517601951, 4.42288936503, 0.724022109887, 5.89386883761, 1.20703903961, 0.908525746345, 3.18451335127, 3.2936711862, 0.980647266908, 4.19317962935, 0.820515510807, 0.834905934224, 1.33148649622, 1.08233359454, 0.99656538689, 8.90213819965, 0.96546416921, 0.925635900586, 104.304973128, 0.901492567259, 3.93794225361, 1.17208053829, 1.60622466766, 1.06860171174, 14.3504276093, 1192.12812297
5.1804684655, 1.29913633606, 1.00203202909, 1.19914503132, 1.9259234567, 0.787213549004, 4.74431006209, 1.00034684871, 1.02113364149, 5.90250933531, 3.4160232232, 0.895303166312, 3.91916546164, 1.02691915531, 0.808187437444, 1.4429135304, 1.16600652432, 1.22209299639, 7.19463521727, 1.1531389802, 0.990910122695, 204.979742926, 1.11048010546, 4.29838922054, 1.01527977814, 1.02356445337, 0.950588308821, 19.3348424998, 246.775217211
3.19329211931, 1.42633740449, 1.12843691152, 0.829297798956, 4.36683604839, 0.799811299631, 1.47214097193, 1.06644878701, 1.01834511655, 3.0047811304, 6.79373078463, 1.03805051204, 5.0677197787, 1.27426342281, 0.858822709532, 1.04181954233, 1.08021244245, 0.848771731578, 4.48172072458, 0.97740895225, 0.842778811966, 70.721258918, 0.929741766727, 3.03491121798, 0.994485993453, 4.05548419057, 1.12142946085, 18.2521680942, 342.944987249
1.21331340037, 1.00052172449, 0.885694934895, 0.881035666659, 3.0504174745, 1.03906637813, 4.97029505903, 0.911093133444, 1.01159656248, 1.35907442924, 5.69288624954, 0.810825296235, 2.48575781625, 1.03489777067, 0.96148351861, 1.14814451131, 1.04883976789, 1.17432008246, 3.07335348063, 1.08121937501, 0.959350697499, 76.0352960034, 1.12232607199, 5.96813845128, 1.10101987242, 3.53288721973, 0.930029689677, 18.6771298799, 306.077802159
1.7940811936, 1.01031723147, 1.17189534875, 0.875500038686, 7.06615915315, 1.14926457713, 3.90636672804, 0.823457137597, 1.0841173419, 5.21214458777, 3.23458065891, 1.15041220353, 2.3054091564, 1.20242255207, 0.792552703981, 1.37153797866, 1.0536332239, 0.871304447019, 7.88518913246, 1.10220817298, 0.760090794754, 19.4575050333, 1.15421643252, 5.40917146626, 1.1285772555, 2.11371175488, 0.935226683405, 24.0791912961, 286.512419902
1.06368157806, 1.25160954039, 1.58063966243, 0.806250262025, 4.96546281873, 1.01803406342, 1.85405578323, 1.16611689537, 0.939991748254, 4.17114516244, 4.95515756861, 1.08060706702, 2.72204298531, 1.11734205183, 1.04569602136, 1.28391510999, 1.00335419211, 1.16585772731, 3.35476746667, 1.06239967813, 0.938788949099, 84.9483361172, 0.913608059085, 5.87618387253, 0.978607939868, 3.52861745762, 1.08561982533, 14.2261539763, 1558.13405975
3.47256185935, 1.00596360525, 1.5000903259, 1.13130246393, 6.88036766758, 0.905343762986, 3.84254787841, 1.04229382958, 1.02300532671, 2.29076687037, 2.0963213901, 1.02826254865, 2.1035882792, 0.869609007759, 0.819759391386, 1.56805187105, 1.00424846105, 0.829996490784, 8.94316763721, 1.09482985685, 0.796745615974, 207.03498355, 0.882046585847, 2.15107754476, 1.10474564369, 4.27794160264, 1.29659092063, 15.1485763675, 1040.04852322
4.91597866388, 1.03156239436, 1.00364390947, 0.997580191068, 1.91150102326, 0.719599723939, 5.92013985554, 0.872790410696, 1.06314313135, 4.0728315531, 3.66135189369, 1.21100446721, 1.24710658147, 0.829844445081, 1.07792562838, 1.10676123852, 1.04565737956, 0.83201564968, 9.53964575199, 1.17165436451, 0.97701517534, 59.4376459908, 1.16733735031, 2.80218319463, 1.16238287522, 2.80218636899, 1.21660912933, 16.2124930126, 480.068878003
5.99519738941, 1.42384065201, 1.38981764026, 1.20331594913, 1.65846868843, 0.724638581995, 5.91429798812, 1.13181065319, 1.10109747258, 3.56055381386, 4.29251058752, 0.843065678149, 2.34350243829, 1.14764328696, 0.878829842324, 1.07192829114, 1.06299372574, 0.960702525977, 8.00066937587, 0.948069155015, 0.816324327653, 193.410779376, 1.04781223924, 4.40275142837, 0.972603163127, 2.84703481322, 1.26908656601, 14.3170804545, 1900.47465436
1.06419929448, 1.28641014875, 1.58063966243, 0.86106633722, 6.9577199613, 1.01803406342, 1.85405578323, 1.15574275038, 0.939991748254, 6.16765811606, 7.31631936358, 1.08060706702, 2.72204298531, 1.11734205183, 1.04569602136, 1.28391510999, 1.00335419211, 1.16585772731, 3.35476746667, 1.06239967813, 0.938788949099, 150.798813994, 1.17131916048, 4.52457510607, 1.0034557157, 3.52861745762, 1.08561982533, 17.4007437252, 637.659022899
5.69793877672, 1.23570877179, 1.0271862839, 0.914397899857, 6.8358431968, 0.753547567252, 2.48324516163, 1.21045423249, 0.925635410098, 4.78469233132, 6.84239393115, 1.19759925398, 1.49601449159, 0.857432261464, 0.807116946949, 1.31595380533, 1.076463101, 1.17551780931, 8.50694910009, 0.934493899103, 0.908458934984, 358.488267802, 1.04706054687, 2.62018212526, 1.04391919918, 4.46606061557, 1.26431411584, 31.3642685741, 467.33792407
5.06417397771, 1.15996637921, 1.37512333345, 0.979574464125, 3.07848296478, 0.792577387509, 3.25237896453, 1.24591916129, 1.09744013283, 1.33500739684, 5.32351062054, 0.894012559436, 4.88902411818, 1.23818711218, 0.839902733923, 1.12040895384, 1.08580177333, 0.829054984414, 9.69907263303, 0.925757514203, 0.802495944434, 123.42050217, 1.07314685007, 2.7650998741, 0.958315663297, 1.68069660154, 1.04843821406, 16.3243812805, 1201.80045834
3.47256185935, 1.00596360525, 1.5000903259, 1.13130246393, 6.88036766758, 0.936366699806, 3.84254787841, 1.04229382958, 0.952091319721, 1.38761086992, 2.0963213901, 1.02826254865, 2.1035882792, 0.8840582352, 0.819759391386, 1.56805187105, 1.00424846105, 0.829996490784, 4.58116248189, 1.09482985685, 0.796745615974, 207.03498355, 0.882046585847, 2.15107754476, 1.10474564369, 4.27794160264, 1.29659092063, 15.4205886806, 3034.80975793
5.15907164887, 1.37772254624, 1.27209148706, 1.05308725862, 1.91060224316, 1.03649685261, 5.44146898729, 1.22594668209, 0.902785560317, 2.84458208698, 2.73653174448, 1.0111754494, 4.46274332936, 1.16195098929, 1.05210078162, 1.49204292516, 1.0629155761, 0.824231289378, 6.37804282585, 0.919533381861, 0.961196607903, 394.703985709, 1.04260481675, 2.89564735977, 1.18617352135, 1.23457757025, 1.19782019444, 21.6738958175, 756.71301798
4.27321957205, 1.07435551876, 1.38169026868, 0.863519503005, 4.57235776244, 0.770837983891, 4.21800797414, 1.19460468686, 1.08537656166, 4.47569380357, 7.78094133399, 1.02304216648, 3.17982710515, 0.850617766392, 1.06806875159, 1.62186315723, 1.00553606919, 0.918025532481, 8.20010663683, 1.1034623099, 0.76969993324, 11.9002772154, 1.0879996665, 4.78742263062, 1.03162346976, 5.31080224861, 0.904084131402, 16.4528192836, 1379.81950361
1.05568181282, 1.42242930276, 1.44959778542, 1.01681036336, 4.51246922599, 1.11915756701, 4.73091866324, 1.12433113813, 1.07207255049, 4.43053667457, 1.5844192053, 0.823524038096, 1.45360035301, 1.12353023169, 0.994766666395, 1.61141296005, 1.15894075193, 0.899523886592, 6.77166820397, 1.05362427792, 0.767904331029, 346.994819469, 1.09183437437, 3.29401327882, 1.14896876721, 2.11021965212, 0.909693656465, 15.805012461, 2573.82600439
4.07084712532, 1.05815651544, 1.17658751959, 0.872162306118, 3.21467811037, 1.17847759262, 1.74984481514, 1.20056625097, 1.13817341848, 3.27386334736, 3.43638865947, 0.934138807299, 2.79031425605, 1.04061258477, 0.891402875094, 1.41452050297, 1.09674775842, 1.06505394601, 4.48731894472, 0.957972520519, 0.83210967178, 360.316628373, 1.1516483146, 1.11746665532, 1.00843298484, 2.79198755602, 0.999448300793, 21.8460751452, 1031.27880339
4.62387157269, 1.42053521975, 1.38189552978, 0.891251320815, 2.39438151269, 1.09382278811, 3.17675212981, 0.847896349077, 0.987392299623, 2.1512684817, 5.98747098691, 0.920270289937, 3.82666965121, 1.01252380988, 0.790847880229, 1.06318273059, 1.08279851643, 1.0532047446, 5.6552512022, 1.18484072334, 0.989760356447, 275.055918096, 1.02632437364, 2.75587281566, 1.18640474697, 4.25993048901, 0.922277789254, 20.2520946563, 1166.84179325
4.89763635155, 1.05934732024, 1.41803926706, 1.20865464109, 6.13676141798, 0.905487769749, 4.48098664323, 1.20210639182, 1.00978199869, 1.88251495504, 7.70432556856, 1.19342220762, 4.62379982515, 1.06789927609, 1.07371496479, 1.46887245266, 1.0678720096, 0.837130906799, 3.02247781935, 1.16328171556, 0.832393410623, 136.050999345, 0.876816951695, 1.97150169269, 0.987374784265, 1.27976134992, 1.27869731629, 27.9757355927, 883.220379653
1.31691953488, 1.36563288962, 1.16380703337, 1.12961899361, 2.85178462177, 1.140264212, 3.05079524685, 1.12225879815, 0.90982827761, 5.45688829159, 4.16361621105, 0.945706328085, 1.50952204, 1.20227010182, 0.962406451807, 1.18972280896, 1.05764750581, 1.11105740903, 5.9372226715, 0.916312480537, 0.79256955606, 312.784497301, 1.05869089074, 2.95766230274, 1.08474221374, 3.08127526839, 0.958102855831, 31.6473945563, 820.056374649
4.78145182501, 1.18939905677, 1.59706441929, 0.829714324231, 2.92943621166, 1.13062788335, 3.1303233627, 1.19874675619, 1.08569209871, 2.20469674779, 2.22259597328, 1.05175812286, 2.59700690847, 0.963531068117, 0.835495862113, 1.0353789575, 1.04663478123, 1.203517004, 7.74526962096, 1.14753349511, 0.772018797689, 390.001422301, 0.868188772579, 2.47921336984, 1.22937584411, 4.68286640189, 0.984572422175, 17.8611271703, 1773.30623573
4.45926895145, 1.32960787812, 1.15523948959, 1.09752245847, 2.89351131328, 0.920490050848, 2.52492854319, 1.01837296223, 1.02201426243, 5.43172289026, 6.46920596109, 1.10330802759, 4.5531794527, 1.27348082804, 1.03520466039, 1.59449227009, 1.02572480044, 1.12551412768, 7.30991500061, 1.17831588718, 0.766328000695, 226.043767166, 1.19194757398, 2.70530061147, 1.17757374521, 3.56857974412, 1.20316642236, 22.4378203156, 1188.93915802
1.05568181282, 1.42242930276, 1.44959778542, 1.01681036336, 4.51246922599, 1.11915756701, 4.73091866324, 1.12433113813, 1.07207255049, 4.43053667457, 1.5844192053, 0.823524038096, 1.45360035301, 1.12353023169, 0.994766666395, 1.06318273059, 1.15894075193, 0.899523886592, 6.77166820397, 0.993447239506, 0.767904331029, 346.994819469, 1.1469874845, 3.29401327882, 1.14896876721, 2.11021965212, 0.909693656465, 16.4262945991, 3055.10374003
3.07536615109, 1.2123638233, 1.71018259099, 0.930177825778, 5.72337847381, 0.836725205146, 1.56390727921, 0.875567323918, 0.906145811882, 2.42920913226, 3.34832756793, 0.843563515822, 3.11745025959, 0.960791106914, 1.02081534306, 1.35277258533, 1.15358076412, 1.13559992756, 8.95250606671, 1.18297204799, 0.850790514628, 126.321307492, 1.07298294942, 5.0035804967, 1.22516678386, 3.35989085498, 0.969020161628, 19.06467344, 1708.43529612
5.49960376683, 1.29475813383, 1.66115876294, 0.896332550524, 2.90318614481, 0.720264280033, 2.29210593198, 0.889854080488, 1.105405916, 2.09406445475, 6.80362739662, 1.04753446572, 1.4969988917, 1.15784052256, 0.951110512925, 1.38312633606, 1.16015240107, 0.931216107081, 9.80751537032, 0.967011914553, 0.800501283502, 311.898055992, 1.12750660308, 1.15524758312, 0.999425877191, 4.72236795735, 1.02316320663, 16.7543286434, 3138.81436213
3.13512557991, 1.2123638233, 1.71018259099, 0.930177825778, 6.01578349079, 0.836725205146, 1.56390727921, 1.04331712817, 0.906145811882, 2.51155139873, 2.70684583379, 0.843563515822, 3.11745025959, 0.960791106914, 1.02081534306, 1.35277258533, 1.03939867546, 1.13559992756, 8.95250606671, 1.18297204799, 0.850790514628, 126.321307492, 1.09840786705, 5.0035804967, 1.22516678386, 3.35989085498, 0.969020161628, 17.0228039297, 3527.69750979
3.39647158216, 1.37772254624, 1.27209148706, 1.05308725862, 1.91060224316, 0.869742381588, 5.44146898729, 1.1781987523, 0.902785560317, 2.84458208698, 2.73653174448, 1.0111754494, 4.46274332936, 1.04383569313, 0.924298118995, 1.06921682367, 1.0629155761, 0.824231289378, 6.37804282585, 0.919533381861, 0.961196607903, 394.703985709, 1.04260481675, 2.89564735977, 1.18617352135, 1.23457757025, 1.19782019444, 17.0354817748, 3584.20781211
5.23333580772, 1.10441186962, 0.831719295474, 1.17601759323, 4.70806199413, 0.868058815547, 4.90194493159, 1.21248531016, 1.13763049804, 2.61360734807, 3.47454102816, 1.1799939817, 2.78882264514, 1.22696859517, 0.813788625572, 1.25145234737, 1.12280583608, 0.943085479516, 4.47424888308, 0.978922193412, 0.979152598781, 281.52907618, 1.19975328055, 1.52761051373, 1.20604985528, 1.08985044644, 1.06360323166, 18.9708925478, 2802.40822444
3.24097202106, 1.41761851011, 1.07320031129, 0.956608148874, 4.89463935875, 0.795636009209, 2.32447841893, 1.14755882208, 1.07281299845, 5.85263678178, 2.03197638784, 0.903821591484, 2.35349203121, 0.86207302811, 0.9226440356, 1.08418758923, 1.03133192454, 0.892772655812, 4.68140211664, 1.00008609503, 0.9764868129, 406.015330225, 0.864936172418, 5.562733163, 1.07343054959, 3.80399296656, 1.19145999725, 18.212070586, 3323.99400797
1.33326751681, 1.12749385075, 1.07780440155, 1.11280581425, 5.16530195251, 1.08247032403, 3.68401203958, 1.25551521885, 1.03140037491, 2.7302134066, 5.24600829157, 1.10953318987, 4.19227915818, 0.826093872686, 0.793825039981, 1.09456469952, 1.00536021034, 1.03141695452, 9.99723019372, 0.93094202363, 0.797049349644, 190.363813588, 1.09753932104, 4.57033818594, 1.19835414784, 3.44329252375, 0.9701932666, 22.960358847, 1410.44190462
4.14742589198, 1.32270415844, 1.66099839469, 1.02759949051, 2.3420332749, 1.03649685261, 1.82172957638, 1.15214949532, 0.964384017584, 5.36896211893, 2.92460678616, 0.822246808177, 2.08247371149, 1.13902331856, 0.947705862657, 1.49204292516, 1.04883078934, 1.11385746206, 7.50892741691, 0.979701284306, 0.841268068383, 371.00161969, 1.1796505505, 5.37086451499, 1.00588722799, 4.22057248786, 1.23333580306, 36.2260360637, 1279.00560847
5.23333580772, 1.10441186962, 0.831719295474, 1.17601759323, 4.70806199413, 0.868058815547, 4.90194493159, 1.21248531016, 1.13763049804, 2.61360734807, 3.47454102816, 1.1799939817, 2.78882264514, 0.969466315739, 0.813788625572, 1.25145234737, 1.12280583608, 0.943085479516, 4.47424888308, 0.978922193412, 0.979152598781, 281.52907618, 1.19975328055, 1.52761051373, 1.20604985528, 1.08985044644, 1.04636337882, 19.7814141238, 1931.47036723
1.33326751681, 1.12749385075, 1.07780440155, 1.11280581425, 5.16530195251, 0.798760096041, 3.68401203958, 1.25551521885, 1.06343580111, 2.7302134066, 5.24600829157, 1.10953318987, 4.19227915818, 0.826093872686, 0.793825039981, 1.09456469952, 1.02089927349, 0.851434107769, 9.99723019372, 0.93094202363, 0.772407410372, 233.261788711, 1.09753932104, 4.57033818594, 1.19835414784, 3.1052973369, 1.00601481801, 17.8345585611, 3681.43791475
4.68638963866, 1.08207144333, 1.42992034293, 1.09518943044, 2.76139778275, 0.985918021425, 1.53973266259, 1.2026301717, 1.13557951702, 2.4549134628, 6.96514731447, 0.82270652443, 4.35519503832, 1.07850093325, 0.980636576936, 1.50118370919, 1.04937249965, 1.05262040696, 9.99397031097, 1.12790095967, 0.776046779012, 245.666198568, 1.17135222677, 1.29993305735, 1.09280766939, 4.73444556887, 1.22346956875, 25.7818701259, 1397.01174451
5.66119050768, 1.36881891189, 1.19245718522, 0.921963529315, 4.59212858888, 0.904834555236, 1.28638435119, 1.10887169724, 1.12775267169, 1.52645488773, 2.94740095789, 1.17416852017, 3.65713649101, 1.07991192738, 0.781126463119, 1.10283655945, 1.1167397607, 1.14399090756, 5.25402342721, 1.06668088027, 0.861248417668, 368.564931968, 1.15082167769, 4.16175111593, 1.04141907695, 1.90957215419, 1.02272420726, 23.9043259191, 1424.13661012
4.78224023534, 1.03461344617, 1.52679593186, 1.11841493231, 2.52938418167, 0.713877046355, 3.35359925421, 0.857153666203, 1.12206150294, 4.02323974082, 1.71446954141, 1.05557866865, 2.39222884348, 1.01672964959, 0.830855328147, 1.41129800896, 1.09525928056, 0.872423107827, 9.33862939763, 1.00551323598, 0.809839043935, 124.472802326, 1.17593698905, 1.32225502425, 1.17242797648, 3.42469289618, 1.1536818112, 24.0751493565, 1442.59262121
4.07084712532, 1.05815651544, 1.17658751959, 0.872162306118, 3.21467811037, 0.78024234204, 1.74984481514, 1.20416273986, 1.1269384604, 1.45165753156, 3.43638865947, 0.934138807299, 2.37620646912, 1.04061258477, 0.891402875094, 1.41452050297, 1.09674775842, 1.06505394601, 4.48731894472, 0.957972520519, 0.83210967178, 404.554500188, 1.1516483146, 1.11746665532, 1.09185482541, 2.79198755602, 1.2449878805, 18.146188055, 4781.0692383
3.55032033926, 1.34230640452, 0.967904776423, 1.13871604439, 3.51485495421, 0.747871605721, 1.45014890732, 1.25705431166, 0.905412690855, 2.51502465514, 6.71926566139, 1.04444890651, 2.19030390364, 1.07913544363, 0.980175589599, 1.60674384222, 1.07023912505, 1.14164887906, 8.7092067166, 1.03548361849, 0.837682892014, 125.593673273, 1.14770670656, 5.26795152644, 1.0222923118, 4.05608680464, 1.27856316901, 21.2518468372, 2175.42898473
5.1804684655, 1.35986350783, 1.00203202909, 1.21066631369, 1.9259234567, 0.787213549004, 4.74431006209, 1.00034684871, 1.12222218827, 6.17884635112, 3.4160232232, 0.895303166312, 3.91916546164, 1.02691915531, 0.96148351861, 1.4429135304, 1.16600652432, 1.22209299639, 7.19463521727, 1.1531389802, 0.990910122695, 204.979742926, 1.11048010546, 4.29838922054, 1.10773145631, 1.02356445337, 0.950588308821, 20.5386415572, 2651.3164785
5.54413527584, 1.23570877179, 1.19685323532, 0.914397899857, 6.8358431968, 0.753547567252, 2.48324516163, 1.21045423249, 0.925635410098, 4.78469233132, 6.84239393115, 1.21435937149, 1.49601449159, 0.857432261464, 0.864875193547, 1.31595380533, 1.16392740433, 1.17551780931, 8.50694910009, 0.934493899103, 0.908458934984, 358.488267802, 1.1678746814, 2.62018212526, 1.04391919918, 4.31772004143, 1.26431411584, 18.2454540777, 6255.10877647
5.51284148682, 1.23349040431, 1.55585481942, 1.14971876241, 1.66241553285, 0.798760096041, 5.29379389511, 1.14041002189, 0.997995751661, 2.33085896616, 6.61144498574, 0.862328202874, 2.05539369141, 1.17542140776, 0.984063676577, 1.2981071674, 1.09631598021, 1.154218032, 4.30469439107, 1.04361746377, 0.767358672012, 409.864353791, 0.848344746888, 4.07031087292, 1.05745488093, 4.98170981291, 1.10756112984, 22.0398328547, 2196.36706784
5.23333580772, 1.10441186962, 0.831719295474, 1.17601759323, 4.70806199413, 0.868058815547, 4.90194493159, 1.21248531016, 1.12629507234, 2.61360734807, 3.47454102816, 1.03706171296, 2.78882264514, 0.969466315739, 0.813788625572, 1.25145234737, 1.12280583608, 0.943085479516, 4.47424888308, 0.978922193412, 0.979152598781, 281.52907618, 1.19975328055, 5.17177086812, 1.20604985528, 1.08985044644, 1.04636337882, 22.2560857828, 2513.47662713
5.31609137659, 1.17103146402, 0.760968250769, 1.01550777239, 6.09911399025, 0.998529658756, 5.14460381607, 0.959972328636, 1.09971016142, 2.21860458051, 7.71459313565, 1.121430384, 1.28690680036, 1.03444688919, 0.938182970961, 1.51327320498, 1.08019551192, 1.11118058918, 4.56017641345, 0.967991076935, 0.857359503606, 230.537526806, 0.841296059051, 5.97313969321, 1.00858362132, 4.39407492655, 1.11741324585, 21.6810835783, 2740.72728418
5.93038157171, 1.39021485867, 1.16581858015, 1.02767856259, 2.72716303013, 1.17891857743, 3.9928528672, 1.12544100869, 1.04323654252, 2.80779738442, 4.84249630406, 0.837298785365, 1.6467051733, 0.911790027694, 0.922876709696, 1.19289410182, 1.12267506142, 0.82599298342, 4.17918336216, 0.978950886546, 0.979244271621, 39.0728903475, 1.00529547149, 4.24066896463, 0.974206840425, 4.41628781958, 1.22322783057, 18.8981053752, 7349.70744585
2.39675990584, 1.42962445526, 1.19574659433, 1.16958838214, 6.99905914267, 1.0403058798, 4.48098664323, 0.9240833495, 0.935596702717, 1.98722758061, 5.66892942469, 1.00359268282, 4.7922312388, 0.941157897757, 0.861906490012, 1.0753882973, 1.08780670591, 1.21383544963, 6.78823954426, 1.03924080285, 0.907721809285, 284.031414925, 1.06809015398, 5.47129354463, 1.17988500015, 5.23222912674, 1.27869731629, 36.0075652347, 1688.34622382
4.07084712532, 1.05815651544, 1.17658751959, 0.872162306118, 3.21467811037, 1.17847759262, 1.74984481514, 1.24407848363, 1.1269384604, 3.27386334736, 3.43638865947, 0.934138807299, 2.37620646912, 1.04061258477, 0.891402875094, 1.41452050297, 1.09674775842, 1.06505394601, 4.48731894472, 0.957972520519, 0.83210967178, 360.316628373, 1.1516483146, 1.11746665532, 1.00843298484, 2.79198755602, 1.2449878805, 21.1079249328, 3132.96539514
1.59885159132, 1.34648776794, 0.969384162561, 1.06413818923, 6.20547344921, 1.00936880859, 3.89899618905, 0.873456672182, 0.969215117057, 4.17225488139, 5.18268466218, 1.04325197841, 1.34666616694, 0.920868520379, 0.983545564251, 1.04713714904, 1.15555902677, 1.14316741942, 6.05645997517, 1.16568598731, 0.996885106838, 212.628600391, 1.18037197518, 4.4497525572, 1.15145447734, 4.27672814429, 0.946127211363, 22.5788737611, 2219.39161328
4.68638963866, 1.08207144333, 1.42992034293, 1.09518943044, 2.76139778275, 0.985918021425, 1.53973266259, 1.2026301717, 1.13557951702, 2.4549134628, 6.96514731447, 0.82270652443, 4.35519503832, 1.07850093325, 0.980636576936, 1.50118370919, 1.04937249965, 1.05262040696, 9.99397031097, 1.12790095967, 0.776046779012, 245.666198568, 1.17135222677, 1.29993305735, 1.09280766939, 4.73444556887, 1.22346956875, 19.2338447116, 6175.25412641
4.8811744423, 1.0853935438, 1.49060096, 0.803721359764, 2.79427218119, 0.781321365161, 2.46421464072, 1.18926323251, 0.916541910247, 3.31351322867, 1.63669542224, 1.19174371171, 1.86847751741, 0.93445168298, 0.797834075524, 1.0791401893, 1.16477630286, 0.959993647836, 7.18849190336, 1.09697785811, 0.850161542536, 93.6913008055, 1.10717302375, 5.10596503588, 1.20297357902, 4.54634587332, 0.892300135814, 28.4400299388, 1845.51514686
5.99519738941, 1.42384065201, 1.38981764026, 1.20331594913, 1.65846868843, 0.724638581995, 5.91429798812, 1.13181065319, 1.10109747258, 3.56055381386, 4.29251058752, 0.843065678149, 2.34350243829, 1.14764328696, 0.878829842324, 1.07192829114, 1.06299372574, 0.960702525977, 8.00066937587, 0.948069155015, 0.816324327653, 193.410779376, 1.04781223924, 4.40275142837, 0.972603163127, 2.84703481322, 1.26908656601, 45.5309698632, 1766.42288147
3.19329211931, 1.42633740449, 1.12843691152, 1.10797775379, 4.36683604839, 0.900489385929, 1.47214097193, 1.06644878701, 1.01834511655, 3.0047811304, 6.79373078463, 1.03805051204, 5.0677197787, 1.27426342281, 0.858822709532, 1.04181954233, 1.08021244245, 0.848771731578, 4.48172072458, 0.97740895225, 0.842778811966, 156.205695393, 0.929741766727, 2.51138568278, 0.994485993453, 4.05548419057, 1.02371609271, 32.0354591062, 1882.58977424
5.56210481065, 1.3745958723, 0.730943978995, 1.21949131675, 3.78015344731, 0.999717737397, 5.60613605389, 1.00008268873, 0.991580455967, 5.79445315058, 6.75798000118, 1.15586203152, 3.60908019741, 0.946199187039, 0.951666740133, 1.28294371067, 1.14247936751, 0.86972983966, 7.17944274757, 1.05668369396, 0.78732463489, 171.04637294, 1.09577355816, 2.59382232128, 1.16628052261, 4.6357469116, 1.26447239743, 28.9078685628, 2082.8336319
3.93014004673, 1.30435338596, 1.63001575098, 1.07522607854, 2.54523982648, 0.736875109706, 4.43268691157, 0.867782900017, 0.982705830712, 2.81785402834, 3.9578571761, 0.96806688675, 3.38882123884, 0.907137382895, 0.79801166114, 1.20013835127, 1.16555773606, 1.05408623838, 3.75025685068, 1.18124804505, 0.961052762859, 86.2732545001, 0.87935882465, 1.97399064983, 1.01129597464, 3.13162104409, 1.1502958168, 20.9934835101, 3910.68345828
4.5026719112, 1.20261551387, 1.38844926132, 0.986264824925, 6.44564375678, 1.0542980292, 4.55100568134, 0.881999410416, 1.04591492045, 3.35048251095, 4.54612567076, 1.21461284658, 2.83062856748, 1.12158837853, 0.878195974747, 1.41709208325, 1.0083356811, 0.996278274156, 7.89164841225, 0.991610372159, 0.800676156463, 319.509395319, 1.04181231867, 1.3204890554, 0.978831524735, 2.33171331793, 1.20357735989, 31.0638042016, 2117.54892229
4.27321957205, 1.07435551876, 1.38169026868, 0.863519503005, 4.57235776244, 0.770837983891, 4.21800797414, 1.19460468686, 1.08537656166, 3.07882179664, 7.78094133399, 1.02304216648, 3.17982710515, 0.901740400653, 1.06806875159, 1.62186315723, 1.00553606919, 0.839121030351, 8.20010663683, 1.11420099593, 0.76969993324, 11.9002772154, 1.09753932104, 4.78742263062, 1.0209610052, 5.22275383693, 0.904084131402, 20.9905748821, 5072.85992645
4.07084712532, 1.05815651544, 1.17658751959, 0.803721359764, 3.21467811037, 0.78024234204, 1.74984481514, 1.20416273986, 1.0935299048, 1.40050712213, 4.3491814027, 0.934138807299, 3.11958822398, 1.04061258477, 0.891402875094, 1.41452050297, 1.11975293432, 1.06505394601, 4.48731894472, 0.957972520519, 0.83210967178, 404.554500188, 1.1516483146, 1.48253525889, 1.09185482541, 1.64543239831, 1.2449878805, 24.4420870841, 2522.93052604
4.8811744423, 1.0853935438, 1.49060096, 0.803721359764, 2.79427218119, 0.781321365161, 2.46421464072, 1.21228170188, 0.916541910247, 3.31351322867, 1.60765232361, 1.19174371171, 1.86847751741, 0.977505543592, 0.797834075524, 1.0791401893, 1.16594989961, 0.959993647836, 7.18849190336, 1.09697785811, 0.850161542536, 93.6913008055, 1.10717302375, 5.10596503588, 1.20297357902, 4.54634587332, 0.892300135814, 23.5716378311, 2942.63636798
3.07536615109, 1.2123638233, 1.71018259099, 0.930177825778, 5.72337847381, 0.836725205146, 1.56390727921, 1.04331712817, 0.962708786404, 2.51155139873, 2.70684583379, 0.843563515822, 2.97738163387, 0.960791106914, 1.02081534306, 1.35277258533, 1.15358076412, 1.13559992756, 8.95250606671, 1.18297204799, 0.850790514628, 90.8391918889, 1.07298294942, 5.0035804967, 1.22516678386, 3.35989085498, 0.969020161628, 21.2254388983, 5011.61047888
1.06419929448, 1.28641014875, 1.58063966243, 0.806250262025, 4.96546281873, 1.01803406342, 1.85405578323, 1.15574275038, 0.939991748254, 4.17114516244, 7.58675209904, 1.08060706702, 2.72204298531, 1.11734205183, 1.04569602136, 1.28391510999, 1.00335419211, 1.16585772731, 3.35476746667, 1.06239967813, 0.938788949099, 150.798813994, 0.913608059085, 4.52457510607, 1.0034557157, 3.52861745762, 1.08561982533, 30.6111423288, 2503.78209731
5.73103933091, 1.35509124725, 1.70628573951, 1.21367103209, 2.29870738822, 1.09239739019, 3.18540705818, 0.938786076805, 1.07219121406, 5.18784265495, 7.29110578235, 1.04853171981, 4.80709055667, 0.821266300694, 0.780626650052, 1.2195145016, 1.06802742883, 1.22436442836, 7.6227546523, 0.916004585089, 0.773011793893, 118.445707233, 1.01101626543, 1.82039419821, 0.992595864409, 5.35102724438, 0.958899819555, 21.4997518083, 4827.82999032
3.24728375991, 1.03005668462, 1.47313150551, 1.1885339943, 6.66966706762, 1.16878437462, 3.13490130249, 0.939704078792, 1.00526997206, 4.14008761331, 4.40191661937, 0.836348267698, 3.16060855186, 0.911588569417, 0.880913871841, 1.079167556, 1.02839480545, 0.92161769496, 7.7258408519, 0.977722046893, 0.800539327706, 84.9483361172, 0.972140429135, 1.08885311124, 0.975026798293, 3.89663468978, 1.23301257061, 22.4355686111, 3375.9671453
1.33326751681, 1.12749385075, 1.07780440155, 1.11280581425, 5.16530195251, 1.08247032403, 3.68401203958, 1.25551521885, 1.03140037491, 2.7302134066, 5.24600829157, 1.10953318987, 4.19227915818, 0.826093872686, 0.793825039981, 1.09456469952, 1.02089927349, 0.851434107769, 9.99723019372, 0.93094202363, 0.772407410372, 233.261788711, 1.09753932104, 4.57033818594, 1.19835414784, 3.1052973369, 0.9701932666, 26.7476557129, 2773.43303108
4.27321957205, 1.07435551876, 1.38169026868, 0.863519503005, 4.57235776244, 0.770837983891, 4.21800797414, 1.19460468686, 1.08537656166, 3.07882179664, 7.78094133399, 1.02304216648, 3.17982710515, 0.901740400653, 1.06806875159, 1.62186315723, 1.00553606919, 0.918025532481, 8.20010663683, 1.1034623099, 0.76969993324, 11.9002772154, 1.0879996665, 4.78742263062, 1.03162346976, 5.22275383693, 0.904084131402, 23.8869365313, 3183.24952697
1.33326751681, 1.12749385075, 1.07780440155, 1.11280581425, 5.16530195251, 1.08247032403, 3.68401203958, 1.25551521885, 1.03140037491, 2.7302134066, 5.24600829157, 1.10953318987, 4.19227915818, 0.826093872686, 0.793825039981, 1.06732551523, 1.02089927349, 0.918025532481, 9.99723019372, 0.937894468005, 0.772407410372, 233.261788711, 1.0879996665, 4.57033818594, 1.19835414784, 3.1052973369, 0.9701932666, 21.5026691856, 8294.21688883
3.63615283986, 1.15643586899, 0.817268050351, 0.812596487219, 6.6373610778, 0.843604218416, 3.86625129689, 0.82333634236, 0.953183059614, 5.91381537963, 4.67641208359, 1.21607394536, 2.50676376841, 0.930545890848, 0.921763322599, 1.33553121975, 1.08053199154, 1.088324205, 5.00643657003, 0.914544573716, 0.92545781974, 145.474491722, 0.896068431922, 4.92026816466, 1.10346155066, 3.45501378057, 1.23445554248, 21.7814170226, 5777.72388895
3.47256185935, 1.16455553034, 1.53696008239, 1.13130246393, 6.88036766758, 0.905343762986, 3.84254787841, 1.21248531016, 1.02300532671, 2.05099756096, 2.0963213901, 1.02826254865, 2.1035882792, 0.869609007759, 0.819759391386, 1.56805187105, 1.00120488667, 0.829996490784, 8.94316763721, 1.09482985685, 0.796745615974, 296.092495896, 0.882046585847, 2.15107754476, 1.10474564369, 4.27794160264, 1.29659092063, 21.975052276, 5122.18129033
2.18422172808, 1.33397318893, 1.34007209316, 1.18342840048, 4.45979062427, 0.957600811304, 2.25432561844, 1.01125746575, 0.967876571181, 3.48365771467, 3.95626812046, 0.830059387705, 1.83982558859, 1.06868564646, 0.991967448431, 1.33461150837, 1.15222340013, 1.2001350611, 3.61861491834, 0.950785366053, 0.882003373285, 408.904505963, 0.991765012079, 1.4030783131, 1.16039893411, 3.23682753047, 1.29346198324, 28.8878817945, 2832.26940828
1.7940811936, 1.01031723147, 1.17189534875, 0.875500038686, 7.06615915315, 1.14926457713, 3.90636672804, 0.823457137597, 1.0841173419, 5.21214458777, 7.22157012585, 1.15041220353, 2.3054091564, 1.20242255207, 0.792552703981, 1.37153797866, 1.0536332239, 0.871304447019, 7.88518913246, 1.10220817298, 0.760090794754, 19.4575050333, 1.15421643252, 5.40917146626, 1.1285772555, 2.11371175488, 0.935226683405, 31.6581759824, 2709.17837716
1.31691953488, 1.36563288962, 1.16380703337, 1.12961899361, 2.89351131328, 1.140264212, 3.05079524685, 1.12225879815, 0.90982827761, 5.45688829159, 4.16361621105, 0.945706328085, 1.50952204, 1.20227010182, 0.962406451807, 1.18972280896, 1.05764750581, 1.11105740903, 5.9372226715, 0.916312480537, 0.79256955606, 312.784497301, 1.05869089074, 2.95766230274, 1.08474221374, 3.08127526839, 0.958102855831, 22.4123487069, 4859.44506262
4.18626127832, 1.20507387421, 1.20385252519, 1.12854620027, 5.74674505798, 0.852584703661, 2.71394487628, 1.04988381934, 1.0888950372, 1.58735254144, 2.61433671191, 0.988580425137, 3.85532542974, 1.18731941475, 0.928900560984, 1.28224926369, 1.00666932209, 1.19575709227, 7.88858309037, 1.00138459567, 0.908403286724, 47.3022436253, 0.95564604866, 1.19337574331, 1.11533492737, 2.62954101778, 1.006179789, 21.7368887066, 25573.2972295
5.58296377516, 1.14741695059, 0.944943365296, 0.858600884412, 1.87374572848, 0.799776585826, 3.99539654074, 0.943853660118, 1.01737289368, 1.37766960793, 3.48733818577, 0.840000840978, 3.96758805915, 1.02322781054, 0.860536815661, 1.01720529385, 1.15703250937, 1.04008450619, 5.91349875651, 0.99609929166, 0.962254467526, 47.6963234787, 1.01932369451, 1.05300328043, 1.12181939858, 2.52912954313, 1.18178055773, 67.1687561734, 2752.67858231
5.06417397771, 1.15996637921, 1.37512333345, 0.979574464125, 3.07848296478, 0.792577387509, 3.25237896453, 1.24591916129, 1.09744013283, 1.33500739684, 5.32351062054, 0.894012559436, 4.88902411818, 1.22324532374, 0.839902733923, 1.12040895384, 1.08580177333, 0.829054984414, 9.69907263303, 0.925757514203, 0.802495944434, 123.42050217, 1.07314685007, 2.7650998741, 1.09202489717, 1.68069660154, 1.04843821406, 29.0080486111, 3035.39716045
1.76913314264, 1.27965067072, 1.73545678202, 0.980816640444, 3.92556755934, 1.05429733651, 1.67056386896, 0.823874913378, 1.003981296, 2.9288675259, 5.00242288579, 1.08937726856, 2.41565396942, 1.23818711218, 0.990931005279, 1.40799354499, 1.04499056023, 1.21992762484, 5.25263780802, 1.18390388783, 0.975361269621, 18.1687280243, 0.865734829338, 3.53793063314, 1.07849392395, 3.17634263022, 1.2930777794, 26.4298218771, 3236.63200364
4.14742589198, 1.39802687047, 1.66099839469, 1.02759949051, 2.3420332749, 1.03649685261, 1.82172957638, 1.15214949532, 0.964384017584, 5.36896211893, 2.92460678616, 0.813553024084, 2.08247371149, 1.13902331856, 0.947705862657, 1.09456469952, 1.04883078934, 1.11385746206, 7.50892741691, 0.979701284306, 0.841268068383, 371.00161969, 1.1796505505, 5.37086451499, 1.00588722799, 4.22057248786, 1.23333580306, 24.403579046, 3443.29658811
3.42092597021, 1.12960933873, 1.49699333953, 1.19307553792, 4.59907880765, 1.12391639299, 1.43975719132, 0.856234250644, 0.951031257556, 3.5129512673, 2.1864672666, 1.16920741898, 1.80702567023, 1.15377683019, 0.804695200763, 1.29248959568, 1.13420510439, 0.885772521938, 9.60067787309, 0.99233561134, 0.926575533414, 209.304894773, 1.05787468445, 5.59832966472, 1.07588357846, 4.3463764598, 1.19831005608, 24.0601513242, 4327.14402274
1.33326751681, 1.12749385075, 1.07780440155, 1.11280581425, 5.16530195251, 0.798760096041, 3.68401203958, 1.25551521885, 1.06343580111, 2.7302134066, 4.42229023224, 1.10953318987, 2.46489622079, 0.826093872686, 0.793825039981, 1.49204292516, 1.02089927349, 0.82746264001, 9.99723019372, 0.93094202363, 0.772407410372, 233.261788711, 1.09753932104, 4.57033818594, 1.19835414784, 3.1052973369, 1.00601481801, 49.8413721242, 2984.26895777
2.58135547313, 1.05004376339, 1.09331181014, 1.013416393, 5.811612847, 0.856564980471, 5.7883330576, 0.847619516441, 1.11980582192, 5.31145904797, 5.23680305057, 1.15234525945, 2.1870295417, 0.953314024995, 0.993997478841, 1.2430910212, 1.03898619168, 1.04643241795, 4.40236247472, 1.07931601483, 0.838222231903, 407.287881296, 1.17531726478, 1.03487179578, 1.10558756216, 3.29192125511, 0.93950443196, 24.0754956089, 4101.39782204
4.91597866388, 1.03156239436, 1.00364390947, 0.883145999835, 1.91150102326, 0.719599723939, 5.92013985554, 0.872790410696, 1.06314313135, 4.0728315531, 3.66135189369, 1.21100446721, 1.24710658147, 0.829844445081, 0.912168553602, 1.10676123852, 1.04565737956, 0.83201564968, 9.53964575199, 1.17165436451, 0.97701517534, 66.3422715863, 1.16733735031, 2.80218319463, 1.16238287522, 2.80218636899, 1.21660912933, 23.5586636668, 5354.72715056
4.90426011957, 1.30531817036, 1.02383715071, 1.20464764147, 2.73857645273, 0.819114501629, 3.89287692096, 1.22733943282, 0.959542769329, 1.72121736424, 6.59278458393, 0.915018300036, 3.27487750795, 1.14677574384, 0.926458496787, 1.33207130405, 1.16594216802, 1.13695467941, 7.70171281202, 1.06296207387, 0.790417035379, 316.357026874, 0.914786215729, 3.53199820215, 1.05799486187, 4.3429685016, 1.28328907955, 25.3523697296, 3640.89685115
3.25406712296, 1.42810547921, 1.25789581717, 1.19536633243, 6.47997165864, 0.821015012508, 2.01308181021, 0.900027927622, 1.09108322944, 5.49001942031, 6.48398270128, 1.0291968382, 4.81692642657, 0.92123204977, 1.03164254418, 1.55866516148, 1.14102877662, 1.00174937103, 3.4858750411, 1.08287951434, 0.975603074697, 368.102111808, 1.12199807359, 2.73294631751, 1.21882039626, 3.67474169725, 1.14549671549, 29.6005831181, 3194.04367983
4.78145182501, 1.29475813383, 1.66115876294, 0.896332550524, 2.90318614481, 0.720264280033, 2.29210593198, 0.889854080488, 1.105405916, 2.09406445475, 6.80362739662, 1.04753446572, 1.4969988917, 1.15784052256, 0.951110512925, 1.38312633606, 1.16015240107, 0.931216107081, 9.80751537032, 0.967011914553, 0.800501283502, 311.898055992, 1.12750660308, 1.15524758312, 0.999425877191, 4.72236795735, 1.02316320663, 33.3258229424, 3060.83480362
4.5026719112, 1.20261551387, 1.38844926132, 0.986264824925, 6.44564375678, 1.0542980292, 4.86277595756, 1.06644878701, 1.04591492045, 3.35048251095, 4.54612567076, 1.21461284658, 2.83062856748, 1.12158837853, 0.878195974747, 1.41709208325, 1.0083356811, 0.996278274156, 7.89164841225, 1.02791685008, 0.800676156463, 319.509395319, 1.04181231867, 1.3204890554, 0.994485993453, 4.86652072801, 1.20357735989, 24.6375413197, 3744.55358439
4.72870854283, 1.1741032541, 0.838869609719, 1.06941167825, 3.33777659585, 0.828080846039, 2.89033922148, 0.974413342552, 0.92916202288, 4.94887048874, 5.90324919903, 0.919630872448, 1.85754501295, 1.24667208558, 0.78855819098, 1.14438200426, 1.14130996379, 1.06442490177, 7.47536468304, 0.973677708212, 0.952801943954, 298.067188399, 0.844407646606, 5.74693576531, 1.15433817799, 2.70438291833, 1.27725315966, 30.7439388808, 3217.25894057
2.55344655722, 1.02556331219, 0.768449020559, 0.949748373083, 1.43062119498, 0.810496952695, 4.58188398928, 1.23308651407, 0.934943984524, 4.00407002413, 6.33289265331, 1.04617513657, 2.99069000604, 1.21687948027, 0.962190236778, 1.4022288196, 1.15068067041, 1.17531667698, 3.68487004643, 0.926609063405, 0.949202878166, 156.570130876, 0.984698117497, 4.25746635574, 0.982537568997, 1.5406600973, 1.10016899414, 22.5921179401, 10133.9077788
2.18422172808, 1.33397318893, 1.34007209316, 1.18342840048, 4.45979062427, 0.769280032484, 2.25432561844, 1.01125746575, 0.967876571181, 3.48365771467, 3.95626812046, 0.830059387705, 1.83982558859, 1.06868564646, 0.991967448431, 1.54108363621, 1.15222340013, 1.2001350611, 3.61861491834, 0.950785366053, 0.882003373285, 408.904505963, 0.991765012079, 1.4030783131, 1.16039893411, 3.23682753047, 1.29346198324, 23.8793077555, 6057.39448631
5.67872795133, 1.14792542055, 0.936401862296, 0.929174897091, 1.88914497067, 0.841114846162, 5.29031186586, 0.885925234823, 1.11393915289, 5.0736752551, 7.45642231395, 1.15364661745, 2.39594244296, 1.06107738423, 0.877421816029, 1.53000494429, 1.00666932209, 1.21020210388, 4.34734959683, 0.946656401401, 0.839039312928, 182.880193094, 0.98877145432, 4.37176146042, 1.06467649059, 1.02908428056, 0.872671375851, 65.9106614152, 3075.29287128
1.76913314264, 1.27965067072, 1.66979817506, 0.980816640444, 3.92556755934, 1.05429733651, 1.67056386896, 1.04176565906, 1.003981296, 2.9288675259, 5.00242288579, 1.08937726856, 2.41565396942, 0.99224062201, 0.990931005279, 1.40799354499, 1.04499056023, 1.21992762484, 5.25263780802, 1.18390388783, 0.975361269621, 45.2900502481, 0.865734829338, 3.53793063314, 1.07849392395, 3.17634263022, 1.2930777794, 23.7218388249, 7097.57223255
1.21331340037, 1.06950314578, 0.885694934895, 0.881035666659, 2.06545396255, 1.03906637813, 4.97029505903, 0.911093133444, 1.01159656248, 1.55696363853, 5.69288624954, 0.935103109838, 2.48575781625, 1.03489777067, 0.96148351861, 1.14814451131, 1.13458852627, 1.19492566338, 3.07335348063, 1.08121937501, 0.959350697499, 76.0352960034, 1.18607103163, 5.83156536698, 1.10101987242, 3.53288721973, 1.28700729082, 24.7326132552, 4169.41914752
1.70512616963, 1.19334294997, 0.906873582891, 1.17081141177, 5.42608504583, 1.11894186208, 4.16669256261, 1.06627966326, 0.944988166992, 5.60856196797, 3.83098498074, 1.02000992721, 1.86744225671, 0.811696355212, 0.930832319764, 1.42085376898, 1.09194172248, 1.20090033834, 8.31070053297, 0.98871736051, 0.971588802954, 288.553069124, 0.862953980448, 3.60195458291, 1.10585442895, 2.97825662315, 0.881315279703, 26.3597839903, 4028.03703504
5.51284148682, 1.23349040431, 1.55585481942, 1.14971876241, 1.66241553285, 0.798760096041, 5.29379389511, 1.14041002189, 1.12603986091, 5.36105891752, 6.61144498574, 0.862328202874, 2.05539369141, 1.12934172854, 0.845578786741, 1.2981071674, 1.09631598021, 1.154218032, 3.12117011149, 1.04361746377, 0.79691353153, 409.864353791, 0.848344746888, 4.07031087292, 1.05745488093, 4.98170981291, 0.906068776946, 25.689255404, 4189.97735394
3.84972705466, 1.27638363271, 1.59356806161, 1.19178998481, 1.71573940009, 0.824444617446, 4.13704435695, 1.19253985061, 1.0682300021, 2.66815670725, 4.56240835805, 1.1931727515, 3.96758805915, 0.903667682354, 0.860536815661, 1.09395340387, 1.03630399037, 0.99580953176, 6.84495227757, 1.09684890078, 0.837539357842, 187.369850994, 1.08116287672, 3.69061181999, 1.12181939858, 4.5546228735, 0.892544722902, 25.5399097901, 4374.48008031
5.2854434269, 1.10441186962, 0.831719295474, 1.17601759323, 4.70806199413, 0.868058815547, 1.28638435119, 1.21248531016, 1.08084161813, 2.61360734807, 3.47454102816, 1.1799939817, 2.78882264514, 0.969466315739, 0.813788625572, 1.25145234737, 1.12280583608, 0.943085479516, 4.47424888308, 1.06668088027, 0.992606873292, 281.52907618, 1.19975328055, 1.52761051373, 1.20604985528, 1.08985044644, 1.04636337882, 23.8008133886, 26080.0134787
