0.198386333676, 0.851163520842, 86.0264063987, 0.46641312185, 45.4167427693, 16.2966788946, 0.906105149976, 3.39388986565, 13.1177777178, 2010.6056787, 0.176374216193
0.478048436637, 0.858727277572, 88.1405383666, 0.586024865861, 47.6059072669, 11.8646716526, 0.378284712422, 2.23892701478, 10.6962943905, 2462.43310414, 0.115256604624
0.862316671436, 0.822385534326, 87.3755504864, 0.625094782643, 58.5464951273, 24.8476450699, 0.534118888601, 3.97979263114, 8.15007553508, 1572.85944444, 0.516699686628
0.323292706982, 1.09470299394, 88.2554675994, 0.629371064847, 80.7292011298, 22.5732121374, 0.915353216317, 0.734654078593, 1.02672052141, 2594.08353868, 0.0
0.323292706982, 0.822385534326, 87.3755504864, 0.625094782643, 58.5464951273, 24.8476450699, 0.534118888601, 3.97979263114, 8.15007553508, 1814.8378205, 0.210107038762
0.261503136777, 0.862316760164, 87.23068988, 0.628153585312, 40.8640439101, 10.1877350794, 0.765839423353, 4.01156946568, 4.70768856222, 1902.07646004, 0.185229688752
0.871530823842, 0.82652655774, 84.066192802, 0.566066767956, 66.8883419059, 14.806589922, 0.730468728121, 3.93233193904, 19.2349110528, 1619.30417058, 0.401753474192
0.88688305619, 0.868728935727, 80.5182899213, 0.471379103831, 10.0737983304, 12.995478994, 0.555483866454, 2.32930727809, 6.63782730639, 1705.49193311, 0.389041959107
0.748812761523, 0.868728935727, 80.5182899213, 0.400776961737, 10.0737983304, 4.49370137505, 0.555483866454, 3.87719098098, 6.63782730639, 1917.06634623, 0.208462852111
0.218175332166, 0.859295253487, 93.6963964187, 0.663330421494, 74.5383427719, 36.8896961665, 0.241089458422, 1.50884189246, 11.0892706607, 2278.98178823, 0.185101676003
0.206304100633, 0.904100458396, 85.133293966, 0.684756029204, 52.5823745807, 1.25170532937, 1.64517738259, 0.625879240781, 4.70768856222, 3371.56062636, 0.0214559584815
0.261503136777, 0.862316760164, 87.23068988, 0.628153585312, 40.8640439101, 12.5189818295, 0.765839423353, 4.01156946568, 6.38187684801, 2982.46736105, 0.0537812011976
0.169073582673, 0.938382355777, 81.6608248337, 0.632161163242, 50.0414818641, 5.00167378559, 0.781658538398, 1.13684163007, 8.42289639631, 3266.26861478, 0.0345640043996
0.206304100633, 0.904100458396, 85.133293966, 0.684756029204, 52.5823745807, 1.25170532937, 1.66021425218, 0.625879240781, 6.38187684801, 3903.34931152, 0.0340102127987
0.299949941126, 0.895369127939, 81.6608248337, 0.642750984394, 34.6417575223, 1.25170532937, 1.32260811622, 1.13684163007, 8.42289639631, 4861.2006116, 0.0222992596869
0.261742186154, 0.875839206681, 81.7810368382, 0.451448930219, 45.4598230245, 12.2895940067, 0.626453465694, 4.84931003345, 7.99212498659, 2939.12311715, 0.17118931489
0.206304100633, 0.904100458396, 85.133293966, 0.684756029204, 52.5823745807, 1.25170532937, 1.64517738259, 0.625879240781, 17.2860978372, 5436.20367636, 0.0250093336897
0.169073582673, 0.895369127939, 81.6608248337, 0.642750984394, 50.0414818641, 5.00167378559, 1.32260811622, 1.13684163007, 8.42289639631, 3378.19233408, 0.0402528125267
0.882893493414, 1.14278776359, 84.5768090513, 0.475284468387, 40.0762328055, 2.68592916695, 0.37123237562, 1.8326252194, 10.1671114283, 9484.45483149, 0.030101345818
0.198386333676, 0.851163520842, 86.0264063987, 0.46641312185, 73.2906543697, 13.6652641793, 0.906105149976, 3.39388986565, 13.1177777178, 3067.73268581, 0.143979095354
0.189035133116, 0.837781170723, 80.3246266459, 0.60956508701, 44.6322914819, 45.4180819037, 0.30187538399, 0.852890469136, 16.8376226228, 2272.43797047, 0.288444005977
0.476762819295, 0.84778623602, 89.8906084646, 0.402580903922, 94.3635881285, 26.5605855142, 0.479146962558, 3.89790274512, 3.50496496775, 2235.36380552, 0.400210109959
0.218175332166, 0.859295253487, 81.7681563803, 0.690686569234, 74.5383427719, 36.8896961665, 0.241089458422, 1.50884189246, 11.0892706607, 3184.01882358, 0.157987707318
0.862316671436, 0.843546995551, 87.3755504864, 0.680701369595, 84.6609836883, 24.8476450699, 0.534118888601, 3.97979263114, 8.15007553508, 2163.51760982, 0.461275763594
0.198386333676, 0.858727277572, 88.1405383666, 0.586024865861, 47.6059072669, 11.8646716526, 0.378284712422, 2.23892701478, 10.6962943905, 2308.2585544, 0.215026007677
0.670855790228, 0.843546995551, 83.7540239156, 0.602408553121, 84.6609836883, 46.3989645864, 0.905387909008, 1.6362763603, 7.45878677299, 2194.58018758, 0.539119563769
0.862316671436, 0.822385534326, 87.3755504864, 0.625094782643, 58.5464951273, 24.8476450699, 0.534118888601, 3.97979263114, 8.15007553508, 2200.13582298, 0.541362042167
0.587495647618, 0.894714608087, 82.0038544506, 0.606166916035, 87.2060051425, 4.02068231266, 0.301580154259, 4.47072285608, 13.7425548659, 2921.7656856, 0.188483854387
0.670855790228, 0.843546995551, 81.3274894832, 0.602408553121, 84.6609836883, 46.3989645864, 0.905387909008, 1.6362763603, 7.45878677299, 2296.99601902, 0.411999122809
0.285126491395, 0.858579432969, 80.6663656811, 0.66621623887, 59.7182509017, 5.13251041553, 1.30388617493, 1.65338682236, 14.023833949, 4384.14361726, 0.0574278736999
0.161628584798, 0.971658582768, 80.2347769858, 0.680477532834, 16.5510561268, 14.0624417003, 0.0942391118332, 1.85893660903, 19.6640279642, 3981.78465972, 0.0690227349864
0.169073582673, 0.938382355777, 81.6608248337, 0.642750984394, 50.0414818641, 5.00167378559, 1.32260811622, 1.13684163007, 8.42289639631, 5561.93989715, 0.0427354214268
0.214539770805, 0.874467189828, 90.6614407959, 0.686709651242, 60.6140358697, 11.5181161022, 0.728828953518, 1.05684963849, 14.0002131565, 2958.9617639, 0.199188046935
0.670855790228, 1.14278776359, 84.5768090513, 0.475284468387, 84.6609836883, 2.68592916695, 0.37123237562, 1.8326252194, 10.1671114283, 4614.74818414, 0.0684841316314
0.197804155162, 1.22529934411, 94.3014261688, 0.638262510282, 46.03282074, 8.42344627982, 1.1119476525, 2.22821736719, 8.99620116623, 22160.3131773, 0.0483342410888
0.251140354454, 0.94016384764, 80.1573561089, 0.619628430936, 73.9716917957, 14.0624417003, 0.201828141321, 1.85893660903, 19.6640279642, 3392.2422548, 0.157570486131
0.863445615772, 0.822270617055, 81.4861781403, 0.664286516992, 14.7474610333, 45.0330295277, 1.0495431802, 4.36817731796, 4.34535872701, 2453.54258682, 0.490555809412
0.285126491395, 0.858579432969, 80.6663656811, 0.66621623887, 59.7182509017, 5.13251041553, 1.30388617493, 1.65338682236, 14.023833949, 4442.10097676, 0.0754413169458
0.871530823842, 0.82652655774, 84.066192802, 0.566066767956, 66.8883419059, 16.7210151561, 0.730468728121, 3.93233193904, 17.6357764703, 2403.61575244, 0.537059592914
0.476762819295, 0.84778623602, 89.8906084646, 0.412152909392, 94.3635881285, 26.5605855142, 0.479146962558, 3.89790274512, 3.50496496775, 2756.23360588, 0.248269267393
0.214539770805, 0.874467189828, 89.8906084646, 0.412152909392, 60.6140358697, 11.5181161022, 0.728828953518, 1.05684963849, 14.0002131565, 2880.47030276, 0.23088606695
0.68636242089, 1.16288496307, 84.5847434961, 0.680477532834, 27.1013542109, 6.08861579573, 0.625387915425, 0.0309718896417, 1.6015490266, 8735.77031882, 0.0559642074336
0.670855790228, 0.822385534326, 83.7540239156, 0.602408553121, 58.5464951273, 46.3989645864, 0.905387909008, 1.6362763603, 7.45878677299, 2386.13333356, 0.758225107576
0.478048436637, 0.851163520842, 86.0264063987, 0.46641312185, 45.4167427693, 16.2966788946, 0.906105149976, 3.39388986565, 13.1177777178, 2639.37690913, 0.335743210623
0.372815429599, 0.927163523668, 89.4145171867, 0.505248446523, 28.4839835754, 15.4274776095, 0.894952325822, 0.451069259199, 2.50027257341, 2747.14323692, 0.315067085538
0.863445615772, 0.822270617055, 81.4861781403, 0.664286516992, 21.0185247165, 45.0330295277, 0.842335119688, 2.40190148759, 4.34535872701, 2476.42845401, 0.453139110549
0.540904206665, 0.856742639048, 80.3246266459, 0.675124847759, 52.0805523062, 12.4974977593, 1.77008553648, 0.181873110003, 6.64741901555, 2829.57928322, 0.251274869788
0.749932071226, 1.12240101442, 92.2441045601, 0.698019927131, 67.5958052963, 7.58372233396, 0.102235732582, 4.67567449343, 5.28535136806, 7614.89746439, 0.0616592909674
0.192666899654, 1.18345518287, 84.0751845876, 0.549098191626, 26.152135557, 10.9762315725, 0.56714677805, 0.023758882611, 4.09140301516, 8014.28962566, 0.0591796240238
0.248094058769, 1.02175849009, 88.5627473333, 0.633725298035, 58.0655092493, 25.1481416053, 0.816431057319, 4.75484745031, 7.25212396677, 3709.28494702, 0.169208520916
0.882893493414, 0.900814023427, 84.5768090513, 0.475284468387, 43.2241153973, 2.68592916695, 0.37123237562, 1.8745993206, 10.1671114283, 4113.10172011, 0.155644260381
0.882893493414, 0.843546995551, 81.3274894832, 0.602408553121, 75.8385916883, 46.3989645864, 0.905387909008, 1.6362763603, 7.45878677299, 2556.33427923, 0.524293197648
0.48207393567, 1.24615275853, 91.2956659958, 0.555144652219, 51.4510436755, 1.89205972272, 0.0481474164514, 2.1247033422, 14.0202833242, 8644.29010376, 0.0668615615959
0.448215060565, 0.961299874257, 87.55636241, 0.628153585312, 99.3250597781, 12.5189818295, 0.765839423353, 0.563814076145, 6.38187684801, 2823.9956906, 0.321190820558
0.186545046789, 0.918547729273, 90.2548770078, 0.630493629824, 91.1489806412, 8.81812862012, 1.55662789702, 2.23263471748, 5.91059142361, 5432.71371728, 0.103071859119
0.198386333676, 0.851163520842, 86.0264063987, 0.46641312185, 73.2906543697, 13.6652641793, 0.906105149976, 3.39388986565, 13.1177777178, 2844.09312369, 0.302229634745
0.417536451436, 1.16567348802, 86.0613564073, 0.576490584115, 12.9605124207, 4.5510692235, 0.467031688731, 3.77365905128, 12.5136859053, 10345.8678293, 0.0663037228248
0.476762819295, 0.84778623602, 90.6614407959, 0.686709651242, 94.3635881285, 26.5605855142, 0.936233716316, 3.89790274512, 3.50496496775, 2931.55126267, 0.252913202919
0.346191078346, 0.984267201741, 85.9803874832, 0.47879076379, 31.2203136733, 24.5571886086, 0.382035662515, 2.3447909136, 2.31921886204, 6155.77859192, 0.0946702327653
0.672176892928, 0.920245590452, 92.6404632138, 0.438900898404, 96.5335932579, 21.4160642937, 0.719618292579, 2.89874415568, 19.2985823067, 2654.29034857, 0.468400664702
0.214539770805, 0.874467189828, 91.0256762109, 0.686709651242, 60.6140358697, 11.5181161022, 0.289062638251, 1.05684963849, 14.0002131565, 3277.3247969, 0.190106825403
0.261742186154, 0.884180361312, 81.7810368382, 0.451448930219, 45.4598230245, 12.2895940067, 1.56029882156, 4.84931003345, 7.99212498659, 4277.76090425, 0.164069549542
0.476762819295, 0.84778623602, 89.8906084646, 0.412152909392, 94.3635881285, 26.5605855142, 0.479146962558, 3.89790274512, 3.50496496775, 2619.36584121, 0.554857197146
0.212349416977, 0.918547729273, 90.2548770078, 0.630493629824, 91.1489806412, 8.81812862012, 1.55662789702, 2.23263471748, 5.91059142361, 6021.3440155, 0.106552668413
0.748812761523, 0.868728935727, 80.5182899213, 0.471379103831, 10.0737983304, 4.49370137505, 0.555483866454, 2.32930727809, 6.63782730639, 3298.74834559, 0.192700989967
0.206304100633, 0.904100458396, 85.133293966, 0.684756029204, 52.5823745807, 5.00167378559, 1.64517738259, 0.625879240781, 17.2860978372, 5089.75751675, 0.148535347547
0.145930877725, 1.02733173019, 92.2441045601, 0.67028087119, 37.2353636033, 27.3891047019, 0.475095609657, 0.17883086542, 11.1921413362, 6439.1218896, 0.110331473967
0.68636242089, 1.16288496307, 84.5847434961, 0.619628430936, 73.9716917957, 6.08861579573, 0.625387915425, 0.0309718896417, 1.6015490266, 9331.57037218, 0.0842882105008
0.457342706921, 1.12253503022, 80.5976565384, 0.501457496608, 44.6503176159, 12.4358484638, 0.180957979852, 1.45820260965, 14.0538605567, 9378.09916816, 0.0980723205483
0.698095920746, 0.858579432969, 80.6663656811, 0.66621623887, 59.7182509017, 5.13251041553, 0.441326958556, 1.65338682236, 14.023833949, 2942.68413604, 0.303528128933
0.48207393567, 1.25203875339, 91.2956659958, 0.555144652219, 51.4510436755, 1.89205972272, 0.0481474164514, 2.1247033422, 14.0202833242, 14933.3505658, 0.0856781328155
0.534722838824, 1.24615275853, 91.2956659958, 0.555144652219, 51.4510436755, 1.89205972272, 0.0481474164514, 2.1247033422, 15.7903477657, 10745.1790511, 0.0936528503265
0.698095920746, 0.858579432969, 80.6663656811, 0.66621623887, 59.7182509017, 5.13251041553, 1.30388617493, 1.65338682236, 14.023833949, 2964.28850008, 0.296507036761
0.212349416977, 1.19186875259, 91.094905622, 0.630493629824, 91.1489806412, 8.81812862012, 1.55662789702, 4.56060953892, 8.67435574231, 24239.1877317, 0.088137301697
0.287641046093, 0.951001982813, 94.4992449337, 0.690534769076, 55.5029153087, 31.346513246, 0.158441416366, 2.83007377025, 15.8860230667, 4129.47715768, 0.180141555872
0.197804155162, 1.22529934411, 94.3014261688, 0.638262510282, 46.03282074, 8.42344627982, 1.1119476525, 2.22821736719, 8.99620116623, 26220.1447319, 0.0940537850298
0.871530823842, 0.82652655774, 84.066192802, 0.566066767956, 66.8883419059, 16.7210151561, 0.548139149499, 3.93233193904, 17.6357764703, 2830.36737428, 0.563151129148
0.708348478968, 1.14869854719, 92.4777642992, 0.401036305456, 78.6835713461, 4.02068231266, 1.84835130844, 3.83169171636, 1.84134806719, 16821.0180938, 0.095983833368
0.335463364266, 1.11002138755, 85.1403415551, 0.549732899146, 28.8069515634, 9.66014857249, 0.0498209530807, 3.53597032871, 14.7058607746, 6271.00744437, 0.146855204674
0.255631908006, 1.17786694715, 93.5428494208, 0.447019807078, 95.7836853293, 6.37115656433, 1.45736567918, 3.38387355206, 16.4669507243, 22927.7062609, 0.0953890723018
0.251140354454, 0.94016384764, 80.2347769858, 0.680477532834, 27.1013542109, 14.0624417003, 0.201828141321, 1.85893660903, 19.6640279642, 5159.49667587, 0.160382346203
0.197804155162, 1.17504301393, 80.7683227517, 0.638262510282, 46.03282074, 8.42344627982, 0.842335119688, 0.2273592, 8.11535764425, 8684.66914292, 0.13693340902
0.894195418795, 0.839694105481, 94.2476464821, 0.612193254736, 0.126176545031, 16.2966788946, 0.247203322568, 0.666863575176, 17.229352063, 2917.65452121, 0.537941914387
0.281919247235, 1.17786694715, 93.5428494208, 0.537038940662, 95.7836853293, 6.37115656433, 1.45736567918, 3.38387355206, 14.0202833242, 16977.5836249, 0.103894756514
0.172856572891, 1.02733173019, 92.2441045601, 0.67028087119, 37.2353636033, 27.3891047019, 0.475095609657, 0.17883086542, 5.28535136806, 3310.72763721, 0.214132619391
0.15544994441, 1.13416120441, 92.6404632138, 0.438900898404, 29.5664726845, 21.4160642937, 0.719618292579, 2.89874415568, 19.2985823067, 13647.236127, 0.111355690805
0.587495647618, 0.894714608087, 82.0038544506, 0.606166916035, 87.2060051425, 26.7447213553, 0.301580154259, 4.47072285608, 13.7425548659, 2928.10232254, 0.627575724179
0.102654321367, 0.94016384764, 88.6487844005, 0.663007058207, 98.8945588937, 33.0196470293, 1.2151198951, 4.41499317843, 10.7601298199, 4699.59620635, 0.178669157338
0.335463364266, 1.11002138755, 85.1403415551, 0.619120690818, 28.8069515634, 9.66014857249, 1.28373199392, 3.53597032871, 14.7058607746, 11336.5371442, 0.125585226458
0.281919247235, 1.17786694715, 93.5428494208, 0.537038940662, 95.7836853293, 6.37115656433, 1.45736567918, 3.38387355206, 15.7903477657, 14191.0284676, 0.130714032729
0.534722838824, 1.24615275853, 91.2956659958, 0.555144652219, 51.4510436755, 1.89205972272, 0.0481474164514, 2.1247033422, 14.0202833242, 11897.8334478, 0.141220137055
0.346191078346, 0.984267201741, 85.013746583, 0.436072562243, 31.2203136733, 24.5571886086, 0.382035662515, 2.3447909136, 2.31921886204, 3273.89583166, 0.253330399581
0.499814795817, 0.940848885362, 83.8496597183, 0.619120690818, 28.4839835754, 15.4274776095, 0.894952325822, 0.451069259199, 2.50027257341, 3311.75391042, 0.236664779806
0.528306047198, 1.25087789517, 90.7214395839, 0.615261926756, 76.8441131158, 6.52830987979, 1.03690781565, 4.56060953892, 8.24987603289, 28849.1627935, 0.124668621798
0.255631908006, 1.17786694715, 87.506384107, 0.447019807078, 99.9031916015, 6.37115656433, 1.45736567918, 3.38387355206, 16.4669507243, 20870.654792, 0.131629281601
0.304593981909, 1.23849908818, 85.4484328583, 0.585841954996, 44.6503176159, 13.8277073446, 1.6270456846, 1.45820260965, 16.5995169484, 25831.2298195, 0.135807626506
0.327552504587, 0.884180361312, 92.7369214408, 0.602994404167, 70.7884827497, 46.015762106, 0.474454980071, 2.91382113543, 1.87839985551, 3064.09851967, 0.398766985018
0.672176892928, 0.874467189828, 92.6404632138, 0.438900898404, 96.5335932579, 16.5546029755, 0.24561198163, 2.89874415568, 19.2985823067, 3290.10880208, 0.272171418635
0.676304458669, 1.03260612224, 89.7051932273, 0.606415170857, 37.1169098528, 47.5666119357, 0.488694561909, 3.51291342776, 14.5642273285, 3163.96538934, 0.3877067768
0.327552504587, 0.884180361312, 88.6487844005, 0.602994404167, 70.7884827497, 46.015762106, 0.474454980071, 2.91382113543, 1.87839985551, 2964.57068879, 0.49993276658
