0.198386333676, 0.851163520842, 86.0264063987, 0.46641312185, 45.4167427693, 16.2966788946, 0.906105149976, 3.39388986565, 13.1177777178, 2010.6056787, 0.176374216193
0.323292706982, 1.09470299394, 88.2554675994, 0.629371064847, 80.7292011298, 22.5732121374, 0.915353216317, 0.734654078593, 1.02672052141, 2594.08353868, 0.0
0.323292706982, 0.822385534326, 87.3755504864, 0.625094782643, 58.5464951273, 24.8476450699, 0.534118888601, 3.97979263114, 8.15007553508, 1814.8378205, 0.210107038762
0.261503136777, 0.862316760164, 87.23068988, 0.628153585312, 40.8640439101, 10.1877350794, 0.765839423353, 4.01156946568, 4.70768856222, 1902.07646004, 0.185229688752
0.323292706982, 0.822385534326, 87.3755504864, 0.625094782643, 58.5464951273, 24.8476450699, 0.534118888601, 3.97979263114, 4.70768856222, 1244.68542759, 0.400886240988
0.261503136777, 0.862316760164, 87.23068988, 0.628153585312, 40.8640439101, 2.91195752858, 0.765839423353, 2.44258469862, 8.15007553508, 2397.74685809, 0.0730562442977
0.871530823842, 0.82652655774, 80.3466601131, 0.566066767956, 66.8883419059, 14.806589922, 0.730468728121, 3.93233193904, 19.2349110528, 1467.76031836, 0.346172413181
0.748812761523, 0.868728935727, 80.5182899213, 0.400776961737, 74.5383427719, 4.49370137505, 0.555483866454, 3.87719098098, 6.63782730639, 1602.20272209, 0.253392299641
0.862316671436, 0.822385534326, 87.3755504864, 0.697756415355, 58.5464951273, 4.02068231266, 0.534118888601, 3.86731320997, 8.15007553508, 2235.32318041, 0.149900431404
0.862316671436, 0.822385534326, 87.3755504864, 0.625094782643, 58.5464951273, 24.8476450699, 0.534118888601, 3.97979263114, 8.15007553508, 1572.85944444, 0.516699686628
0.748812761523, 0.868728935727, 80.5182899213, 0.400776961737, 10.0737983304, 4.49370137505, 0.555483866454, 3.87719098098, 6.63782730639, 1917.06634623, 0.208462852111
0.88688305619, 0.868728935727, 80.5182899213, 0.471379103831, 10.0737983304, 12.995478994, 0.555483866454, 2.32930727809, 6.63782730639, 1705.49193311, 0.389041959107
0.478048436637, 0.858727277572, 88.1405383666, 0.586024865861, 47.6059072669, 11.8646716526, 0.378284712422, 2.23892701478, 10.6962943905, 2462.43310414, 0.115256604624
0.102654321367, 0.94016384764, 88.6487844005, 0.663007058207, 87.2060051425, 33.0196470293, 0.301580154259, 4.41499317843, 13.3150904558, 2470.1299799, 0.0929732786994
0.871530823842, 0.82652655774, 84.066192802, 0.566066767956, 66.8883419059, 14.806589922, 0.730468728121, 3.93233193904, 19.2349110528, 1619.30417058, 0.401753474192
0.261503136777, 0.862316760164, 87.23068988, 0.628153585312, 40.8640439101, 12.5189818295, 0.765839423353, 4.01156946568, 6.38187684801, 2982.46736105, 0.0537812011976
0.206304100633, 0.904100458396, 85.133293966, 0.684756029204, 72.2557307139, 1.25170532937, 0.850540407219, 0.625879240781, 6.38187684801, 3033.33522029, 0.0117142436714
0.169073582673, 0.895369127939, 81.6608248337, 0.642750984394, 50.0414818641, 1.25170532937, 1.32260811622, 1.13684163007, 3.59631438988, 4336.11719473, 0.00960934026254
0.218175332166, 0.859295253487, 93.6963964187, 0.663330421494, 74.5383427719, 36.8896961665, 0.241089458422, 1.50884189246, 11.0892706607, 2278.98178823, 0.185101676003
0.476762819295, 0.837781170723, 80.3246266459, 0.60956508701, 44.6322914819, 26.5605855142, 0.441693637749, 0.852890469136, 3.50496496775, 1795.43565312, 0.413434812662
0.206304100633, 0.904100458396, 85.133293966, 0.684756029204, 52.5823745807, 1.25170532937, 1.64517738259, 0.625879240781, 4.70768856222, 3371.56062636, 0.0214559584815
0.169073582673, 0.938382355777, 81.6608248337, 0.632161163242, 50.0414818641, 5.00167378559, 0.781658538398, 1.13684163007, 8.42289639631, 3266.26861478, 0.0345640043996
0.299949941126, 0.895369127939, 81.6608248337, 0.642750984394, 34.6417575223, 1.25170532937, 1.32260811622, 1.13684163007, 8.42289639631, 5097.60774847, 0.0212415401968
0.206304100633, 0.904100458396, 85.133293966, 0.684756029204, 52.5823745807, 1.25170532937, 1.66021425218, 0.625879240781, 6.38187684801, 3903.34931152, 0.0340102127987
0.198386333676, 0.851163520842, 86.0264063987, 0.46641312185, 45.4167427693, 22.0141897093, 0.378284712422, 3.39388986565, 13.1177777178, 2383.48164093, 0.203842244325
0.862316671436, 0.843546995551, 87.3755504864, 0.690686569234, 84.6609836883, 24.8476450699, 0.241089458422, 3.97979263114, 8.15007553508, 1939.07645015, 0.349086620244
0.882893493414, 0.843546995551, 81.3274894832, 0.475284468387, 75.8385916883, 2.68592916695, 0.905387909008, 1.8745993206, 11.9165614633, 2603.16798076, 0.107979971981
0.299949941126, 0.895369127939, 81.6608248337, 0.642750984394, 34.6417575223, 1.25170532937, 1.32260811622, 1.13684163007, 8.42289639631, 4861.2006116, 0.0222992596869
0.862316671436, 0.822385534326, 87.3755504864, 0.625094782643, 58.5464951273, 22.5732121374, 0.534118888601, 3.97979263114, 8.15007553508, 2003.6951245, 0.394593255245
0.169073582673, 0.895369127939, 81.6608248337, 0.642750984394, 50.0414818641, 5.00167378559, 1.32260811622, 1.13684163007, 8.42289639631, 3378.19233408, 0.0402528125267
0.478048436637, 0.822385534326, 81.5925120394, 0.46641312185, 45.4167427693, 16.2966788946, 0.906105149976, 3.39388986565, 13.1177777178, 2176.75317924, 0.357250275475
0.189035133116, 0.837781170723, 80.3246266459, 0.60956508701, 44.6322914819, 45.4180819037, 0.30187538399, 0.852890469136, 16.8376226228, 2272.43797047, 0.288444005977
0.198386333676, 0.858727277572, 88.1405383666, 0.586024865861, 47.6059072669, 11.8646716526, 0.378284712422, 2.23892701478, 10.6962943905, 2308.2585544, 0.215026007677
0.206304100633, 0.862316760164, 87.23068988, 0.628153585312, 39.057110412, 12.5189818295, 0.765839423353, 0.549683693369, 1.96957531934, 2299.57544032, 0.215996762408
0.261503136777, 0.904100458396, 85.133293966, 0.667823642802, 52.5823745807, 1.25170532937, 1.64517738259, 4.01156946568, 4.70768856222, 3812.40600538, 0.0488729440008
0.206304100633, 0.904100458396, 85.133293966, 0.684756029204, 52.5823745807, 1.25170532937, 1.64517738259, 0.625879240781, 17.2860978372, 5436.20367636, 0.0250093336897
0.863445615772, 0.822270617055, 81.4861781403, 0.664286516992, 5.67701760304, 45.0330295277, 0.842335119688, 2.40190148759, 4.34535872701, 1953.97519367, 0.6486793151
0.24921110125, 0.927163523668, 89.4145171867, 0.505248446523, 28.4839835754, 15.4274776095, 0.894952325822, 0.451069259199, 2.50027257341, 2786.95690702, 0.115888128058
0.882893493414, 1.14278776359, 84.5768090513, 0.475284468387, 40.0762328055, 2.68592916695, 0.37123237562, 1.8326252194, 10.1671114283, 9484.45483149, 0.030101345818
0.476762819295, 0.84778623602, 90.6614407959, 0.686709651242, 94.3635881285, 26.5605855142, 0.467031688731, 3.89790274512, 3.50496496775, 2103.58610876, 0.411233078081
0.198386333676, 1.14278776359, 84.5768090513, 0.475284468387, 40.0762328055, 2.68592916695, 0.906105149976, 1.8326252194, 10.1671114283, 12200.9213668, 0.031063684204
0.862316671436, 0.843546995551, 87.3755504864, 0.680701369595, 84.6609836883, 24.8476450699, 0.534118888601, 3.97979263114, 8.15007553508, 2163.51760982, 0.461275763594
0.198386333676, 0.851163520842, 86.0264063987, 0.45245102521, 73.2906543697, 13.6652641793, 0.906105149976, 1.76185746748, 13.1177777178, 2776.46365995, 0.172060170169
0.476762819295, 0.84778623602, 89.8906084646, 0.402580903922, 94.3635881285, 26.5605855142, 0.479146962558, 3.89790274512, 3.50496496775, 2235.36380552, 0.400210109959
0.214539770805, 0.874467189828, 91.0256762109, 0.686709651242, 45.4598230245, 11.5181161022, 0.289062638251, 1.05684963849, 14.0002131565, 3061.07209155, 0.109459180132
0.670855790228, 0.843546995551, 83.7540239156, 0.602408553121, 84.6609836883, 46.3989645864, 0.905387909008, 1.6362763603, 7.45878677299, 2194.58018758, 0.539119563769
0.261742186154, 0.875839206681, 81.7810368382, 0.451448930219, 45.4598230245, 12.2895940067, 0.626453465694, 4.84931003345, 7.99212498659, 2939.12311715, 0.17118931489
0.862316671436, 0.822385534326, 87.3755504864, 0.625094782643, 58.5464951273, 24.8476450699, 0.534118888601, 3.97979263114, 8.15007553508, 2200.13582298, 0.541362042167
0.161628584798, 0.971658582768, 80.2347769858, 0.680477532834, 16.5510561268, 14.0624417003, 0.0942391118332, 1.85893660903, 19.6640279642, 3981.78465972, 0.0690227349864
0.285126491395, 0.858579432969, 80.6663656811, 0.66621623887, 59.7182509017, 5.13251041553, 1.30388617493, 1.65338682236, 14.023833949, 4384.14361726, 0.0574278736999
0.169073582673, 0.938382355777, 81.6608248337, 0.642750984394, 50.0414818641, 5.00167378559, 1.32260811622, 1.13684163007, 8.42289639631, 5561.93989715, 0.0427354214268
0.670855790228, 1.14278776359, 84.5768090513, 0.475284468387, 84.6609836883, 2.68592916695, 0.37123237562, 1.8326252194, 10.1671114283, 4614.74818414, 0.0684841316314
0.670855790228, 0.843546995551, 81.3274894832, 0.602408553121, 84.6609836883, 46.3989645864, 0.905387909008, 1.6362763603, 7.45878677299, 2296.99601902, 0.411999122809
0.417536451436, 1.16567348802, 86.0613564073, 0.576490584115, 12.9605124207, 1.72026671665, 0.936233716316, 3.86737323998, 12.5136859053, 9846.64958127, 0.0462751793596
0.198386333676, 0.858727277572, 88.1405383666, 0.586024865861, 47.6059072669, 11.8646716526, 0.378284712422, 2.23892701478, 10.6962943905, 2605.11392137, 0.191077181394
0.198386333676, 0.851163520842, 86.0264063987, 0.46641312185, 73.2906543697, 13.6652641793, 0.906105149976, 3.39388986565, 13.1177777178, 3067.73268581, 0.143979095354
0.285126491395, 0.858579432969, 80.6663656811, 0.664286516992, 64.9680334242, 5.13251041553, 1.30388617493, 1.65338682236, 4.34535872701, 4064.4315411, 0.0915381664899
0.206304100633, 0.904100458396, 85.133293966, 0.684756029204, 52.5823745807, 5.00167378559, 1.64517738259, 0.625879240781, 18.516981846, 5724.19874072, 0.0533104366646
0.197804155162, 1.22529934411, 94.3014261688, 0.638262510282, 46.03282074, 8.42344627982, 1.1119476525, 2.22821736719, 8.99620116623, 22160.3131773, 0.0483342410888
0.169073582673, 0.938382355777, 84.7213969609, 0.642750984394, 50.0414818641, 5.00167378559, 1.32260811622, 3.15257743996, 8.42289639631, 5516.32427666, 0.0684608152792
0.587495647618, 0.894714608087, 82.0038544506, 0.606166916035, 87.2060051425, 4.02068231266, 0.301580154259, 4.47072285608, 13.7425548659, 2921.7656856, 0.188483854387
0.285126491395, 0.858579432969, 80.6663656811, 0.66621623887, 59.7182509017, 5.13251041553, 1.30388617493, 1.65338682236, 14.023833949, 4442.10097676, 0.0754413169458
0.218175332166, 0.859295253487, 81.7681563803, 0.690686569234, 74.5383427719, 36.8896961665, 0.241089458422, 1.50884189246, 11.0892706607, 3184.01882358, 0.157987707318
0.68636242089, 1.16288496307, 84.5847434961, 0.680477532834, 27.1013542109, 6.08861579573, 0.625387915425, 0.0309718896417, 1.6015490266, 8735.77031882, 0.0559642074336
0.478048436637, 0.905467171483, 88.1405383666, 0.586024865861, 47.6059072669, 11.8646716526, 0.906105149976, 2.23892701478, 10.6962943905, 2489.03388016, 0.335071472552
0.749932071226, 1.12240101442, 92.2441045601, 0.698019927131, 67.5958052963, 7.58372233396, 0.102235732582, 4.67567449343, 5.28535136806, 7614.89746439, 0.0616592909674
0.192666899654, 1.18345518287, 84.0751845876, 0.549098191626, 26.152135557, 10.9762315725, 0.56714677805, 0.023758882611, 4.09140301516, 8014.28962566, 0.0591796240238
0.888525244529, 0.851163520842, 86.0264063987, 0.46641312185, 73.2906543697, 30.0947311755, 0.37123237562, 3.39388986565, 13.1177777178, 2328.6469406, 0.582755288873
0.214539770805, 0.874467189828, 90.6614407959, 0.686709651242, 60.6140358697, 11.5181161022, 0.728828953518, 1.05684963849, 14.0002131565, 2958.9617639, 0.199188046935
0.48207393567, 1.24615275853, 91.2956659958, 0.555144652219, 51.4510436755, 1.89205972272, 0.0481474164514, 2.1247033422, 14.0202833242, 8644.29010376, 0.0668615615959
0.670855790228, 0.822385534326, 83.7540239156, 0.602408553121, 58.5464951273, 46.3989645864, 0.905387909008, 1.6362763603, 7.45878677299, 2386.13333356, 0.758225107576
0.285126491395, 0.858579432969, 80.6663656811, 0.66621623887, 59.7182509017, 5.13251041553, 1.30388617493, 1.65338682236, 14.023833949, 3765.17836141, 0.144442578531
0.197804155162, 1.22529934411, 94.3014261688, 0.638262510282, 41.9197383664, 8.42344627982, 1.1119476525, 2.83007377025, 8.99620116623, 18401.8014051, 0.0589499592998
0.206304100633, 0.904100458396, 85.133293966, 0.684756029204, 52.5823745807, 5.00167378559, 1.64517738259, 0.625879240781, 17.2860978372, 5353.32102061, 0.085301826188
0.863445615772, 0.822270617055, 81.4861781403, 0.664286516992, 14.7474610333, 45.0330295277, 1.0495431802, 4.36817731796, 4.34535872701, 2453.54258682, 0.490555809412
0.48207393567, 1.24615275853, 91.2956659958, 0.555144652219, 51.4510436755, 1.13428361917, 0.0481474164514, 2.1247033422, 14.0202833242, 16426.8441224, 0.0596996978759
0.871530823842, 0.82652655774, 84.066192802, 0.566066767956, 66.8883419059, 16.7210151561, 0.730468728121, 3.93233193904, 17.6357764703, 2403.61575244, 0.537059592914
0.417536451436, 1.16567348802, 86.0613564073, 0.576490584115, 12.9605124207, 4.5510692235, 0.467031688731, 3.77365905128, 12.5136859053, 10345.8678293, 0.0663037228248
0.251140354454, 0.94016384764, 80.1573561089, 0.619628430936, 73.9716917957, 14.0624417003, 0.201828141321, 1.85893660903, 19.6640279642, 3392.2422548, 0.157570486131
0.88688305619, 0.868728935727, 84.1207688495, 0.471379103831, 10.0737983304, 12.995478994, 0.555483866454, 2.32930727809, 6.63782730639, 2664.80643162, 0.217825269765
0.218175332166, 0.859295253487, 81.7681563803, 0.680701369595, 37.479144665, 36.8896961665, 0.534118888601, 1.50884189246, 11.0892706607, 2564.05361995, 0.398305247434
0.476762819295, 0.84778623602, 89.8906084646, 0.412152909392, 94.3635881285, 26.5605855142, 0.479146962558, 3.89790274512, 3.50496496775, 2756.23360588, 0.248269267393
0.248094058769, 1.02175849009, 88.5627473333, 0.633725298035, 58.0655092493, 25.1481416053, 0.816431057319, 4.75484745031, 7.25212396677, 3709.28494702, 0.169208520916
0.476762819295, 0.84778623602, 89.8906084646, 0.412152909392, 94.3635881285, 8.81812862012, 0.479146962558, 3.89790274512, 14.0145990578, 2739.6826613, 0.272864539203
0.478048436637, 0.851163520842, 86.0264063987, 0.46641312185, 45.4167427693, 16.2966788946, 0.906105149976, 3.39388986565, 13.1177777178, 2639.37690913, 0.335743210623
0.186545046789, 0.918547729273, 90.2548770078, 0.630493629824, 91.1489806412, 8.81812862012, 1.55662789702, 2.23263471748, 5.91059142361, 5432.71371728, 0.103071859119
0.863445615772, 0.822270617055, 81.4861781403, 0.664286516992, 21.0185247165, 45.0330295277, 0.842335119688, 2.40190148759, 4.34535872701, 2476.42845401, 0.453139110549
0.534722838824, 1.24615275853, 91.2956659958, 0.555144652219, 51.4510436755, 1.89205972272, 0.0481474164514, 2.1247033422, 14.0202833242, 14310.9742706, 0.0688109407472
0.214539770805, 0.874467189828, 89.8906084646, 0.412152909392, 60.6140358697, 11.5181161022, 0.728828953518, 1.05684963849, 14.0002131565, 2880.47030276, 0.23088606695
0.214539770805, 0.874467189828, 84.5847434961, 0.680477532834, 27.1013542109, 41.8606425965, 0.625387915425, 0.0309718896417, 1.6015490266, 2819.62554318, 0.231536627883
0.372815429599, 0.927163523668, 89.4145171867, 0.505248446523, 28.4839835754, 15.4274776095, 0.894952325822, 0.451069259199, 2.50027257341, 2747.14323692, 0.315067085538
0.214539770805, 0.874467189828, 90.6614407959, 0.475284468387, 84.6609836883, 14.0362685761, 0.728828953518, 1.05684963849, 14.0002131565, 3007.51615578, 0.214409008244
0.672176892928, 0.85565710173, 92.6404632138, 0.438900898404, 96.5335932579, 16.5546029755, 0.24561198163, 2.89874415568, 1.87839985551, 2782.66255625, 0.287776372436
0.882893493414, 0.843546995551, 81.3274894832, 0.602408553121, 75.8385916883, 46.3989645864, 0.905387909008, 1.6362763603, 7.45878677299, 2556.33427923, 0.524293197648
0.894195418795, 0.839694105481, 94.2476464821, 0.621264723466, 0.126176545031, 16.2966788946, 0.247203322568, 0.666863575176, 17.229352063, 2478.86663423, 0.54464865682
0.214539770805, 0.874467189828, 91.0256762109, 0.686709651242, 60.6140358697, 11.5181161022, 0.289062638251, 1.05684963849, 14.0002131565, 3277.3247969, 0.190106825403
0.540904206665, 0.856742639048, 80.3246266459, 0.675124847759, 52.0805523062, 12.4974977593, 1.77008553648, 0.181873110003, 6.64741901555, 2829.57928322, 0.251274869788
0.161485748012, 1.23849908818, 87.506384107, 0.447019807078, 99.9031916015, 6.37115656433, 1.45736567918, 3.38387355206, 16.4669507243, 25642.1198899, 0.0711894913403
0.161628584798, 0.971658582768, 80.2347769858, 0.680477532834, 16.5510561268, 14.0624417003, 0.0817175748768, 1.85893660903, 19.6640279642, 4101.78364946, 0.151411675245
0.68636242089, 1.16288496307, 84.5847434961, 0.619628430936, 73.9716917957, 6.08861579573, 0.625387915425, 0.0309718896417, 1.6015490266, 9331.57037218, 0.0842882105008
