1.96675513999, 1.29797978333, 1.09054518578, 1.05940164412, 2.4548571424, 0.825508735409, 3.65240577963, 1.0358914823, 1.05869415779, 5.35835102605, 2.72040093502, 0.859103125193, 2.2639773334, 0.839018515253, 0.809892563738, 1.50593908399, 1.0490163808, 0.856440021914, 9.60726053338, 1.15227628454, 0.881299370608, 125.612704696, 0.895675909563, 4.95734613497, 1.08660251972, 1.97911038202, 1.15399285671, 469.972432375, 0.0
3.61219250306, 1.4116539295, 1.16224580444, 0.841455509468, 1.74830578183, 0.728187020051, 5.6257447561, 0.97838240909, 1.09939454592, 2.13990965573, 3.25067169377, 1.00464935715, 1.08960032394, 0.870063897482, 1.04883989807, 1.5621028903, 1.12979344533, 1.17610776498, 3.59201036038, 0.981260873901, 0.938180498189, 119.58662584, 0.865198160332, 1.27910843872, 1.02383960543, 1.90293273477, 1.10585705574, 420.754850612, 2.68096514745
4.44287297848, 1.37919311282, 1.63431429196, 0.991150208187, 1.45358905745, 1.06331588278, 3.32584082063, 1.06593140919, 1.12514141202, 5.87973301747, 1.89307416893, 0.899717919688, 4.504511867, 1.27672069931, 0.886296305412, 1.40390424218, 1.14553212153, 0.914253491113, 5.66467841562, 1.02418685576, 0.993275528886, 25.9979707986, 1.03677839678, 3.36821795289, 1.22243386028, 5.33998493885, 0.886844921779, 199.96570357, 4.02144772118
4.82471948236, 1.248234134, 1.41102247673, 1.17928185745, 4.7189310767, 1.00070838954, 3.00176147928, 1.25688797098, 1.0317923419, 5.31033061, 3.97134619475, 0.946048886204, 3.8201932994, 1.13250005342, 0.994193202707, 1.18941368772, 1.08612681702, 1.20553617023, 3.34452431762, 1.18373268896, 0.84570397972, 365.369616176, 0.924994921343, 3.28369530769, 1.18997005726, 3.3885024063, 0.893197703303, 604.776475537, 1.60857908847
3.95921160088, 1.34470135879, 1.70298545456, 0.851574637039, 6.90733082625, 1.06339085404, 2.31851532258, 1.0909275203, 0.905673428883, 3.93730194734, 5.9640603793, 0.978816074788, 4.34485672966, 1.06165884591, 1.06786823703, 1.21317625782, 1.07004334437, 1.15481902997, 6.40109831921, 1.12813841724, 0.767858064526, 393.701466198, 1.01724212806, 3.71734457493, 1.20201874854, 3.91543125959, 1.02300761274, 790.166664357, 0.536193029491
4.48125821532, 1.3423241124, 1.4733249402, 1.08085575826, 6.14150332646, 1.05489293556, 4.66896601684, 0.846161497878, 0.991682932994, 5.01579033699, 5.29635095221, 1.095673142, 2.88066136497, 0.820549768461, 0.979373194431, 1.49650481264, 1.09209324723, 0.84416684821, 7.92392455545, 0.943952643426, 0.949216799294, 347.517777929, 0.991978101859, 4.06160729553, 1.11151841796, 1.33345311101, 1.20113128585, 1307.61443657, 0.0
2.04846614708, 1.3687160472, 0.946381778936, 1.10391247933, 5.01246239201, 0.846189684252, 2.29883575076, 1.25997581424, 0.907412254843, 1.27081818329, 1.77673156315, 0.97264467178, 1.12180062805, 1.26188978826, 0.97299973116, 1.04762098786, 1.1364052277, 0.978354123577, 4.12858293755, 0.999363788561, 0.881460930642, 234.893900901, 0.924210116286, 2.94827840181, 1.0861480981, 3.26512951827, 1.25913312287, 528.883295353, 2.14477211796
5.28479501298, 1.35498036756, 1.71732546525, 1.02092269232, 3.07371187589, 0.943003131774, 5.44063670053, 1.00570461955, 0.962546577611, 5.25848344307, 4.33549068484, 0.876783115575, 2.69820068685, 0.967848710125, 0.876754294566, 1.19634575149, 1.01984204785, 0.983770160119, 3.98160779555, 1.0632835198, 0.958057527749, 197.980723278, 1.18712025393, 2.71569261676, 1.13635057998, 5.31304148769, 1.06369891566, 698.861543722, 1.34048257373
3.64386037467, 1.06868691884, 1.14913880565, 1.01484780353, 4.82937877821, 0.804390090554, 1.99764615697, 1.11427850654, 1.11065395469, 1.95390184102, 3.28326339721, 1.20385260268, 4.50918981808, 0.828548283589, 0.783532904863, 1.21615312646, 1.0007023956, 1.00784486158, 3.95126914174, 1.00934997961, 0.902458495073, 385.135928714, 0.871379379184, 1.4386898849, 1.08509860582, 2.37152607865, 0.957097771518, 601.550697709, 2.41286863271
4.02217506794, 1.1882678167, 1.47791826418, 1.20462384916, 3.88994832457, 0.805219420171, 1.17921692336, 0.943143503962, 1.13926125335, 1.40494745513, 7.67723505269, 1.1934647707, 2.52237157006, 1.26548476409, 1.01867822957, 1.49427013839, 1.11668220458, 0.988303379332, 5.43498281988, 1.15046535594, 0.887789891699, 406.092619914, 0.867419931728, 4.71760547307, 1.01013608072, 3.84404136479, 1.23430946626, 2821.68521989, 0.0
5.37556646482, 1.21446587469, 0.871815838337, 1.0924197264, 3.86822503291, 1.01840951486, 1.8778599377, 0.864550180717, 1.10837056682, 1.26345386886, 4.52189615421, 1.06134761442, 1.25118712387, 1.00668729142, 0.965485704762, 1.38192711213, 1.11988337139, 0.987229071784, 8.80878457845, 0.964426698508, 0.871965230462, 386.692967284, 0.971179986026, 1.83365459276, 1.08270998663, 1.73106839275, 1.25497198683, 2757.34508509, 0.268096514745
5.47526819236, 1.04946557159, 1.4427099647, 0.969220481748, 5.58740784167, 1.1509904057, 2.81444244598, 0.857811226658, 0.984927439872, 3.24828301224, 6.06807512224, 1.13167661545, 4.73465712091, 0.935903167671, 0.79992891962, 1.14370376807, 1.00741856123, 0.998441274117, 8.31995979517, 1.08785964654, 0.807139113935, 248.82849795, 1.09337103503, 3.18896280935, 1.21552539513, 4.98529814768, 1.29787686675, 565.378900615, 3.75335120643
5.68231552202, 1.16671872964, 1.08276664018, 0.904287207873, 6.90369690495, 0.892448673147, 1.051352486, 1.14380948304, 1.09468585671, 2.69716174667, 7.76018281163, 0.932729543477, 4.80205402463, 1.26495208435, 1.06739577088, 1.19979343756, 1.03445847469, 1.19297930515, 3.59302284752, 1.12914603277, 0.804014517268, 119.409491175, 1.03369603757, 2.42713200092, 1.11855504092, 3.74122506071, 1.17018636939, 2128.00072555, 0.536193029491
3.01842588674, 1.25693387172, 0.842198158017, 0.860819965964, 6.5605241675, 0.982288184634, 3.7478471719, 0.85269977446, 0.906703369779, 2.6242943823, 7.64906375205, 1.00141034686, 4.56383839936, 1.00439082106, 1.00379728816, 1.05405663542, 1.03368931812, 1.21423872776, 7.36665705963, 1.04311558441, 0.847777517135, 270.888804618, 0.998092195641, 1.95772172406, 1.20826993032, 4.60169803698, 1.22912256159, 1360.73764757, 1.07238605898
2.05435708154, 1.24208394806, 1.08857116795, 1.0988936854, 5.36001763145, 0.834470584461, 4.31723617107, 0.847583681392, 1.10012186254, 4.71860317197, 4.60319147888, 1.18735779986, 2.59217293245, 1.13565855743, 0.870506708566, 1.39800865054, 1.16638703886, 1.21133975951, 4.66658528917, 1.12683178287, 0.851888664687, 343.549301896, 0.945675085312, 5.92504619953, 1.19949867101, 3.5218045874, 1.27062819719, 3478.92100031, 0.0
2.92994170546, 1.24540898933, 0.835768585002, 1.17967574776, 3.98300548133, 0.816407144035, 1.7879532285, 1.16299497636, 0.919876630221, 3.46641112177, 2.30039343237, 1.19581901111, 2.03740180315, 0.99447116217, 0.908075701487, 1.04019863474, 1.05932385533, 1.02238033993, 6.90031346366, 1.06717911928, 0.989624241171, 329.379867729, 0.864680002276, 2.11543320941, 0.977134587558, 4.74192393034, 1.02557928814, 617.434376839, 2.68096514745
1.06021860766, 1.38093706534, 1.49268571319, 1.06567085295, 4.48108858974, 0.809881963852, 2.51666937934, 1.0270233029, 0.903245818182, 1.25962952695, 5.94939855351, 0.878447286405, 3.50297211647, 0.836123640517, 1.02239310068, 1.57852766325, 1.03414500276, 0.994223125721, 5.15329787955, 1.06643834652, 0.832943860963, 375.399223619, 1.11881120609, 3.67955181713, 0.964471133228, 4.98883367694, 1.14005504242, 1941.07630522, 1.07238605898
2.92994170546, 1.24540898933, 0.797334978314, 1.17967574776, 3.98300548133, 0.816407144035, 1.7879532285, 1.16299497636, 0.919876630221, 3.46641112177, 2.17970439257, 1.19581901111, 2.03740180315, 0.99447116217, 0.908075701487, 1.04019863474, 1.05932385533, 1.02238033993, 6.90031346366, 1.06717911928, 0.989624241171, 329.379867729, 0.864680002276, 2.63363551639, 0.977134587558, 4.74192393034, 1.02557928814, 2388.47469697, 0.804289544236
1.23265234773, 1.14476552062, 0.773471860405, 1.17433248626, 4.70350711358, 1.15379176952, 5.19531272777, 1.19125768215, 0.982020956698, 4.45414541641, 4.2971775815, 1.0876911225, 2.77850500363, 0.974954016486, 1.06156064531, 1.45505541059, 1.1611941975, 1.13719300153, 4.17817094568, 1.05818109304, 0.942721928252, 313.901352853, 1.11728850759, 4.05593328421, 1.12042503674, 1.41995726798, 1.22798613441, 3774.94566346, 0.0
2.98107317719, 1.03355015188, 1.4834329831, 0.899975652846, 3.40818152237, 0.799346763993, 1.11563080863, 0.969413528404, 1.11664372395, 6.07000546148, 6.31844494344, 1.16783195621, 4.67203041652, 1.16227809047, 1.03342789472, 1.57623082852, 1.07085167653, 1.10515861599, 8.58237508778, 1.13992686986, 0.771030941182, 19.2288536101, 1.01427102453, 3.24407702128, 1.17320991791, 2.81838166056, 0.931441158442, 2118.25505784, 1.07238605898
2.45087779954, 1.34642780363, 1.73444152651, 1.03199831986, 5.35031130259, 0.794086765883, 3.35472261781, 0.825371131001, 0.948084779541, 1.8209638677, 3.33113361439, 1.17848230816, 4.63978683649, 1.23209391166, 1.05718994746, 1.46274390663, 1.0514184836, 1.1526734486, 3.82178176419, 1.01453404618, 0.819014561604, 150.166072141, 1.13803778168, 5.14992769471, 0.960014244016, 3.4489054019, 0.908638959359, 3872.32390419, 0.0
1.41879100494, 1.1135553006, 1.38989707481, 1.07899320787, 2.13006338643, 0.870986749547, 5.43000688818, 0.967862840551, 1.08977796089, 2.14923026645, 3.47345050645, 1.21066219257, 2.46294197675, 1.17922694967, 1.08910750458, 1.61724115428, 1.1108770499, 1.1104699591, 4.63679990131, 1.03653150927, 0.955901444181, 311.589294492, 1.0432726355, 1.4934356996, 0.962379666858, 2.88607930518, 0.944615338214, 748.927385142, 2.68096514745
4.1370616379, 1.25686789173, 0.734840421623, 1.11855379947, 3.52684494684, 0.800594509158, 4.65831225278, 1.1168582803, 1.11794380119, 5.47226326601, 3.29147679758, 1.07317639167, 4.10692181261, 1.28479067455, 0.872479928285, 1.17451312395, 1.11980289807, 0.87983744425, 6.12388906132, 1.16625201012, 0.864710398082, 289.99743057, 1.01230552949, 5.23336271448, 1.08723376934, 2.7951150884, 1.05977532532, 1495.18638151, 1.60857908847
4.02217506794, 1.1882678167, 1.47791826418, 1.20462384916, 3.88994832457, 0.805219420171, 1.17921692336, 1.01543429422, 1.13926125335, 1.40494745513, 7.67723505269, 1.1934647707, 2.52237157006, 1.28364976552, 1.01867822957, 1.49427013839, 1.11668220458, 0.988303379332, 5.43498281988, 0.927127825038, 0.887789891699, 157.770331726, 0.867419931728, 5.08621983973, 1.01013608072, 3.84404136479, 1.23430946626, 1448.93069608, 1.87667560322
2.38537367505, 1.21332217465, 1.60560074341, 1.21665277492, 1.64198547004, 0.954560754483, 3.45203034213, 1.05951755273, 0.969739131499, 4.86045345653, 2.92661781223, 0.863580821868, 2.79975285017, 1.25828112982, 0.9499678655, 1.57078274943, 1.03062232349, 0.896339894861, 8.44758616276, 0.916093114882, 0.878596262756, 298.21917322, 0.995396961951, 5.35121053983, 1.04963252631, 1.39978482184, 0.931097312629, 4318.33861665, 0.0
3.24635058875, 1.31127614462, 1.12649532545, 1.07195316297, 3.7390479532, 0.853237905698, 4.58207765453, 0.957698435059, 0.961506430696, 1.88185993467, 6.33121892327, 0.845350458976, 2.66968173302, 1.22031282649, 0.954933242098, 1.1404275609, 1.04605053693, 0.971843772142, 3.44425080316, 0.92259506236, 0.927700253811, 349.261055146, 1.00300638879, 4.1938984246, 1.20978198393, 4.20793574414, 1.16222468569, 1229.64833241, 2.9490616622
1.43081709942, 1.10128738024, 1.07521492106, 1.04086549696, 6.07273834015, 1.05963143463, 1.84670465501, 0.971936505635, 0.923352706077, 3.49731900017, 2.18570687299, 0.836346039825, 4.74305849124, 0.990840638918, 0.811348307834, 1.42495069439, 1.15582762753, 0.955384719408, 6.14712518144, 1.03821635049, 0.796502770369, 61.8924195283, 0.972426522597, 3.1326165142, 0.989436870781, 3.74024766542, 0.953332597192, 991.240524149, 3.21715817694
3.24635058875, 1.31127614462, 1.12649532545, 1.07195316297, 3.7390479532, 0.853237905698, 4.58207765453, 0.957698435059, 0.961506430696, 1.88185993467, 6.33121892327, 0.845350458976, 2.66968173302, 1.22031282649, 0.954933242098, 1.1404275609, 1.04605053693, 0.971843772142, 3.44425080316, 0.92259506236, 0.927700253811, 349.261055146, 1.00300638879, 4.1938984246, 1.20978198393, 4.20793574414, 1.16222468569, 7415.22069707, 0.0
1.14620992603, 1.29093794977, 1.18327504354, 1.05840667666, 3.94952657242, 1.17835831626, 5.65559818227, 1.00348779487, 0.945429270738, 3.59315242809, 7.6491272631, 0.890977139855, 2.40601217794, 1.2186809327, 0.7997533035, 1.59999920173, 1.01248153911, 1.12545435534, 8.12086187294, 1.13247334794, 0.98622908396, 236.426683488, 0.941602902819, 2.20229307366, 0.995433310121, 3.92855591826, 1.01575770783, 967.20130896, 4.82573726542
3.11865918229, 1.41869363581, 1.36802946102, 1.00489349831, 4.80960217057, 1.02163330627, 1.52588493897, 0.9670085259, 1.04900881503, 1.78895779949, 5.83124278873, 0.844858941609, 3.82062706933, 1.06233558522, 0.940002055112, 1.11537808081, 1.02237080443, 0.992410053532, 8.03329183457, 1.13855896253, 0.884072603866, 181.047519159, 1.12693194853, 2.0720126771, 1.22697483921, 2.30642533804, 1.17992875945, 10440.3312605, 0.0
4.39283564005, 1.17673466021, 0.875965530688, 0.981682735655, 7.0290446983, 0.715593062471, 5.53583872029, 1.21287647112, 1.07487731721, 2.02757319239, 7.61749984775, 0.922303059901, 3.83379037251, 1.15634022139, 0.912950849799, 1.04573145797, 1.12501088031, 1.21088610308, 3.98648540851, 1.15124631073, 0.822627301691, 142.021829641, 0.996605026863, 1.37831032441, 1.1001459485, 4.69425039589, 0.870805215794, 4872.78877679, 0.268096514745
1.52398052615, 1.17396471885, 1.00214920616, 1.07320086184, 2.7163322182, 1.00455093168, 1.23844420794, 1.14975288826, 0.970287973612, 1.99069155709, 3.99412989342, 1.00477701177, 4.84514233373, 1.25709679418, 0.84031146195, 1.37098317932, 1.00648419239, 0.947281575597, 4.58501384469, 0.981575402745, 0.898967737767, 133.00630482, 0.908767372144, 2.84433805539, 1.00668949619, 3.34582999966, 1.07838216292, 3838.18309068, 0.536193029491
3.24037409384, 1.13318793825, 1.37665764589, 1.06309819171, 6.93403640864, 0.854025503873, 2.48500589961, 1.19572278512, 1.00514232741, 4.45181286126, 7.22660571652, 1.15349467069, 2.27577302581, 1.10533312297, 0.837076271431, 1.3534518091, 1.09933039833, 0.937249334154, 9.06415652922, 1.04925103042, 0.998305039376, 142.065771747, 1.06615921864, 2.50181424502, 1.21804866163, 2.44420820597, 1.12541833707, 11563.0197729, 0.0
3.78404578682, 1.41473291522, 1.1348776204, 0.898532016701, 2.8815024465, 1.17044162153, 5.29347214061, 0.849253251047, 1.10538934741, 4.44295473042, 5.85575150343, 0.961981247728, 2.41030916805, 0.916400715577, 0.805930239603, 1.06058926391, 1.0932137792, 0.818634799407, 7.43638106292, 0.939536277174, 0.78313817635, 86.8644555531, 1.18967086353, 3.75896466367, 1.06393039801, 2.83508872556, 1.03046735534, 1853.37878624, 2.41286863271
4.04036829661, 1.04032711465, 1.49529548701, 0.897661314387, 6.08523680738, 0.793064874666, 4.46410966027, 1.15254491518, 1.06601774064, 4.83637208746, 6.71090928085, 0.867805246496, 3.83321046191, 1.19156086136, 0.795559355296, 1.58240670034, 1.16131585909, 0.954548818998, 3.87689968113, 1.0044432662, 0.943531169763, 388.907107433, 0.958470614283, 1.59230006704, 0.995747346391, 1.6826779061, 0.881512004362, 5339.39034965, 0.268096514745
1.65491315854, 1.08429684029, 1.03276557632, 0.847365645637, 2.12574318026, 0.930551248078, 3.29654623371, 1.20650955805, 1.09118140908, 5.47114442915, 7.78316469898, 1.17914117222, 3.02348609662, 0.910439403158, 0.80521117875, 1.30001496655, 1.10737383994, 1.1100223963, 6.03814778836, 0.968020880253, 0.799937766579, 161.603353281, 1.04561039019, 4.95225991595, 1.14644329053, 5.21633773629, 1.07096809205, 15367.2772142, 0.0
3.06075939564, 1.40788036835, 1.58965225144, 1.10728713108, 4.34028514659, 0.939406072445, 2.26812249599, 1.10729424769, 0.966597655444, 5.64211061869, 6.27536048187, 0.873298040796, 2.51697062336, 1.23349058812, 0.944582513889, 1.0830227201, 1.03721680594, 1.22182026904, 5.2361418964, 1.11590500169, 0.988722812479, 223.023309398, 1.04729272295, 2.04081180915, 1.23717261357, 3.8225305623, 1.17764122964, 17188.5098602, 0.0
1.94974688747, 1.39990652999, 1.45482161327, 1.0265513552, 4.2538588087, 1.12455697973, 3.00871502964, 1.24152524021, 1.02795441658, 2.09032648536, 5.4548488837, 0.908724783209, 2.6044789949, 1.03559377357, 1.01381577498, 1.29742869956, 1.02125766219, 0.850136376788, 3.32289905649, 1.17984230349, 0.796960768309, 376.364310878, 1.007876454, 3.43365143215, 1.08521263801, 2.36961964804, 1.08907328588, 6815.218182, 0.268096514745
3.64386037467, 1.06868691884, 1.14913880565, 1.01484780353, 4.82937877821, 0.804390090554, 1.99764615697, 1.11427850654, 1.11065395469, 1.95390184102, 5.11826498182, 1.20385260268, 4.19949506473, 0.828548283589, 0.783532904863, 1.21615312646, 1.0007023956, 1.00784486158, 3.95126914174, 0.946269197377, 0.902458495073, 385.135928714, 0.871379379184, 1.4386898849, 1.05107363068, 2.37152607865, 0.957097771518, 1313.55506939, 5.8981233244
1.83752863131, 1.10704024716, 0.980374941832, 1.16465509557, 3.56214693788, 1.18151528197, 4.44047935965, 1.04297483169, 1.11614743302, 4.76549730163, 4.46192161869, 0.826907021507, 4.00089257341, 1.27211712941, 1.08553263442, 1.36321144522, 1.07127903229, 1.12010767875, 9.16758413661, 1.17393714301, 0.947360086965, 285.959909164, 1.14377111016, 4.28926571964, 1.00133999498, 2.30313248304, 1.15569926379, 18684.3363692, 0.0
1.18247539985, 1.32793466221, 0.828405104032, 1.12722044228, 1.68783269989, 0.941331442486, 2.06190699891, 0.923695343154, 0.951481861792, 4.79807467695, 2.44018795362, 0.904979341026, 1.0523870733, 0.834224808289, 0.888562785539, 1.53857079623, 1.06543760796, 0.884985111774, 8.51219470799, 1.02143434474, 0.92911095932, 273.238318322, 1.00265388562, 3.98907585354, 0.998704904482, 2.81454837609, 0.998541778778, 4831.05804437, 0.536193029491
2.42575561726, 1.07803161355, 1.20683468344, 1.06686148032, 1.6696308797, 1.18946123295, 2.55745531191, 1.08163774036, 0.968074582475, 3.41102428031, 6.81620690868, 0.83776889298, 4.35068527825, 1.16545729582, 1.0351396133, 1.45750824336, 1.10198342637, 0.840122479674, 6.0191939748, 1.08621509569, 0.942720411239, 356.454292711, 0.911021827461, 2.29383674502, 1.01535709018, 5.27480576596, 1.10161733559, 9489.32632683, 0.268096514745
5.49105909772, 1.26977195731, 1.71018951646, 1.17816862978, 1.78055601653, 0.998981448236, 1.56678274404, 1.15439257749, 1.05230496495, 5.79214942535, 3.43744948527, 0.950441166768, 3.05904808549, 1.03553286123, 1.02450565135, 1.33390062975, 1.16070454817, 1.18735320139, 7.07558693129, 0.952804747826, 0.844186689566, 311.068347556, 1.19387336685, 1.98860704371, 1.20430823137, 2.2244448764, 1.25713250849, 2857.36563782, 1.60857908847
1.72371634216, 1.17737436766, 0.930060890468, 1.11729525108, 3.29241659279, 0.774776467404, 3.22605834984, 1.18038267422, 0.943501537119, 1.95248197935, 3.84683287629, 1.15757358463, 1.05093115288, 0.915259725304, 0.97202563823, 1.2043844283, 1.13849700967, 0.945816208924, 3.07190246388, 1.14044884682, 0.888867955769, 413.47610158, 1.13362547003, 2.86991704475, 1.22743619355, 1.99303087556, 1.08271911267, 5916.93449859, 0.536193029491
5.34240010876, 1.28401827204, 1.57978415217, 0.924722636178, 5.37746047523, 1.16642565719, 4.91808837727, 1.01760851551, 1.02485600067, 4.90413046263, 7.30318926794, 1.21038430336, 4.6952728498, 1.04732138364, 0.806129298117, 1.1979167782, 1.11763440937, 1.13458733641, 5.6065013247, 0.957151688013, 0.983246724071, 184.402742125, 1.17452390695, 4.09352779991, 1.01591085891, 4.07671374529, 1.20784773054, 5167.52920717, 0.804289544236
3.06075939564, 1.40788036835, 1.58965225144, 1.16879240033, 4.34028514659, 0.939406072445, 2.26812249599, 1.20269051134, 0.966597655444, 5.64211061869, 6.27536048187, 0.873298040796, 3.64565819716, 1.26087111365, 0.944582513889, 1.0830227201, 1.03721680594, 1.22182026904, 5.2361418964, 1.11590500169, 0.988722812479, 223.023309398, 1.04729272295, 2.04081180915, 1.23717261357, 3.8225305623, 1.17764122964, 2946.52740398, 1.87667560322
3.99053394068, 1.04269836872, 1.46797721942, 1.11906499383, 4.94303099423, 0.898542517659, 1.66473055668, 1.06407122426, 0.979144928588, 5.18049674098, 3.36872205467, 0.814763968429, 1.7504956542, 1.08697336126, 0.850550882325, 1.18689795761, 1.0950635618, 0.905918466334, 4.92824822258, 1.17158320619, 0.876264446774, 141.595300487, 0.875798212194, 5.59927778268, 1.11672863365, 4.74121673598, 1.15085278227, 43917.8951732, 0.268096514745
5.40011967307, 1.04175535622, 1.57876264562, 0.825237389304, 5.27255361708, 1.1613277083, 1.88558048661, 0.982588626139, 1.07341919064, 5.71312364476, 7.16439747743, 1.06571331286, 1.29955091967, 1.21157824455, 0.966889091359, 1.31867547624, 1.05095456556, 1.07331998645, 9.4280513235, 1.17911178845, 0.925876349465, 316.38907508, 0.910657803486, 2.29006649259, 1.18139282269, 5.14477930165, 0.978517453276, 4009.35153133, 1.34048257373
1.52398052615, 1.17396471885, 1.00214920616, 1.07320086184, 6.74476241424, 1.00455093168, 1.23844420794, 1.14975288826, 0.970287973612, 1.91453961232, 3.99412989342, 0.969532949188, 2.18446133228, 1.25709679418, 0.84031146195, 1.37098317932, 1.00648419239, 0.947281575597, 4.58501384469, 0.981575402745, 0.898967737767, 133.00630482, 0.908767372144, 2.84433805539, 1.00668949619, 3.34582999966, 1.07838216292, 3162.11324935, 1.87667560322
3.57917922609, 1.13401182485, 1.30923951507, 0.924967630942, 4.16543761781, 1.14440289196, 1.43373436271, 1.13110903198, 1.12915030821, 3.09770935021, 7.75392535228, 0.925305631376, 4.4259533863, 1.19471967223, 0.81695699238, 1.57280652527, 1.03347595808, 1.04103522999, 9.21035950161, 0.964861361736, 0.782092033586, 132.08313687, 1.09507169723, 4.84473161144, 1.15563321851, 2.78180685139, 1.22767508292, 4500.52996085, 1.07238605898
5.61699010842, 1.38884447178, 1.53721762023, 0.955901422039, 1.52806886393, 0.964850682759, 4.80046603054, 1.15857212176, 0.999594035967, 4.25772199214, 3.9858112531, 1.10395293485, 2.9446674712, 1.16462978674, 0.860929280371, 1.44825686927, 1.01015042083, 1.06950539565, 3.3833878037, 1.03804732285, 0.958052290648, 353.238003125, 1.11036902052, 4.77989820065, 1.21326628228, 2.91006257109, 1.20668156166, 5641.58767858, 0.804289544236
5.78523365324, 1.28022913111, 1.18900203634, 1.10728713108, 5.46785167432, 1.03466030183, 2.51791560182, 1.10729424769, 1.10592532147, 1.86774862804, 3.47857874146, 0.881489682329, 4.87222544676, 1.28863623568, 0.829035590162, 1.31979290467, 1.14515907217, 1.15415526196, 6.98987063376, 1.11567437883, 0.941683419157, 355.147758945, 0.862379128497, 5.8788606558, 1.18727127387, 1.94654958771, 1.03960918326, 2419.82067861, 3.48525469169
5.49105909772, 1.26977195731, 1.48786892112, 1.17816862978, 1.78055601653, 0.998981448236, 1.56678274404, 1.15439257749, 1.05230496495, 5.79214942535, 3.43744948527, 0.950441166768, 3.05904808549, 0.879527099453, 1.02450565135, 1.33390062975, 1.15426753895, 1.18735320139, 7.07558693129, 0.952804747826, 0.844186689566, 311.068347556, 0.943826850082, 1.98860704371, 1.20430823137, 2.2244448764, 1.15085278227, 3949.66664031, 1.60857908847
4.09016575788, 1.11264743225, 0.790802586904, 0.948326751848, 3.50599608391, 0.722137875116, 2.54586964372, 1.15021487532, 1.13360963196, 2.69765880552, 3.41302753861, 1.02480916291, 3.49107908334, 1.15819816499, 1.07012272299, 1.45112137225, 1.07954380189, 0.929247270584, 7.93409039187, 1.17311806191, 0.807407708891, 412.274963855, 1.09954765702, 2.33675105242, 0.984771063984, 1.2632081437, 0.997259749779, 2574.92797481, 6.16621983914
1.41879100494, 1.1135553006, 0.946381778936, 1.07899320787, 2.13006338643, 0.870986749547, 5.43000688818, 1.01614481317, 1.08977796089, 2.6838632395, 1.77673156315, 1.21066219257, 2.46294197675, 1.17922694967, 1.08910750458, 1.61724115428, 1.1108770499, 1.1104699591, 4.63679990131, 1.03653150927, 0.955901444181, 234.893900901, 1.0432726355, 1.4934356996, 0.962379666858, 2.88607930518, 0.944615338214, 10526.1462223, 0.536193029491
2.39015133494, 1.37919311282, 1.63431429196, 0.991150208187, 1.56067940182, 1.06331588278, 3.32584082063, 1.06593140919, 0.9693134605, 5.87973301747, 1.89307416893, 0.899717919688, 4.504511867, 1.27672069931, 0.886296305412, 1.40390424218, 1.14553212153, 0.914253491113, 5.66467841562, 1.02418685576, 0.993275528886, 62.761935156, 1.03677839678, 3.36821795289, 1.22243386028, 5.33998493885, 0.886844921779, 11215.2319949, 0.536193029491
5.70905992458, 1.30537443579, 0.88885188073, 0.817373618772, 3.53156497239, 0.944002493412, 5.84264202155, 1.05956677846, 1.11180849989, 5.97074338861, 3.8732064115, 0.920520531811, 4.08526924925, 0.996454873157, 1.01733275807, 1.60928461437, 1.09243111318, 0.943717280081, 7.46320951566, 1.0853279754, 0.822314947875, 234.75775552, 1.00312931271, 4.74839024829, 1.01650132232, 4.91658114272, 0.889369844181, 7464.62306986, 0.804289544236
3.56424919674, 1.20025370849, 1.20632673473, 1.15041437347, 6.45417485471, 1.01783736764, 2.00804100041, 0.922555986359, 1.11043775857, 5.59953788628, 1.65542156582, 0.836800552209, 3.94004684921, 1.17177506516, 0.90582774357, 1.37515828097, 1.10109211085, 0.965722549827, 6.40113866159, 1.0913765448, 0.878964299322, 176.966354691, 1.11235590454, 1.84250841295, 1.19272570979, 3.90395955087, 1.18256378591, 4907.5557855, 1.34048257373
1.96675513999, 1.30512384868, 1.09054518578, 1.05940164412, 2.93668935682, 0.73628499928, 3.65240577963, 1.0358914823, 1.09974452077, 5.35835102605, 2.72040093502, 0.859103125193, 2.2639773334, 0.839018515253, 0.809892563738, 1.50593908399, 1.0490163808, 0.856440021914, 9.60726053338, 1.15227628454, 0.881299370608, 125.612704696, 0.895675909563, 4.95734613497, 1.08660251972, 1.97911038202, 1.15399285671, 15263.4279752, 0.536193029491
1.02606582198, 1.02663961958, 1.27861303628, 1.07744224769, 1.4487375696, 1.14776124389, 2.64927546391, 1.18280658727, 1.07383966398, 1.43970236119, 6.4049411, 1.21702801727, 4.54061590435, 1.03098841831, 1.02307369078, 1.39585191309, 1.04924631074, 1.22937228091, 6.23877726526, 1.11722463648, 0.852888172757, 119.539220045, 0.976864097256, 3.07429899422, 1.10822317259, 4.97823274928, 1.24780377812, 3910.55078325, 2.14477211796
1.23265234773, 1.14476552062, 0.773471860405, 1.17433248626, 4.70350711358, 1.15379176952, 5.19531272777, 0.900313279376, 0.982020956698, 4.45414541641, 4.2971775815, 1.0876911225, 2.77850500363, 0.974954016486, 1.06156064531, 1.45505541059, 1.13197306625, 1.13719300153, 4.17817094568, 0.988771495054, 0.942721928252, 313.901352853, 1.11728850759, 4.05593328421, 1.12042503674, 1.41995726798, 1.22798613441, 6178.7912323, 1.07238605898
5.65054641334, 1.11160429486, 1.58111258882, 1.11743660251, 3.78725522588, 1.17513227193, 1.71282016063, 1.20170675662, 1.05351681741, 3.62321316341, 1.61187891003, 0.898323360106, 1.35439626278, 1.18706095546, 0.907143666543, 1.51202037279, 1.07060458317, 0.893415014178, 4.26641595617, 0.945754895798, 0.953135831112, 379.295086854, 0.94085865343, 1.11337479255, 1.03550857579, 3.14829832787, 0.897454679398, 23216.1270366, 0.536193029491
2.05435708154, 1.24208394806, 1.08857116795, 1.02145109259, 5.36001763145, 0.834470584461, 4.31723617107, 0.847583681392, 1.10012186254, 4.71860317197, 4.60319147888, 1.18735779986, 4.1393700432, 1.13565855743, 1.03134969839, 1.39800865054, 1.06197447563, 1.21133975951, 4.66658528917, 1.12683178287, 0.851888664687, 343.549301896, 1.13801534631, 5.92504619953, 1.19949867101, 3.5218045874, 0.973229011134, 3911.95502038, 2.14477211796
4.3710309827, 1.41473808306, 1.49770468548, 0.869093317478, 2.4548571424, 1.08892350643, 3.02177317226, 1.09626127071, 1.01331973932, 2.6502700618, 6.58016819125, 1.09831871408, 4.21734528968, 1.17022196492, 0.893505725409, 1.29743639902, 1.01791441179, 1.15969910955, 8.79018398001, 0.997815042145, 0.96377104301, 317.90242837, 0.943596748684, 1.38561921758, 1.19288944864, 1.48242236236, 1.14097117684, 3322.84326537, 3.75335120643
5.32679720356, 1.24077265129, 1.1678568901, 1.1566241776, 2.82842455432, 1.01710849799, 4.95397441431, 1.23772411367, 1.03872769318, 3.55773696291, 1.8327687036, 0.924571063449, 4.56438340925, 0.912047087239, 0.878765133622, 1.2707204541, 1.00414181971, 1.09710835231, 3.7096461302, 1.15919292314, 0.952436495494, 371.969768145, 0.88189246707, 3.57158389788, 1.10206159304, 3.69567453639, 1.16107556253, 4023.77539033, 1.87667560322
4.40645153257, 1.05695379447, 0.987985913626, 0.917492366803, 6.66176331014, 0.82452910505, 5.27076914214, 1.02866737617, 1.12492152161, 6.0881543783, 7.38608044167, 1.11992152631, 4.64207678726, 1.19275236168, 0.911264583503, 1.23096626937, 1.07510439839, 1.1065558378, 4.75277138169, 1.01776881244, 0.891819968797, 319.698366529, 0.971745358985, 3.78890276695, 1.12250552346, 1.21528900977, 0.887727504301, 10570.7631692, 0.804289544236
4.04036829661, 1.04032711465, 1.49529548701, 1.12377502533, 6.08523680738, 0.793064874666, 4.46410966027, 1.15254491518, 1.06601774064, 5.91489262665, 6.71090928085, 0.867805246496, 3.83321046191, 1.19156086136, 0.795559355296, 1.58240670034, 1.16131585909, 0.954548818998, 3.87689968113, 1.0044432662, 0.943531169763, 388.907107433, 0.958470614283, 1.59230006704, 0.995747346391, 1.6826779061, 0.900331530208, 29580.7817635, 0.536193029491
5.4808743416, 1.40230182778, 1.17868127682, 1.17861153865, 6.39904510676, 0.869668466444, 2.90799148049, 0.920509142808, 1.10978476031, 2.2220476874, 2.71688946697, 1.13286471949, 4.47116002078, 1.00403759751, 0.8644000267, 1.50281293289, 1.0346213888, 1.00063315926, 5.49785120559, 1.11551324387, 0.84839868824, 378.739465092, 0.933896203255, 1.61851672835, 1.18975930552, 5.10962202429, 1.06478523658, 4167.67252395, 1.87667560322
1.72371634216, 1.17737436766, 0.999228665671, 1.11729525108, 3.11217603038, 0.828071236973, 3.22605834984, 0.900313279376, 0.943501537119, 1.95248197935, 3.84683287629, 1.15757358463, 1.05093115288, 0.915259725304, 0.97202563823, 1.2043844283, 1.13849700967, 0.945816208924, 3.07190246388, 1.11661131137, 0.888867955769, 413.47610158, 0.993746991504, 2.86991704475, 1.22743619355, 1.99303087556, 1.08271911267, 3193.33096501, 6.70241286863
3.56424919674, 1.20025370849, 1.20632673473, 1.05665989507, 6.45417485471, 1.01783736764, 1.65145156812, 0.922555986359, 1.11043775857, 5.59953788628, 1.65542156582, 0.836800552209, 3.94004684921, 1.17177506516, 0.90582774357, 1.37515828097, 1.12927763935, 0.965722549827, 6.40113866159, 1.0913765448, 0.878964299322, 176.966354691, 1.11235590454, 1.84250841295, 1.19272570979, 3.90395955087, 1.1313324217, 3836.29835624, 3.21715817694
5.00018261981, 1.03607075443, 1.68943704026, 1.00106918241, 3.32672542732, 1.01932649404, 1.73888285268, 1.01105928343, 1.07054474779, 2.79704425741, 6.39927035454, 0.905077258168, 4.77290156919, 0.887006176632, 0.950888881907, 1.27586347091, 1.07625997265, 1.03728336529, 8.34505621057, 0.929073578622, 0.822028061972, 402.007896141, 1.15867301196, 1.30369962733, 1.16428305127, 1.41798537395, 1.12720423922, 12609.6066189, 0.804289544236
2.17039292284, 1.02042915584, 0.889394914158, 0.886215464337, 5.20414602123, 1.115254733, 2.34210198373, 0.869073783112, 0.986200622496, 3.20613076228, 1.57719798919, 0.880218595236, 4.24682090297, 1.14917618022, 0.885574613662, 1.2597726737, 1.13274735349, 0.867283256459, 6.94469655868, 1.16836258822, 0.80975318604, 253.425501532, 0.95437662966, 4.17695704268, 0.977411550614, 4.77600558699, 1.09860471151, 5985.71904319, 1.34048257373
3.69216544796, 1.06373609794, 1.67900440283, 0.822133930443, 2.39044624524, 1.08010972776, 5.40996112224, 1.10123566666, 1.04726701486, 1.62226815625, 2.55375448623, 1.19098716173, 3.44374894942, 0.999940939889, 1.04686300148, 1.441039331, 1.06997722922, 1.10100989489, 9.39283858057, 0.995181263519, 0.858552998976, 109.199127173, 0.938158312173, 3.06115806157, 1.17010847661, 4.33825558459, 1.28314566418, 3582.59836499, 8.8471849866
1.87427805879, 1.07794042997, 1.28430843829, 0.990524034558, 6.36755924394, 0.911758489802, 1.13621211922, 1.10395386385, 0.987404736355, 5.71885811416, 7.14264903469, 1.08979271394, 4.25968092212, 0.995998118673, 0.94081740423, 1.41217839437, 1.13344262225, 0.855939522614, 3.29631781994, 1.07149893727, 0.923150909244, 262.864521759, 1.01639995157, 5.61604755991, 1.18255425221, 4.75134997029, 1.18298904126, 5284.70122557, 1.60857908847
4.75138039864, 1.39490092803, 0.760173531621, 1.01657478579, 6.84890574654, 0.875926075819, 3.57681071677, 1.08219943954, 1.0398495549, 4.64372583453, 1.69626497686, 1.1728268633, 1.54518660412, 1.13949349632, 1.04419608156, 1.13776854523, 1.14747105304, 1.17179559353, 3.58427690766, 1.03747371391, 0.773243073673, 413.203452137, 1.16339231949, 3.78399118205, 1.16458509636, 2.97602624923, 0.930068673456, 10039.6397782, 1.07238605898
2.83518604473, 1.15105345244, 1.72853972201, 1.03071650502, 1.52806886393, 1.08486686191, 1.78888831473, 0.957208392514, 0.91687159468, 5.14303254049, 6.23597328965, 0.834540275347, 1.61829178987, 1.24511305305, 0.919052332008, 1.10827033453, 1.10741199188, 1.15475085665, 4.74584534354, 1.08619660339, 0.958052290648, 326.478229929, 0.917368270733, 5.50760150069, 1.15694754552, 2.91006257109, 1.20364082384, 4711.71288747, 1.87667560322
2.20752329569, 1.28134416069, 0.768118448836, 1.1043710216, 6.77865741771, 1.11967697525, 2.28190215232, 1.23097264656, 0.915442069381, 1.44340436235, 5.66170026417, 1.05236261303, 2.53248648803, 1.04568640386, 0.931734852526, 1.32861687179, 1.07374292826, 1.10804557516, 8.09185700328, 0.973240603727, 0.82943269548, 368.886187703, 1.10694091988, 2.26783066873, 1.23265655566, 1.71461278778, 1.07997489972, 10047.5593273, 1.07238605898
5.44914877957, 1.38140153636, 1.04603042531, 1.20288308461, 5.10218672603, 1.00566954053, 3.48857814506, 1.10441361463, 1.11689260688, 1.53162634789, 5.56597883656, 0.990325223929, 1.9139130897, 1.1477051459, 0.813310560259, 1.00708160692, 1.02884838226, 0.947661301255, 6.1519806921, 1.09548908145, 0.994942652674, 79.6589969868, 0.854782198278, 2.68907307572, 1.11546780313, 3.71685413315, 0.968502922689, 33922.8429321, 0.804289544236
3.74345560356, 1.267151055, 1.0312207001, 1.02090871551, 4.68398292926, 0.973730504767, 3.03872105116, 1.01512446197, 0.967337251515, 1.7847197695, 5.19876424753, 1.10970918023, 2.12944767637, 1.23361956624, 1.01535849687, 1.28569214159, 1.12515541272, 1.14955383452, 7.94264990933, 1.18596593418, 0.85495643785, 372.788416121, 0.962805642269, 5.4463034797, 0.978268093817, 3.8810576859, 0.934554413048, 128307.113784, 0.804289544236
1.46543513774, 1.18894302445, 0.796886266435, 1.01586157598, 4.81371145366, 0.973310099787, 3.03035975852, 1.05595987153, 0.933435262196, 4.84824749083, 2.96893883464, 1.06266547792, 2.43179711469, 1.00259846618, 0.989030202993, 1.46905676604, 1.07573528777, 1.10862526278, 9.78927553674, 0.971811176426, 0.976612294001, 174.827042221, 1.0299300394, 1.34178046877, 1.14012676715, 4.62289043824, 1.02569719881, 4564.86991781, 2.14477211796
1.93820734186, 1.11395514079, 1.27560654884, 1.01788310473, 1.81477668922, 0.921257183792, 5.09391558675, 1.14733117302, 1.07670975964, 4.93592468639, 5.88814604612, 0.846011754542, 3.77752282749, 0.886308571054, 1.08173617499, 1.45798605863, 1.11567056568, 1.10768191524, 6.83978238937, 1.13998752192, 0.83727477105, 16.6994492295, 1.14590817993, 2.16573271335, 1.14404657743, 2.01359033321, 1.10062490892, 4433.6382921, 2.68096514745
5.68647077037, 1.41391025702, 0.933041041492, 1.14938716066, 2.04955770459, 0.768958901043, 4.46083380374, 0.887402858517, 0.983719783154, 4.73525201979, 7.64901447381, 1.03543604663, 3.81442331517, 1.11823357887, 0.809174153679, 1.49037289342, 1.1571341447, 0.947366835169, 9.97627905432, 0.953912231249, 0.894122579482, 263.501718701, 0.917362961558, 1.93349064025, 1.11038061597, 1.42242429135, 0.953569886261, 15457.0180991, 1.07238605898
5.75512995949, 1.23611658364, 1.1250019099, 1.02417746233, 2.39261053529, 0.985894956584, 2.07124447343, 0.991580719627, 0.957156693761, 5.69963949353, 3.80165505004, 1.07440917237, 3.64250500613, 1.03373185205, 0.846435909498, 1.05521774893, 1.14700272545, 1.03579886144, 6.81446563616, 0.923263939997, 0.922036778781, 264.493284231, 0.851089540628, 3.54871045694, 1.16244436169, 2.61670072205, 0.991000043507, 4159.9670269, 5.36193029491
5.40011967307, 1.04175535622, 1.57876264562, 0.825237389304, 5.27255361708, 1.1613277083, 1.88558048661, 0.982588626139, 1.07433454573, 5.71312364476, 6.89742438637, 1.06571331286, 2.49884641308, 1.16759031165, 0.966889091359, 1.35138736928, 1.05095456556, 0.919081435256, 9.4280513235, 1.17911178845, 0.925876349465, 316.38907508, 0.910657803486, 2.29006649259, 1.18139282269, 4.73748195538, 0.978517453276, 4538.02578554, 2.9490616622
3.24037409384, 1.13318793825, 1.52242386743, 1.06309819171, 6.93403640864, 0.854025503873, 2.48500589961, 1.19572278512, 1.00514232741, 4.45181286126, 7.22660571652, 1.15349467069, 2.27577302581, 1.10533312297, 0.837076271431, 1.3534518091, 1.09933039833, 0.937249334154, 9.06415652922, 1.04925103042, 0.998305039376, 142.065771747, 1.06615921864, 2.50181424502, 1.21804866163, 2.44420820597, 1.12541833707, 5842.15163008, 1.87667560322
4.40645153257, 1.05695379447, 0.987985913626, 0.927094582602, 6.37317524243, 0.82452910505, 5.27076914214, 1.02866737617, 1.12492152161, 6.0881543783, 7.38608044167, 1.11992152631, 4.64207678726, 1.19275236168, 0.911264583503, 1.23096626937, 1.07510439839, 1.1065558378, 4.75277138169, 1.01776881244, 0.891819968797, 319.698366529, 0.971745358985, 3.78890276695, 1.12250552346, 1.21528900977, 0.887727504301, 20936.9407044, 1.07238605898
1.32194078135, 1.35860171979, 0.858183625839, 1.02547171425, 5.83840735492, 0.849852114883, 3.98632653768, 1.05507959991, 1.09005663092, 4.70959267105, 7.35560468447, 1.13317748691, 4.88114626573, 1.20473761386, 0.839216679528, 1.17652611505, 1.13815049439, 1.13471465849, 3.03451394125, 0.965376835166, 0.919605605705, 283.598976032, 0.870881948983, 5.73874152381, 1.19791079505, 2.05430459634, 1.00826995237, 24297.8975468, 1.07238605898
2.98107317719, 1.03355015188, 1.4834329831, 0.899975652846, 3.40818152237, 0.799346763993, 1.11563080863, 0.969413528404, 1.11664372395, 3.03727620869, 6.31844494344, 1.16783195621, 4.67203041652, 1.16227809047, 1.03342789472, 1.57623082852, 1.07085167653, 1.10515861599, 8.58237508778, 1.13992686986, 0.771030941182, 19.2288536101, 1.01427102453, 3.24407702128, 1.17320991791, 2.81838166056, 0.931441158442, 13581.9575915, 1.34048257373
5.3163539997, 1.26432889811, 1.10261286318, 1.14547845601, 2.49304611993, 0.877150735663, 4.30112312434, 0.862251964405, 1.02154186526, 2.59048138796, 6.52150596118, 1.13979644132, 2.16160860121, 1.15037914118, 0.941590487132, 1.56125998485, 1.06245044014, 0.839506598898, 7.99040921131, 1.06338645727, 0.912291512892, 135.929780944, 0.923845721986, 5.20672984202, 1.03706788269, 4.18745014962, 0.900542830538, 10150.4380804, 1.60857908847
1.58585088264, 1.34919454215, 0.731612512502, 0.809978499871, 5.89604229784, 0.968914063093, 2.34241944051, 0.964926938712, 1.00290524965, 5.10282043131, 3.28445739343, 1.15781897102, 2.50622812391, 1.23958828184, 0.854040552854, 1.246118477, 1.1588583247, 0.909241236756, 7.03392182092, 1.04624141044, 0.906731489644, 244.578025382, 0.993325219324, 3.26507459018, 1.03799640962, 4.08574177059, 1.16078530932, 6152.74778085, 1.87667560322
5.09533802772, 1.38140153636, 1.04603042531, 1.13127244547, 5.10218672603, 1.00566954053, 3.48857814506, 1.10441361463, 1.11689260688, 1.53162634789, 5.56597883656, 0.990325223929, 1.9139130897, 1.1477051459, 0.871900952145, 1.00708160692, 1.02884838226, 0.947661301255, 6.1519806921, 1.09548908145, 0.994942652674, 79.6589969868, 0.854782198278, 2.68907307572, 1.11546780313, 2.80130170937, 0.968502922689, 6999.80748299, 1.87667560322
1.83752863131, 1.10704024716, 0.980374941832, 1.07746499006, 3.56214693788, 1.18151528197, 4.44047935965, 1.04297483169, 1.11614743302, 4.76549730163, 4.46192161869, 0.826907021507, 4.00089257341, 1.27211712941, 1.08553263442, 1.16165346413, 1.07127903229, 1.12010767875, 9.51937868435, 1.17393714301, 0.947360086965, 285.959909164, 1.14377111016, 4.28926571964, 1.00133999498, 2.30313248304, 1.15569926379, 23777.9812659, 1.34048257373
1.03335826552, 1.41232651408, 1.09309913634, 0.858993211539, 4.36298442103, 1.09149711955, 4.32262966525, 1.24581542489, 0.937921120598, 1.69570472835, 4.40273595806, 1.01467771464, 5.00874012471, 0.982506926302, 0.935560217564, 1.14287955626, 1.04132520126, 1.10589780685, 9.45181398201, 1.12683418888, 0.845523271401, 150.729153179, 0.84602567082, 2.13144098427, 1.17709890986, 2.25920156694, 1.27670936386, 13299.5964282, 1.60857908847
1.54137735515, 1.41054427779, 1.25021070494, 0.967229840759, 3.18945961278, 0.829975514852, 2.11887225782, 1.21894635522, 1.0640522266, 5.69469375117, 3.28326339721, 1.20800626933, 4.56367298341, 1.15463919606, 1.08327659761, 1.51968948099, 1.05813748687, 0.863112997487, 9.0861616966, 1.10599811122, 0.900611197438, 397.214743078, 0.867961051205, 5.46652877063, 1.18575978019, 5.17089177514, 1.08738027927, 14219.4047743, 1.60857908847
5.66920733313, 1.19857005218, 1.07698079912, 1.20053267854, 5.39032849314, 0.732772980677, 5.89875609559, 1.05946507202, 1.07193389768, 5.10282043131, 4.65117028706, 0.993696094285, 1.92360220655, 1.06743301772, 1.02446442619, 1.45877952669, 1.11030735984, 0.930092412184, 8.58174552471, 0.912981918761, 0.805041681986, 220.420625874, 0.947349853875, 3.14018556168, 1.10075401127, 5.45023002801, 0.964708520291, 10144.6093043, 1.87667560322
1.18247539985, 1.32793466221, 0.828405104032, 1.12722044228, 1.68783269989, 0.941331442486, 2.06190699891, 0.923695343154, 0.951481861792, 4.79807467695, 2.44018795362, 0.904979341026, 1.0523870733, 0.834224808289, 1.04088999982, 1.53857079623, 1.06543760796, 0.884985111774, 8.51219470799, 1.02143434474, 0.92911095932, 273.238318322, 1.00265388562, 3.98907585354, 0.998704904482, 2.81454837609, 0.998541778778, 5988.13827476, 2.68096514745
5.48860392601, 1.04142684624, 1.4634151399, 0.83300157037, 4.77449678133, 1.10086768517, 2.59707515896, 1.04812010509, 1.09097303566, 2.31810932943, 2.16822261132, 1.20495437956, 4.07955782277, 1.00634617341, 0.834654202562, 1.60089583273, 1.14335460837, 1.22150041632, 6.04656409598, 1.16759962755, 0.939188355679, 116.532466019, 1.02470009798, 2.14867911587, 1.1255288021, 3.57580716043, 1.05331238248, 5967.05417697, 2.9490616622
3.95236707678, 1.25235103317, 1.0509076498, 1.16239334149, 1.85771388819, 0.732028992782, 2.59984988728, 0.832461119462, 0.981663120272, 1.93394928375, 4.06580274207, 1.01204431529, 2.79138825475, 1.27598182379, 1.01924324769, 1.2023746775, 1.15657840575, 1.1111061019, 5.45291306189, 0.961598476504, 0.915044540247, 76.1632800053, 1.12951463042, 5.82651772131, 1.08084079265, 4.18691046522, 1.18398088793, 7059.30741484, 2.41286863271
3.62265536673, 1.16927597812, 1.71131273986, 0.874437702841, 6.74476241424, 0.716220904826, 4.56381392968, 1.03519276289, 0.945971341641, 2.93048638868, 4.65977046401, 0.969532949188, 2.18446133228, 1.11191895591, 1.04812051465, 1.2796882022, 1.03147328865, 0.953654345061, 5.77059304664, 1.09780984565, 0.797573383771, 400.487355874, 1.05155347446, 3.32037843478, 1.22341912406, 1.61919214401, 1.15443680175, 7513.53944176, 2.14477211796
5.47526819236, 1.04946557159, 1.4427099647, 0.969220481748, 5.58740784167, 1.1509904057, 2.81444244598, 0.857811226658, 0.984927439872, 3.24828301224, 7.75392535228, 1.13167661545, 4.73465712091, 0.935903167671, 0.79992891962, 1.14370376807, 1.00741856123, 1.04103522999, 8.31995979517, 1.08785964654, 0.807139113935, 248.82849795, 1.09337103503, 3.18896280935, 1.21552539513, 4.98529814768, 1.29787686675, 18235.5781057, 1.60857908847
