0.124708253332, 0.870150557846, 2.85346461449, 0.764959548954, 90.5993637941, 1.75693635139, 0.420897394264, 2.61309062135, 14.7748854331, 110.368589404, 0.00572052187096
0.136086064267, 0.832626830757, 5.60180739385, 0.898086864706, 95.1269262512, 4.30007241059, 0.456341505544, 3.70294889155, 17.5634266532, 81.0715291684, 0.01772379226
0.152713111378, 1.231576741, 5.15390427914, 0.912460836658, 84.5842339791, 2.52807791623, 0.962220354523, 4.05169697088, 10.0752013522, 649.007090515, 0.0
0.185172717704, 1.21114477567, 4.35032615226, 0.832200532382, 92.6253750758, 1.9385650451, 0.0641891515172, 0.851704766104, 17.9317658907, 403.520606155, 1.11022302463e-16
0.115176058378, 0.923992974328, 4.0583733436, 0.848652168119, 98.9406521505, 2.27692365569, 0.767171928822, 0.915885945138, 10.0806496675, 145.058994619, 0.00551743447067
0.152713111378, 1.231576741, 5.15390427914, 0.912460836658, 96.3167166597, 2.33754699722, 0.262581208045, 4.05169697088, 10.0752013522, 420.028398407, 0.00455318314707
0.194099259795, 0.830396136027, 2.05827667584, 0.82681118406, 98.7657735489, 3.90017340799, 0.178093518474, 3.00346428909, 14.2330442945, 93.3265585013, 0.0560137032473
0.19373959501, 0.904172458981, 2.01744623922, 0.68885961357, 81.7304304047, 8.95685605733, 0.472470663511, 4.11458036604, 18.4779326145, 92.3313579837, 0.151000468224
0.116062888632, 1.0345418546, 2.29795269359, 0.748495081588, 99.0590317265, 4.59122637194, 0.223373967753, 3.22381764539, 13.0295623465, 107.481042401, 0.0220557221733
0.19373959501, 0.904172458981, 2.01744623922, 0.68885961357, 81.7304304047, 8.95685605733, 0.472470663511, 4.11458036604, 18.4779326145, 104.323071406, 0.177125675928
0.197728148553, 0.849026796235, 3.76302894144, 0.805272690691, 93.0064006789, 1.24001537495, 0.682538261476, 3.64150780552, 12.5965248292, 176.890742506, 0.00749598668842
0.179909087564, 0.824208415959, 2.05827667584, 0.82681118406, 98.7657735489, 3.90017340799, 0.178093518474, 3.00346428909, 14.2330442945, 109.345117628, 0.0829227529661
0.116062888632, 1.0345418546, 2.29795269359, 0.748495081588, 99.0590317265, 7.00601126002, 0.223373967753, 4.82653924721, 13.0295623465, 115.596679486, 0.0321386283839
0.181716937013, 0.850472871211, 4.94895444722, 0.686247488787, 93.4008414748, 1.86976881665, 0.850588603559, 2.77380257378, 18.369155596, 278.956438402, 0.0105830757829
0.188733679661, 1.08413172098, 2.01883517028, 0.862457464399, 87.7831918821, 3.80433010229, 1.18567006298, 0.324453745149, 13.4844999011, 235.562613059, 0.0112541055654
0.122795560593, 1.1865087837, 2.66231533282, 0.610232268558, 83.2307524019, 1.78270651037, 0.602045838356, 3.87405133164, 11.2250930341, 235.192111413, 0.0157733412876
0.124708253332, 1.2196757114, 2.85346461449, 0.764959548954, 90.5993637941, 3.91557138977, 0.420897394264, 2.61309062135, 14.7748854331, 179.25926277, 0.0165143422186
0.153344752767, 1.02835549202, 2.77245108802, 0.874041925958, 92.6253750758, 9.85800707315, 0.375613816565, 2.9774518607, 16.3400020665, 125.914645531, 0.0361528578407
0.125984543123, 1.04186659488, 2.26593004526, 0.623140645353, 90.9909578534, 9.43339157711, 0.404009553077, 1.53823118359, 14.7581946332, 127.36723703, 0.0355270909611
0.132866895548, 1.20236326464, 2.38862902162, 0.740458704034, 94.1494964566, 5.55230021065, 0.477551321756, 2.93049488625, 10.0354560432, 135.921192916, 0.0328909973366
0.122511127961, 1.16657432731, 3.66743870009, 0.738842528436, 96.9905545884, 1.72978403049, 0.369593787221, 4.78034628847, 14.5177010142, 245.678227235, 0.01145046295
0.186334416549, 0.844496363863, 2.62973537297, 0.769000395804, 86.8818505036, 2.21934523524, 1.82667649976, 0.244494043044, 15.6081594052, 233.288391368, 0.0175889395949
0.186630986523, 1.10280364659, 3.97517138727, 0.823447582949, 84.4499174999, 2.76425635304, 1.14391385152, 1.46267044786, 18.1221895873, 460.738776205, 0.0100926572114
0.166411271938, 0.93124937552, 2.97613069511, 0.817050734134, 86.2218181279, 1.61126411103, 0.898137240606, 1.73869728139, 14.2023494259, 175.782187426, 0.0300828928154
0.11780946023, 1.06214601176, 2.31206386483, 0.786676745566, 93.1953936358, 4.90969550134, 0.846045116312, 1.44972595194, 17.35584494, 148.638988461, 0.031978746388
0.119655139817, 1.12566867979, 4.68711338599, 0.60409550834, 81.0372639676, 2.11293530157, 1.36080720286, 1.62891696185, 19.7691998675, 554.256861215, 0.0103540666645
0.120116402707, 0.994184786781, 5.00021869343, 0.688970545923, 82.1214813241, 2.1731144535, 0.651144055437, 4.72221980392, 18.9769014711, 385.149816822, 0.0125038238434
0.110124775217, 0.946616170765, 3.34233520729, 0.841000609253, 99.2040565952, 8.90018908144, 0.0448203097636, 1.82739366218, 10.45531603, 200.628253473, 0.0248594901778
0.188733679661, 1.23601311058, 2.01883517028, 0.862457464399, 87.7831918821, 3.80433010229, 1.18567006298, 0.324453745149, 13.4844999011, 214.818561454, 0.0237215498128
0.136140315555, 0.845807161245, 2.84984547379, 0.605771587623, 80.7248224415, 3.05896283705, 0.918059054147, 0.552952218814, 14.1539993946, 138.630598681, 0.0399773807852
0.145426046481, 0.938946224225, 2.36502895991, 0.839704641296, 94.9967995585, 5.48732275189, 0.0718925014246, 1.16495968535, 11.0474060462, 133.626072201, 0.092413962575
0.132866895548, 1.20236326464, 2.38862902162, 0.740458704034, 94.1494964566, 5.55230021065, 0.477551321756, 2.93049488625, 10.0354560432, 135.708816052, 0.0955603560481
0.143871918461, 0.955717373946, 6.10509658872, 0.845558047048, 84.4325398607, 7.5223251727, 0.654852924348, 3.97572417679, 17.9219812816, 134.220323178, 0.147326732357
0.18301736582, 1.21889684186, 5.43170916412, 0.747774471527, 94.1246620591, 2.32194970964, 0.24911354204, 1.11966266853, 12.542468513, 188.327617117, 0.0303435095701
0.119614814035, 1.17617969113, 7.39270667185, 0.708503262426, 90.0818933927, 1.78270651037, 0.542179275864, 3.87405133164, 14.8644534017, 213.17395038, 0.027031258795
0.197728148553, 0.849026796235, 3.76302894144, 0.805272690691, 93.0064006789, 1.24001537495, 0.682538261476, 3.64150780552, 12.5965248292, 210.278870154, 0.0273131249654
0.114761902703, 0.827071994437, 7.02502982911, 0.88825082609, 95.4970284643, 5.29997823035, 1.98021987254, 1.68810127656, 16.2973561314, 447.347538863, 0.0151546829012
0.100125950329, 1.1116122054, 7.19496020094, 0.85184254931, 83.9796917989, 1.61533682098, 0.177315410466, 2.13372516507, 16.0804239076, 642.655476889, 0.0124312932166
0.100125950329, 1.1116122054, 7.19496020094, 0.85184254931, 83.9796917989, 1.61533682098, 0.177315410466, 0.391608439148, 16.0804239076, 678.845322949, 0.0121872543648
0.143875134492, 1.04945334989, 5.41983328565, 0.937855393423, 95.9959360926, 1.25992172471, 0.822260422044, 4.85191093912, 12.748230879, 344.279615575, 0.0166295692554
0.107993952022, 0.949703331639, 4.96740429465, 0.752573413429, 82.5299544953, 1.84682285118, 0.0365867932484, 2.91028811072, 13.7835375012, 249.595491615, 0.0189720791612
0.136140315555, 0.845807161245, 2.84984547379, 0.605771587623, 80.7248224415, 3.05896283705, 0.918059054147, 0.552952218814, 14.1539993946, 161.794640042, 0.0418394080316
0.184697947241, 1.02309469475, 5.12186851457, 0.624796134368, 84.38079378, 2.50755555494, 0.362159772371, 2.3947560225, 14.8664253656, 263.291590974, 0.0213917325624
0.184164691477, 1.13922964886, 2.3197666642, 0.919230945859, 80.3265149225, 3.74016958375, 0.815206475491, 1.63219195214, 14.649978991, 160.385740648, 0.0681283853498
0.145426046481, 1.25038704146, 2.36502895991, 0.839704641296, 94.9967995585, 5.48732275189, 0.0718925014246, 1.16495968535, 10.7886697664, 165.005954004, 0.0557777649065
0.153344752767, 0.881736272088, 3.21846937385, 0.874041925958, 88.3313040315, 9.85800707315, 0.375613816565, 2.9774518607, 16.3400020665, 149.933088505, 0.110656025424
0.18797152279, 0.864687171979, 2.97613069511, 0.928931117154, 90.9775421969, 4.12056403061, 0.0452981488067, 0.398734711468, 19.0423371271, 157.190141874, 0.131484501797
0.125984543123, 1.04186659488, 2.26593004526, 0.623140645353, 90.9909578534, 9.96873984127, 0.121928343197, 1.3343842513, 14.7581946332, 160.105704964, 0.118035069366
0.143875134492, 1.04945334989, 5.41983328565, 0.937855393423, 95.9959360926, 1.25992172471, 0.799489830551, 4.85191093912, 12.748230879, 399.005164705, 0.0177638859965
0.122795560593, 1.1865087837, 2.66231533282, 0.610232268558, 83.2307524019, 7.17121700312, 0.602045838356, 3.10586836508, 11.2250930341, 161.920722858, 0.0698849808868
0.18301736582, 0.941357897434, 3.61121876858, 0.747774471527, 94.1246620591, 2.32194970964, 0.24911354204, 1.11966266853, 12.542468513, 182.534655635, 0.0393037944246
0.107124042468, 1.03907051703, 2.18054281343, 0.703270952608, 80.2942686215, 4.95223641512, 0.109058545991, 4.65856889631, 14.4822997066, 163.152328019, 0.0833555293864
0.183294493976, 0.947412514668, 2.99092507566, 0.795034917012, 84.5842339791, 4.04674473133, 0.724508740929, 2.84963116956, 13.01660644, 170.780905968, 0.0791838484331
0.148357064651, 1.12151847772, 6.00589642592, 0.729439162543, 91.7445477003, 2.22036025831, 0.477569862859, 4.77741578323, 13.6928851557, 616.97274418, 0.0176435740308
0.110502622636, 1.18906632223, 3.29079450563, 0.764812846454, 90.1151147821, 2.53028517367, 1.2069663386, 4.53179799414, 17.0035211752, 402.513872572, 0.0204672478192
0.165103917766, 1.04614200311, 3.66743870009, 0.634849795492, 97.8931990218, 1.38735733563, 0.000376994904933, 1.82483152234, 14.5177010142, 268.661618728, 0.0246901064841
0.130278011663, 0.946616170765, 3.34233520729, 0.841000609253, 99.2040565952, 8.90018908144, 0.0448203097636, 1.82739366218, 10.45531603, 253.425162282, 0.0264705294318
0.109847711425, 1.2077836135, 7.90620382277, 0.74971328961, 83.671352197, 2.34382489394, 1.73290316047, 0.178254260699, 10.6150944005, 1289.71822539, 0.0176834268271
0.18797152279, 0.864687171979, 6.69887846214, 0.928931117154, 90.9775421969, 4.12056403061, 0.0452981488067, 0.398734711468, 14.2147763196, 179.654056252, 0.0470487670535
0.195957216347, 1.03907051703, 2.18054281343, 0.703270952608, 80.2942686215, 4.95223641512, 1.53060330083, 4.65856889631, 14.4822997066, 172.386794598, 0.0859908268172
0.124674816195, 0.889903453482, 5.86775585261, 0.946233600741, 97.5965335667, 1.39414787785, 1.78742061246, 1.90719792409, 14.1475042362, 492.413121235, 0.018315364898
0.179257041922, 0.844496363863, 2.62973537297, 0.769000395804, 86.8818505036, 2.21934523524, 1.82667649976, 0.244494043044, 15.6081594052, 185.524604342, 0.0427340056142
0.114923241203, 0.88052120236, 2.68749098283, 0.712094529401, 95.5796674076, 8.2476838203, 1.64667715111, 4.12982297591, 13.8463934155, 196.298443555, 0.0402816453019
0.134276807085, 1.04055921527, 3.48374413169, 0.917121281218, 95.8045174816, 7.95642630144, 0.557408943854, 3.52367963575, 13.8100664448, 278.778852011, 0.026309683091
0.110502622636, 1.10558114242, 3.29079450563, 0.764812846454, 90.1151147821, 2.53028517367, 1.2069663386, 4.53179799414, 16.5665943928, 327.024174424, 0.0258231276902
0.183121950476, 0.941357897434, 5.16234900376, 0.942888105402, 90.8136809789, 3.34124688118, 1.25577320717, 3.58419436668, 10.7246867737, 291.261198179, 0.0260028051711
0.107993952022, 0.949703331639, 4.96740429465, 0.752573413429, 82.5299544953, 1.84682285118, 0.0365867932484, 2.91028811072, 13.7835375012, 252.639339074, 0.0301288988433
0.136086064267, 1.19613605316, 5.60180739385, 0.714154683927, 82.2011112584, 2.60551592971, 0.0474768251696, 0.20750240134, 18.23513071, 424.060762133, 0.0229456549965
0.181716937013, 0.872304184129, 4.94895444722, 0.686247488787, 93.4008414748, 1.84476213814, 0.850588603559, 2.77380257378, 18.369155596, 197.544634711, 0.0455637174467
0.170435846593, 0.87439113685, 7.70936796564, 0.855179994531, 88.6877179949, 1.45884439061, 1.54616016051, 3.70456698244, 19.2035084152, 523.622881761, 0.0218979707431
0.183294493976, 0.947412514668, 2.99092507566, 0.795034917012, 96.3167166597, 4.04674473133, 0.724508740929, 2.84963116956, 13.01660644, 182.033630916, 0.0798076590233
0.102502981287, 1.2077836135, 7.90620382277, 0.74971328961, 83.671352197, 2.34382489394, 1.73290316047, 1.62891696185, 10.6150944005, 1180.58822171, 0.0205537217141
0.184164691477, 1.13922964886, 2.3197666642, 0.919230945859, 80.3265149225, 3.74016958375, 0.815206475491, 1.63219195214, 12.2680289497, 191.041338198, 0.0667897608011
0.149804404978, 1.01547213492, 2.97330344347, 0.626254784753, 90.3429849896, 3.51549535339, 0.759009663273, 1.23114662853, 19.3965201888, 194.760670612, 0.0714102914594
0.179507359969, 1.1483758127, 5.68171400222, 0.626947173813, 95.2035371628, 2.47159035055, 0.710063262674, 3.57919092406, 10.6007739541, 401.945536316, 0.0261182864372
0.120116402707, 0.994184786781, 5.00021869343, 0.911292551039, 82.1214813241, 2.1731144535, 0.651144055437, 3.27762698278, 18.9769014711, 336.674833064, 0.0284997486247
0.141679983115, 1.16047179256, 6.23027344913, 0.905112210849, 86.9333815966, 2.32431321612, 0.165526014057, 4.33672932904, 15.4139585829, 478.152649287, 0.0253204798452
0.100878377604, 0.827071994437, 3.82889064205, 0.930762089959, 97.8346539558, 4.80504854662, 1.98021987254, 1.68810127656, 16.2973561314, 257.481180791, 0.0354598487302
0.148357064651, 1.12151847772, 6.00589642592, 0.729439162543, 91.7445477003, 2.22036025831, 0.477569862859, 4.8783001374, 13.6928851557, 398.259051271, 0.0277001148601
0.108704921431, 0.88052120236, 2.68749098283, 0.712094529401, 95.5796674076, 8.2476838203, 1.64667715111, 4.12982297591, 13.8463934155, 217.870347012, 0.0606716719461
0.115176058378, 0.923992974328, 4.0583733436, 0.621687123918, 98.9406521505, 2.28977630595, 1.9051460361, 0.915885945138, 10.0806496675, 300.707372504, 0.0324749323211
0.118440601014, 1.10558114242, 4.42512102802, 0.943525317454, 90.4809113171, 8.97980670287, 1.2405388011, 0.114557427471, 17.4189649839, 375.245536763, 0.0319189455977
0.170435846593, 1.00793641137, 3.29992030328, 0.855179994531, 88.6877179949, 1.45884439061, 1.54616016051, 3.70456698244, 15.0611473826, 307.446033353, 0.0351173576402
0.107124042468, 1.20801163609, 5.21220270009, 0.845458729043, 85.4869365006, 5.26788106069, 0.109058545991, 2.54294930003, 14.7490548072, 321.577661556, 0.0336222023103
0.179507359969, 1.1483758127, 5.68171400222, 0.626947173813, 95.2035371628, 2.47159035055, 0.710063262674, 3.57919092406, 10.6007739541, 355.630824312, 0.0322843224323
0.180057631834, 0.870150557846, 2.06081433538, 0.84713518555, 99.4957252828, 9.41197462395, 1.33172605055, 1.19368200192, 15.3863900908, 228.059917904, 0.114120302552
0.104987994056, 1.12860805834, 2.66030181653, 0.689392521942, 89.4892598847, 9.93810175194, 1.38800155866, 2.59990764833, 16.383869662, 225.177535294, 0.119493563367
0.104596248964, 1.10071240769, 3.61622066883, 0.698070407709, 84.8547936454, 7.81625170436, 0.930014543675, 4.07734475656, 18.209381668, 232.093667809, 0.130654547709
0.119655139817, 1.12566867979, 4.68711338599, 0.60409550834, 81.0372639676, 2.11293530157, 1.36080720286, 0.178254260699, 19.7691998675, 504.189829398, 0.0296541768513
0.136066103017, 1.12470045326, 5.29878927888, 0.936476703764, 80.4699012561, 9.40467463246, 1.73420268184, 4.82676983507, 13.686944345, 661.13228185, 0.0273718932937
0.14308792226, 1.24721853009, 6.13901049238, 0.897357559611, 94.790265803, 5.72092288872, 0.427480389012, 0.0223578409004, 17.7037973346, 632.444935627, 0.0281128399618
0.149804404978, 1.01547213492, 2.97330344347, 0.930158561674, 90.3429849896, 3.51549535339, 0.759009663273, 1.23114662853, 19.3965201888, 259.021560692, 0.0467783284408
0.170805825382, 1.03797971547, 2.95923517643, 0.742035925801, 83.4774649778, 7.68205423391, 1.54506956383, 3.0950759403, 14.1227786132, 264.616877975, 0.0452360272455
0.135943078295, 1.04055921527, 5.3194817709, 0.714015217818, 98.948518882, 2.19693703233, 1.44403462419, 3.33028806155, 18.8825745793, 563.337379, 0.0298966316306
0.133318858536, 1.17721475354, 3.30970254655, 0.704032418831, 83.9496809524, 4.59122637194, 1.87756092738, 2.02326461713, 12.6542687011, 266.304078655, 0.046762626851
0.174008420839, 0.892021518542, 5.86412913793, 0.822471242596, 98.8616838981, 3.34094414217, 1.92178897291, 4.25222667227, 14.2617831865, 388.511207485, 0.0346066113584
0.157046126141, 0.942260271989, 7.22699988809, 0.635421160939, 82.1497087894, 1.47495429871, 1.49000266353, 0.776701642954, 14.6171222131, 497.825461964, 0.030816132856
0.119614814035, 1.17617969113, 7.39270667185, 0.708503262426, 90.0818933927, 2.62919403063, 0.542179275864, 3.10586836508, 14.8644534017, 620.984985889, 0.0316308536072
0.104987994056, 1.12860805834, 2.66030181653, 0.689392521942, 89.4892598847, 9.93810175194, 1.38800155866, 2.59990764833, 14.4076488762, 282.152772519, 0.0461688156565
0.143871918461, 0.955717373946, 6.10509658872, 0.845558047048, 84.4325398607, 7.5223251727, 0.654852924348, 3.97572417679, 17.9219812816, 276.175376844, 0.0556731926317
