0.124708253332, 0.870150557846, 2.85346461449, 0.764959548954, 90.5993637941, 1.75693635139, 0.420897394264, 2.61309062135, 14.7748854331, 110.368589404, 0.00572052187096
0.136086064267, 0.832626830757, 5.60180739385, 0.898086864706, 95.1269262512, 4.30007241059, 0.456341505544, 3.70294889155, 17.5634266532, 81.0715291684, 0.01772379226
0.152713111378, 1.231576741, 5.15390427914, 0.912460836658, 84.5842339791, 2.52807791623, 0.962220354523, 4.05169697088, 10.0752013522, 649.007090515, 0.0
0.185172717704, 1.21114477567, 4.35032615226, 0.832200532382, 92.6253750758, 1.9385650451, 0.0641891515172, 0.851704766104, 17.9317658907, 403.520606155, 1.11022302463e-16
0.115176058378, 0.923992974328, 4.0583733436, 0.848652168119, 98.9406521505, 2.27692365569, 0.767171928822, 0.915885945138, 10.0806496675, 145.058994619, 0.00551743447067
0.119614814035, 0.849026796235, 2.71672647472, 0.805272690691, 93.0064006789, 1.24001537495, 0.682538261476, 3.64150780552, 12.5965248292, 100.800482812, 0.00586093915272
0.136086064267, 0.949703331639, 4.96740429465, 0.752573413429, 81.4127211357, 1.84682285118, 0.0365867932484, 2.91028811072, 13.7835375012, 378.198046746, 0.00350264951451
0.152713111378, 1.231576741, 5.15390427914, 0.912460836658, 96.3167166597, 2.33754699722, 0.262581208045, 4.05169697088, 10.0752013522, 420.028398407, 0.00455318314707
0.184164691477, 0.957084816263, 2.3197666642, 0.919230945859, 80.3265149225, 3.74016958375, 0.815206475491, 1.23114662853, 12.2680289497, 85.3615576702, 0.0190139182601
0.194099259795, 0.830396136027, 2.05827667584, 0.82681118406, 98.7657735489, 3.90017340799, 0.178093518474, 3.00346428909, 14.2330442945, 93.3265585013, 0.0560137032473
0.194099259795, 0.830396136027, 2.05827667584, 0.894076011166, 98.7657735489, 3.06171181095, 0.671092813391, 3.00346428909, 14.2330442945, 85.4824021918, 0.0620550925761
0.145426046481, 0.938946224225, 2.36502895991, 0.76322230347, 94.9967995585, 5.48732275189, 0.0718925014246, 2.93049488625, 11.0474060462, 97.6348162577, 0.0337782948595
0.19373959501, 0.904172458981, 2.01744623922, 0.68885961357, 81.7304304047, 8.95685605733, 0.472470663511, 4.11458036604, 18.4779326145, 92.3313579837, 0.151000468224
0.116062888632, 1.0345418546, 2.29795269359, 0.748495081588, 99.0590317265, 4.59122637194, 0.223373967753, 3.22381764539, 13.0295623465, 107.481042401, 0.0220557221733
0.179909087564, 0.824208415959, 2.05827667584, 0.82681118406, 98.7657735489, 5.20360028491, 0.178093518474, 3.00346428909, 14.2330442945, 101.725063135, 0.027367381182
0.197728148553, 0.849026796235, 3.76302894144, 0.805272690691, 93.0064006789, 1.24001537495, 0.682538261476, 3.64150780552, 12.5965248292, 176.890742506, 0.00749598668842
0.117464858919, 1.13922964886, 2.3197666642, 0.919230945859, 80.3265149225, 3.74016958375, 0.815206475491, 1.63219195214, 16.4158089271, 162.736938414, 0.0141090347522
0.170435846593, 0.87439113685, 4.94895444722, 0.855179994531, 88.6877179949, 1.45884439061, 1.54616016051, 3.70456698244, 19.2035084152, 407.995348708, 0.00705381963427
0.188733679661, 1.08413172098, 2.01883517028, 0.862457464399, 87.7831918821, 3.80433010229, 1.18567006298, 0.324453745149, 13.4844999011, 235.562613059, 0.0112541055654
0.166411271938, 0.93124937552, 2.97613069511, 0.817050734134, 86.2218181279, 1.61126411103, 0.898137240606, 1.73869728139, 19.0402411426, 216.831395506, 0.0130435148689
0.170435846593, 1.00793641137, 3.29992030328, 0.855179994531, 88.6877179949, 1.45884439061, 1.54616016051, 3.70456698244, 15.0611473826, 276.811003894, 0.00824788368604
0.179507359969, 1.1483758127, 5.68171400222, 0.626947173813, 95.2035371628, 2.47159035055, 0.710063262674, 3.57919092406, 15.3863900908, 362.287297829, 0.00807304671408
0.124708253332, 0.832626830757, 2.85346461449, 0.764959548954, 90.5993637941, 1.75693635139, 0.456341505544, 3.70294889155, 14.7748854331, 142.149875916, 0.0210200772035
0.145122663689, 0.845807161245, 2.84984547379, 0.747039444599, 80.7248224415, 3.05896283705, 0.918059054147, 0.552952218814, 14.1539993946, 135.287003537, 0.0216987231479
0.181716937013, 0.850472871211, 4.94895444722, 0.686247488787, 93.4008414748, 1.86976881665, 0.850588603559, 2.77380257378, 18.369155596, 278.956438402, 0.0105830757829
0.122511127961, 1.16657432731, 3.66743870009, 0.738842528436, 96.9905545884, 1.72978403049, 0.369593787221, 4.78034628847, 14.5177010142, 245.678227235, 0.01145046295
0.19373959501, 0.904172458981, 2.01744623922, 0.68885961357, 81.7304304047, 8.95685605733, 0.472470663511, 4.11458036604, 18.4779326145, 104.323071406, 0.177125675928
0.124708253332, 1.2196757114, 2.85346461449, 0.764959548954, 90.5993637941, 3.91557138977, 0.420897394264, 2.61309062135, 14.7748854331, 179.25926277, 0.0165143422186
0.122795560593, 1.1865087837, 2.66231533282, 0.610232268558, 83.2307524019, 1.78270651037, 0.602045838356, 3.87405133164, 11.2250930341, 235.192111413, 0.0157733412876
0.116062888632, 1.0345418546, 2.29795269359, 0.748495081588, 99.0590317265, 7.00601126002, 0.223373967753, 4.82653924721, 13.0295623465, 115.596679486, 0.0321386283839
0.179909087564, 0.824208415959, 2.05827667584, 0.82681118406, 98.7657735489, 3.90017340799, 0.178093518474, 3.00346428909, 14.2330442945, 109.345117628, 0.0829227529661
0.122511127961, 1.16657432731, 3.66743870009, 0.738842528436, 96.9905545884, 1.72978403049, 0.369593787221, 4.78034628847, 14.5177010142, 251.814892687, 0.0139068425754
0.186630986523, 1.10280364659, 3.97517138727, 0.823447582949, 84.4499174999, 2.76425635304, 1.14391385152, 1.46267044786, 18.1221895873, 460.738776205, 0.0100926572114
0.115176058378, 1.231576741, 4.0583733436, 0.848652168119, 98.9406521505, 2.27692365569, 0.767171928822, 0.915885945138, 10.0195102713, 464.42680828, 0.00945174028849
0.122795560593, 1.1865087837, 2.66231533282, 0.610232268558, 83.2307524019, 1.78270651037, 0.602045838356, 3.87405133164, 11.2250930341, 175.037205994, 0.0202707645442
0.143875134492, 1.04945334989, 5.41983328565, 0.937855393423, 95.9959360926, 1.25992172471, 0.822260422044, 4.85191093912, 16.0804239076, 343.414008795, 0.0116142543234
0.136140315555, 0.845807161245, 2.84984547379, 0.918209462638, 82.5299544953, 3.05896283705, 0.918059054147, 2.91028811072, 13.7835375012, 111.335236972, 0.0482640184217
0.186334416549, 0.844496363863, 2.62973537297, 0.769000395804, 86.8818505036, 2.21934523524, 1.82667649976, 0.244494043044, 15.6081594052, 233.288391368, 0.0175889395949
0.119655139817, 1.12566867979, 4.68711338599, 0.60409550834, 81.0372639676, 2.11293530157, 1.36080720286, 1.62891696185, 19.7691998675, 554.256861215, 0.0103540666645
0.18797152279, 0.864687171979, 2.97613069511, 0.928931117154, 90.9775421969, 4.12056403061, 0.121928343197, 0.398734711468, 19.0423371271, 192.221087777, 0.0181130391102
0.153344752767, 1.02835549202, 2.77245108802, 0.874041925958, 92.6253750758, 9.85800707315, 0.375613816565, 2.9774518607, 16.3400020665, 125.914645531, 0.0361528578407
0.125984543123, 1.04186659488, 2.26593004526, 0.623140645353, 90.9909578534, 9.43339157711, 0.404009553077, 1.53823118359, 14.7581946332, 127.36723703, 0.0355270909611
0.132866895548, 1.20236326464, 2.38862902162, 0.740458704034, 94.1494964566, 5.55230021065, 0.477551321756, 2.93049488625, 10.0354560432, 135.921192916, 0.0328909973366
0.120116402707, 0.994184786781, 5.00021869343, 0.688970545923, 82.1214813241, 2.1731144535, 0.651144055437, 4.72221980392, 18.9769014711, 385.149816822, 0.0125038238434
0.125984543123, 1.04186659488, 2.26593004526, 0.623140645353, 90.9909578534, 9.43339157711, 0.404009553077, 1.53823118359, 14.7581946332, 124.257231523, 0.120035093237
0.19373959501, 0.904172458981, 2.01744623922, 0.68885961357, 81.7304304047, 8.95685605733, 0.472470663511, 4.11458036604, 18.4779326145, 118.690515055, 0.194726084058
0.11780946023, 1.06214601176, 2.31206386483, 0.786676745566, 93.1953936358, 4.90969550134, 0.846045116312, 1.44972595194, 17.35584494, 148.638988461, 0.031978746388
0.197728148553, 0.849026796235, 3.76302894144, 0.805272690691, 93.0064006789, 1.24001537495, 0.682538261476, 3.64150780552, 12.5965248292, 165.634058892, 0.0221532070576
0.100125950329, 1.1116122054, 7.19496020094, 0.85184254931, 83.9796917989, 1.61533682098, 0.177315410466, 2.13372516507, 16.0804239076, 642.655476889, 0.0124312932166
0.100125950329, 1.1116122054, 7.19496020094, 0.85184254931, 83.9796917989, 1.61533682098, 0.177315410466, 0.391608439148, 16.0804239076, 678.845322949, 0.0121872543648
0.180057631834, 0.870150557846, 2.06081433538, 0.84713518555, 99.4957252828, 9.41197462395, 1.33172605055, 1.19368200192, 10.6007739541, 133.987629347, 0.0681470573344
0.186334416549, 0.899354089705, 2.62973537297, 0.769000395804, 86.8818505036, 2.21934523524, 1.82667649976, 0.244494043044, 15.6081594052, 222.555037215, 0.0199255402809
0.145426046481, 0.938946224225, 2.36502895991, 0.839704641296, 94.9967995585, 5.48732275189, 0.0718925014246, 1.16495968535, 11.0474060462, 133.626072201, 0.092413962575
0.145426046481, 1.25038704146, 2.36502895991, 0.839704641296, 80.3214373691, 5.3547604982, 0.0718925014246, 1.16495968535, 10.7886697664, 135.275422303, 0.0748803632552
0.19373959501, 0.904172458981, 2.29795269359, 0.655853930418, 81.7304304047, 8.95685605733, 0.472470663511, 4.11458036604, 18.4779326145, 130.576882734, 0.18957615497
0.136140315555, 0.845807161245, 2.84984547379, 0.605771587623, 80.7248224415, 3.05896283705, 0.918059054147, 0.552952218814, 14.1539993946, 138.630598681, 0.0399773807852
0.143871918461, 0.955717373946, 6.10509658872, 0.845558047048, 84.4325398607, 7.5223251727, 0.654852924348, 3.97572417679, 17.9219812816, 134.220323178, 0.147326732357
0.143875134492, 1.04945334989, 5.41983328565, 0.937855393423, 95.9959360926, 1.25992172471, 0.822260422044, 4.85191093912, 12.748230879, 344.279615575, 0.0166295692554
0.132866895548, 1.20236326464, 2.38862902162, 0.740458704034, 94.1494964566, 5.55230021065, 0.477551321756, 2.93049488625, 10.0354560432, 135.708816052, 0.0955603560481
0.107993952022, 0.949703331639, 4.96740429465, 0.752573413429, 82.5299544953, 1.84682285118, 0.0365867932484, 2.91028811072, 13.7835375012, 249.595491615, 0.0189720791612
0.153344752767, 0.833435949886, 2.42897931228, 0.874041925958, 88.3313040315, 9.85800707315, 0.375613816565, 2.9774518607, 16.3400020665, 142.414407168, 0.0433916957254
0.124674816195, 0.889903453482, 5.86775585261, 0.946233600741, 97.5965335667, 1.39414787785, 1.78742061246, 1.90719792409, 14.1475042362, 435.889985104, 0.0142705034962
0.166411271938, 0.93124937552, 2.97613069511, 0.817050734134, 86.2218181279, 1.61126411103, 0.898137240606, 1.73869728139, 14.2023494259, 175.782187426, 0.0300828928154
0.114761902703, 0.827071994437, 7.02502982911, 0.88825082609, 95.4970284643, 5.29997823035, 1.98021987254, 1.68810127656, 16.2973561314, 447.347538863, 0.0151546829012
0.197728148553, 1.17617969113, 7.39270667185, 0.708503262426, 90.0818933927, 1.78270651037, 0.542179275864, 3.87405133164, 14.8644534017, 534.613939831, 0.0146807946014
0.157046126141, 0.942260271989, 7.22699988809, 0.635421160939, 98.0400981061, 1.47495429871, 1.49000266353, 0.776701642954, 14.6171222131, 596.532371597, 0.014488022362
0.136140315555, 0.845807161245, 2.84984547379, 0.605771587623, 80.7248224415, 3.05896283705, 0.918059054147, 0.552952218814, 14.1539993946, 161.794640042, 0.0418394080316
0.110124775217, 0.946616170765, 3.34233520729, 0.841000609253, 99.2040565952, 8.90018908144, 0.0448203097636, 1.82739366218, 10.45531603, 200.628253473, 0.0248594901778
0.188733679661, 1.23601311058, 2.01883517028, 0.862457464399, 87.7831918821, 3.80433010229, 1.18567006298, 0.324453745149, 13.4844999011, 214.818561454, 0.0237215498128
0.186630986523, 1.10280364659, 3.97517138727, 0.823447582949, 84.4499174999, 2.76425635304, 1.14391385152, 1.46267044786, 18.1221895873, 441.996392279, 0.0175807045168
0.107124042468, 0.941357897434, 2.18054281343, 0.703270952608, 80.2942686215, 4.95223641512, 0.78895759772, 4.65856889631, 14.4822997066, 154.538795233, 0.0458304116273
0.134276807085, 1.04055921527, 3.48374413169, 0.917121281218, 95.8045174816, 7.95642630144, 0.557408943854, 3.52367963575, 13.8100664448, 143.802410017, 0.0903877547412
0.119614814035, 1.17617969113, 7.39270667185, 0.708503262426, 90.0818933927, 1.78270651037, 0.542179275864, 3.87405133164, 14.8644534017, 213.17395038, 0.027031258795
0.197728148553, 0.849026796235, 3.76302894144, 0.805272690691, 93.0064006789, 1.24001537495, 0.682538261476, 3.64150780552, 12.5965248292, 210.278870154, 0.0273131249654
0.18301736582, 1.21889684186, 5.43170916412, 0.747774471527, 94.1246620591, 2.32194970964, 0.24911354204, 1.11966266853, 12.542468513, 188.327617117, 0.0303435095701
0.143875134492, 1.04945334989, 5.41983328565, 0.937855393423, 95.9959360926, 1.25992172471, 0.799489830551, 4.85191093912, 12.748230879, 399.005164705, 0.0177638859965
0.1935907654, 0.872304184129, 7.70936796564, 0.686247488787, 93.4008414748, 1.84476213814, 0.850588603559, 2.77380257378, 18.369155596, 368.462016893, 0.0181791413884
0.100125950329, 1.1116122054, 7.19496020094, 0.85184254931, 83.9796917989, 1.61533682098, 1.98021987254, 2.13372516507, 16.0804239076, 919.995495256, 0.0171211994773
0.108704921431, 0.88052120236, 2.68749098283, 0.729439162543, 95.5796674076, 2.22036025831, 1.64667715111, 4.12982297591, 13.8463934155, 262.110281464, 0.020616653288
0.184164691477, 1.13922964886, 2.3197666642, 0.919230945859, 80.3265149225, 3.74016958375, 0.815206475491, 1.63219195214, 14.649978991, 160.385740648, 0.0681283853498
0.124015521901, 1.17721475354, 3.30970254655, 0.704032418831, 83.9496809524, 3.34094414217, 1.87756092738, 2.02326461713, 12.6542687011, 398.279674261, 0.0187430425589
0.148357064651, 1.12151847772, 6.00589642592, 0.729439162543, 91.7445477003, 2.22036025831, 0.477569862859, 4.77741578323, 13.6928851557, 616.97274418, 0.0176435740308
0.109847711425, 1.2077836135, 7.90620382277, 0.74971328961, 83.671352197, 2.34382489394, 1.73290316047, 0.178254260699, 10.6150944005, 1289.71822539, 0.0176834268271
0.143875134492, 1.04945334989, 5.41983328565, 0.937855393423, 95.9959360926, 1.25992172471, 0.799489830551, 4.85191093912, 11.2250930341, 248.844526523, 0.0220293064352
0.153344752767, 0.881736272088, 3.21846937385, 0.874041925958, 88.3313040315, 9.85800707315, 0.375613816565, 2.9774518607, 16.3400020665, 149.933088505, 0.110656025424
0.132866895548, 1.20236326464, 2.38862902162, 0.787671838588, 94.1494964566, 5.55230021065, 0.477551321756, 1.16495968535, 10.0354560432, 159.282647948, 0.0832559706834
0.145426046481, 1.25038704146, 2.36502895991, 0.839704641296, 94.9967995585, 5.48732275189, 0.0718925014246, 1.16495968535, 10.7886697664, 165.005954004, 0.0557777649065
0.122795560593, 1.1865087837, 2.66231533282, 0.610232268558, 83.2307524019, 7.17121700312, 0.602045838356, 3.10586836508, 11.2250930341, 161.920722858, 0.0698849808868
0.18797152279, 0.864687171979, 2.97613069511, 0.928931117154, 90.9775421969, 4.12056403061, 0.0452981488067, 0.398734711468, 19.0423371271, 157.190141874, 0.131484501797
0.1433236626, 1.02835549202, 2.77245108802, 0.874041925958, 90.5993637941, 9.85800707315, 0.375613816565, 2.9774518607, 16.3400020665, 155.975349194, 0.140201402144
0.184697947241, 1.02309469475, 5.12186851457, 0.624796134368, 84.38079378, 2.50755555494, 0.362159772371, 2.3947560225, 14.8664253656, 263.291590974, 0.0213917325624
0.125984543123, 1.04186659488, 2.26593004526, 0.623140645353, 90.9909578534, 9.96873984127, 0.121928343197, 1.3343842513, 14.7581946332, 160.105704964, 0.118035069366
0.108200864301, 1.17617969113, 7.39270667185, 0.708503262426, 91.7531946359, 1.08313994875, 0.542179275864, 3.10586836508, 14.8644534017, 464.966370031, 0.0178995132382
0.116062888632, 1.07328526775, 2.29795269359, 0.748495081588, 99.0590317265, 7.00601126002, 0.223373967753, 4.82653924721, 13.0295623465, 163.202968314, 0.0706400847084
0.100660317837, 0.946616170765, 3.34233520729, 0.790538268356, 99.2040565952, 8.90018908144, 0.0448203097636, 1.82739366218, 10.45531603, 168.630126923, 0.0646908921905
0.124674816195, 0.889903453482, 5.86775585261, 0.946233600741, 97.5965335667, 1.39414787785, 1.78742061246, 1.90719792409, 14.1475042362, 492.413121235, 0.018315364898
0.18301736582, 0.941357897434, 3.61121876858, 0.747774471527, 94.1246620591, 2.32194970964, 0.24911354204, 1.11966266853, 12.542468513, 182.534655635, 0.0393037944246
0.18797152279, 0.864687171979, 4.92684434673, 0.928931117154, 90.9775421969, 4.12056403061, 0.0452981488067, 0.398734711468, 14.2147763196, 197.007444263, 0.0352246062509
0.107124042468, 1.03907051703, 2.18054281343, 0.703270952608, 80.2942686215, 4.95223641512, 0.109058545991, 4.65856889631, 14.4822997066, 163.152328019, 0.0833555293864
0.107993952022, 0.949703331639, 4.96740429465, 0.605771587623, 80.7248224415, 1.84682285118, 0.201563478194, 0.552952218814, 14.1539993946, 247.434871522, 0.0238311882497
