0.124708253332, 0.870150557846, 2.85346461449, 0.764959548954, 90.5993637941, 1.75693635139, 0.420897394264, 2.61309062135, 14.7748854331, 110.368589404, 0.00572052187096
0.136086064267, 0.832626830757, 5.60180739385, 0.898086864706, 95.1269262512, 4.30007241059, 0.456341505544, 3.70294889155, 17.5634266532, 81.0715291684, 0.01772379226
0.152713111378, 1.231576741, 5.15390427914, 0.912460836658, 84.5842339791, 2.52807791623, 0.962220354523, 4.05169697088, 10.0752013522, 649.007090515, 0.0
0.185172717704, 1.21114477567, 4.35032615226, 0.832200532382, 92.6253750758, 1.9385650451, 0.0641891515172, 0.851704766104, 17.9317658907, 403.520606155, 1.11022302463e-16
0.119614814035, 0.849026796235, 2.71672647472, 0.805272690691, 93.0064006789, 1.24001537495, 0.682538261476, 3.64150780552, 12.5965248292, 100.800482812, 0.00586093915272
0.136086064267, 0.949703331639, 4.96740429465, 0.752573413429, 81.4127211357, 1.84682285118, 0.0365867932484, 2.91028811072, 13.7835375012, 378.198046746, 0.00350264951451
0.179909087564, 0.824208415959, 2.05827667584, 0.82681118406, 98.7657735489, 5.57304372135, 0.178093518474, 3.00346428909, 14.2330442945, 79.121041028, 0.0737680535283
0.136140315555, 0.845807161245, 2.84984547379, 0.918209462638, 82.5299544953, 3.05896283705, 0.918059054147, 2.91028811072, 13.7835375012, 137.642297185, 0.00362161461944
0.175221461088, 0.949703331639, 2.38862902162, 0.740458704034, 94.1494964566, 5.55230021065, 0.477551321756, 2.93049488625, 10.0354560432, 79.9837037789, 0.0387904872786
0.184164691477, 0.957084816263, 2.3197666642, 0.919230945859, 80.3265149225, 3.74016958375, 0.815206475491, 1.23114662853, 12.2680289497, 85.3615576702, 0.0190139182601
0.115176058378, 0.923992974328, 4.0583733436, 0.848652168119, 98.9406521505, 2.27692365569, 0.767171928822, 0.915885945138, 10.0806496675, 145.058994619, 0.00551743447067
0.114761902703, 0.93124937552, 2.97613069511, 0.817050734134, 86.2218181279, 1.31909234352, 0.827740017297, 1.73869728139, 14.2023494259, 203.054459099, 0.00412715470279
0.145426046481, 0.938946224225, 2.36502895991, 0.76322230347, 94.9967995585, 5.48732275189, 0.0718925014246, 2.93049488625, 11.0474060462, 97.6348162577, 0.0337782948595
0.152713111378, 1.231576741, 5.15390427914, 0.912460836658, 96.3167166597, 2.33754699722, 0.262581208045, 4.05169697088, 10.0752013522, 420.028398407, 0.00455318314707
0.194099259795, 0.830396136027, 2.05827667584, 0.894076011166, 98.7657735489, 3.06171181095, 0.671092813391, 3.00346428909, 14.2330442945, 85.4824021918, 0.0620550925761
0.179909087564, 0.824208415959, 2.05827667584, 0.82681118406, 98.7657735489, 3.90017340799, 0.401240473075, 3.00346428909, 18.3689008586, 90.4164761232, 0.0423658272652
0.124708253332, 0.981859823797, 2.85346461449, 0.792810085039, 90.5993637941, 1.75693635139, 0.918059054147, 3.70294889155, 14.7748854331, 136.119893459, 0.00653888370167
0.122795560593, 1.1865087837, 2.66231533282, 0.601146411518, 83.2307524019, 1.78270651037, 0.602045838356, 4.44073292048, 11.2250930341, 134.395492236, 0.0107113524029
0.194099259795, 0.830396136027, 2.05827667584, 0.82681118406, 98.7657735489, 3.90017340799, 0.178093518474, 3.00346428909, 14.2330442945, 93.3265585013, 0.0560137032473
0.143875134492, 1.04945334989, 5.41983328565, 0.937855393423, 95.9959360926, 1.25992172471, 0.87381852467, 0.178254260699, 11.2250930341, 389.908313825, 0.00562844890535
0.116062888632, 1.0345418546, 2.29795269359, 0.748495081588, 99.0590317265, 4.59122637194, 0.223373967753, 3.22381764539, 13.0295623465, 107.481042401, 0.0220557221733
0.179909087564, 0.824208415959, 2.05827667584, 0.82681118406, 98.7657735489, 5.20360028491, 0.178093518474, 3.00346428909, 14.2330442945, 101.725063135, 0.027367381182
0.19373959501, 0.904172458981, 2.01744623922, 0.68885961357, 81.7304304047, 8.95685605733, 0.472470663511, 4.11458036604, 18.4779326145, 92.3313579837, 0.151000468224
0.105695672939, 1.25038704146, 2.36502895991, 0.839704641296, 94.9967995585, 5.48732275189, 0.0718925014246, 1.16495968535, 10.7886697664, 100.855342628, 0.0360256922914
0.19373959501, 0.904172458981, 2.01744623922, 0.68885961357, 81.7304304047, 8.95685605733, 0.472470663511, 1.57527303595, 18.4779326145, 100.328397809, 0.150802534584
0.184697947241, 1.02309469475, 2.26593004526, 0.624796134368, 80.7023847994, 2.50755555494, 0.121928343197, 2.3947560225, 14.8664253656, 107.636887462, 0.0336690902162
0.108200864301, 1.17617969113, 7.39270667185, 0.708503262426, 91.7531946359, 1.08313994875, 0.0545030443513, 3.10586836508, 14.8644534017, 699.25175028, 0.00581088837869
0.181716937013, 0.850472871211, 4.94895444722, 0.934885120247, 93.4008414748, 1.86976881665, 0.850588603559, 2.77380257378, 18.369155596, 282.003292705, 0.00619985268282
0.145122663689, 0.845807161245, 2.84984547379, 0.747039444599, 80.7248224415, 3.05896283705, 0.918059054147, 0.552952218814, 14.1539993946, 135.287003537, 0.0216987231479
0.124708253332, 0.870150557846, 2.85346461449, 0.764959548954, 90.5993637941, 1.75693635139, 0.0546159696369, 4.97401901848, 14.7748854331, 137.763388946, 0.0134159736781
0.197728148553, 0.849026796235, 3.76302894144, 0.805272690691, 93.0064006789, 1.24001537495, 0.682538261476, 3.64150780552, 12.5965248292, 176.890742506, 0.00749598668842
0.116062888632, 1.0345418546, 2.29795269359, 0.748495081588, 99.0590317265, 7.00601126002, 0.223373967753, 4.82653924721, 13.0295623465, 115.596679486, 0.0321386283839
0.194099259795, 0.830396136027, 2.05827667584, 0.719171474881, 96.171345069, 3.06171181095, 0.753633749431, 3.00346428909, 14.2330442945, 105.922690527, 0.0537413539936
0.145426046481, 0.938946224225, 2.29701088299, 0.76322230347, 94.9967995585, 5.48732275189, 0.0718925014246, 2.61866723577, 11.0474060462, 130.421147547, 0.032539890138
0.167431648147, 1.04945334989, 6.10509658872, 0.937855393423, 90.623905638, 1.25992172471, 0.822260422044, 1.79542404042, 11.3538908484, 342.247429663, 0.00717917768889
0.170435846593, 1.00793641137, 3.29992030328, 0.855179994531, 88.6877179949, 1.45884439061, 1.54616016051, 3.70456698244, 15.0611473826, 276.811003894, 0.00824788368604
0.19373959501, 0.904172458981, 2.01744623922, 0.68885961357, 81.7304304047, 8.95685605733, 0.472470663511, 4.11458036604, 18.4779326145, 104.323071406, 0.177125675928
0.107993952022, 1.12966166269, 4.96740429465, 0.752573413429, 82.5299544953, 1.84682285118, 0.0365867932484, 2.91028811072, 13.7835375012, 240.64982121, 0.0100010666965
0.152713111378, 0.949703331639, 5.15390427914, 0.912460836658, 97.3765224673, 2.33754699722, 0.262581208045, 4.05169697088, 10.0752013522, 200.989907295, 0.0125828231172
0.117464858919, 1.13922964886, 2.3197666642, 0.919230945859, 80.3265149225, 3.74016958375, 0.815206475491, 1.63219195214, 16.4158089271, 162.736938414, 0.0141090347522
0.125984543123, 1.04186659488, 2.26593004526, 0.623140645353, 90.9909578534, 9.43339157711, 0.404009553077, 1.53823118359, 14.7581946332, 127.36723703, 0.0355270909611
0.170435846593, 0.87439113685, 4.94895444722, 0.855179994531, 88.6877179949, 1.45884439061, 1.54616016051, 3.70456698244, 19.2035084152, 407.995348708, 0.00705381963427
0.179507359969, 1.1483758127, 5.68171400222, 0.626947173813, 95.2035371628, 2.47159035055, 0.710063262674, 3.57919092406, 15.3863900908, 362.287297829, 0.00807304671408
0.181716937013, 0.850472871211, 4.94895444722, 0.686247488787, 93.4008414748, 1.86976881665, 0.850588603559, 2.77380257378, 18.369155596, 278.956438402, 0.0105830757829
0.145122663689, 0.845807161245, 2.84984547379, 0.747039444599, 80.7248224415, 3.05896283705, 0.456341505544, 0.552952218814, 14.1539993946, 131.086076304, 0.033817778621
0.188733679661, 1.08413172098, 2.01883517028, 0.862457464399, 87.7831918821, 3.80433010229, 1.18567006298, 0.324453745149, 13.4844999011, 235.562613059, 0.0112541055654
0.153344752767, 1.02835549202, 2.77245108802, 0.874041925958, 92.6253750758, 9.85800707315, 0.375613816565, 2.9774518607, 16.3400020665, 125.914645531, 0.0361528578407
0.124708253332, 1.2196757114, 2.85346461449, 0.764959548954, 90.5993637941, 3.91557138977, 0.420897394264, 2.61309062135, 14.7748854331, 167.509495966, 0.0154231724321
0.170435846593, 0.87439113685, 7.29443584885, 0.855179994531, 80.3265149225, 1.45884439061, 0.815206475491, 1.63219195214, 16.4158089271, 425.582873542, 0.00722171799224
0.124708253332, 0.832626830757, 2.85346461449, 0.764959548954, 90.5993637941, 1.75693635139, 0.456341505544, 3.70294889155, 14.7748854331, 142.149875916, 0.0210200772035
0.132866895548, 1.20236326464, 2.38862902162, 0.740458704034, 94.1494964566, 5.55230021065, 0.477551321756, 2.93049488625, 10.0354560432, 135.921192916, 0.0328909973366
0.166411271938, 0.93124937552, 2.97613069511, 0.817050734134, 86.2218181279, 1.61126411103, 0.898137240606, 1.73869728139, 19.0402411426, 216.831395506, 0.0130435148689
0.136140315555, 0.845807161245, 2.84984547379, 0.918209462638, 82.5299544953, 3.05896283705, 0.918059054147, 2.91028811072, 13.7835375012, 111.335236972, 0.0482640184217
0.107124042468, 0.941357897434, 2.18054281343, 0.703270952608, 95.8045174816, 4.95223641512, 0.78895759772, 4.65856889631, 14.4822997066, 112.441113341, 0.0424385083824
0.119614814035, 1.17617969113, 6.11031716617, 0.708503262426, 90.0818933927, 1.24001537495, 0.542179275864, 3.87405133164, 12.5965248292, 543.298737589, 0.00748220980272
0.179909087564, 0.824208415959, 2.05827667584, 0.82681118406, 98.7657735489, 3.90017340799, 0.178093518474, 3.00346428909, 14.2330442945, 109.345117628, 0.0829227529661
0.122511127961, 1.16657432731, 3.66743870009, 0.738842528436, 96.9905545884, 1.72978403049, 0.369593787221, 4.78034628847, 14.5177010142, 245.678227235, 0.01145046295
0.145426046481, 0.938946224225, 2.36502895991, 0.839704641296, 94.9967995585, 5.48732275189, 0.0718925014246, 1.16495968535, 11.0474060462, 113.184311943, 0.0466243151974
0.188733679661, 0.878797903051, 2.01883517028, 0.862457464399, 87.7831918821, 2.07360506031, 1.18567006298, 0.324453745149, 13.4844999011, 137.405669817, 0.0324437105148
0.124708253332, 1.2196757114, 2.85346461449, 0.764959548954, 90.5993637941, 3.91557138977, 0.420897394264, 2.61309062135, 14.7748854331, 179.25926277, 0.0165143422186
0.124674816195, 0.889903453482, 5.86775585261, 0.899779855493, 89.0778138912, 1.39414787785, 1.31974277525, 1.90719792409, 14.1475042362, 588.266660262, 0.00808320150682
0.122795560593, 1.1865087837, 2.66231533282, 0.610232268558, 99.0590317265, 1.78270651037, 0.602045838356, 4.82653924721, 11.2250930341, 142.149078327, 0.023567775952
0.115176058378, 1.231576741, 4.0583733436, 0.848652168119, 98.9406521505, 2.27692365569, 0.767171928822, 0.915885945138, 10.0195102713, 464.42680828, 0.00945174028849
0.100125950329, 1.1116122054, 7.19496020094, 0.710887741081, 83.9796917989, 1.61533682098, 0.177315410466, 2.13372516507, 16.0804239076, 500.257956283, 0.00828472904563
0.110124775217, 0.946616170765, 3.34233520729, 0.841000609253, 99.2040565952, 3.05896283705, 0.0448203097636, 1.82739366218, 10.45531603, 150.848310882, 0.0214890422299
0.136140315555, 0.845807161245, 2.84984547379, 0.605771587623, 80.7248224415, 3.05896283705, 0.472470663511, 0.552952218814, 14.1539993946, 124.484619224, 0.0528251804063
0.186630986523, 1.10280364659, 3.97517138727, 0.823447582949, 84.4499174999, 2.76425635304, 1.14391385152, 1.46267044786, 18.1221895873, 460.738776205, 0.0100926572114
0.170435846593, 1.00793641137, 2.85545094696, 0.855179994531, 88.6877179949, 1.45884439061, 1.54616016051, 3.70456698244, 15.0611473826, 243.101109538, 0.0136531163889
0.143875134492, 1.04945334989, 5.41983328565, 0.937855393423, 95.9959360926, 1.25992172471, 0.822260422044, 4.85191093912, 16.0804239076, 343.414008795, 0.0116142543234
0.122795560593, 1.1865087837, 2.66231533282, 0.610232268558, 83.2307524019, 1.78270651037, 0.602045838356, 3.87405133164, 11.2250930341, 175.037205994, 0.0202707645442
0.194099259795, 0.830396136027, 2.05827667584, 0.82681118406, 98.7657735489, 3.90017340799, 0.178093518474, 0.26814740175, 14.2330442945, 116.18565859, 0.0545111681053
0.119655139817, 1.12566867979, 4.68711338599, 0.60409550834, 81.0372639676, 2.11293530157, 1.36080720286, 1.62891696185, 19.7691998675, 554.256861215, 0.0103540666645
0.18797152279, 0.864687171979, 2.97613069511, 0.928931117154, 90.9775421969, 4.12056403061, 0.121928343197, 0.398734711468, 19.0423371271, 192.221087777, 0.0181130391102
0.122795560593, 1.1865087837, 2.66231533282, 0.610232268558, 83.2307524019, 1.78270651037, 0.602045838356, 3.87405133164, 11.2250930341, 235.192111413, 0.0157733412876
0.136140315555, 0.845807161245, 2.84984547379, 0.605771587623, 80.7248224415, 8.90018908144, 0.918059054147, 0.552952218814, 14.1539993946, 117.540229308, 0.0558662926814
0.122511127961, 1.16657432731, 3.66743870009, 0.738842528436, 96.9905545884, 1.72978403049, 0.369593787221, 4.78034628847, 14.5177010142, 251.814892687, 0.0139068425754
0.116062888632, 1.07328526775, 2.29795269359, 0.748495081588, 92.3231466785, 7.00601126002, 0.223373967753, 4.26890940519, 13.0295623465, 115.107395654, 0.0935888071349
0.11780946023, 1.06214601176, 2.31206386483, 0.786676745566, 93.1953936358, 4.90969550134, 0.846045116312, 1.44972595194, 18.5507615422, 178.076953314, 0.019370392905
0.186334416549, 0.844496363863, 2.62973537297, 0.769000395804, 86.8818505036, 2.21934523524, 1.82667649976, 0.244494043044, 15.6081594052, 233.288391368, 0.0175889395949
0.120116402707, 0.994184786781, 5.00021869343, 0.688970545923, 82.1214813241, 2.1731144535, 0.651144055437, 4.72221980392, 18.9769014711, 385.149816822, 0.0125038238434
0.107993952022, 0.935115229521, 4.96740429465, 0.605771587623, 80.7248224415, 1.55885475914, 0.201563478194, 0.552952218814, 14.1539993946, 276.352565374, 0.0140787501734
0.19373959501, 1.04186659488, 2.26593004526, 0.623140645353, 90.9909578534, 9.43339157711, 0.404009553077, 1.53823118359, 14.7581946332, 115.856641935, 0.123222829168
0.135778203493, 0.833435949886, 2.42897931228, 0.874041925958, 88.3313040315, 9.85800707315, 0.375613816565, 2.9774518607, 16.3400020665, 116.90890296, 0.0976905474847
0.152713111378, 1.231576741, 4.35032615226, 0.912460836658, 84.5842339791, 2.52807791623, 0.962220354523, 4.05169697088, 10.0752013522, 394.80268554, 0.0130232724365
0.186334416549, 0.899354089705, 2.48378423239, 0.769000395804, 86.8818505036, 2.21934523524, 1.82667649976, 0.244494043044, 15.6081594052, 223.433273469, 0.0179484634183
0.197728148553, 0.849026796235, 3.76302894144, 0.805272690691, 93.0064006789, 1.24001537495, 0.682538261476, 3.64150780552, 12.5965248292, 165.634058892, 0.0221532070576
0.11780946023, 1.06214601176, 2.31206386483, 0.786676745566, 93.1953936358, 4.90969550134, 0.846045116312, 1.44972595194, 17.35584494, 148.638988461, 0.031978746388
0.125984543123, 1.04186659488, 2.26593004526, 0.623140645353, 90.9909578534, 9.43339157711, 0.404009553077, 1.53823118359, 14.7581946332, 124.257231523, 0.120035093237
0.19373959501, 0.904172458981, 2.01744623922, 0.68885961357, 81.7304304047, 8.95685605733, 0.472470663511, 4.11458036604, 18.4779326145, 118.690515055, 0.194726084058
0.116062888632, 1.0345418546, 2.29795269359, 0.748495081588, 93.6948052044, 4.59122637194, 0.223373967753, 3.22381764539, 13.0295623465, 129.967105297, 0.064353191334
0.100125950329, 1.1116122054, 7.19496020094, 0.85184254931, 83.9796917989, 1.61533682098, 0.177315410466, 2.13372516507, 16.0804239076, 642.655476889, 0.0124312932166
0.100125950329, 1.1116122054, 7.19496020094, 0.85184254931, 83.9796917989, 1.61533682098, 0.177315410466, 0.391608439148, 16.0804239076, 678.845322949, 0.0121872543648
0.100125950329, 1.1116122054, 7.19496020094, 0.85184254931, 93.4008414748, 1.61533682098, 1.98021987254, 2.77380257378, 11.911967897, 1061.91626995, 0.011770877882
0.117464858919, 1.13922964886, 2.3197666642, 0.937554015429, 88.6877179949, 3.74016958375, 1.54616016051, 3.70456698244, 19.2035084152, 264.631493712, 0.0169900523129
0.168587189735, 0.957084816263, 2.3197666642, 0.919230945859, 80.3265149225, 3.74016958375, 0.815206475491, 1.23114662853, 12.2680289497, 165.551209199, 0.0285262267602
0.186334416549, 0.899354089705, 2.62973537297, 0.769000395804, 86.8818505036, 2.21934523524, 1.82667649976, 0.244494043044, 15.6081594052, 222.555037215, 0.0199255402809
0.157046126141, 0.942260271989, 4.91661901773, 0.635421160939, 98.0400981061, 1.47495429871, 1.49000266353, 0.776701642954, 14.6171222131, 401.834715015, 0.0138267241093
0.124674816195, 0.946616170765, 5.86775585261, 0.946806840807, 97.5965335667, 1.39414787785, 1.78742061246, 1.90719792409, 14.1475042362, 481.928068733, 0.0133012644317
0.180057631834, 0.870150557846, 2.06081433538, 0.84713518555, 99.4957252828, 9.41197462395, 1.33172605055, 1.19368200192, 10.6007739541, 133.987629347, 0.0681470573344
0.145426046481, 0.938946224225, 2.36502895991, 0.839704641296, 94.9967995585, 5.48732275189, 0.0718925014246, 1.16495968535, 11.0474060462, 133.626072201, 0.092413962575
