5.9338386474, 1.00000085168, 1.24831771148, 1.20923099601, 4.90162995756, 0.881639568422, 3.35170454831, 1.00240100846, 0.958032981172, 1.98521800161, 4.93660368072, 0.886605811275, 3.44615544683, 1.10757876796, 1.09000013357, 1.03098044461, 1.01251275799, 1.22561210311, 5.72554804968, 0.972610007336, 0.796162450501, 455.246074079, 1.10863843883, 1.27654413651, 1.20916015062, 1.87823119793, 1.12467343705, 461.789546344, 0.268096514745
2.70821606327, 1.00000078923, 1.2244494478, 0.916831533081, 6.62803071017, 0.787804245593, 1.98316499928, 1.20322998373, 0.976447146603, 4.33541149946, 5.52057283715, 1.20035708845, 2.5504037159, 0.941095444314, 1.09000029373, 1.10418818636, 1.01397354263, 1.18515935946, 6.31046155267, 1.1499121341, 0.891736164122, 22.4308611003, 0.948313073732, 4.46190446374, 1.1776524649, 3.21908545942, 0.894073343905, 47.3519060443, 1.07238605898
5.04250205528, 1.0000001735, 1.66919648957, 1.03950978793, 5.47752522701, 0.904127889195, 4.08612042891, 1.12153699805, 0.917946627053, 4.76474597497, 4.73564006121, 1.14564408537, 4.36289811532, 1.15371626365, 1.0900002281, 1.09823884087, 1.03459369669, 1.10713235052, 4.17909182611, 1.01256037366, 0.979450323808, 375.85873353, 1.15365577182, 4.68577732466, 1.051100993, 4.1711119565, 1.18115786505, 203.712657002, 0.804289544236
4.84863649955, 1.00000037592, 1.71338601988, 1.08519051182, 1.94406761281, 0.971645978167, 1.56040250415, 1.05237462374, 0.957706399478, 4.77461531042, 5.31756558948, 1.17972887917, 1.35894497466, 0.940496074187, 1.0900004286, 1.06695106957, 1.037092179, 1.20624815761, 3.1979137976, 0.950156564761, 0.91589338645, 285.716981076, 1.03630677336, 1.46333878885, 1.11381914245, 1.43675896907, 1.24887212735, 257.186183465, 0.536193029491
3.03418493975, 1.00000004431, 1.10950501497, 1.16799901963, 2.26578298547, 0.938180314598, 5.23337864334, 1.18945636739, 0.999692708141, 4.97799319714, 5.60343728167, 0.967883878857, 1.54877446909, 1.08796993548, 1.0900006333, 1.00370880428, 1.0277111997, 0.984734018632, 6.60571471332, 0.993703780805, 0.812750812192, 933.337407314, 0.933244976122, 1.372879732, 0.96653574961, 3.51964014579, 0.943128760698, 740.145604883, 0.0
2.02777065308, 1.00000012134, 1.40802504995, 1.04264830412, 2.93196966885, 0.710626054576, 5.81714069598, 1.15351485812, 0.946619035709, 2.64522375897, 5.81598455204, 0.915037036029, 4.45621776297, 0.813353603752, 1.09000018502, 1.02243408113, 1.02099497207, 0.922588980712, 9.81344068192, 1.02046929563, 0.920904464045, 130.067892567, 0.932761771758, 1.18947193392, 1.19589134428, 3.60343024947, 1.00156115126, 94.6325655257, 8.04289544236
5.63297846871, 1.00000007675, 1.33589541907, 1.00665872649, 2.58461989789, 0.898496802762, 3.78714554424, 1.11080128475, 0.968382230611, 5.87464906344, 5.05307900294, 1.20983124866, 2.34946593717, 1.25461555702, 1.09000047879, 1.067376478, 1.031101679, 0.911941577653, 8.71982620517, 1.17418542918, 0.795231765496, 159.149313361, 0.91634574372, 1.78493280926, 1.15655208143, 4.5741150751, 0.90182460878, 146.627964978, 1.07238605898
4.51537060982, 1.00000075959, 1.51049759123, 0.938483638048, 2.67093964663, 0.966041837327, 4.26307156818, 1.07886484241, 0.90245342666, 1.76408416659, 4.845684079, 1.15521153208, 3.64967963686, 1.1399077544, 1.09000053469, 1.01030613756, 1.02720674974, 0.976094018452, 4.65699275672, 1.02504701437, 0.813030069005, 329.274596457, 1.09554912781, 5.44369483486, 1.1431729789, 2.17884924245, 1.1305811067, 854.757557956, 0.0
4.38095652528, 1.00000050259, 1.36391496837, 1.19283127517, 3.63341745062, 0.954572959391, 2.55396901671, 1.14144943575, 0.989666281191, 1.61149968792, 5.91074573016, 0.835066390363, 3.58870635197, 0.855049488201, 1.09000004797, 1.01058139293, 1.01254285072, 1.20109056945, 8.63872001192, 0.942720429421, 0.871473356026, 334.374688401, 1.06589687588, 5.96176699471, 1.16112164959, 2.98567109841, 1.12776622419, 1828.27322503, 0.0
5.40634270261, 1.00000095056, 1.17834471175, 1.12965068392, 6.81466347678, 0.851113565614, 3.18988583449, 1.01997029924, 0.975952912876, 2.59224030695, 5.34679189903, 0.826452991017, 2.35517906229, 1.25608091715, 1.09000026117, 1.03434030893, 1.04525008769, 1.12683347892, 4.69853635721, 1.12424433095, 0.812563430989, 734.774787249, 0.996428088969, 4.04805305446, 1.11773736908, 3.98355417641, 1.05550820076, 252.796262061, 1.60857908847
5.19393650356, 1.00000074238, 1.45988792198, 1.13597374092, 3.99488683365, 0.950029113161, 2.57764046069, 1.24399536919, 0.992720252895, 5.8240600769, 5.81772332547, 1.13710231775, 2.5124317023, 1.08530248797, 1.09000071003, 1.09723162804, 1.04569765481, 0.835036064804, 9.21065698249, 0.924158534775, 0.856908340484, 298.682372692, 1.1163577026, 4.37102074198, 1.14991562298, 4.64735806323, 1.14137216545, 295.821010368, 1.34048257373
5.40634270261, 1.00000095056, 1.17834471175, 1.12965068392, 6.81466347678, 0.851113565614, 3.18988583449, 1.01997029924, 0.975952912876, 2.59224030695, 5.34679189903, 0.826452991017, 2.35517906229, 1.25608091715, 1.09000026117, 1.03434030893, 1.04525008769, 1.12683347892, 4.69853635721, 1.12424433095, 0.812563430989, 734.774787249, 0.996428088969, 4.04805305446, 1.11773736908, 3.98355417641, 1.05550820076, 1175.71862323, 0.268096514745
5.40001992487, 1.00000017442, 1.66205444216, 0.881176419943, 2.91556040013, 0.872477654521, 4.84210119791, 1.16096847784, 0.941097199418, 4.15289984818, 6.18774585271, 0.882050379975, 2.89754350502, 0.850118697345, 1.0900007612, 1.01058139293, 1.02154614696, 0.830237325818, 6.35567457965, 1.17826559003, 0.924786837525, 175.574196721, 1.06827185583, 3.04520482838, 1.21910013703, 2.98567109841, 1.2341563231, 2930.99463265, 0.0
4.59021112424, 1.00000095554, 1.63336930036, 0.816439759381, 7.03096316861, 0.813842654306, 3.78605462897, 1.04469628825, 0.931123984442, 3.16771168961, 6.11359971286, 1.10934176918, 3.55502574814, 1.22918395601, 1.09000058227, 1.09726157098, 1.0000717215, 1.11834770755, 6.74389740279, 1.18247406932, 0.843936893625, 905.076815764, 1.01190146068, 1.48175491439, 1.09217618595, 3.27145123045, 1.15234910956, 2942.23769287, 0.0
1.5056146367, 1.00000019506, 1.36016920919, 0.916155357191, 4.71887616584, 0.747075044996, 4.07724106428, 1.22687868021, 0.945819627876, 2.63721243759, 5.53390774024, 0.996497807378, 1.89081746899, 1.07233277308, 1.09000076437, 1.07213891943, 1.01608044676, 0.910705503424, 3.98789459967, 1.1104481156, 0.925923041746, 95.9179949927, 1.11446239135, 2.64599850612, 1.09403134342, 3.93382177086, 1.15723711633, 886.162680888, 0.536193029491
5.40001992487, 1.00000017442, 1.66205444216, 0.881176419943, 2.91556040013, 0.895767498839, 4.84210119791, 1.16096847784, 0.928095789645, 4.15289984818, 6.00002917285, 0.882050379975, 2.89754350502, 0.850118697345, 1.0900007612, 1.00759161061, 1.02154614696, 0.830237325818, 6.35567457965, 1.17826559003, 0.924786837525, 866.035954274, 1.06827185583, 3.04520482838, 1.21910013703, 2.09424283916, 1.2341563231, 504.204093547, 1.07238605898
2.00662390119, 1.00000010456, 1.15139870702, 1.20174407531, 3.85684114977, 0.740676270539, 3.2227209964, 1.21304129206, 0.920556410137, 4.8195279736, 5.50453176318, 1.07159740835, 1.83976045945, 0.991639635812, 1.09000055766, 1.00133271675, 1.01481166901, 0.945152368928, 6.43108581565, 1.17272101, 0.981211453017, 404.454352052, 0.962150914058, 1.98746600092, 1.21136297483, 5.37162944648, 1.25680969244, 3777.61360234, 0.0
2.1698859234, 1.00000097275, 1.31311464748, 1.06097781871, 1.82687246101, 0.759948838166, 1.32301211274, 1.00021736595, 0.984475172971, 2.69090536012, 6.13927097429, 1.09717055824, 1.90474408011, 1.08717929606, 1.09000001036, 1.00842985023, 1.01586335924, 0.951416389486, 9.43829860141, 1.09606974777, 0.812157292237, 243.658275676, 0.929289661866, 1.09384120024, 1.04008323362, 4.96016745589, 0.992339027059, 2779.43394338, 0.268096514745
1.75282032744, 1.00000063737, 1.39895203763, 0.869666965464, 1.54378264295, 0.71608538322, 4.51416793743, 1.14783670937, 0.947607429019, 1.62109920362, 6.15096900439, 1.15502912405, 4.64439707361, 0.913945603032, 1.09000089282, 1.09261681312, 1.00126684133, 1.01785619375, 9.01406995348, 0.935752309774, 0.982784543418, 787.331612536, 1.11614004787, 4.3946293491, 1.14503062604, 4.10229060346, 1.13673983846, 465.620376043, 2.14477211796
1.88835628305, 1.00000019506, 1.36016920919, 0.916155357191, 4.71887616584, 0.759948838166, 5.50811356644, 1.05833277505, 0.938293785976, 2.89190876453, 5.53390774024, 0.996497807378, 1.89081746899, 1.23315881755, 1.09000093132, 1.07213891943, 1.01608044676, 0.956887024028, 3.98789459967, 1.1104481156, 0.925923041746, 493.22999548, 1.11446239135, 2.64599850612, 1.09403134342, 3.93382177086, 1.15723711633, 3832.9875858, 0.0
2.23517684789, 1.00000068957, 1.33953272516, 1.02238883604, 5.46721098164, 0.816839549299, 4.4106044978, 1.19524149611, 0.976447146603, 1.34800196139, 5.83627558602, 1.02837938153, 3.29504152592, 1.19178202278, 1.09000043338, 1.01708047395, 1.0142026497, 1.11194929496, 5.90768548433, 0.9210989814, 0.883760991443, 51.840696938, 0.948313073732, 1.98853316924, 1.06142783045, 5.14193670199, 1.14885598625, 1428.79571891, 0.536193029491
3.3455883946, 1.00000026016, 1.34346265309, 1.17785809049, 6.20547804473, 0.72137499907, 2.60807534794, 1.10661502904, 0.927081344358, 2.50001029249, 5.59395206456, 1.08196641708, 3.1955984225, 1.06354715705, 1.09000081296, 1.06489920687, 1.00998522535, 1.18299989995, 3.31296412212, 0.982395474945, 0.808576863911, 228.614450078, 0.932023024149, 4.40023107659, 1.09682274177, 5.06424950328, 1.29861713807, 771.444828793, 1.07238605898
4.59021112424, 1.00000095554, 1.63336930036, 0.816439759381, 7.03096316861, 0.813842654306, 5.7487809552, 1.04469628825, 0.931123984442, 3.16771168961, 6.11359971286, 1.10934176918, 3.55502574814, 1.22918395601, 1.09000058227, 1.09726157098, 1.0000717215, 1.11834770755, 6.74389740279, 1.18247406932, 0.843936893625, 905.076815764, 1.18156438652, 1.48175491439, 1.09217618595, 4.86802591099, 1.15234910956, 514.708912678, 1.87667560322
5.7218790002, 1.00000098773, 1.20446006697, 1.16090587204, 4.17357647087, 0.903375291076, 4.39262595516, 1.25154534374, 0.904182226354, 1.73155969616, 4.90020530183, 0.910230990775, 4.91552367901, 1.08845487544, 1.09000088246, 1.00466476486, 1.02673879387, 0.940687640921, 6.02118629351, 1.18180291328, 0.891788496989, 885.112415806, 1.17594964551, 1.26812037913, 1.23565170245, 2.76975156318, 0.958526291229, 4013.87800092, 0.0
3.11105842924, 1.00000087316, 1.45270443474, 0.918695202829, 1.47721649184, 0.837169336479, 2.9112073499, 1.04492620066, 0.93484418969, 3.67822932973, 5.98446614007, 0.991787727525, 2.34285920978, 1.22618061955, 1.09000025767, 1.01160136174, 1.03531905017, 0.832969755346, 3.96881025491, 0.964104200306, 0.901199838077, 482.081502309, 1.0277088007, 3.40052828181, 1.22717384292, 4.23437172088, 0.895809819727, 1454.13037476, 0.536193029491
5.0245920117, 1.00000080936, 1.44494029697, 0.856086033464, 4.29686569244, 0.745575340534, 5.55399948576, 1.17170676106, 0.949779681553, 3.49751868046, 5.00344786632, 1.08475905988, 4.27982864596, 1.00490234305, 1.09000062904, 1.00756605904, 1.04948368234, 1.163485932, 3.46980340365, 0.975540668907, 0.769081327984, 218.622882732, 1.15614489668, 4.86293705279, 1.02101451751, 1.02212474109, 1.00550188045, 602.658086243, 2.41286863271
5.76527500213, 1.00000086239, 1.49050619077, 0.986570630663, 4.94475318489, 0.748313977779, 3.91221589395, 1.08143333009, 0.92810344324, 5.20878208439, 5.40682782382, 0.949999972182, 3.95784761052, 1.08944327627, 1.09000029828, 1.04756592895, 1.01364144208, 0.850462952355, 4.93681144483, 0.921944353033, 0.807129437405, 399.176376382, 1.05607648522, 4.4882798784, 1.10188820563, 4.26666472328, 0.926145037098, 4026.91622998, 0.0
5.9338386474, 1.00000085168, 1.24831771148, 1.15718273803, 4.90162995756, 0.881639568422, 3.35170454831, 1.00240100846, 0.958032981172, 4.00048665049, 5.89525431746, 0.886605811275, 3.58347410947, 1.10757876796, 1.09000054819, 1.03098044461, 1.00578526574, 1.08292076583, 5.72554804968, 0.972610007336, 0.770446222301, 455.246074079, 1.10863843883, 2.54764152956, 1.20916015062, 3.31162342386, 1.04217540951, 3587.42521864, 0.268096514745
2.06221730747, 1.00000066388, 1.42359161139, 1.17818774524, 3.66172977624, 0.987838864171, 4.94104181058, 1.19926036577, 0.952192918717, 1.67461157809, 5.02252648043, 1.18815734202, 4.05457514225, 1.15270597856, 1.09000099992, 1.00890158678, 1.03084373503, 0.966924463061, 8.2923631607, 1.11384027647, 0.817798636333, 495.454506945, 1.07936816181, 4.05069528862, 0.968248524693, 2.90921207547, 1.12235311697, 4211.96042989, 0.0
4.30601796802, 1.00000053521, 1.73769712791, 0.887725520697, 6.4798844822, 0.872459602188, 4.84210119791, 1.06176040508, 0.937709488414, 3.84354523239, 4.99253799206, 0.82210546523, 2.62907740151, 1.03901488303, 1.09000039901, 1.00321135963, 1.01969979064, 1.15139205772, 4.09390285351, 0.966147666884, 0.922759449637, 432.630392568, 1.0528624198, 5.32530218716, 1.16253954119, 1.76650167844, 1.01727310849, 1733.9102872, 0.804289544236
1.13126354104, 1.00000085752, 1.12643833993, 0.996846182736, 5.12065040953, 0.774608918105, 5.64969888678, 1.24327753263, 0.988909620059, 4.02910697677, 4.95132808538, 0.987795910988, 1.95880473717, 1.24166674523, 1.09000045388, 1.08791779288, 1.00371208821, 0.843661846739, 3.54115403635, 1.0648116532, 0.974615025581, 734.257883502, 1.11954403226, 1.97949439148, 1.18625072582, 1.84070136138, 0.98504015532, 767.167738177, 6.70241286863
5.9338386474, 1.00000085168, 1.24831771148, 1.15718273803, 4.90162995756, 0.881639568422, 1.38473676519, 1.00240100846, 0.958032981172, 2.67108964351, 4.93660368072, 0.886605811275, 3.58347410947, 1.10757876796, 1.09000016116, 1.03098044461, 1.01364144208, 1.08292076583, 5.72554804968, 0.972610007336, 0.930139800845, 455.246074079, 1.10863843883, 2.54764152956, 1.20916015062, 3.31162342386, 1.04217540951, 4490.65823091, 0.0
1.88835628305, 1.00000019506, 1.36016920919, 0.916155357191, 4.71887616584, 0.747075044996, 5.50811356644, 1.19950664243, 0.945819627876, 2.63721243759, 5.53390774024, 0.996497807378, 1.89081746899, 1.07233277308, 1.09000076437, 1.07213891943, 1.01608044676, 0.910705503424, 3.98789459967, 1.1104481156, 0.925923041746, 659.519718083, 1.11446239135, 2.64599850612, 1.09403134342, 3.93382177086, 1.15723711633, 5458.89574212, 0.0
2.70821606327, 1.00000078923, 1.2244494478, 0.916831533081, 6.62803071017, 0.787804245593, 1.98316499928, 1.20322998373, 0.976447146603, 4.33541149946, 5.52057283715, 1.16628069741, 1.2698475731, 0.941095444314, 1.09000037719, 1.10418818636, 1.0196088333, 1.18515935946, 6.31046155267, 1.1499121341, 0.891736164122, 22.4308611003, 0.948313073732, 4.46190446374, 1.1776524649, 3.21908545942, 0.894073343905, 5632.36754872, 0.0
3.3455883946, 1.00000026016, 1.72109797182, 1.17785809049, 6.20547804473, 0.72137499907, 2.60807534794, 1.10661502904, 0.927081344358, 2.42755847253, 5.59395206456, 1.08196641708, 3.1955984225, 1.06354715705, 1.09000081296, 1.05824503451, 1.00998522535, 1.18299989995, 3.31296412212, 0.982395474945, 0.808576863911, 228.614450078, 0.932023024149, 4.40023107659, 1.10366596029, 5.06424950328, 1.29861713807, 2075.11185306, 0.804289544236
2.58422183439, 1.00000027148, 1.34797774371, 1.14365325822, 3.94259066297, 0.885431063196, 3.5743128546, 1.08829086051, 0.938609756451, 4.84631212919, 4.86455834348, 1.08619004881, 1.63130535959, 1.06156604468, 1.09000087862, 1.00919746072, 1.04183018753, 1.17610456993, 3.86950269549, 1.08828827828, 0.800673910106, 714.066448154, 1.05123483716, 1.8799431886, 1.12650015354, 4.49863556324, 1.23854594998, 6127.95131272, 0.0
2.33464747631, 1.0000001621, 1.4829900511, 0.962739075863, 1.72319616529, 0.997382090862, 1.46238961635, 1.01246755928, 0.975816825422, 5.83607018182, 5.25836057545, 1.12585156454, 3.68097945806, 1.03396335675, 1.09000099896, 1.01151948984, 1.01436861205, 0.873324348101, 8.08151755627, 1.06297614309, 0.961521021154, 352.337875246, 1.09248020036, 1.67192677405, 1.03972950159, 1.10439973056, 0.932716585832, 2629.36803649, 0.804289544236
3.42849516732, 1.00000058321, 1.68347091323, 1.11734386792, 6.30672118898, 0.797054567617, 5.53117714401, 1.14596980359, 0.96276683407, 1.7985011148, 5.7284865296, 0.866888533345, 3.2185890606, 1.2497368837, 1.09000037195, 1.02380951097, 1.03672113104, 0.862470435869, 5.53509964814, 1.02704249862, 0.946660654614, 819.980763765, 1.10780283023, 2.06967806192, 1.18428926044, 2.71948477001, 1.26725897509, 6587.01509024, 0.0
2.00662390119, 1.00000010456, 1.15139870702, 1.20174407531, 3.85684114977, 0.827247800316, 3.2227209964, 1.21304129206, 0.920556410137, 4.8195279736, 5.50453176318, 1.12125588298, 1.06198595733, 0.991639635812, 1.09000042277, 1.00133271675, 1.01481166901, 0.945152368928, 6.43108581565, 1.17272101, 0.981211453017, 404.454352052, 0.962150914058, 1.98746600092, 1.18347139066, 5.37162944648, 1.25680969244, 2978.70756238, 0.536193029491
2.44918860618, 1.00000021232, 1.00330304488, 0.973423574345, 5.13521039847, 0.920024085928, 5.10271539446, 1.22478208654, 0.946372869995, 5.46621444258, 5.33713015321, 0.959004427794, 3.42510717138, 0.956662816491, 1.09000032045, 1.01547364494, 1.01685711492, 0.987601176274, 4.21144063648, 1.0381996133, 0.791079352376, 800.841384062, 1.09124072149, 1.84264730709, 1.1015256522, 5.38035659939, 0.872429100311, 1078.3625928, 2.68096514745
4.53417283659, 1.00000000289, 1.44215149948, 1.11491486151, 4.45617452754, 0.948434950111, 3.73115493192, 1.09283341591, 0.909923380366, 3.6731986349, 5.44873980851, 1.16988984901, 2.33881920117, 0.951027546429, 1.09000090953, 1.0507174516, 1.00927153133, 1.16159862638, 3.48196177609, 1.15687596643, 0.944594754377, 889.105614786, 0.961822254792, 3.34276262027, 1.10996580797, 3.35438109625, 0.947264952499, 1027.43393352, 3.21715817694
3.36623400588, 1.00000006457, 1.5168035933, 1.1098173164, 2.56033969831, 0.807021663923, 3.63963178633, 1.05132449709, 0.97502550198, 4.30104530563, 5.08293281338, 1.19824613339, 1.81497128586, 0.948032690893, 1.09000031057, 1.03842828067, 1.02732467968, 1.22090736749, 5.19649711227, 1.06347296695, 0.894901910487, 682.42170352, 1.03084077849, 3.11221559054, 1.13939119738, 1.49708757979, 1.20038455321, 1698.59144838, 1.07238605898
5.8709648873, 1.00000049227, 1.33534450072, 1.0663241928, 1.46506335217, 0.979177870515, 5.08960088644, 1.21034525374, 0.964980605685, 4.67132113099, 4.92175271046, 1.04751186977, 4.54261810351, 0.869870097153, 1.09000005476, 1.09661858424, 1.00457077734, 0.908353635437, 3.29832118683, 1.03006605664, 0.809726206226, 991.381721302, 0.945996079422, 2.54671102409, 0.997740224303, 2.45422021395, 0.933110355462, 1344.89692171, 1.87667560322
5.63297846871, 1.00000007675, 1.33589541907, 1.00136536186, 2.58461989789, 0.898496802762, 1.82331199489, 1.11080128475, 0.968382230611, 5.87464906344, 5.05307900294, 1.20983124866, 2.34946593717, 1.25461555702, 1.09000047879, 1.067376478, 1.031101679, 0.911941577653, 8.71982620517, 1.17418542918, 0.795231765496, 159.149313361, 0.91634574372, 1.78493280926, 1.15655208143, 5.03794920836, 0.90182460878, 6654.60293019, 0.0
2.23517684789, 1.00000068957, 1.33953272516, 1.02238883604, 5.46721098164, 0.816839549299, 4.4106044978, 1.19524149611, 0.932101276394, 5.20878208439, 5.83997560641, 1.02837938153, 2.06498051768, 1.19178202278, 1.09000043338, 1.01708047395, 1.0142026497, 1.11194929496, 5.90768548433, 0.9210989814, 0.901534896337, 51.840696938, 0.948313073732, 4.4882798784, 1.06142783045, 5.14193670199, 1.14885598625, 3571.31263477, 0.536193029491
3.42587508496, 1.00000091469, 1.53771437987, 1.06496894552, 3.9960034788, 0.994585421449, 4.63753261311, 1.01588696708, 0.917904878414, 5.89822487417, 4.85934323117, 0.882760488501, 2.64912562076, 1.17492411844, 1.09000015207, 1.09335971745, 1.006043357, 0.911970571668, 3.03580406386, 1.1879532712, 0.962743758184, 75.7697376688, 1.04938487605, 4.15941036988, 1.02986336673, 4.33820111553, 1.10544606646, 6786.50495381, 0.0
1.75282032744, 1.00000063737, 1.39895203763, 0.869666965464, 1.54378264295, 0.71608538322, 4.51416793743, 1.14783670937, 0.947607429019, 1.62109920362, 6.15096900439, 1.15502912405, 4.64439707361, 1.18869812897, 1.09000089282, 1.09261681312, 1.00126684133, 1.01785619375, 9.01406995348, 0.935752309774, 0.982784543418, 127.655290911, 1.13427784557, 4.3946293491, 1.14503062604, 4.10229060346, 1.13673983846, 1215.60520522, 2.41286863271
3.42587508496, 1.00000091469, 1.53771437987, 1.06496894552, 3.9960034788, 0.994585421449, 4.63753261311, 1.01588696708, 0.917904878414, 5.89822487417, 4.85934323117, 0.882760488501, 1.43167914409, 1.17492411844, 1.09000015207, 1.06597942942, 1.006043357, 0.911970571668, 3.03580406386, 1.1879532712, 0.962743758184, 75.7697376688, 1.04938487605, 4.15941036988, 1.02986336673, 4.33820111553, 1.10544606646, 1467.7485454, 1.60857908847
1.08684114866, 1.00000067122, 1.41384291002, 0.887126375861, 6.59133138939, 0.732228686036, 4.27646333584, 1.08122702524, 0.912211906918, 4.56423349077, 5.07294061785, 1.07159740835, 2.23531213661, 0.822229228787, 1.09000029646, 1.06979027349, 1.02223099336, 0.877137870088, 4.11026399856, 0.989238089436, 0.83053193474, 426.87840534, 1.0386907082, 4.71238071802, 0.980779032682, 1.50983921568, 1.06838207247, 7004.98486619, 0.0
2.06221730747, 1.0000006427, 1.48009505382, 1.17818774524, 3.66172977624, 0.987838864171, 4.54828290292, 1.19926036577, 0.952192918717, 1.67461157809, 5.02252648043, 1.18815734202, 4.05457514225, 1.15270597856, 1.09000099992, 1.00890158678, 1.03084373503, 0.905729268963, 8.76166754973, 1.11384027647, 0.817798636333, 495.454506945, 1.07936816181, 4.05069528862, 0.968248524693, 2.90921207547, 1.08444594712, 1271.73466116, 2.68096514745
5.04250205528, 1.0000001735, 1.66919648957, 1.03950978793, 5.47752522701, 0.904127889195, 4.08612042891, 1.12153699805, 0.917946627053, 4.76474597497, 4.73564006121, 1.14564408537, 4.36289811532, 1.15371626365, 1.0900002281, 1.09823884087, 1.03459369669, 1.10713235052, 4.17909182611, 1.01256037366, 0.771528091151, 693.038863193, 1.15365577182, 4.68577732466, 1.051100993, 4.1711119565, 1.18115786505, 1229.98068135, 7.50670241287
5.7218790002, 1.00000098773, 1.20446006697, 1.16090587204, 4.28371479946, 0.903375291076, 4.39262595516, 1.25154534374, 0.964980605685, 1.73155969616, 4.90020530183, 0.910230990775, 4.91552367901, 1.08845487544, 1.09000088246, 1.09661858424, 1.04016160873, 0.940687640921, 6.02118629351, 1.18180291328, 0.891788496989, 885.112415806, 1.17594964551, 1.26812037913, 1.23565170245, 2.76975156318, 0.958526291229, 1322.37991973, 2.9490616622
4.50717029381, 1.00000004349, 1.42267497777, 1.2020429808, 7.06255228531, 0.971237509239, 5.99371454772, 1.01690074336, 0.90593707504, 1.55824314462, 5.50033575895, 0.853488427462, 1.96740894188, 1.05056554853, 1.09000002432, 1.10010390358, 1.00790674867, 0.931277677649, 3.87803961835, 1.00267381382, 0.913125020762, 434.936289366, 1.08034803593, 5.26268875283, 1.21274847489, 1.43368459264, 0.930753494371, 7885.11277396, 0.0
3.42587508496, 1.00000091469, 1.53771437987, 1.06496894552, 2.56033969831, 0.994585421449, 4.63753261311, 1.01588696708, 0.917904878414, 5.46341699452, 4.85934323117, 0.882760488501, 1.43167914409, 1.17492411844, 1.09000015207, 1.06597942942, 1.006043357, 0.911970571668, 3.03580406386, 1.1879532712, 0.948782034623, 75.7697376688, 1.04938487605, 4.15941036988, 1.02986336673, 4.33820111553, 1.20038455321, 9633.29074523, 0.0
5.04250205528, 1.0000001735, 1.66919648957, 1.03950978793, 5.47752522701, 0.904127889195, 4.08612042891, 1.12153699805, 0.917946627053, 4.76474597497, 5.13372534509, 1.14564408537, 4.36289811532, 1.15371626365, 1.0900002281, 1.09823884087, 1.03459369669, 1.17390769043, 4.17909182611, 1.13134146484, 0.771528091151, 714.066448154, 1.15365577182, 4.68577732466, 1.051100993, 4.1711119565, 1.18115786505, 10303.1454297, 0.0
5.76527500213, 1.00000086239, 1.49050619077, 0.986570630663, 4.94475318489, 0.748313977779, 3.91221589395, 1.08143333009, 0.92810344324, 5.20878208439, 5.40682782382, 0.949999972182, 3.95784761052, 1.08944327627, 1.09000029828, 1.04756592895, 1.01364144208, 0.850462952355, 4.93681144483, 0.921944353033, 0.807129437405, 399.176376382, 1.05607648522, 4.4882798784, 1.10188820563, 4.26666472328, 0.926145037098, 2256.88969029, 1.07238605898
3.46400481608, 1.00000015334, 1.56971781571, 0.82869376663, 5.46678085213, 0.807002676876, 1.04828339054, 1.25066811875, 0.985503070479, 2.66848457339, 6.11943388256, 0.813555590075, 4.65497452279, 1.08995539556, 1.09000054819, 1.0146297925, 1.04124971454, 0.879273319688, 5.20763841649, 1.15373229027, 0.762801435179, 996.453416036, 1.18557277128, 3.78816330718, 1.04885811902, 2.74985916441, 0.95461350322, 6450.72421238, 0.268096514745
5.0245920117, 1.00000080936, 1.44494029697, 0.856086033464, 3.85684114977, 0.745575340534, 5.55399948576, 1.17170676106, 0.949779681553, 3.49751868046, 5.50453176318, 0.812180868069, 4.27982864596, 0.996150581764, 1.09000054819, 1.00756605904, 1.04948368234, 1.163485932, 3.46980340365, 1.09337443169, 0.856966352185, 218.622882732, 1.15614489668, 4.86293705279, 1.02101451751, 1.05156855646, 1.00550188045, 14208.8481097, 0.0
5.40001992487, 1.00000017442, 1.66205444216, 0.881176419943, 2.91556040013, 0.895767498839, 2.56998612035, 1.16096847784, 0.928095789645, 4.15289984818, 6.19202241913, 0.882050379975, 4.36068303271, 0.850118697345, 1.0900007612, 1.00759161061, 1.02154614696, 0.830237325818, 3.45284483339, 1.17826559003, 0.924786837525, 866.035954274, 1.06827185583, 3.04520482838, 1.21910013703, 2.09424283916, 1.2341563231, 17393.7949903, 0.0
2.58422183439, 1.00000027148, 1.34797774371, 1.14365325822, 3.94259066297, 0.885431063196, 3.5743128546, 1.08829086051, 0.938609756451, 4.84631212919, 4.86455834348, 1.08619004881, 1.63130535959, 1.06156604468, 1.09000087862, 1.0267099112, 1.04183018753, 1.17610456993, 5.64728048065, 1.03241973602, 0.800673910106, 693.038863193, 1.05123483716, 1.8799431886, 1.12650015354, 4.49863556324, 1.04772520505, 2103.2973266, 1.34048257373
4.4718180296, 1.00000003858, 1.20214562466, 0.919051892481, 6.40845555272, 0.716375355321, 1.82331199489, 1.14144833547, 0.985503070479, 5.16565528576, 5.27627069593, 0.813555590075, 4.17483559122, 1.14525348487, 1.09000070342, 1.03025490561, 1.00903194943, 1.02488174894, 5.86961940899, 1.177067831, 0.768405731941, 224.971230607, 1.00818976244, 5.61781417641, 1.02102517694, 3.10228459683, 0.937594788907, 21790.4454817, 0.0
4.33001153251, 1.00000015678, 1.22916451024, 0.89371656375, 5.34470590089, 0.835893180905, 3.8562721526, 1.24104386215, 0.982184891421, 2.26259986108, 5.96489680147, 0.871135086701, 1.59816429292, 1.13678912286, 1.09000021625, 1.06487773738, 1.02085060331, 1.17930111474, 5.50031250943, 1.00702926256, 0.878773133834, 352.659999375, 1.10820041729, 5.60513829503, 1.00770994632, 1.32857775117, 1.14258065083, 26967.2807016, 0.0
4.27765577617, 1.00000081799, 1.25924964555, 1.17331033074, 1.86460123378, 0.827172143416, 1.99152963908, 1.05995482668, 0.948957707631, 4.13152886637, 4.93861040135, 1.21107396921, 2.8327908286, 1.271089277, 1.09000033819, 1.02834602373, 1.01481852596, 0.959904178224, 5.89578168407, 1.05102680534, 0.930365721159, 188.058016344, 1.08764740038, 1.32725084966, 1.13207366205, 3.82241961207, 1.04320555093, 30787.7078426, 0.0
2.00662390119, 1.00000010456, 1.15139870702, 1.18906638705, 3.85684114977, 0.740676270539, 3.2227209964, 1.21304129206, 0.920556410137, 4.8195279736, 5.50453176318, 1.07159740835, 1.83976045945, 0.991639635812, 1.09000055766, 1.00133271675, 1.01481166901, 0.945152368928, 6.43108581565, 1.17272101, 0.981211453017, 404.454352052, 0.962150914058, 1.98746600092, 1.21136297483, 5.37162944648, 0.932232114835, 33377.9359881, 0.0
5.98924907074, 1.00000085168, 1.24831771148, 1.20923099601, 4.90162995756, 0.881639568422, 2.090405213, 1.00240100846, 0.958032981172, 1.98521800161, 4.93660368072, 0.886605811275, 3.44615544683, 1.10757876796, 1.09000013357, 1.03098044461, 1.01251275799, 1.22943084845, 5.72554804968, 0.972610007336, 0.796162450501, 455.246074079, 1.10863843883, 1.27654413651, 1.20916015062, 1.87823119793, 1.12467343705, 1791.41977864, 2.14477211796
1.57941099991, 1.00000080749, 1.07727559559, 1.15205661604, 5.73313964259, 0.889858164742, 5.11003905574, 1.24143438282, 0.920133669189, 4.67521844828, 5.78200250704, 0.947793982776, 3.2343624829, 0.904486243964, 1.09000082526, 1.07645482999, 1.00555960158, 0.974385058556, 9.41741795932, 1.00549380402, 0.880702675074, 758.188643049, 0.972668280664, 4.35578357624, 1.12876539925, 3.02393036736, 1.12749724015, 2390.33837738, 1.34048257373
4.33001153251, 1.00000015678, 1.22916451024, 0.89371656375, 5.34470590089, 0.835893180905, 3.8562721526, 1.2380857928, 0.982184891421, 2.26259986108, 5.96489680147, 0.871135086701, 1.59816429292, 1.13678912286, 1.09000021625, 1.03311680005, 1.00327810807, 1.17930111474, 5.50031250943, 1.00702926256, 0.878773133834, 352.659999375, 1.10820041729, 5.60513829503, 1.00770994632, 1.32857775117, 1.14258065083, 1802.01424252, 2.14477211796
2.33464747631, 1.0000001621, 1.4829900511, 0.962739075863, 1.72319616529, 0.997382090862, 1.46238961635, 1.01246755928, 0.975816825422, 5.83607018182, 5.25836057545, 1.12585156454, 3.68097945806, 1.03396335675, 1.09000099896, 1.01151948984, 1.01436861205, 0.873324348101, 5.64855126739, 1.06297614309, 0.961521021154, 352.337875246, 1.09248020036, 1.67192677405, 1.03972950159, 1.10439973056, 0.938676988782, 1730.62434712, 2.9490616622
4.51537060982, 1.00000075959, 1.51049759123, 0.938483638048, 2.67093964663, 0.979596887277, 4.26307156818, 1.07886484241, 0.90245342666, 1.76408416659, 4.9294413988, 1.15521153208, 3.64967963686, 1.1399077544, 1.09000053469, 1.01030613756, 1.02720674974, 1.07496158854, 4.65699275672, 1.02504701437, 0.813030069005, 329.274596457, 1.09554912781, 5.44369483486, 1.1431729789, 2.17884924245, 1.1305811067, 7444.63531547, 0.268096514745
4.84863649955, 1.00000043598, 1.65256926292, 1.08519051182, 1.94406761281, 0.930385684283, 1.56040250415, 1.05237462374, 0.957706399478, 4.77461531042, 5.31756558948, 1.17972887917, 1.35894497466, 0.940496074187, 1.0900004286, 1.04342899604, 1.037092179, 1.20624815761, 3.1979137976, 0.950156564761, 0.91589338645, 285.716981076, 1.03630677336, 1.98868182168, 1.11381914245, 1.43675896907, 1.24887212735, 2129.59180263, 1.87667560322
5.40634270261, 1.00000095056, 1.17834471175, 1.12965068392, 6.81466347678, 0.851113565614, 3.18988583449, 1.01997029924, 0.975952912876, 2.59224030695, 5.34679189903, 0.826452991017, 2.35517906229, 1.25608091715, 1.09000026117, 1.06487773738, 1.04525008769, 1.20471581835, 4.69853635721, 0.993245666935, 0.812563430989, 734.774787249, 0.961822254792, 4.04805305446, 1.11773736908, 3.98355417641, 1.05550820076, 4514.86039488, 0.536193029491
5.9338386474, 1.00000085168, 1.24831771148, 1.15718273803, 4.90162995756, 0.881639568422, 3.35170454831, 1.00240100846, 0.958032981172, 2.67108964351, 4.93660368072, 0.886605811275, 3.58347410947, 1.10757876796, 1.09000016116, 1.03098044461, 1.01251275799, 1.08292076583, 5.72554804968, 0.972610007336, 0.930139800845, 455.246074079, 1.10863843883, 2.54764152956, 1.20916015062, 3.31162342386, 1.04217540951, 3869.31505433, 0.804289544236
2.33464747631, 1.0000001621, 1.4829900511, 0.962739075863, 1.72319616529, 0.836793090405, 1.46238961635, 1.01246755928, 0.975816825422, 5.83607018182, 5.25836057545, 1.12585156454, 3.68097945806, 1.03396335675, 1.09000099896, 1.01151948984, 1.01436861205, 0.873324348101, 5.64855126739, 1.06297614309, 0.961521021154, 352.337875246, 1.09248020036, 1.67192677405, 1.03972950159, 1.10439973056, 1.12565468069, 1741.16438272, 2.9490616622
2.86588563616, 1.00000022569, 1.21562619136, 0.9616047388, 1.68773795621, 0.863255768529, 1.59758949126, 1.23717360223, 0.993558313727, 1.83023766024, 4.80827133698, 1.12095995927, 2.47013094254, 0.919245005844, 1.09000095913, 1.00717479149, 1.04394940192, 0.974501416023, 6.53424911043, 0.917568840206, 0.847177234291, 329.795799413, 1.17574030031, 5.42070455938, 1.09957713687, 4.6208556855, 0.924997880291, 7914.14150636, 0.268096514745
1.01362011279, 1.00000038844, 1.66816716185, 1.09404105069, 3.82536096466, 0.949315306121, 2.37842622269, 1.25954650554, 0.907037574762, 5.04106969037, 4.83509798703, 0.89485222817, 4.36068303271, 0.819290239079, 1.09000094645, 1.08504879098, 1.0052464346, 1.08350557171, 8.70147810052, 0.944062196494, 0.828815559516, 118.281880002, 1.19311066826, 3.19744449768, 1.18340321837, 2.17006587925, 0.871520504198, 4926.10641112, 0.536193029491
3.86337142209, 1.00000049227, 1.33534450072, 1.0663241928, 5.80985577303, 0.963487858402, 5.08960088644, 1.21162869307, 0.922032633705, 4.67132113099, 4.92175271046, 0.99877180566, 4.54261810351, 0.869870097153, 1.09000005476, 1.00466476486, 1.00457077734, 0.908353635437, 3.29832118683, 1.03006605664, 0.763298421803, 988.453707835, 0.962618714362, 2.54671102409, 0.997740224303, 2.45422021395, 1.08172362447, 2101.77216763, 2.14477211796
5.9338386474, 1.00000085168, 1.24831771148, 1.20923099601, 4.90162995756, 0.881639568422, 3.35170454831, 1.00240100846, 0.958032981172, 2.67108964351, 4.93660368072, 0.886605811275, 3.58347410947, 1.10757876796, 1.09000051338, 1.03098044461, 1.01251275799, 1.08292076583, 5.72554804968, 0.972610007336, 0.930139800845, 455.246074079, 1.10863843883, 2.54764152956, 1.20916015062, 3.31162342386, 1.04217540951, 7915.40754658, 0.268096514745
3.36623400588, 1.00000046744, 1.5168035933, 1.1098173164, 2.56033969831, 0.807021663923, 3.63963178633, 1.05132449709, 0.97502550198, 4.30104530563, 5.08293281338, 1.19824613339, 1.81497128586, 0.948032690893, 1.09000031057, 1.03842828067, 1.02732467968, 1.22090736749, 5.19649711227, 1.06347296695, 0.894901910487, 682.42170352, 1.03084077849, 3.11221559054, 1.13939119738, 1.19469772869, 1.20038455321, 5356.70770917, 0.536193029491
5.19393650356, 1.00000074238, 1.45988792198, 1.13597374092, 3.99488683365, 0.950029113161, 2.57764046069, 1.24399536919, 0.992720252895, 5.8240600769, 5.81772332547, 1.13710231775, 2.5124317023, 0.996059884631, 1.09000071003, 1.09723162804, 1.04569765481, 0.835036064804, 9.21065698249, 0.924158534775, 0.856908340484, 5.59895645722, 1.1163577026, 4.37102074198, 1.14991562298, 4.64735806323, 1.14137216545, 9397.34963152, 0.268096514745
5.88117148588, 1.00000001724, 1.43011760626, 0.881068302007, 4.2472891556, 0.997382090862, 3.90456853188, 1.12486140302, 0.928320967888, 6.07943025419, 5.27511824953, 0.870478155044, 4.31048334001, 1.28035286149, 1.09000012638, 1.0105937541, 1.04137792288, 0.832776858726, 8.49222190124, 1.04904861924, 0.760550854035, 340.437463021, 1.15304093577, 4.3998974726, 1.23500119159, 1.47726921524, 0.938676988782, 2981.09608239, 1.07238605898
3.3455883946, 1.00000026016, 1.72109797182, 1.17785809049, 6.20547804473, 0.72137499907, 2.60807534794, 1.10661502904, 0.927081344358, 2.42755847253, 5.59395206456, 1.08196641708, 3.1955984225, 1.06354715705, 1.09000081296, 1.05824503451, 1.00998522535, 1.18299989995, 3.31296412212, 0.982395474945, 0.808576863911, 228.614450078, 0.932023024149, 4.40023107659, 1.0273247638, 5.06424950328, 1.29861713807, 2418.72055792, 1.87667560322
2.3309133547, 1.00000022569, 1.03194354106, 1.07444976009, 1.68773795621, 0.94126466876, 1.6381700021, 1.2142771276, 0.941269888873, 3.22426691287, 5.13286251742, 1.01900980018, 3.03282148588, 1.08622074227, 1.09000060858, 1.09565511111, 1.04940608509, 0.810466873423, 5.46721878528, 1.18397494428, 0.894550947074, 221.097145522, 1.18553175196, 2.56277908473, 1.23828295824, 4.32175851553, 1.14238601893, 2790.14952769, 1.60857908847
4.30601796802, 1.00000053521, 1.73769712791, 0.887725520697, 6.4798844822, 0.872459602188, 4.84210119791, 1.06176040508, 0.937709488414, 3.49136600502, 5.38309945194, 0.82210546523, 2.62907740151, 1.03901488303, 1.09000039901, 1.00321135963, 1.01969979064, 1.18015833647, 4.09390285351, 0.966147666884, 0.862920335543, 432.630392568, 1.0528624198, 5.32530218716, 1.16253954119, 2.49902458428, 1.01727310849, 3026.07911095, 1.07238605898
5.04250205528, 1.0000001735, 1.66919648957, 1.03950978793, 5.47752522701, 0.904127889195, 4.08612042891, 1.17771822655, 0.917946627053, 4.76474597497, 5.13372534509, 0.827237524728, 4.36289811532, 1.15371626365, 1.0900002281, 1.09823884087, 1.03459369669, 1.17390769043, 7.19900544992, 1.13134146484, 0.771528091151, 714.066448154, 1.15365577182, 4.68577732466, 1.051100993, 4.1711119565, 1.18115786505, 2947.69194331, 1.34048257373
2.72117402221, 1.00000046717, 1.13659360249, 0.923510792499, 2.9579309703, 0.819013445749, 3.22489910874, 1.1484796064, 0.907603388151, 4.27214828143, 6.23368093444, 1.07882670123, 2.14247702964, 1.09993123377, 1.09000091531, 1.03003394844, 1.04951571825, 1.18051763424, 6.25663196434, 1.04368995853, 0.78851967616, 7.53558235651, 1.01533183959, 2.84737537191, 1.12936900425, 4.30477296272, 1.05235659928, 1987.32104216, 3.21715817694
4.69722866167, 1.00000004349, 1.42267497777, 1.2020429808, 7.06255228531, 0.971237509239, 5.99371454772, 1.16678624169, 0.90593707504, 1.55824314462, 5.50033575895, 0.853488427462, 1.96740894188, 1.05056554853, 1.09000002432, 1.10010390358, 1.00790674867, 0.931277677649, 3.87803961835, 1.00267381382, 0.913125020762, 434.936289366, 1.08034803593, 5.26268875283, 1.21274847489, 1.43368459264, 1.04019577979, 1852.82073981, 5.36193029491
3.11530957984, 1.00000025176, 1.52352133973, 0.8825205786, 5.58987517969, 0.987461048139, 1.52378186298, 1.14360607573, 0.928886493423, 2.09620717329, 5.10716537274, 1.19918746133, 3.24356278505, 0.869870097153, 1.09000018683, 1.09143850116, 1.04397840204, 0.912658594075, 5.74702096287, 1.117952008, 0.782091162788, 618.482509302, 1.17605021201, 5.58499983884, 1.02716500722, 4.45315203834, 0.969023026075, 3425.19328222, 1.07238605898
5.10944286367, 1.00000000082, 1.59806055225, 0.991909644909, 6.51281467971, 0.894612325774, 5.82345212119, 1.18261203263, 0.976104888235, 2.18620875043, 6.02919443433, 0.88570736929, 3.44615544683, 0.835930639551, 1.09000051765, 1.09909563303, 1.04377397708, 1.00003821237, 7.58255096764, 0.931270200766, 0.971736061934, 539.557718144, 1.00342460222, 4.59009425512, 0.952492361984, 1.87823119793, 1.08110348681, 2067.16294393, 4.55764075067
1.16136511049, 1.00000052554, 1.50994752606, 0.869199978753, 1.83477384207, 0.914932234032, 2.21090875371, 1.02240438949, 0.986982551077, 2.44263842321, 5.49342324935, 1.0117684263, 2.0773960291, 1.19527404767, 1.09000019939, 1.07970974823, 1.03747375737, 0.940800261413, 7.24461855869, 1.05767253134, 0.809927445533, 956.544241726, 1.02764844986, 4.24955482196, 1.15928722198, 4.82669459914, 0.958808595082, 11251.3800062, 0.268096514745
1.41483391223, 1.00000015855, 1.07900473325, 1.11235306233, 6.32119778512, 0.916112133506, 3.76658556715, 1.00882196297, 0.943738956869, 5.96389519978, 6.06459700783, 1.0925797996, 1.85048203976, 1.1125835699, 1.09000074967, 1.00537208656, 1.01533678143, 0.817252184566, 3.35950745615, 1.15094875346, 0.933965643333, 48.6129957847, 1.14241652344, 4.49854579027, 1.1746209135, 2.9410022993, 1.06606241243, 2084.27977614, 3.75335120643
5.16427755702, 1.00000067691, 1.66589790086, 0.813960733656, 3.25287867408, 0.759191260712, 5.95921329313, 1.11705686253, 0.989822946445, 2.97433116805, 5.20099665614, 1.17826592444, 2.65079006179, 0.976009966134, 1.09000065286, 1.00340604979, 1.00770007666, 0.869542341951, 3.72687910679, 1.11637553334, 0.820916186286, 980.778267349, 1.10284536343, 4.8850557753, 1.03200498831, 3.65376247401, 0.935017580471, 2085.6651296, 8.57908847185
2.40753623735, 1.00000084146, 1.65331022789, 1.19807609552, 5.94748748193, 0.786060177749, 1.33674749918, 1.12486140302, 0.952571158286, 4.68549398475, 4.81328807248, 0.872882745945, 1.7026214107, 1.02229328149, 1.09000081496, 1.07988583379, 1.03429553503, 1.19614253327, 8.42677523679, 1.01182680525, 0.822230887309, 175.098374778, 1.05104442062, 2.9462339417, 1.17017902674, 1.47726921524, 1.23618580508, 22524.484838, 0.268096514745
5.88117148588, 1.00000001724, 1.43011760626, 0.881068302007, 4.2472891556, 0.997382090862, 3.90456853188, 1.12486140302, 0.928320967888, 6.07943025419, 5.27511824953, 0.870478155044, 4.31048334001, 1.28035286149, 1.09000012638, 1.0105937541, 1.04137792288, 0.832776858726, 8.49222190124, 1.04904861924, 0.760550854035, 340.437463021, 1.15304093577, 4.3998974726, 1.23500119159, 1.47726921524, 0.912804450472, 3168.16933426, 1.34048257373
2.00662390119, 1.00000010456, 1.15139870702, 0.811418906394, 3.85684114977, 0.827247800316, 3.50486989709, 1.21304129206, 0.920556410137, 4.8195279736, 5.50453176318, 1.12125588298, 1.06198595733, 0.991639635812, 1.09000062247, 1.00133271675, 1.01481166901, 0.945152368928, 6.43108581565, 1.17272101, 0.981211453017, 404.454352052, 0.962150914058, 1.98746600092, 1.18347139066, 5.47754277811, 1.25680969244, 3004.33061734, 1.60857908847
3.3455883946, 1.00000026016, 1.34346265309, 1.17785809049, 6.20547804473, 0.72137499907, 2.60807534794, 1.10661502904, 0.927081344358, 2.50001029249, 5.59395206456, 1.08196641708, 4.67842437846, 1.06354715705, 1.09000081296, 1.06489920687, 1.00998522535, 1.06712086715, 3.31296412212, 0.982395474945, 0.808576863911, 228.614450078, 0.932023024149, 4.40023107659, 1.09682274177, 5.06424950328, 1.29861713807, 5487.1951325, 0.804289544236
5.88117148588, 1.00000001724, 1.6685191269, 0.881068302007, 4.2472891556, 0.836793090405, 2.03805642514, 1.07429066712, 0.923848425234, 6.07943025419, 5.27511824953, 0.870478155044, 4.31048334001, 1.28035286149, 1.09000012638, 1.0105937541, 1.0351649236, 0.832776858726, 8.49222190124, 1.04904861924, 0.760550854035, 340.437463021, 1.15304093577, 4.3998974726, 1.23500119159, 1.92187430689, 1.1596387738, 5597.99255808, 0.804289544236
3.32575009528, 1.00000052554, 1.50994752606, 0.869199978753, 1.83477384207, 0.914932234032, 2.21090875371, 1.02240438949, 0.986982551077, 2.44263842321, 5.49342324935, 1.0117684263, 2.0773960291, 1.19527404767, 1.09000019939, 1.07970974823, 1.03747375737, 0.940800261413, 7.24461855869, 1.05767253134, 0.809927445533, 956.544241726, 1.02764844986, 4.24955482196, 1.15928722198, 5.24066479206, 0.958808595082, 3877.62346038, 1.07238605898
4.4718180296, 1.00000003858, 1.20214562466, 0.919051892481, 6.63901214398, 0.716375355321, 1.82331199489, 1.16644988724, 0.969662051255, 5.16565528576, 5.60279991092, 1.14146617001, 4.17483559122, 1.14525348487, 1.09000070342, 1.03025490561, 1.00903194943, 1.02488174894, 5.86961940899, 1.10607056699, 0.768405731941, 224.971230607, 1.00818976244, 5.61781417641, 0.966388172332, 3.10228459683, 0.937594788907, 8202.85468504, 0.536193029491
3.32575009528, 1.00000038844, 1.66816716185, 1.09404105069, 3.95978562113, 0.949315306121, 2.37842622269, 1.25954650554, 0.907037574762, 5.04106969037, 4.83509798703, 0.89485222817, 4.36068303271, 0.819290239079, 1.09000094645, 1.08504879098, 1.0052464346, 1.08350557171, 8.70147810052, 0.944062196494, 0.828815559516, 118.281880002, 1.19311066826, 3.19744449768, 1.18340321837, 2.17006587925, 0.943093980288, 3111.76527298, 1.87667560322
4.38095652528, 1.00000050259, 1.36391496837, 1.19283127517, 3.63341745062, 0.974642985714, 2.55396901671, 1.14144943575, 0.989666281191, 1.26838100387, 5.91074573016, 0.820369970814, 3.58870635197, 0.855049488201, 1.09000004797, 1.00759161061, 1.01254285072, 1.20109056945, 8.63872001192, 0.942720429421, 0.871473356026, 725.186782799, 1.06589687588, 5.96176699471, 1.16112164959, 2.09424283916, 1.12776622419, 6555.17742592, 0.804289544236
