3.13309751289, 1.00000004142, 1.02330694072, 0.814378385976, 4.17234678711, 0.84615074718, 5.28912453429, 1.11366609501, 0.943863515751, 3.98775853094, 5.23706542206, 0.989631076796, 2.24735697107, 0.864556072379, 1.09000096502, 1.02713519715, 1.01531269146, 0.855043466365, 3.41212818371, 1.18374597313, 0.889162760172, 618.799661878, 1.0455967347, 1.58811580145, 1.23345590568, 1.9231646704, 1.13627567692, 16.4022874804, 108.867319663
1.6673495831, 1.00000003739, 1.68229464867, 1.12703753849, 1.77397347738, 0.72742153431, 2.75142145526, 1.12798194329, 0.983670601005, 2.28890771399, 5.92214688626, 0.964968808001, 1.03516517097, 1.22891234666, 1.09000099954, 1.10407174068, 1.02511784188, 1.20036511169, 6.10830624085, 1.04140776653, 0.933676325711, 889.919206573, 1.1964837515, 4.48078988246, 1.09957828251, 3.42042053786, 1.02851406728, 14.941227643, 253.216811725
2.30725095029, 1.00000040099, 1.27169903347, 1.06121185253, 3.5698676558, 0.860580920922, 5.68990745803, 1.25681362914, 0.947981572232, 1.96431196992, 4.74221372095, 0.841190754929, 3.54393704595, 1.12992496506, 1.09000079621, 1.08156514482, 1.04041692426, 1.11315182033, 5.22685140576, 1.1553314171, 0.996999910007, 349.518838523, 1.18897475311, 3.62713079543, 0.971152664192, 5.0359675672, 0.930675234298, 10.3615094747, 596.100444365
3.31465109926, 1.00000020044, 1.62564441203, 1.07936189949, 4.62110866961, 0.915478439214, 1.55641495347, 1.08534953138, 0.995014476167, 1.28231505767, 4.83890990312, 0.991870422687, 1.07443588258, 0.95381001202, 1.09000059569, 1.10884813936, 1.02604801301, 1.02942320327, 7.54556336386, 1.00464158323, 0.762671184475, 815.60199901, 1.01910435045, 2.95451992023, 1.22296470521, 1.25901759496, 1.27773398401, 18.220672091, 126.889361421
1.10623465719, 1.00000063406, 1.25097710812, 0.905045299017, 2.13803637615, 0.988302758367, 5.62724959387, 1.24965528673, 0.984180584237, 4.81298549661, 5.84674750335, 0.854512138291, 2.85417117259, 0.907794918685, 1.0900002133, 1.10298735098, 1.00457609061, 1.11749636538, 6.38517833947, 1.07469269644, 0.825397019857, 669.201283182, 1.11992961978, 4.00867952072, 1.18725742972, 5.2916259564, 1.13957691479, 18.1771217907, 519.758598207
4.61816997105, 1.00000032878, 1.0516507771, 0.94379435201, 5.17271043593, 0.943726267398, 5.25110345482, 1.19254484925, 0.944710245961, 2.55548007508, 4.91597312513, 0.912480701969, 3.85864383258, 1.25703379457, 1.09000052263, 1.02682899148, 1.04823339854, 0.834766921202, 9.82732712911, 1.10128577078, 0.988597095599, 910.405000337, 1.19067677414, 1.97305304711, 0.997538724607, 5.41406774931, 0.948493408822, 15.6551887912, 531.352233617
4.03088069375, 1.00000018346, 1.67346316274, 0.972210359238, 4.68421921232, 0.817806957122, 3.66530439571, 1.00758865971, 0.985788414487, 1.51307840128, 5.33870845032, 1.1162891221, 1.30742681979, 1.13845611582, 1.09000007287, 1.01194064681, 1.00047590832, 1.04302587342, 9.8206692181, 1.15437340049, 0.780069078227, 301.684075152, 1.12166083395, 2.15624901718, 1.0199575995, 5.35741141959, 0.932462865964, 13.3780793272, 925.619915939
4.17573314225, 1.00000044945, 1.14774206931, 1.19358179235, 3.80931688127, 0.835118220315, 5.53350784128, 1.2232038172, 0.915068602843, 5.33666305564, 5.13847241021, 1.12789026259, 3.20740349294, 0.841543519989, 1.09000040384, 1.0160027465, 1.00496898782, 1.01577822644, 3.35755743916, 0.984920803973, 0.848045705691, 665.489516767, 0.937437191119, 4.87714551042, 1.0365083118, 3.5729246246, 0.898150817317, 25.2061122697, 434.426598274
1.96263848465, 1.00000030744, 1.5405220391, 0.925814755523, 2.29418840011, 0.716550305426, 1.65800631608, 1.14108385558, 0.954512099898, 2.23466654093, 5.6632363511, 1.21942776578, 3.53867774766, 1.16976239456, 1.09000002935, 1.05646601251, 1.01335748194, 0.815391917463, 6.88010608442, 0.920993965398, 0.91900402504, 247.594135357, 0.946467212285, 4.86387668802, 1.19753821719, 4.28047041628, 1.2159466222, 17.3419039629, 900.707047373
4.42708216312, 1.0000001104, 1.61390662887, 0.946604764127, 4.24198765647, 0.973663670542, 1.08201460272, 1.24632464596, 0.949536044717, 3.93374970988, 5.58628162212, 0.873011684569, 1.79893436812, 1.00521297351, 1.09000049388, 1.04264983791, 1.04356858441, 0.982242028396, 5.32385703615, 1.13467055346, 0.905413092789, 645.584765932, 0.929741489549, 4.52033394497, 1.08191879603, 4.98773949105, 0.895526760206, 18.7074466113, 656.128557812
2.7726190532, 1.00000021145, 1.49902427958, 0.938373024622, 6.81938228405, 0.747853894389, 1.61896309274, 1.04706716146, 0.939845328228, 2.26809804918, 6.00079508278, 1.08044510524, 2.42051842356, 0.960158675431, 1.09000078666, 1.0120585151, 1.02023968505, 1.21230195747, 8.89195991843, 1.10901591351, 0.885935058687, 157.260687151, 1.02425259869, 3.76275611732, 1.00848640386, 2.73468943892, 1.20227747281, 19.1673863339, 549.212237814
5.06844085977, 1.00000090125, 1.53702838318, 1.07131562708, 4.39447275239, 0.937529694656, 5.20776723414, 1.22262457818, 0.964723383802, 6.16559035054, 5.76998218941, 1.14380901726, 2.61912315482, 0.976147975852, 1.09000064044, 1.08061763127, 1.04174738623, 1.1929662035, 4.56844032903, 1.14920818777, 0.974437686783, 703.979626314, 1.08047189341, 2.01268532025, 1.0750365147, 4.95276708253, 0.877522849379, 14.655343663, 2123.44117428
4.16136068384, 1.00000080018, 1.50124793133, 0.994408706722, 3.39988983, 0.960027209588, 2.14738162103, 1.10415658879, 0.932077779272, 4.95916336466, 6.0828579759, 0.871819369222, 3.43529205714, 1.2864774862, 1.09000008268, 1.02108495184, 1.0159388591, 0.981998816147, 5.5999743669, 1.09098724509, 0.876815520036, 200.166061881, 1.19309121609, 3.27121325344, 1.20514555369, 1.55603184414, 1.17971163715, 17.3283020221, 2111.97703041
2.62346314843, 1.00000000889, 1.13159508548, 0.837595250272, 6.24145751874, 0.826186348128, 5.80379371906, 1.20444711879, 0.995770804994, 4.42936231619, 5.55417903473, 1.1917852161, 2.21385033691, 1.21939594586, 1.09000019053, 1.02632682504, 1.02660548194, 0.980897981694, 5.95747199334, 0.999819836526, 0.947792940839, 68.8072285001, 1.10544235562, 3.49365181091, 1.03942563061, 2.59408089439, 1.21923481324, 13.468703823, 4536.05205803
1.33271092146, 1.00000011773, 1.35958933413, 1.14250843768, 1.9090504218, 0.723741845422, 4.60248171554, 1.21048322613, 0.926152182147, 2.33989896021, 5.18412067336, 0.933562484146, 1.32983447048, 1.03698297028, 1.09000022491, 1.0530981789, 1.02316359403, 0.873076885609, 4.74536370041, 0.938048350868, 0.98204655247, 127.020249387, 1.15228498785, 1.669680811, 1.22861766252, 2.25439041069, 0.903467328527, 18.0298377528, 1757.98956827
1.99420109234, 1.00000027762, 1.71501317555, 1.13140288429, 3.02054373957, 0.752113412978, 5.91591924035, 1.16260837463, 0.910711145736, 5.94363619235, 4.74061951442, 1.10483873511, 4.21279400909, 1.08010719024, 1.09000037977, 1.05893730389, 1.01713758466, 1.07906016634, 9.5323040614, 1.0049940631, 0.902539209635, 400.214828664, 0.994885429163, 3.43405632231, 1.15501300573, 2.19689300666, 0.874500698719, 18.7685357419, 1399.95627193
3.17452606026, 1.00000083749, 1.36034721985, 0.899397402391, 4.11550966784, 0.773740670471, 2.56369237719, 1.23139684222, 0.918435963039, 5.23333608766, 5.37962093739, 0.867230500736, 2.93454810851, 1.0667355543, 1.09000037564, 1.04448915473, 1.04858538774, 1.07516191597, 8.83129463123, 1.16190662667, 0.888528663025, 630.486356022, 1.0351308051, 1.71793936972, 0.96311819937, 5.03013718468, 0.947748059497, 20.5197344307, 1338.71662768
4.42708216312, 1.00000011765, 1.61390662887, 0.946604764127, 4.24198765647, 0.94975939179, 1.08201460272, 1.24632464596, 0.949536044717, 3.93374970988, 5.77240234345, 0.873011684569, 1.79893436812, 1.00521297351, 1.09000049388, 1.04264983791, 1.04356858441, 0.982242028396, 6.17472832629, 1.13467055346, 0.905413092789, 308.643671163, 0.929741489549, 4.52033394497, 1.08191879603, 4.98773949105, 0.895526760206, 26.8812509187, 755.889729601
4.79417585086, 1.00000099161, 1.11586757273, 1.17633981802, 6.59741175548, 0.86940854853, 1.82051822801, 1.11202843696, 0.943539101295, 5.45024675357, 5.28941162525, 0.872244759643, 4.42914660984, 1.16185548426, 1.09000061593, 1.0953777083, 1.03879483701, 1.04815700658, 9.84784439595, 1.0711201822, 0.773386214351, 518.71368846, 1.04271868124, 4.6506549837, 0.961390055189, 1.16624295077, 1.05190471025, 22.6913083799, 808.897709622
1.10998404932, 1.00000048935, 1.47976515303, 1.07248973462, 6.33915477965, 0.739430454281, 3.02082452582, 1.02544542711, 0.911255014905, 4.71311508031, 5.47938787789, 1.1539263903, 3.27857189466, 1.02488649285, 1.0900001589, 1.10480495646, 1.04290816541, 0.814207338802, 9.17605001573, 1.17386934705, 0.872561672515, 611.816143093, 1.04274501335, 5.75847671377, 0.985420346818, 5.22316317971, 1.09300278413, 15.4621360355, 2602.53291439
5.48622744113, 1.00000013664, 1.04511218289, 1.023754743, 4.98154660573, 0.911994534955, 1.49444268084, 1.09383578929, 0.964234020347, 3.1641174426, 4.92200558664, 0.979270826589, 4.05299262084, 1.27902353769, 1.09000006972, 1.10227139484, 1.04026226605, 0.862025806209, 9.02098656296, 1.18445290679, 0.938869887036, 910.217840563, 0.936453824591, 4.27328356456, 1.00208089384, 4.97959487979, 1.17544572051, 18.8622107001, 2593.74210024
4.78928185457, 1.00000025391, 1.50896142614, 1.02004529601, 1.5494005586, 0.999863050844, 2.94087793381, 1.03909900082, 0.92891506369, 4.65427484355, 6.23277397359, 1.21942776578, 3.98301015354, 1.2630667298, 1.09000091837, 1.1067404741, 1.02834601543, 1.07647827508, 7.918796194, 1.07816018393, 0.811055964124, 125.027060758, 1.14982024583, 3.68160244869, 1.05367181568, 3.82421616206, 0.89372868094, 19.6580922226, 2543.35931638
2.14695572387, 1.00000093117, 1.19202874461, 0.976940865901, 6.14753693102, 0.967854127537, 3.54252461444, 1.22301564158, 0.921849083978, 5.00638656169, 5.4717862669, 1.06454142002, 2.36447162584, 1.1724274698, 1.09000079958, 1.09779148288, 1.02701053351, 1.12718467492, 9.56687589471, 1.13785823205, 0.828642247436, 73.3082294893, 1.19960980375, 3.40202318715, 1.06021648177, 1.0286318689, 0.926517063241, 19.7880581402, 1537.76510087
1.6944452896, 1.00000039444, 1.27174211961, 1.17805067687, 2.75294992693, 0.966100646385, 1.27899114237, 1.05394208981, 0.962466409392, 3.33787162045, 6.16831409045, 0.818091870095, 1.44503498758, 0.8942603231, 1.09000083427, 1.10150576461, 1.03371285087, 1.03346974629, 7.25636030632, 0.945729253007, 0.843462082847, 182.838380768, 1.03826459533, 2.08681181642, 1.21896333275, 4.24520215972, 1.03490690737, 23.7430106993, 821.390230025
3.73905841356, 1.00000085289, 1.68961262336, 1.16033719418, 7.04525639147, 0.820967250103, 4.40982105746, 1.10213173436, 0.907423170702, 5.30164677504, 5.73435548657, 1.04114049126, 3.45283692177, 0.819403807056, 1.09000051911, 1.08238051808, 1.04739623731, 1.12806175655, 9.4124479718, 1.01613141877, 0.841134377576, 838.415674979, 0.940984005303, 1.84224421736, 0.961051807836, 5.25712707735, 1.08871389233, 16.943834874, 2634.5943836
4.82682641619, 1.00000042786, 1.37667269233, 1.07576947651, 5.47711044051, 0.763374464029, 4.15923126342, 1.11373262694, 0.949201543519, 3.10866024377, 5.85931680369, 1.01502156733, 4.5742393271, 0.860376878634, 1.09000059308, 1.07446766502, 1.0181278558, 0.911298181282, 4.57625585183, 0.977785771323, 0.796292562923, 81.2506253399, 1.08019818378, 5.24372516079, 1.19851044872, 4.1166178197, 0.964695272635, 20.5090945894, 1698.81748604
1.37062075638, 1.00000012893, 1.64329654862, 1.08969417236, 1.67480858441, 0.844393022636, 1.57541076995, 1.18698019103, 0.922369062273, 5.88680634922, 5.01834417019, 1.10060177736, 1.9331000108, 1.16254909936, 1.09000095061, 1.01239629452, 1.00834523847, 0.826172415142, 5.59857759674, 1.07851180391, 0.770695816444, 352.461462398, 0.910448821668, 2.08894713288, 1.03880341657, 4.16719528362, 1.21637753738, 23.9179818216, 1170.27379463
2.14695572387, 1.00000093117, 1.19202874461, 0.993593853925, 7.03210220921, 0.967854127537, 3.54252461444, 1.22301564158, 0.921849083978, 6.00001934733, 5.4717862669, 1.08104631511, 2.36447162584, 1.1724274698, 1.09000090888, 1.09779148288, 1.02701053351, 1.12718467492, 9.56687589471, 1.04218619924, 0.828642247436, 73.3082294893, 1.19960980375, 3.40202318715, 1.06021648177, 1.0286318689, 0.926517063241, 18.7931310792, 2774.52950212
5.06844085977, 1.00000090125, 1.55340527434, 1.07131562708, 4.39447275239, 0.937529694656, 5.20776723414, 1.05357894847, 0.964723383802, 6.16559035054, 5.76998218941, 1.14380901726, 2.61912315482, 0.976147975852, 1.09000064044, 1.08061763127, 1.04174738623, 1.1929662035, 4.56844032903, 1.01160725435, 0.974437686783, 703.979626314, 1.08047189341, 2.01268532025, 1.0750365147, 4.95276708253, 0.877522849379, 18.6525056801, 5127.04938989
1.4080387726, 1.00000014077, 1.37773930459, 1.07797618298, 6.08599942284, 0.984425215258, 2.06057409198, 1.22666895548, 0.991945943202, 2.04291724606, 5.42670339968, 1.01637170884, 3.31545873317, 1.10390223454, 1.09000022721, 1.06016173738, 1.00391012458, 1.03258425139, 5.42970164834, 0.990889317392, 0.835035709749, 293.203613722, 0.929302606817, 2.31422728876, 1.2011303981, 4.06586509889, 1.09760203686, 20.8366804891, 1998.14217247
1.34048218609, 1.0000001672, 1.34936560641, 1.08607774516, 2.19404866047, 0.730054379084, 4.60594427545, 1.16367436363, 0.903100334803, 6.00715648756, 5.04027900561, 0.989525778084, 2.29130455464, 1.25339054323, 1.09000019091, 1.08696515504, 1.04740188968, 0.86345425357, 9.14228405012, 1.06797814249, 0.860062060185, 433.258500923, 1.05149580821, 1.610241813, 1.03477627829, 4.71546435248, 1.23788476181, 26.2769353965, 1281.09407227
4.05712350614, 1.00000039266, 1.08864355544, 1.17179813641, 2.09691108415, 0.915278311494, 4.60255965184, 1.01617587066, 0.917483834299, 5.86741716881, 6.03981627746, 1.1276183611, 3.58578125471, 1.20805694387, 1.09000055563, 1.08841444579, 1.04825971526, 0.81580085697, 6.45815707647, 1.1867839476, 0.983157770404, 859.851059459, 0.929832306254, 3.46574580251, 1.05552901911, 5.0888798163, 1.24784813333, 19.1896275694, 2962.27029438
2.46510089872, 1.00000002493, 1.61485237824, 0.907971103435, 6.71672571618, 0.726566880372, 3.96432418695, 1.18508071947, 0.984209383895, 5.88382138995, 5.12141543015, 0.891946543783, 5.04679363494, 0.921079436757, 1.09000010955, 1.05572484129, 1.03470480248, 0.927780057376, 7.78724779993, 0.914426734045, 0.952722757039, 182.560714497, 0.960945582268, 5.98394365554, 0.954746321455, 3.02379391616, 1.08305197123, 19.0215123533, 5634.96327929
3.493617425, 1.00000016705, 1.44542879377, 1.14571284595, 4.1145351738, 0.989251448379, 3.73343891163, 1.05298995495, 0.998252622413, 2.35401628764, 6.06058865039, 1.19659292239, 1.42794004112, 1.19568407141, 1.09000049701, 1.05409635382, 1.02864096589, 0.935503599015, 5.36203199898, 1.10802316696, 0.918919719616, 800.526489754, 0.919481827158, 4.35331118181, 1.06244504348, 5.40604586868, 1.23024959148, 23.9465101068, 2190.84231486
3.62490042315, 1.0000001069, 1.38258697481, 1.16142891481, 4.55649299471, 0.938380046039, 4.28059425676, 1.24181932071, 0.978791201834, 2.53385409453, 5.28163200678, 1.0921329429, 1.65989972554, 0.984751465459, 1.09000042857, 1.05793912788, 1.0373467626, 1.17193424179, 9.79952343453, 1.03176972823, 0.890219403827, 287.902501674, 1.01938755091, 5.48162571812, 1.15634942608, 3.07667879403, 1.04877608631, 26.5924575638, 1660.04669848
5.97554888763, 1.00000025614, 1.19159049112, 0.881543378695, 3.4488100855, 0.97733513448, 1.3986937908, 1.22854102418, 0.932367077215, 5.9981745532, 5.92666108886, 0.958855494147, 2.40060419002, 1.2208691135, 1.09000071316, 1.02775852153, 1.04778836175, 1.14428819269, 9.40938794317, 1.16664919968, 0.832284175646, 112.889064053, 1.13957535885, 4.65211082143, 0.9633460964, 4.65955348445, 1.18974265009, 32.4983561565, 1471.81592669
4.75724920754, 1.00000026783, 1.24752523995, 0.873805234415, 2.09108339187, 0.788117769889, 2.82536850951, 1.24067478436, 0.939176690111, 5.8799194128, 5.13433027812, 0.999184104671, 2.34316524906, 1.15679976355, 1.0900008374, 1.03983735222, 1.02287379901, 1.17776001355, 3.28427056702, 1.03348991606, 0.830471584233, 182.460616844, 1.17203214639, 2.98734254989, 0.971450599411, 1.27402569893, 1.05508985647, 19.2009911604, 3779.43300781
4.39185244316, 1.00000048645, 1.35045540474, 0.896812407836, 5.0560019013, 0.80451474723, 2.42146656346, 1.12661340534, 0.902842212066, 5.69332457193, 5.0421012858, 1.19749957794, 3.00976651806, 1.00458898689, 1.09000044139, 1.05938917016, 1.0315579077, 1.19376572687, 8.89016970686, 1.16694970411, 0.978891170224, 215.097479048, 1.02165504617, 4.14143885054, 1.12433497689, 3.08181045952, 0.907823146977, 20.1402861255, 3199.41435939
3.77445299504, 1.00000030293, 1.02615852881, 0.805277611633, 7.06212543297, 0.905425622464, 3.0307374929, 1.11446564741, 0.974355387525, 5.84280015116, 5.20446592086, 0.816793798613, 1.8996971768, 0.96741803526, 1.09000026983, 1.05489707198, 1.03942922001, 1.1239364276, 5.34146913292, 1.10476737009, 0.897212954531, 945.033448449, 0.943032447208, 2.57355958052, 1.09876313889, 5.37757505454, 1.11876008086, 24.221432446, 2252.17333945
4.78983684101, 1.00000000801, 1.22765263023, 0.980706837919, 6.32952378003, 0.98345093885, 3.72875918217, 1.20368115762, 0.946532183973, 1.72893922429, 6.12146606145, 1.10148934261, 3.29324147976, 0.972566783819, 1.09000069121, 1.05515627946, 1.01814800427, 0.999765390328, 4.60017062564, 1.0858961472, 0.86394380866, 211.626710987, 1.0831210348, 2.05274034095, 1.19033491392, 4.75377452476, 1.20149498624, 28.3160412983, 1725.02811054
5.74926804263, 1.00000057803, 1.577214174, 0.931650661273, 4.17886468842, 0.78699428258, 2.28627227348, 1.0432580708, 0.984958540739, 3.96213172702, 4.76754610528, 1.02019367282, 1.80610959211, 1.23089571208, 1.09000071745, 1.10598369682, 1.04388611971, 1.11122897142, 5.66622142282, 1.17050755551, 0.914467041494, 372.417642059, 1.18706820701, 5.19417172973, 1.13767089899, 5.06270499501, 0.96847246114, 50.5566383857, 1653.82068697
3.92674981518, 1.00000087278, 1.29046075118, 0.817063988129, 3.900627302, 0.991376731167, 2.41465988413, 1.02995046255, 0.95017307253, 2.05878130164, 5.08858606607, 0.814990453845, 1.26061661693, 1.21925650416, 1.09000057304, 1.10698441937, 1.00258558565, 1.21981076688, 3.09530226383, 1.11600208594, 0.954479338553, 974.756218168, 1.07967996179, 5.47776980951, 1.07039806299, 3.08533384718, 1.11697794879, 20.6245817958, 9709.39612944
5.83183450009, 1.00000075272, 1.34498599145, 0.919260112129, 5.82650829208, 0.748325081146, 5.96799662305, 1.1091767797, 0.964985195009, 3.77354599999, 4.8728268566, 1.00749840146, 2.79693996825, 1.13342889633, 1.09000056059, 1.00118693838, 1.00237335472, 1.19439166907, 5.36442181993, 1.00880024587, 0.908901642857, 492.489673782, 1.17440887741, 4.22677062697, 1.23414991923, 2.66249734825, 1.04859386713, 20.9914908254, 4796.80521793
2.20073124324, 1.00000096985, 1.09241293727, 1.17520200979, 4.59791228527, 0.878816452763, 3.26329135769, 1.25832106115, 0.956612177668, 2.95457755991, 5.72869955848, 1.07822724974, 4.20138262534, 1.27576465094, 1.09000043268, 1.04163437049, 1.03959311624, 1.16581970847, 5.88416814877, 1.12717758967, 0.793642699567, 113.141477462, 1.11487328283, 5.55838332242, 1.08831953466, 4.64774248358, 0.936273420229, 21.9000532803, 3242.90295211
1.99420109234, 1.00000027762, 1.71501317555, 1.13140288429, 3.02054373957, 0.752113412978, 5.91591924035, 1.16260837463, 0.910711145736, 5.94363619235, 4.74061951442, 1.10483873511, 2.28210346373, 1.08010719024, 1.09000037977, 1.05893730389, 1.01713758466, 1.07906016634, 9.5323040614, 1.0049940631, 0.902539209635, 400.214828664, 0.994885429163, 3.43405632231, 1.15501300573, 2.19689300666, 0.874500698719, 24.2845136217, 2496.35689184
4.24831968524, 1.00000063697, 1.10236584486, 0.989082449794, 6.34804792119, 0.79320711728, 1.18670523497, 1.161125447, 0.932021906687, 5.42048489705, 4.93903842655, 0.875126719708, 1.74654304386, 1.09175720588, 1.09000095194, 1.05047721319, 1.00246343976, 0.983951575057, 4.92144646094, 1.11257351941, 0.868802460835, 91.475182826, 1.08879791579, 5.88247270995, 1.13904026922, 1.03382938549, 1.03310219056, 32.6873995394, 2002.61748938
2.55503516409, 1.00000049127, 1.16353906937, 0.900988114108, 6.2460713221, 0.721274071369, 2.04463537162, 1.04793368394, 0.922693439686, 1.43937530123, 5.69062174439, 1.19619303615, 2.26884396447, 1.00207095043, 1.09000084317, 1.02390458355, 1.03230821811, 0.933985712704, 4.84925215369, 1.13785823205, 0.800577010612, 978.909661063, 1.05642829329, 1.35409420823, 1.03500841323, 5.4188135426, 1.16730745064, 32.5590261868, 2294.59376932
3.97990346549, 1.00000096385, 1.4995988652, 1.12113066722, 4.22320337376, 0.820775137458, 3.91209904827, 1.10393925939, 0.930102203048, 4.03910513109, 5.30950992938, 0.851452479158, 3.50163764451, 1.22668633183, 1.09000083435, 1.07659883661, 1.02790253546, 0.896252010649, 6.7497161356, 0.962361080703, 0.953617038547, 839.053096319, 1.02821957971, 1.18120559492, 1.22632130304, 2.59620921014, 1.24476621254, 21.190650642, 4880.26840391
4.24831968524, 1.00000063697, 1.10236584486, 0.989082449794, 6.34804792119, 0.79320711728, 2.41528367493, 1.161125447, 0.944223543871, 5.42048489705, 4.93903842655, 0.875126719708, 1.74654304386, 1.09175720588, 1.09000095194, 1.05047721319, 1.00246343976, 0.983951575057, 4.92144646094, 1.11257351941, 0.868802460835, 91.475182826, 1.08879791579, 5.88247270995, 1.15195545852, 1.03382938549, 1.03310219056, 23.380917602, 4135.49066956
4.82370696216, 1.00000082413, 1.11082682392, 0.856466001603, 6.88762374315, 0.734480803577, 5.97308352818, 1.01299145497, 0.932387305188, 1.37302181676, 5.29016333859, 1.07653619354, 3.11242490929, 1.17829621974, 1.09000027415, 1.02863861433, 1.01154467305, 1.22420144756, 5.9749819924, 0.95114662114, 0.969943147578, 718.078004037, 1.00321514894, 5.94296851883, 1.19545525012, 4.44069645139, 0.880430526877, 25.3043551812, 3163.13095016
4.22230899056, 1.00000075664, 1.67826422187, 1.13821785597, 5.19497323928, 0.869994856932, 4.76387806443, 1.0582682719, 0.984261466856, 2.57774719525, 4.90031445603, 1.07032252669, 3.12808175366, 1.27621579327, 1.09000076264, 1.07504435205, 1.00451512709, 0.918892234427, 9.79389126622, 1.16301811424, 0.905600537672, 849.336683949, 1.18328187774, 1.98190442742, 1.01600595997, 3.17495719687, 1.11096528815, 24.6654980393, 3690.51932847
4.61816997105, 1.00000032878, 1.0516507771, 0.94379435201, 2.74064616134, 0.861301414878, 5.25110345482, 1.19254484925, 0.944710245961, 2.55548007508, 4.91597312513, 0.912480701969, 3.85864383258, 1.25703379457, 1.09000052263, 1.02682899148, 1.04823339854, 0.834766921202, 9.97474693661, 1.10128577078, 0.895203676268, 910.405000337, 1.19067677414, 1.97305304711, 0.997538724607, 5.41406774931, 1.12746807707, 32.1610538412, 2505.54953335
5.53033458953, 1.00000070814, 1.7120777278, 1.21007786799, 6.48821715278, 0.933140610632, 2.46779878039, 1.18945909535, 0.900232195101, 4.75520384125, 5.85459180593, 0.818699564556, 3.08753766137, 0.986121587484, 1.0900003174, 1.03120375059, 1.01670196196, 1.07579370082, 9.07223151255, 1.06795717777, 0.968701198165, 131.83735145, 1.16211827986, 1.83963585616, 1.15969774326, 5.32504966557, 1.03372276721, 33.4906591303, 2159.00034569
3.18720023304, 1.00000030598, 1.17585426053, 1.01827965188, 2.42150580005, 0.883029038616, 1.89198635428, 1.1006680986, 0.937355105776, 3.54643464413, 5.23981570417, 0.859865544618, 1.86066970899, 0.823088939487, 1.09000085457, 1.02089448429, 1.00868174491, 1.17307401833, 6.45815707647, 0.933298983573, 0.904297728663, 509.566335966, 1.17492691313, 2.33234060371, 1.09722073106, 5.23853656629, 1.19350535331, 23.1958331291, 6998.5367731
1.6431018985, 1.00000065464, 1.7035568501, 0.80506441367, 6.24032016978, 0.997264469633, 1.36711548225, 1.08945658643, 0.971088705077, 5.24277809392, 5.05216135499, 0.851080000204, 4.92828503994, 1.16545142851, 1.09000062908, 1.02920048731, 1.00098076909, 0.966040778887, 4.76218502472, 0.947422604538, 0.994323955244, 798.423600344, 1.1172321429, 1.86638125378, 0.991384321268, 1.17890742442, 0.89901103452, 24.5808122934, 4324.37455914
5.99760899097, 1.00000007213, 1.60971169775, 0.861240298151, 5.32917955208, 0.930398585281, 1.1757128482, 1.04384194077, 0.948931288381, 5.42044669509, 5.29287440774, 1.06460929076, 1.09301169933, 1.16415573991, 1.09000047637, 1.04354145365, 1.00391012458, 0.833107057968, 9.25403746277, 0.914710619324, 0.918961187674, 293.203613722, 0.923555178124, 1.18185944435, 1.01423738998, 3.74458732685, 0.999919393753, 23.7795736684, 5227.27970586
3.76785324602, 1.00000086149, 1.12442475743, 0.81529230425, 4.95389281992, 0.879598035658, 3.05933769141, 1.1488738618, 0.94089916815, 5.24277809392, 5.5770354206, 0.830636399263, 2.85175593722, 1.14001374885, 1.09000071108, 1.01215171548, 1.04087800773, 0.993788055192, 9.11109591096, 0.930905821197, 0.899924730034, 551.866326087, 1.18833728854, 3.50847371031, 0.998329450279, 5.19105498773, 1.03841453229, 29.3466274022, 3889.27869842
5.74926804263, 1.00000057803, 1.577214174, 0.931650661273, 4.17886468842, 0.78699428258, 1.98510737872, 1.0432580708, 0.984958540739, 3.96213172702, 4.76754610528, 1.02019367282, 1.80610959211, 1.23089571208, 1.09000071745, 1.10598369682, 1.04388611971, 1.11122897142, 5.66622142282, 1.17050755551, 0.914467041494, 372.417642059, 1.18706820701, 5.19417172973, 1.13767089899, 5.06270499501, 0.96847246114, 32.8583004708, 2803.19957217
2.34178099907, 1.00000003739, 1.68229464867, 1.12703753849, 1.77397347738, 0.72742153431, 2.75142145526, 1.12798194329, 0.983670601005, 2.28890771399, 5.92214688626, 0.964968808001, 1.03516517097, 1.22891234666, 1.09000080227, 1.10407174068, 1.02511784188, 1.20036511169, 6.10830624085, 1.04140776653, 0.933676325711, 889.919206573, 1.1964837515, 4.48078988246, 1.09957828251, 3.42042053786, 1.02851406728, 40.5678030157, 2173.12995069
5.3053495483, 1.0000000288, 1.43601657114, 0.929242285093, 3.89010914029, 0.898850793104, 2.17921464757, 1.0772234496, 0.907718380763, 5.88382138995, 5.004462616, 1.02813260511, 1.07101199516, 0.920783364362, 1.09000093505, 1.10833485022, 1.04553521738, 1.21896513918, 6.66049081619, 0.946984223922, 0.819540383509, 976.849566923, 1.01075213635, 3.10317562835, 0.983769195374, 3.35200321893, 1.04519593026, 34.3248243446, 2710.43192621
1.85143494282, 1.00000044663, 1.23857718509, 0.898586825836, 5.00221018327, 0.984187968104, 4.91380135171, 1.03076387385, 0.930578696417, 2.19641683937, 4.98155047813, 0.931259602248, 1.19706061007, 1.08176922801, 1.09000065143, 1.09458788263, 1.03425562515, 1.10661843801, 8.86368043005, 1.1828677191, 0.952384644034, 118.224433063, 1.09143120351, 5.98805252172, 1.21243611396, 2.71709259236, 0.975701964153, 35.9195747892, 2342.9569062
1.94219337167, 1.00000052538, 1.04910674932, 0.973858449377, 3.28799937901, 0.966577690876, 2.22430597402, 1.04297081021, 0.932021906687, 2.9983116911, 5.03183226948, 0.868854614343, 4.67390395975, 1.27861108081, 1.09000017055, 1.02099327485, 1.01777413821, 1.14266532622, 3.36099280977, 1.040381157, 0.837380489691, 862.098586442, 0.986258036011, 3.95626890158, 0.995450630064, 3.87683961192, 1.14042612829, 23.4440373926, 7632.86035367
4.17573314225, 1.00000044945, 1.62564441203, 1.19358179235, 3.80931688127, 0.79703043497, 5.53350784128, 1.2232038172, 0.915068602843, 5.07840182065, 5.13847241021, 1.12789026259, 3.20740349294, 0.841543519989, 1.09000040384, 1.05813812124, 1.02604801301, 1.01577822644, 3.35755743916, 0.984920803973, 0.848045705691, 665.489516767, 0.969681602629, 4.87714551042, 1.0365083118, 3.5729246246, 0.898150817317, 24.7974695149, 4714.36422233
3.39309000129, 1.00000062323, 1.19103793497, 0.9731606873, 4.5736803863, 0.808935196953, 1.27134385579, 1.18231660955, 0.995219072381, 5.84163931973, 5.29685677476, 1.07910610607, 2.30603203687, 1.12133797342, 1.09000060176, 1.06045273384, 1.02358358552, 1.07464249272, 4.02091722228, 1.02354347603, 0.984921988073, 682.36664267, 0.967283547729, 3.31800797926, 0.953030017895, 4.66160787878, 1.0754352009, 34.6882371682, 3895.09505119
5.90456126138, 1.00000049865, 1.58718023276, 1.16861756791, 4.08438501595, 0.732194466529, 5.17644625702, 1.16520803338, 0.915498260167, 5.35241003731, 6.18620089788, 0.905517605164, 4.06303719873, 1.17518396628, 1.09000085301, 1.00091337637, 1.00881486415, 1.19930906799, 8.45636208463, 1.16345185072, 0.967012060958, 511.207007836, 1.19450656534, 5.45126958483, 1.10063917337, 3.36929863042, 1.06507139575, 36.462179328, 2819.3310817
4.82682641619, 1.00000042786, 1.37667269233, 1.07576947651, 5.47711044051, 0.763374464029, 4.50004590888, 1.11373262694, 0.949201543519, 3.10866024377, 5.85835903952, 1.01502156733, 4.5742393271, 0.872364153942, 1.09000059308, 1.07446766502, 1.0181278558, 0.971538675036, 5.86878644169, 0.968621459662, 0.796292562923, 81.2506253399, 1.08019818378, 5.24372516079, 1.19851044872, 4.1166178197, 0.964695272635, 36.1744569072, 3749.77440583
1.6431018985, 1.00000059948, 1.7035568501, 0.80506441367, 6.24032016978, 0.997264469633, 1.36711548225, 1.08945658643, 0.971088705077, 4.20972264023, 5.05216135499, 0.851080000204, 4.92828503994, 1.16545142851, 1.09000062908, 1.02920048731, 1.00098076909, 0.966040778887, 4.76218502472, 0.947422604538, 0.994323955244, 798.423600344, 1.1172321429, 4.23288535398, 0.991384321268, 1.17890742442, 0.89901103452, 37.3016602753, 2605.35181142
1.81090078249, 1.00000006712, 1.42891747437, 0.906365457742, 2.24859539765, 0.800962496945, 2.14679327851, 1.12343469941, 0.954749338866, 3.48108561984, 5.1516972, 1.08798336994, 2.98613148173, 0.928711364557, 1.09000048535, 1.01949177482, 1.0416284523, 0.844620490212, 5.31175330644, 0.974392632416, 0.887473023554, 799.887884698, 0.96459596599, 4.59674731851, 1.2262996763, 4.25760917936, 0.975617632073, 37.8687444098, 2565.45393083
1.96263848465, 1.00000030744, 1.5405220391, 0.925814755523, 2.05765489523, 0.751371482179, 1.65800631608, 1.14108385558, 0.954512099898, 2.16476898885, 5.53499944238, 0.820243672374, 3.53867774766, 1.17210538867, 1.09000002935, 1.06812206408, 1.01335748194, 0.815391917463, 9.43305885492, 0.920993965398, 0.91900402504, 247.594135357, 0.946467212285, 4.86387668802, 1.19753821719, 4.28047041628, 1.2159466222, 24.106855465, 12628.3788926
5.34854730563, 1.00000025684, 1.72556747567, 1.05958011408, 4.38400467452, 0.797565976829, 1.69176931125, 1.0339586442, 0.939107581366, 4.9988124829, 4.99243372421, 0.914201148246, 1.21981765595, 0.829600219271, 1.09000040008, 1.01147131794, 1.01776406925, 0.914275870831, 6.59886248181, 1.15742083238, 0.963330243979, 659.027301787, 1.17530404753, 5.64676059258, 1.22231918044, 3.44905522536, 0.961521722559, 23.7331841103, 22222.1145527
5.99760899097, 1.00000007213, 1.60971169775, 0.861240298151, 5.32917955208, 0.930398585281, 1.00192920939, 1.04384194077, 0.948931288381, 5.42044669509, 5.29287440774, 1.06460929076, 1.09301169933, 1.16415573991, 1.09000047637, 1.04354145365, 1.00771489213, 0.833107057968, 9.25403746277, 0.914710619324, 0.918961187674, 514.316662744, 0.983253674216, 1.18185944435, 1.01423738998, 2.54210180572, 0.999919393753, 23.8933870084, 20626.5825797
5.42402135587, 1.0000009948, 1.30232836794, 0.842663057774, 2.28559025046, 0.97744633616, 4.96901615578, 1.24335927103, 0.921344719039, 3.12033387923, 4.73372023791, 1.06783824247, 2.76538655533, 1.23064704202, 1.09000075209, 1.09893409434, 1.01945473109, 1.09427440466, 7.38896482756, 0.986980495729, 0.878152466907, 464.275444866, 0.916170850367, 5.28374466132, 1.01234373696, 2.37270895782, 1.21132313394, 24.854303685, 8504.17867863
1.5818384932, 1.00000081543, 1.22605721889, 0.918708019386, 4.07817155043, 0.891527008544, 5.94659543787, 1.2411845675, 0.923224397367, 2.11931566464, 5.49995053087, 0.970084460368, 3.9842776202, 1.02917887715, 1.0900005952, 1.04243790302, 1.02959112609, 1.10169403414, 9.91260886374, 1.04411743411, 0.954831575714, 902.735625612, 1.04849183191, 1.32803816564, 1.01033714696, 2.41289550323, 1.23148915346, 25.6706411243, 7692.63127818
4.24738355732, 1.00000087976, 1.35439748661, 1.08027778518, 5.16308493962, 0.88297080417, 2.58555101846, 1.08308142188, 0.978087799162, 5.52216733626, 4.85625683189, 0.962672495234, 2.99031540934, 0.897841144564, 1.09000037248, 1.09044905711, 1.01892078958, 0.810884278945, 3.01836095881, 1.15342462816, 0.805161038758, 600.271941798, 0.976532505848, 4.23329903502, 1.1028757942, 1.20050176493, 1.03834090308, 26.6642024783, 5038.65663014
2.30725095029, 1.00000040099, 1.27169903347, 1.06121185253, 3.5698676558, 0.860580920922, 5.68990745803, 1.25681362914, 0.947981572232, 1.96431196992, 4.74221372095, 0.841190754929, 3.54393704595, 1.12992496506, 1.09000079621, 1.08156514482, 1.04041692426, 1.11315182033, 5.22685140576, 1.1553314171, 0.996999910007, 349.518838523, 1.18897475311, 3.62713079543, 0.971152664192, 5.0359675672, 0.945105508716, 32.8046620239, 4831.23901817
3.50481518523, 1.00000099464, 1.45120820048, 0.802409010293, 6.97242735743, 0.921072021777, 5.24600549741, 1.21098901829, 0.98296348575, 5.03567829485, 5.23585500682, 0.986851735533, 1.67564568587, 0.846194100227, 1.09000058264, 1.05935890587, 1.04169059427, 0.913473562473, 5.27501560916, 1.1283427134, 0.83325318568, 913.60670913, 1.10353357952, 5.71317462246, 1.14996309214, 2.49124726328, 1.06284536696, 24.8526248403, 11410.5903444
4.88945444114, 1.00000029716, 1.55264166505, 1.11486896714, 2.3864075889, 0.980626900689, 3.24957282677, 1.0248321703, 0.925605870641, 3.88330897797, 4.70268927433, 1.12760634777, 2.0813600966, 1.27188249076, 1.09000031928, 1.03290733862, 1.0031558164, 1.06918929707, 9.06197309581, 0.966285337932, 0.814857804547, 254.503625919, 1.1142672117, 4.34904367953, 1.01743581881, 1.99094023875, 1.20297299754, 39.0478578943, 2771.49578384
5.17621671192, 1.00000018743, 1.60476468418, 1.05293422602, 3.46023485896, 0.735555578953, 1.7358072517, 1.05880670595, 0.922277100439, 1.42202129866, 4.6973868154, 1.09662809314, 3.78909548387, 1.09524405927, 1.09000006468, 1.07681598465, 1.01699539715, 0.949622332543, 8.16668307821, 1.04098063037, 0.835007239441, 931.907057824, 1.13845754387, 2.03713210339, 1.01121231675, 3.8006132384, 1.06702468175, 24.3044417148, 47742.8631698
4.24738355732, 1.00000087976, 1.35439748661, 1.08027778518, 5.16308493962, 0.88297080417, 2.58555101846, 1.08308142188, 0.978087799162, 5.52216733626, 4.85625683189, 0.962672495234, 2.99031540934, 0.897841144564, 1.09000037248, 1.09044905711, 1.01169711749, 0.810884278945, 3.01836095881, 1.15342462816, 0.805161038758, 600.271941798, 0.976532505848, 4.23329903502, 1.1028757942, 1.20050176493, 1.03834090308, 26.9698226813, 10841.9108775
5.90456126138, 1.00000049865, 1.58718023276, 1.20593353178, 4.08438501595, 0.732194466529, 5.17644625702, 1.20578350503, 0.915498260167, 5.35241003731, 6.18620089788, 0.905517605164, 4.06303719873, 1.17518396628, 1.09000085301, 1.01128199361, 1.00881486415, 1.19930906799, 8.75775315589, 1.16345185072, 0.967012060958, 511.207007836, 1.19450656534, 5.45126958483, 1.10063917337, 3.36929863042, 1.06507139575, 27.016346678, 5334.28165287
2.09589411382, 1.0000009278, 1.34114698079, 1.15272292023, 1.75367131319, 0.881031502793, 1.43339667752, 1.06856902459, 0.903518460579, 4.03090822406, 4.81070936412, 0.840737251617, 1.07557499167, 1.10758242023, 1.09000090319, 1.05671828115, 1.00825758583, 1.21783007777, 4.48001867622, 1.04935844153, 0.959886456433, 245.625910899, 0.953030804167, 5.31041231201, 0.990676602987, 1.28103229566, 1.29191482964, 36.9680776417, 5329.90189371
4.22230899056, 1.00000075664, 1.67826422187, 1.13821785597, 5.19497323928, 0.869994856932, 4.76387806443, 1.0582682719, 0.957021884301, 2.57774719525, 4.90031445603, 1.07032252669, 3.12808175366, 1.27077094978, 1.09000076264, 1.07504435205, 1.00451512709, 0.918892234427, 9.79389126622, 1.16301811424, 0.905600537672, 849.336683949, 1.18328187774, 1.98190442742, 1.01600595997, 3.17495719687, 1.11096528815, 25.5334222874, 12903.8024353
2.08216139251, 1.00000012899, 1.43225867038, 1.13498692938, 5.51010052102, 0.939640079193, 4.57741850918, 1.18253258156, 0.995388337155, 5.23333608766, 5.37962093739, 1.20881417413, 3.06337484685, 1.25746265062, 1.09000003558, 1.091968341, 1.0203721778, 0.835263487914, 7.86871630416, 1.12392857922, 0.940642384223, 734.247909748, 0.952225286132, 4.04741690412, 1.18912918449, 5.3719654766, 1.06957408799, 39.712800283, 3634.91681817
3.17452606026, 1.00000094309, 1.36034721985, 0.899397402391, 4.11550966784, 0.773740670471, 2.56369237719, 1.10984400716, 0.918435963039, 3.30207643338, 4.71236667446, 0.867230500736, 2.93454810851, 1.0667355543, 1.09000037564, 1.04448915473, 1.04858538774, 1.07516191597, 8.83129463123, 1.16190662667, 0.888528663025, 630.486356022, 1.0351308051, 1.71793936972, 0.96311819937, 5.03013718468, 0.947748059497, 44.6989896306, 3035.64620653
1.88333549896, 1.00000009351, 1.4264530916, 0.859681325495, 1.73757038539, 0.899882968881, 4.49926487503, 1.04068963239, 0.97994232404, 6.04887074999, 6.13104879848, 0.87987376668, 2.75980670215, 1.06302368797, 1.09000025407, 1.04455938213, 1.0350094484, 1.12059516258, 6.24105232412, 1.02861977588, 0.936026204278, 436.714683435, 1.17512524417, 5.66130202501, 1.17719390405, 4.16881347405, 1.01532282578, 39.9408718923, 3088.27473666
4.73390161767, 1.00000038599, 1.58805837093, 1.01581342408, 5.39979943115, 0.739044495509, 5.73741085733, 1.12860184997, 0.939464146546, 1.56837497932, 5.37628618881, 0.89885884341, 4.67505013345, 0.813067517865, 1.09000040202, 1.09092122842, 1.00063287955, 1.10900945678, 4.49006430358, 1.03149234356, 0.761618996607, 739.008291398, 1.04426342968, 4.57828541607, 1.23049067158, 4.55119613566, 1.26146183517, 27.1088302773, 7576.81476615
5.89444433812, 1.00000027234, 1.05209584498, 1.0808156413, 5.30294622689, 0.724766308925, 2.85382316846, 1.25702603334, 0.914766713585, 3.16089902261, 5.68151034249, 0.911428280064, 2.02401778724, 1.18224372724, 1.09000035416, 1.0335692051, 1.00938759575, 0.91272034289, 5.36442181993, 1.12912053175, 0.95381823879, 492.489673782, 0.986116603289, 5.23565921184, 1.20441292183, 2.23378010193, 1.20934057194, 33.8257028558, 5385.18161989
4.73390161767, 1.00000038599, 1.58805837093, 1.01581342408, 5.39979943115, 0.739044495509, 5.73741085733, 1.12860184997, 0.94149829351, 1.56837497932, 5.37628618881, 0.89885884341, 4.67505013345, 0.813067517865, 1.09000040202, 1.09092122842, 1.00063287955, 1.10900945678, 5.22892452423, 1.05893928517, 0.761618996607, 739.008291398, 1.04426342968, 4.57828541607, 1.23049067158, 4.63663974071, 1.26146183517, 27.5749345224, 5522.73317193
3.31890904202, 1.00000011773, 1.35958933413, 1.14250843768, 1.9090504218, 0.723741845422, 4.60248171554, 1.22324373393, 0.926152182147, 2.33989896021, 5.18412067336, 0.933562484146, 1.32983447048, 1.03698297028, 1.09000022491, 1.0530981789, 1.02316359403, 0.873076885609, 4.74536370041, 0.938048350868, 0.98204655247, 127.020249387, 1.15228498785, 1.669680811, 1.22861766252, 2.25439041069, 0.903467328527, 25.7079383808, 42169.6682637
5.32488241745, 1.00000009292, 1.70596122231, 0.915205405714, 2.23642500625, 0.794722930068, 1.53244190044, 1.2298078497, 0.984665882593, 2.16565904258, 4.87703935384, 0.935394509451, 1.40483125278, 0.924749535839, 1.09000083674, 1.07094781427, 1.03571498082, 0.883515090361, 6.29113213309, 0.976181896752, 0.836072180925, 729.261210521, 1.01126002526, 3.32809272956, 0.992796652976, 1.17234517564, 1.1754155535, 26.085939974, 13856.3713334
3.31493449427, 1.00000001465, 1.55966597332, 1.12567862238, 3.37537019753, 0.943612206749, 1.50334339559, 1.11028830281, 0.947669999381, 4.03865489287, 6.05108740094, 0.830935435321, 4.51726082574, 1.06003051627, 1.09000005883, 1.07446479136, 1.0087534875, 1.12906722954, 7.67249044895, 0.990919419972, 0.796426354359, 167.491489548, 0.967764352324, 4.3038923503, 1.12143094435, 2.79547688224, 1.04404255453, 41.4303743261, 4399.96658542
5.64289784849, 1.00000070766, 1.61452365682, 0.845654145911, 4.49795182633, 0.770490117747, 5.5767910551, 1.23131086566, 0.924883326319, 3.9497552204, 4.93450900185, 1.09468895715, 4.66512409266, 1.12649482576, 1.09000068319, 1.03654147789, 1.00843959956, 0.813427428799, 9.00849547532, 1.06131952391, 0.937631918154, 388.971337605, 1.05963059782, 4.75783112133, 1.08475022236, 4.53229050702, 1.15060060041, 43.096777889, 4008.3410856
3.54277893487, 1.00000017358, 1.67568649627, 0.849106647805, 3.47887460298, 0.720340785079, 4.34806051789, 1.16765006653, 0.922979119354, 5.05587583409, 6.20424400115, 0.96392531917, 3.46340053718, 1.20430452557, 1.09000075767, 1.03390814779, 1.02397856215, 1.00720017236, 5.78475650461, 0.959028505101, 0.884643646703, 509.127929488, 0.922265933781, 4.47718088476, 1.106164467, 1.57265402384, 1.19301198223, 45.0898400092, 3320.76235071
3.76785324602, 1.00000068764, 1.12442475743, 0.81529230425, 4.95389281992, 0.879598035658, 3.05933769141, 1.1488738618, 0.94089916815, 4.20972264023, 5.5770354206, 0.830636399263, 2.85175593722, 1.14001374885, 1.09000071108, 1.01215171548, 1.04087800773, 0.993788055192, 9.11109591096, 0.930905821197, 0.899924730034, 551.866326087, 1.18833728854, 3.29038415327, 0.998329450279, 5.19105498773, 1.03841453229, 36.295960693, 5489.9183405
1.5818384932, 1.00000081543, 1.22605721889, 0.918708019386, 4.07817155043, 0.891527008544, 5.94659543787, 1.2411845675, 0.984180584237, 2.11931566464, 5.49995053087, 0.970084460368, 3.9842776202, 1.02917887715, 1.0900005952, 1.04243790302, 1.02959112609, 1.10169403414, 9.91260886374, 1.04411743411, 0.954831575714, 902.735625612, 1.04849183191, 1.32803816564, 1.01033714696, 2.41289550323, 1.23148915346, 27.6651010911, 6337.89873467
3.54277893487, 1.00000017358, 1.67568649627, 0.849106647805, 3.47887460298, 0.720340785079, 4.34806051789, 1.14020530173, 0.922979119354, 5.05587583409, 6.20424400115, 0.96392531917, 3.46340053718, 1.20430452557, 1.09000075767, 1.03589702395, 1.02397856215, 1.17432980834, 5.78475650461, 0.959028505101, 0.82113314475, 509.127929488, 0.922265933781, 4.47718088476, 1.106164467, 1.57265402384, 1.15598432266, 27.6150130261, 11029.2953704
2.0799562946, 1.00000025305, 1.16374371708, 0.94181841621, 5.90340133307, 0.791074224253, 4.61907267804, 1.05582796385, 0.991256484144, 3.79109285536, 5.91461317638, 1.00141881432, 1.30856582515, 1.22751915561, 1.09000075523, 1.01162310782, 1.03025551013, 1.06883226223, 5.40001866831, 1.17145639867, 0.87289853502, 976.09160896, 1.05413298633, 4.65933600823, 0.979685873878, 5.16581143403, 1.2068250269, 32.7681539335, 5686.89534728
1.04647910892, 1.00000036031, 1.57293184868, 0.89573568037, 2.57353908729, 0.754072300154, 5.90761594123, 1.02806695187, 0.901469971354, 1.59330332723, 5.1767555327, 0.873012785768, 1.40119012836, 0.916009317009, 1.09000022216, 1.10662330847, 1.03844002761, 0.92978954334, 3.18224468788, 1.01463176116, 0.827588627978, 948.211880198, 0.959289595434, 5.34017224194, 1.08132948531, 3.54968905556, 1.06486553638, 26.4535229418, 22769.0492732
3.0962044888, 1.00000066406, 1.35347312752, 0.962753649833, 1.60878578013, 0.828973338971, 1.82831162057, 1.12019592749, 0.901727493632, 2.05320400901, 6.01870117387, 0.971849457449, 3.81706442761, 0.922388279157, 1.09000099823, 1.05837589288, 1.03463098773, 1.19907908554, 5.98223323867, 1.01742181455, 0.873379745982, 550.108050288, 1.19868431275, 2.37221414589, 1.00909985032, 2.15925440747, 1.2581422063, 26.8144269711, 15314.7207533
4.84922481204, 1.00000039444, 1.27174211961, 1.17805067687, 2.75294992693, 0.966100646385, 4.80190295668, 1.05394208981, 0.962466409392, 3.33787162045, 6.16831409045, 0.818091870095, 1.44503498758, 0.989447816855, 1.09000083427, 1.10150576461, 1.03371285087, 1.03346974629, 7.25636030632, 0.945729253007, 0.843462082847, 182.838380768, 1.03826459533, 2.08681181642, 1.21896333275, 4.24520215972, 1.03490690737, 55.8531242614, 3531.43894678
