2.7025620876, 1.16915678035, 1.11423159867, 1.00665420528, 2.61669956865, 0.887994908748, 2.41466290494, 0.845249479579, 0.905290045491, 3.77898227505, 5.58731809225, 1.00866560504, 4.31075095, 1.16089773927, 1.09000010835, 1.05001032648, 1.01407936878, 1.13732276725, 4.56033998152, 1.03860981016, 0.919575754285, 202.127609701, 1.02306469555, 4.0198226335, 1.1343485397, 2.76810522559, 0.976926837538, 7.78389886118, 96.2560669272
2.71651734557, 1.1325293006, 1.13337586219, 1.11502125123, 2.60778254022, 0.939342705536, 5.81052959649, 1.0504170096, 0.925191323789, 1.75213350181, 5.45352934508, 0.981719394475, 4.57636663266, 1.19410047459, 1.09000055461, 1.04182111266, 1.02893694973, 1.05568469584, 6.84419068398, 1.05760328505, 0.960780280897, 267.369893421, 1.04119410896, 4.75247020009, 0.966273744002, 4.25661193898, 1.27421761977, 11.0576847389, 128.635661804
1.03895525939, 1.08941220913, 1.054436985, 1.09495048568, 1.72656558194, 0.711839156784, 3.57911397385, 1.05889089786, 0.902341306013, 4.61264207094, 2.73829222725, 0.946318502013, 2.47236940752, 0.916073091857, 1.09000061558, 1.01120105671, 1.03178813376, 1.18528519571, 9.62010267688, 1.12053308213, 0.942789467082, 152.263977986, 1.11121033415, 5.93463674733, 1.08278796763, 1.28197488881, 1.28208938477, 19.1237049954, 105.88576595
4.97573160768, 1.22524531627, 1.00119703221, 0.932464401223, 5.37039953644, 0.904208813956, 1.83824521489, 1.03222897295, 0.902962778709, 3.56473900338, 7.51624380127, 0.85037044664, 2.62978047678, 1.13812586494, 1.09000033587, 1.02185527791, 1.03615219726, 0.984555634107, 4.03094609851, 1.16851559382, 0.90273977031, 18.854777505, 1.16785392271, 4.70016848383, 0.959625206401, 1.7411250941, 1.07736775627, 11.5781250136, 353.777337059
5.61346341489, 1.00795900628, 1.10358199214, 1.14822382306, 2.89237319455, 0.827713852277, 1.73447490245, 0.911582057554, 0.963342872653, 4.12407513815, 4.15676837189, 1.05952748, 4.02800930828, 1.22510214562, 1.09000000847, 1.07062931446, 1.0133933844, 1.19561923964, 3.86303035536, 1.02096948256, 0.927764692371, 282.624601817, 1.01108795233, 1.46485874653, 0.973928737806, 4.14395943891, 0.8906273583, 13.2731023068, 318.999313837
1.3134678465, 1.11655168365, 1.07500920726, 0.95287769494, 4.86161529682, 0.762565707472, 4.51767279323, 0.982872700455, 0.935641536263, 3.28347532699, 2.47833595956, 1.02316015661, 1.35954977147, 1.27129774256, 1.09000020262, 1.04239438027, 1.01283670823, 1.14837659751, 4.16741591216, 1.14733584156, 0.801660859965, 22.2695436086, 1.02554356716, 3.32409365248, 1.14081051199, 4.99280605429, 1.07930214393, 17.2611071116, 169.400431928
1.18758238885, 1.32825131446, 0.82968220807, 0.953852999604, 3.79428643231, 0.728715379231, 2.40916986408, 0.940383531, 0.937002285598, 4.84326718093, 6.68947491413, 0.999695411442, 2.96274025732, 0.92140457614, 1.0900008448, 1.0573553011, 1.04520551328, 0.928923204907, 8.54956287114, 1.03696074285, 0.82480094479, 199.016078228, 1.06065952264, 5.07768211509, 1.14566471589, 3.49191224747, 1.21952818827, 12.0586595992, 433.285172558
4.1235231899, 1.12332420992, 1.09104710175, 1.09636868196, 6.62906051539, 0.742350929336, 3.16493365715, 0.895974091412, 0.938957856883, 2.45302050281, 3.03533283978, 0.853419970696, 1.78497835796, 0.891987737521, 1.09000046625, 1.02759329706, 1.04199000782, 1.17795408583, 9.55098877943, 1.12920508138, 0.830765347872, 235.204234506, 0.987533455616, 2.30325921873, 1.03010049523, 4.00653108265, 1.20729545031, 11.8669901233, 753.881712419
1.25315464467, 1.32621599904, 1.02838880719, 1.12606153829, 2.79112693772, 0.899624061948, 3.54616873776, 0.870352467671, 0.926270781348, 4.34386057601, 2.12575026332, 1.02082859988, 1.42966695748, 0.912359072428, 1.09000006946, 1.05862406396, 1.04201817178, 0.928979539197, 5.67674264671, 1.03625858272, 0.931751175894, 306.939006329, 0.917268433794, 1.98111416385, 1.11971966399, 3.4769868057, 1.25961747193, 21.308839831, 196.372243471
3.23647648277, 1.29932016703, 0.954903693858, 1.16102285611, 6.60316387863, 0.896518140057, 1.04458363297, 1.07767730838, 0.945107920292, 3.8588400298, 2.35680307312, 1.01367121527, 4.10781906829, 0.811326865911, 1.090000585, 1.0304080469, 1.02232163486, 0.85334005259, 6.75911226778, 0.922364062586, 0.93363355008, 210.375514027, 1.1339719198, 3.3328728261, 0.970313489078, 1.92223312927, 1.11323347239, 13.0564786046, 621.808200658
5.79055150379, 1.28987040652, 0.829000372298, 1.13701663255, 3.9545133176, 0.745637591764, 2.28846661007, 0.914229844381, 0.922897141248, 2.26907488651, 6.66442462264, 0.850949065968, 3.87015648371, 0.928708627842, 1.09000060891, 1.03374327918, 1.00748742805, 0.927654769535, 7.59853096062, 1.00269511273, 0.79332261735, 186.149054378, 0.998866107794, 5.05511385471, 1.17851821381, 2.4369715417, 0.916391525253, 19.4463967532, 320.261807358
1.04937998587, 1.24422871381, 1.16926747114, 0.928299492938, 2.44369437169, 0.954850230934, 3.85083340576, 0.898913228321, 0.947049928035, 3.69973704085, 3.97513981007, 0.974065138298, 4.43837857096, 1.06817188187, 1.09000070963, 1.07483425507, 1.02453115934, 1.02067923108, 7.70897970211, 0.999061844756, 0.892434364389, 305.883546364, 0.998794556546, 1.28997709028, 1.06399020509, 3.90177241862, 1.04614521718, 12.2836226486, 4020.80094861
5.53685978386, 1.32709099912, 0.816227358688, 0.887422877027, 6.5019980841, 0.905291218473, 1.95953115325, 1.04819144236, 0.911205347599, 3.03787708211, 1.92173380062, 0.848829484448, 3.75664964812, 0.8105127924, 1.09000045003, 1.04337295482, 1.0303362763, 0.96912785053, 8.55060338869, 1.09467497255, 0.956659470819, 295.626466991, 1.0158554105, 3.55675677988, 1.02477244501, 4.128383688, 1.20807326276, 14.629327227, 717.347772123
5.47658700946, 1.26977889282, 0.819963846329, 1.16249278436, 5.24329735844, 0.984269112409, 1.97385280191, 1.05930254161, 0.915574936297, 3.41589657545, 5.07042044131, 0.812244683287, 2.73194260904, 0.960749460238, 1.09000037148, 1.03293827356, 1.02662958134, 0.970349641354, 4.96360356704, 0.984813396596, 0.960441073582, 378.272977057, 1.10694810918, 5.45276957307, 0.974674913436, 2.67816945136, 1.1524933109, 19.9398307678, 359.68073741
2.71651734557, 1.1325293006, 0.83918907605, 1.11502125123, 2.60778254022, 0.939342705536, 5.81052959649, 1.0504170096, 0.925191323789, 1.75213350181, 5.45352934508, 0.981719394475, 4.57636663266, 1.19410047459, 1.09000049989, 1.04182111266, 1.02893694973, 1.05568469584, 6.84419068398, 1.05760328505, 0.960780280897, 267.369893421, 1.04119410896, 4.75247020009, 0.966273744002, 4.25661193898, 1.27421761977, 13.7617902789, 794.217902763
3.94085422575, 1.09411819839, 0.838669294758, 1.16165178237, 3.18854740952, 0.946964104107, 2.51915497937, 0.826887701172, 0.970726885174, 2.5549398134, 4.21260558207, 0.884936900363, 1.23290295847, 0.841509367672, 1.09000028778, 1.07401391168, 1.02334560064, 1.00567442368, 5.83756216006, 0.976230870593, 0.907966896435, 240.392253238, 1.02697919206, 4.67419719158, 0.983056278293, 1.76811361033, 1.20510531389, 19.7450539862, 599.62939677
1.91495878601, 1.04132671579, 1.08700516247, 0.92245177844, 2.82036029491, 0.739793874014, 5.33374920827, 1.08087138446, 0.917313320215, 2.44858928937, 6.26637854857, 0.841661998264, 4.88741284395, 1.25510680289, 1.09000049002, 1.03208017658, 1.01471033556, 1.1807436276, 6.90472737431, 1.14243751137, 0.901868619885, 52.5473631807, 1.11927192926, 5.1542478209, 1.11176670373, 2.40994469791, 1.27123458515, 14.5076701038, 2076.03520758
1.56562917061, 1.07584128277, 1.14360366299, 1.00834667703, 1.55158787211, 0.860649684327, 3.08775097457, 0.975780932945, 0.932713693457, 5.53533307735, 4.45641588248, 0.83453122867, 2.53449145195, 1.1288095598, 1.09000008002, 1.03004190658, 1.0024357083, 0.99908737374, 9.16566327033, 0.958619982102, 0.93453784316, 37.6475345734, 1.00896089512, 3.23640774452, 0.963258103446, 1.89632650577, 1.08339882266, 15.3839456114, 844.752424498
1.52154849771, 1.29206036683, 0.734483665525, 1.08562449883, 4.4400514882, 0.956704253622, 5.84436278286, 1.05632225301, 0.969871169889, 1.28825971135, 7.06290431621, 0.837503218817, 4.79295236069, 1.25498827805, 1.09000023916, 1.00527891461, 1.00644555994, 0.832206165362, 9.92438830087, 1.18165388474, 0.789559187193, 207.547635444, 0.986408453724, 2.89865606498, 1.10860916435, 2.01404869898, 1.25483994288, 14.8633582986, 849.242503725
1.3134678465, 1.11655168365, 1.12757623462, 0.95287769494, 4.86161529682, 0.762565707472, 4.51767279323, 0.982872700455, 0.935641536263, 1.72073558671, 3.40973251839, 1.02316015661, 2.31641364407, 1.27129774256, 1.09000020262, 1.05259275544, 1.01283670823, 1.14837659751, 4.16741591216, 0.974507759328, 0.801660859965, 22.2695436086, 1.02554356716, 3.32409365248, 1.12167271457, 4.99280605429, 1.17066010671, 15.3101388361, 3311.55771945
3.93242914986, 1.09745549824, 1.12421288456, 0.814346830282, 3.23612237672, 0.916338467004, 4.53851715994, 0.841709589106, 0.984936941011, 4.81166089633, 3.08847494965, 1.04129739641, 4.16218959951, 0.938877635959, 1.09000072435, 1.04701481662, 1.00793263105, 1.06563430126, 6.94182328692, 1.05832788041, 0.859810896444, 147.431157948, 0.947295470945, 3.6801196468, 1.00644441509, 3.04961721171, 0.936967419395, 15.6304488318, 1300.2259614
4.32001563812, 1.38953484482, 1.15635563089, 1.11301807268, 2.5999077461, 0.781908789429, 1.53188617254, 0.956598930126, 0.939582000788, 1.63087070073, 7.64547803345, 0.911433419394, 3.79544132364, 0.955756785567, 1.09000066409, 1.08289850157, 1.00097847695, 0.967569166312, 6.57051292349, 1.10964087488, 0.983648415503, 306.917614215, 1.11712012682, 2.7960795075, 0.970875329511, 2.93620324026, 1.10413960229, 15.8495677799, 1894.61435402
5.32101524, 1.26977889282, 1.0253485512, 1.16249278436, 5.24329735844, 0.984269112409, 1.97385280191, 1.05930254161, 0.915574936297, 3.41589657545, 5.07042044131, 0.905407997704, 2.73194260904, 0.960749460238, 1.09000037148, 1.03293827356, 1.02662958134, 0.970349641354, 4.96360356704, 0.984813396596, 0.869246536369, 378.272977057, 1.10694810918, 5.45276957307, 0.974674913436, 2.67816945136, 1.1524933109, 15.7903314576, 1913.77482131
4.40320361398, 1.42978838499, 0.759756482662, 0.896203683844, 5.34609743159, 0.817370263624, 1.26843642753, 0.936732738212, 0.910325814677, 6.10557149071, 2.89415625877, 1.07021864985, 3.01954192322, 0.930973045198, 1.09000010955, 1.01419408153, 1.04627132354, 0.928979539197, 7.08255005788, 0.935673821056, 0.800681254154, 186.461664929, 1.15094871891, 4.33108024891, 1.02826203135, 2.75196299552, 1.20401568269, 18.7655197313, 1413.21003665
5.77845285782, 1.40455761312, 0.842544219658, 0.944034657512, 5.05724004679, 0.890455814369, 2.02839198584, 1.08017241807, 0.936544973553, 3.45140041392, 5.36200068989, 0.837336171254, 4.26444802958, 1.16635905918, 1.090000792, 1.04448814839, 1.04850952249, 0.992167520155, 3.97270801784, 1.05728456931, 0.87649761441, 329.075705237, 1.16155054001, 3.63069431008, 1.123695732, 3.00684119666, 1.00888241127, 24.0985136341, 765.83662528
3.83229369298, 1.17360463824, 1.11092864843, 0.902476251925, 2.13727995936, 0.755068110455, 2.00062792185, 1.05523343646, 0.993025287179, 4.31612696891, 2.39818739044, 0.956415967412, 3.03693377951, 1.01808815693, 1.09000084767, 1.06011592082, 1.04751449252, 1.07424538776, 3.79084172121, 0.949318243212, 0.855493467566, 313.923084823, 1.02004255054, 5.08564055637, 1.033910222, 3.24456424922, 1.23410434295, 16.2557623709, 3629.63452874
2.48980877548, 1.0246383383, 0.804263317838, 1.03640004908, 6.90408302146, 0.912010142133, 1.50336148592, 0.938508683042, 0.945019936445, 1.680544922, 7.61958823359, 1.06289820307, 3.26745544389, 0.897372323395, 1.09000033141, 1.05090971557, 1.03474891976, 1.01210482571, 7.78711713504, 0.912099467765, 0.85679113904, 126.662139631, 0.956758446774, 1.91792737877, 1.11576570663, 4.15709543405, 1.13708010497, 20.2920089626, 1185.69807834
1.43642832647, 1.05417277049, 0.757961351653, 0.958963324081, 1.60491037677, 0.976609695342, 3.44982511356, 0.849229286992, 0.905692635594, 3.71944045424, 6.75698453346, 0.988235019071, 2.83027803396, 1.2007106822, 1.09000078236, 1.05270827565, 1.00803745369, 1.02067923108, 4.40843108454, 1.00612828983, 0.843560881638, 208.625030471, 1.06407910931, 5.59016460635, 0.988960864424, 2.36222770159, 1.24763733038, 18.4145165296, 3339.59090563
5.37402635107, 1.19965079609, 0.858013667117, 1.09274440197, 6.48439561109, 0.922419178405, 1.05855888363, 0.965554356933, 0.972006815619, 4.09457080871, 1.57076668162, 0.924246295016, 1.4913081625, 1.25680865887, 1.09000075216, 1.05702218841, 1.01105703656, 0.894595315573, 4.21709530295, 1.04145069299, 0.965892461297, 288.843920388, 0.992926871274, 4.14812503532, 1.18294175773, 4.5288497592, 0.918728225297, 18.9085715232, 2438.86041929
5.53685978386, 1.32709099912, 1.07607158653, 0.887422877027, 6.5019980841, 0.905291218473, 2.04731226635, 1.04819144236, 0.911205347599, 3.03787708211, 1.92173380062, 0.848829484448, 3.75664964812, 0.8105127924, 1.09000045003, 1.04337295482, 1.0303362763, 0.96912785053, 8.55060338869, 1.09467497255, 0.956659470819, 295.626466991, 1.0158554105, 3.55675677988, 1.02477244501, 4.128383688, 1.20807326276, 22.9423819502, 1079.27397245
5.62052123446, 1.30153264805, 1.02713477871, 1.04255229981, 4.79448817287, 0.788816355615, 4.6114946093, 0.889931315468, 0.967576157916, 5.33768162968, 7.58088421388, 0.954338412578, 2.46233544458, 1.13621504269, 1.09000071441, 1.10283659553, 1.01919921766, 0.929578187682, 4.52113771678, 1.04349991138, 0.875299954182, 237.841216932, 1.13751180409, 5.70116668579, 1.20377948463, 1.05883970767, 1.022334862, 20.6417841, 1267.2649306
5.95975904582, 1.06896325425, 0.933762703935, 1.00895874207, 3.84605610108, 0.88253177606, 1.44372950172, 1.08301150777, 0.96274614621, 5.85664435497, 5.93250505886, 1.0456855709, 2.66595704188, 1.12795070113, 1.09000028638, 1.0263484212, 1.04921664752, 1.18681770711, 7.15963731887, 1.14517410024, 0.908110340033, 365.992083036, 1.01012905186, 4.26859697889, 1.2193027936, 3.67787740224, 1.16596001466, 16.6583546925, 5000.95395034
5.61346341489, 1.00795900628, 1.10358199214, 1.13084931961, 2.89237319455, 0.827713852277, 5.8116722198, 0.911582057554, 0.963342872653, 4.12407513815, 4.15676837189, 1.05952748, 4.02800930828, 1.22510214562, 1.09000000847, 1.07062931446, 1.0133933844, 1.19561923964, 3.86303035536, 1.02096948256, 0.927764692371, 282.624601817, 1.01108795233, 1.46485874653, 0.973928737806, 4.14395943891, 0.8906273583, 36.9772506174, 943.582732455
2.11231082132, 1.34359714923, 1.10355394857, 1.02857521373, 5.93245325725, 0.816887008696, 3.38171628428, 1.06857726804, 0.956020788166, 4.66765676951, 5.69034698172, 0.938084081075, 4.61681331275, 0.963030301221, 1.09000089038, 1.01612141629, 1.0495450081, 1.15825737317, 5.14541210025, 0.936582283854, 0.835377210266, 223.335711401, 1.16749629497, 5.55310606898, 1.11279033171, 3.91090088061, 0.882203676593, 26.3848459581, 978.043296559
3.44357457757, 1.28446188336, 0.754933874121, 1.06813811853, 2.75317818034, 0.950299892078, 5.89147634415, 1.03469254904, 0.969570782194, 5.77763930931, 5.28009262239, 0.935717297994, 1.98510509132, 1.17915346558, 1.09000001123, 1.01085091006, 1.04029153075, 1.17566070039, 9.95968386696, 0.911605424067, 0.869003877582, 380.730624257, 0.989249148544, 2.60902912539, 1.16578647803, 3.95181681908, 0.937194547102, 21.1960271272, 1294.55613721
4.33345617606, 1.35603697681, 0.763126586094, 0.872544890569, 5.05397803494, 0.842858793492, 2.73905933524, 0.930267965677, 0.979675200116, 1.59378375675, 5.27332430759, 0.910396349996, 4.16300157453, 1.17476287039, 1.09000014097, 1.05966839679, 1.04917922361, 1.10230460163, 6.73736303599, 1.11341675904, 0.959025799106, 283.053144107, 1.18718477963, 3.93941847047, 0.974545682179, 5.46383043722, 0.970807354054, 20.6112685895, 1810.04517053
5.68869084929, 1.10681156153, 1.12563366511, 1.13613026474, 2.77697160962, 0.811268968773, 3.16493365715, 0.961526454167, 0.989470428882, 2.33146893525, 1.58355604973, 1.05868068729, 4.2025386049, 0.975101200279, 1.09000082776, 1.08320876428, 1.01226192839, 0.814640874438, 4.92124782769, 1.1771369189, 0.99441484828, 19.3730982032, 1.11658207196, 2.41039270956, 1.11541156596, 4.89710772257, 1.21124115717, 33.2264498448, 1081.59323961
4.79629098062, 1.29579595419, 1.00747373689, 1.04292404739, 2.61619165503, 0.761576627292, 1.44903020625, 0.837112008223, 0.982604537945, 2.86163290559, 6.17542706863, 0.901078710285, 1.31211732295, 0.949628064182, 1.0900003842, 1.07991204638, 1.02500348749, 0.977176474381, 6.41516178388, 1.00525541868, 0.946271556525, 386.176808957, 1.08951971834, 1.45156129219, 1.07607205616, 3.39837227373, 1.19730426949, 33.846437717, 1164.92939165
5.83046184867, 1.12332420992, 1.09104710175, 1.13613026474, 6.62906051539, 0.874182642302, 3.16493365715, 0.895974091412, 0.938957856883, 2.45302050281, 3.03533283978, 0.853419970696, 4.34763801798, 0.891987737521, 1.09000046625, 1.02759329706, 1.04199000782, 1.17795408583, 9.55098877943, 1.16986549304, 0.830765347872, 235.204234506, 1.04378228854, 2.30325921873, 1.03010049523, 4.00653108265, 1.20729545031, 19.0196783204, 4747.17621523
4.63464901283, 1.24422871381, 1.16926747114, 0.928299492938, 2.44369437169, 0.923728191532, 3.85083340576, 0.898913228321, 0.947049928035, 3.69973704085, 3.97513981007, 0.974065138298, 4.43837857096, 1.06817188187, 1.09000070963, 1.07483425507, 1.02453115934, 0.890655051004, 7.70897970211, 0.999061844756, 0.892434364389, 305.883546364, 0.998794556546, 1.28997709028, 1.05666365172, 3.90177241862, 1.04614521718, 21.9483441556, 1672.10993395
5.96300122986, 1.16106840505, 0.850193540437, 1.01664141543, 6.16062904509, 0.78113489885, 3.65997730189, 1.05489045952, 0.978729941495, 3.92671151064, 2.5970170651, 0.863446851068, 4.31347296364, 1.02528661088, 1.09000096822, 1.02713620275, 1.04887662518, 1.06235837722, 7.05799011698, 1.00779733871, 0.905835609082, 345.175451061, 0.953372043095, 4.51198897461, 1.06244236158, 1.28369794668, 0.988083588923, 19.1621487657, 4233.581243
2.10081325501, 1.42302131583, 0.742865840058, 1.02525482071, 5.21826485359, 0.828328894243, 5.65247657322, 0.835266836561, 0.905583710109, 2.46676066705, 7.43779405645, 0.91583739689, 1.06492499966, 0.838785160678, 1.09000073469, 1.05309240045, 1.03332924725, 0.937452378622, 6.74695567656, 1.18496885618, 0.859253213798, 12.4139670248, 1.18419178433, 2.13188211628, 1.20810467888, 4.66287909672, 1.1470896941, 23.4657813126, 1475.62887958
5.83046184867, 1.12332420992, 1.09104710175, 0.953120526537, 6.62906051539, 0.874182642302, 3.05622147194, 0.895974091412, 0.938957856883, 2.45302050281, 3.03533283978, 0.853419970696, 4.34763801798, 0.996198368677, 1.09000046625, 1.04960855556, 1.04199000782, 1.17795408583, 9.55098877943, 1.16986549304, 0.830765347872, 235.204234506, 1.04378228854, 2.30325921873, 1.03010049523, 4.00653108265, 0.946372731268, 20.7766886375, 2371.60957825
2.71651734557, 1.30166629594, 0.864965391998, 0.972387852899, 2.60778254022, 0.939342705536, 5.81052959649, 1.09444348294, 0.91251323415, 1.75213350181, 5.45352934508, 0.981719394475, 4.96952275784, 1.19410047459, 1.09000049989, 1.1020210412, 1.02893694973, 1.05568469584, 6.84419068398, 1.05760328505, 0.960780280897, 267.369893421, 1.04119410896, 4.75247020009, 0.952535612289, 4.25661193898, 1.27421761977, 24.5841892872, 1476.43091103
5.28449992984, 1.21441323765, 0.929103922699, 0.97917080998, 5.02952129527, 0.780930367713, 1.27494693245, 1.02007371185, 0.920795115987, 1.2991559329, 3.43677451901, 0.90084685105, 2.24606939061, 1.15319018099, 1.09000073801, 1.0678124463, 1.03910291622, 1.20473084608, 8.11554280328, 0.945280404832, 0.872830279679, 265.905822195, 1.10030008027, 5.23239646019, 1.04000900385, 1.88325202546, 1.10635799617, 19.5683817638, 6855.42754443
4.62129125343, 1.14964203173, 1.00459387137, 0.83761662899, 3.22383222051, 0.85311495982, 1.62420785387, 0.946421809896, 0.969460994874, 5.32854868393, 5.47984711394, 1.03661266129, 1.52153014322, 0.907004952209, 1.09000008216, 1.09416248597, 1.01707255526, 1.15701126753, 6.28807314245, 1.10992423008, 0.964244363508, 223.775660032, 1.16027552221, 3.49395878773, 1.04682137771, 4.66164053137, 0.935855039207, 20.5627651919, 3953.91690388
2.34638819072, 1.15869811866, 0.730355115334, 1.03692249331, 7.04740839357, 0.917977080352, 5.67945171798, 0.902343003348, 0.9147177754, 1.67539435504, 4.24856845383, 1.01663652177, 2.08306393914, 1.02214762556, 1.09000084923, 1.07936739732, 1.03088829556, 0.839875406454, 9.39378438018, 0.993691561121, 0.848027555527, 390.349935041, 1.11264968471, 1.81529052485, 0.961160387478, 4.39835273215, 0.916792198243, 22.8888563516, 1992.7211323
5.2221715835, 1.14249607253, 0.854586525307, 1.1498665659, 2.96092621585, 0.909164004651, 5.03756131394, 0.985440235014, 0.975507018818, 2.95190111083, 7.14188104396, 0.986389967463, 1.7675697971, 0.997078155774, 1.09000040604, 1.08459302703, 1.01677877329, 1.03393388403, 7.1145321202, 1.1614779165, 0.859255218644, 48.9538674757, 1.11333506745, 4.03627693497, 1.10193692848, 4.75838661031, 1.21532756794, 29.4273782406, 1498.9919837
1.80827503055, 1.02478654064, 0.94016282664, 0.893641066718, 2.25004737041, 0.956142622849, 5.46958330804, 0.929453414607, 0.971639846073, 2.38037780795, 7.71628506465, 0.825654938786, 4.84073773111, 0.898384157904, 1.09000009902, 1.08631518356, 1.00159040163, 0.817739605449, 7.55505788002, 1.15029314823, 0.977383673713, 310.598367176, 1.01980806409, 5.30172082824, 1.17745805568, 2.13552733519, 1.19487459386, 19.7515693573, 6645.79436864
1.36176767691, 1.09631537072, 0.996153783187, 0.976800316295, 5.37995333801, 0.816144432668, 5.17801601769, 0.980632971181, 0.990389653873, 5.11829059499, 2.7560069025, 0.906717235947, 4.06685831263, 0.814632057277, 1.09000088459, 1.07300117016, 1.04094981409, 1.06689874454, 4.39987362609, 1.15616785311, 0.932201566467, 390.349935041, 0.973145711821, 3.44393900367, 0.96971755227, 3.11220821445, 1.13129628974, 21.2011275871, 2819.2219092
1.94730823871, 1.32149845989, 0.945369792809, 0.812129788352, 6.69982128505, 0.786961297246, 5.22197061851, 1.01900221664, 0.967065653328, 6.08835767159, 3.88432665716, 0.966520807013, 3.09206759021, 1.15907901765, 1.09000025557, 1.02007358006, 1.03913236812, 0.910144324531, 9.45548894166, 1.00402685864, 0.843466222396, 275.816027832, 1.05658758879, 3.58434585649, 1.03603983911, 3.70755311496, 1.12777563397, 22.4855366734, 2323.57912309
5.68869084929, 1.00021802129, 1.12563366511, 0.953120526537, 2.77697160962, 0.789059026552, 3.05622147194, 0.961526454167, 0.976348763974, 2.33146893525, 1.6778200269, 1.05868068729, 4.39899878235, 0.975101200279, 1.09000082776, 1.05169526356, 1.01226192839, 0.851282243718, 4.92124782769, 1.1771369189, 0.99441484828, 19.3730982032, 1.11658207196, 2.71173453813, 1.11541156596, 4.89710772257, 1.21124115717, 27.5132355283, 1729.45019675
1.36176767691, 1.09631537072, 0.996153783187, 0.976800316295, 5.37995333801, 0.816144432668, 5.17801601769, 0.980632971181, 0.990389653873, 5.11829059499, 2.7560069025, 0.906717235947, 4.06685831263, 0.814632057277, 1.09000043859, 1.07300117016, 1.04094981409, 1.06689874454, 4.39987362609, 1.15616785311, 0.932201566467, 22.4924011945, 0.973145711821, 3.44393900367, 0.96971755227, 3.11220821445, 1.13129628974, 36.7507425492, 1637.99096336
1.3134678465, 1.11655168365, 1.07500920726, 0.95287769494, 4.86161529682, 0.762565707472, 4.51767279323, 0.982872700455, 0.935641536263, 3.26039813886, 3.40973251839, 1.02316015661, 1.35954977147, 1.27129774256, 1.09000020262, 1.05259275544, 1.01283670823, 1.14837659751, 4.16741591216, 1.14733584156, 0.801660859965, 22.2695436086, 1.02554356716, 3.32409365248, 1.14081051199, 4.99280605429, 1.07134633041, 33.1105664156, 1681.83851375
1.80827503055, 1.02478654064, 0.94016282664, 0.893641066718, 1.49613424684, 0.956142622849, 5.46958330804, 0.929453414607, 0.971639846073, 4.20843056982, 7.71628506465, 0.840546858157, 4.84073773111, 0.898384157904, 1.09000009902, 1.08631518356, 1.00159040163, 0.817739605449, 7.55505788002, 1.15029314823, 0.977383673713, 310.598367176, 1.01980806409, 5.30172082824, 1.19334230535, 2.13552733519, 1.19487459386, 20.0708610064, 6037.51283612
2.06248389792, 1.03515789699, 1.00240832517, 1.06485733572, 6.35399129758, 0.834949712103, 3.15222203045, 0.970465286179, 0.951371879688, 3.00269358973, 6.22495129222, 1.0770791605, 3.30312768952, 1.26104359909, 1.09000024633, 1.1056960692, 1.03627071499, 1.14983125425, 4.43226343037, 1.09417731565, 0.946649314598, 374.04445167, 1.00886382626, 2.98141508338, 1.20362707062, 3.52111123658, 1.26766545931, 24.0280351293, 1942.65693846
1.25315464467, 1.32621599904, 1.02838880719, 1.12606153829, 2.79112693772, 0.899624061948, 3.54616873776, 0.870352467671, 0.926270781348, 4.34386057601, 2.12575026332, 1.02082859988, 1.42966695748, 0.912359072428, 1.09000006946, 1.05862406396, 1.04201817178, 0.978212450332, 5.67674264671, 1.03625858272, 0.931751175894, 186.149054378, 0.917268433794, 1.98111416385, 1.11971966399, 3.4769868057, 1.25961747193, 23.0497448536, 2278.50527385
5.61346341489, 1.00795900628, 1.10358199214, 1.13084931961, 2.89237319455, 0.827713852277, 5.8116722198, 0.911582057554, 0.963342872653, 4.12407513815, 4.15676837189, 1.05952748, 4.02800930828, 1.22510214562, 1.09000000847, 1.07062931446, 1.0133933844, 1.19561923964, 3.86303035536, 0.991449907769, 0.927764692371, 282.624601817, 1.01108795233, 1.46485874653, 0.973928737806, 4.14395943891, 0.8906273583, 20.2551214535, 10821.0200315
5.5640495085, 1.42365073259, 1.05770788377, 1.04709772029, 4.14819980341, 0.987892098336, 4.10060982997, 0.936112513671, 0.959440713995, 3.01090829008, 2.996271354, 0.99228960952, 1.37557618318, 0.890036799452, 1.09000028403, 1.08193600428, 1.02881570716, 0.894110508543, 9.92660813106, 1.0803124181, 0.915886007302, 166.79907354, 0.915241032602, 3.26464049587, 1.19973461088, 4.1970658973, 1.10721970942, 20.6513218714, 4631.38814742
2.31928588351, 1.00021802129, 0.969917156422, 1.19529676645, 4.18317098231, 0.759164338787, 1.18489513894, 0.961526454167, 0.920812431555, 5.03559567304, 2.1542905476, 1.01063927022, 2.43645563075, 1.03034755055, 1.09000024666, 1.0378908111, 1.0196987783, 1.05011173049, 6.84536511064, 0.921322076967, 0.982629406982, 234.659115469, 1.08942861458, 1.6100411609, 1.11541156596, 1.87306441603, 1.12123563625, 21.2056476505, 3853.24477689
1.81825956859, 1.11039265012, 0.902122984066, 0.929524639178, 5.68391961969, 0.721576053545, 2.77011747044, 0.873963636049, 0.952707825308, 3.08237505383, 3.81658822089, 0.981047327885, 1.27689665611, 1.09378186859, 1.09000040794, 1.0295360206, 1.02536251139, 1.21535803189, 3.34636744669, 1.13575112126, 0.961741050007, 273.879640507, 1.17419044821, 5.84881593389, 1.22493808804, 5.15894167285, 0.881830589622, 21.8066081206, 3443.01154838
1.91495878601, 1.04132671579, 1.08700516247, 0.92245177844, 2.82036029491, 0.739793874014, 5.33374920827, 0.822117839953, 0.917313320215, 2.44858928937, 6.26637854857, 0.841661998264, 4.88741284395, 1.25510680289, 1.09000049002, 1.03208017658, 1.01471033556, 1.1807436276, 6.90472737431, 1.14243751137, 0.901868619885, 52.5473631807, 1.14136091621, 5.1542478209, 1.11176670373, 3.58273173933, 1.27123458515, 23.6325010955, 2415.44489796
5.32101524, 1.26977889282, 1.0253485512, 1.16249278436, 5.24329735844, 0.984269112409, 3.50599309642, 0.966470793239, 0.915574936297, 3.41589657545, 5.07042044131, 0.905407997704, 2.73194260904, 0.960749460238, 1.09000037148, 1.03293827356, 1.02662958134, 0.970349641354, 7.27359396486, 0.984813396596, 0.869246536369, 378.272977057, 1.10694810918, 5.45276957307, 0.974674913436, 2.67816945136, 1.1524933109, 23.5546426523, 3080.50982009
4.66566565008, 1.09043648884, 0.998619776904, 0.932950550955, 1.46548505555, 0.733385127993, 1.01663752697, 1.00472808074, 0.9600230337, 4.86943103699, 7.05044775679, 0.937539669743, 3.17845650266, 0.841783222229, 1.09000018853, 1.01427337195, 1.02768515359, 1.1245751806, 9.67086023278, 1.02655752868, 0.886271877688, 19.0095445144, 1.15489424914, 4.94813386262, 1.02667385155, 4.60937137017, 1.20424209297, 24.0937648188, 2674.49322431
2.78812226506, 1.33912102819, 0.751550434448, 1.01766685311, 5.93529994292, 0.896219852228, 5.09742109716, 0.982580862413, 0.955719573712, 3.62601957917, 5.0209140231, 0.839459959756, 4.09590578127, 1.12945946412, 1.09000067725, 1.04558850945, 1.00752942691, 0.983490367942, 4.19412612919, 1.01738293291, 0.764019205325, 77.5794502147, 0.951782535456, 4.03773291367, 0.962959555844, 4.68954763618, 1.20087798741, 20.9844188156, 7318.41960761
2.62921106181, 1.22297896155, 0.805014378697, 1.0420591904, 5.67479891107, 0.885696987409, 3.55303078982, 0.880733973019, 0.94661774954, 2.54990563893, 7.56368999128, 1.09444517377, 2.56105901658, 1.22444332757, 1.09000025687, 1.03508242498, 1.00983364536, 1.02922920352, 7.92646574144, 0.952582534653, 0.820640603819, 346.632459031, 1.16683231005, 5.6175468763, 1.19665307315, 3.58058249474, 0.920424132948, 21.0145762708, 8368.00387084
5.09373005127, 1.0424293957, 0.93218083952, 1.05040175483, 5.41792810588, 0.746176775268, 4.73813871989, 1.08087138446, 0.948261161241, 3.9319974666, 2.31088888679, 0.884300846975, 3.56972536775, 1.13600085944, 1.09000076425, 1.07962537518, 1.0211136453, 0.912450770011, 7.28485765856, 1.17946271714, 0.800773125875, 316.434253944, 1.11927192926, 1.99829874038, 1.18659216899, 2.40994469791, 1.12972906403, 24.2743917611, 2665.42383814
3.45869285669, 1.14964203173, 1.00459387137, 0.83761662899, 3.22383222051, 0.85311495982, 1.62420785387, 0.946421809896, 0.969460994874, 5.32854868393, 5.47984711394, 1.03661266129, 2.38947812646, 0.907004952209, 1.09000008216, 1.09416248597, 1.01707255526, 1.15701126753, 6.28807314245, 1.10992423008, 0.964244363508, 223.775660032, 1.16027552221, 3.49395878773, 1.04682137771, 4.66164053137, 0.935855039207, 21.6953880963, 4850.16696394
1.4149321839, 1.17122236123, 0.990212415095, 0.907489494318, 2.66834088933, 0.949492559441, 3.81665682328, 1.07665680604, 0.936843893991, 4.96221085773, 6.20598379318, 0.821227367158, 2.95814757661, 1.00423491416, 1.09000059986, 1.0239234385, 1.02519234639, 0.827831588301, 4.04351100874, 0.991449907769, 0.976678828593, 358.753493069, 0.929320765911, 5.65411365959, 1.0649862564, 4.98925106385, 1.09872738851, 22.719635683, 4068.85895598
1.03895525939, 1.08941220913, 1.054436985, 1.09495048568, 1.72656558194, 0.711839156784, 3.57911397385, 1.05889089786, 0.939883235868, 4.61264207094, 2.73829222725, 0.946318502013, 2.47236940752, 0.916073091857, 1.09000061558, 1.01120105671, 1.00823798437, 1.18528519571, 9.62010267688, 1.12053308213, 0.942789467082, 139.494108707, 1.11121033415, 5.93463674733, 1.08278796763, 1.28197488881, 1.28208938477, 29.1812046198, 2661.87498312
2.22685533384, 1.15227159357, 1.10135144286, 0.829186300683, 3.07120213416, 0.76186132449, 5.86161155384, 0.987234957576, 0.939277408407, 4.17126076515, 3.5599418392, 0.993141781952, 1.9116420402, 1.22520159163, 1.09000052643, 1.03008844262, 1.01808609793, 1.20776828414, 3.53698375321, 1.12920508138, 0.902279313504, 103.357635384, 1.16817505398, 1.68487403872, 1.05051529585, 1.9809215958, 1.12518610903, 24.5493243476, 3137.00880973
1.16475065652, 1.35484921102, 0.803093410966, 0.910275126584, 4.20708732051, 0.964836392815, 5.05996872748, 0.989707727843, 0.904801070432, 2.3066655386, 7.50950070853, 1.01883198898, 1.30574462997, 0.967804091618, 1.09000029866, 1.10690688387, 1.02033493886, 0.998376105651, 3.2688347017, 1.00694679607, 0.905393786185, 182.586898647, 1.198180877, 4.45955767812, 0.993828350048, 4.6616864458, 1.01575557818, 25.4587544638, 2845.80267513
5.64439670923, 1.03641627614, 0.785922823696, 1.01344764867, 3.94217712828, 0.846256034513, 5.37653745405, 0.987644154123, 0.96648869836, 3.76494484847, 2.02163802622, 0.957102652252, 1.01134868718, 0.937395349386, 1.09000034614, 1.01834369782, 1.00741279849, 1.13609232976, 7.99759733023, 1.15171562191, 0.917129290702, 375.33098992, 0.919536862933, 2.24782413912, 1.07149672168, 2.60843432314, 1.01583502661, 40.6372538834, 2430.53602695
1.11611080784, 1.38307278084, 1.0253485512, 1.04406707697, 2.00590960973, 0.720347094185, 1.43663291998, 0.962393119001, 0.965834350507, 2.71594343825, 3.37722785164, 1.09056440419, 4.89197606012, 1.0179565064, 1.09000057317, 1.06814759908, 1.00106361235, 0.938166055585, 7.45333275261, 1.02342902705, 0.871389476107, 326.190742725, 1.08128654062, 3.355162568, 1.07411532233, 1.98810973923, 0.896204809486, 21.4822317989, 22507.5383637
5.04725932875, 1.20835114227, 1.06851404574, 0.88601533197, 1.62055244614, 0.961701778158, 1.45318284587, 1.081524827, 0.944915247469, 4.7572205611, 6.56218747268, 0.947610911584, 2.09467396574, 1.19521936464, 1.09000055827, 1.08640753049, 1.04552058037, 1.14473112486, 4.75174033329, 1.03943701328, 0.825557201245, 183.028138032, 1.11018832057, 5.61379484949, 0.996278088988, 1.65959186028, 1.11740596913, 29.0598898023, 2958.79147908
3.54632851359, 1.06896325425, 0.933762703935, 1.00895874207, 5.13104322328, 0.88253177606, 1.44372950172, 1.08145747037, 0.96274614621, 5.85664435497, 5.93250505886, 1.0456855709, 2.66595704188, 1.12795070113, 1.09000028638, 1.0263484212, 1.04921664752, 1.18681770711, 7.15963731887, 1.14517410024, 0.877166945704, 365.992083036, 1.01012905186, 2.47680205216, 1.2193027936, 3.67787740224, 1.23401493415, 21.9126679763, 10451.622994
5.37402635107, 1.19965079609, 0.858013667117, 1.09274440197, 6.48439561109, 0.922419178405, 1.05855888363, 0.965554356933, 0.972006815619, 4.09457080871, 1.57076668162, 0.956415967412, 1.4913081625, 1.25680865887, 1.09000071513, 1.05702218841, 1.01105703656, 0.894595315573, 4.21709530295, 1.04145069299, 0.965892461297, 288.843920388, 1.14998847427, 4.14812503532, 1.18294175773, 4.5288497592, 0.918728225297, 33.4000553066, 2697.44289503
4.63464901283, 1.05417277049, 1.12537890851, 0.958963324081, 1.60491037677, 0.976609695342, 3.44982511356, 0.849229286992, 0.905692635594, 3.71944045424, 6.75698453346, 1.02155411888, 2.83027803396, 1.2007106822, 1.09000078236, 1.05270827565, 1.00803745369, 0.890655051004, 4.40843108454, 1.00612828983, 0.843560881638, 208.625030471, 1.06407910931, 5.59016460635, 0.988960864424, 2.36222770159, 1.06492134556, 26.4963554429, 3237.65969934
5.34970687759, 1.10147066182, 0.731788109391, 0.898916269355, 5.94053085272, 0.807589482204, 1.07850984531, 0.981221264184, 0.936083471842, 2.2294521922, 2.73429235952, 1.02350927683, 1.61930139466, 1.10449795814, 1.09000061148, 1.03190079851, 1.00608130935, 0.925093397379, 7.73413451013, 1.16507266848, 0.968424189833, 222.677407834, 0.980518810122, 3.12312530424, 1.09188699503, 3.53860941102, 1.12037155067, 21.9961643235, 12816.7804681
5.83046184867, 1.12332420992, 1.09104710175, 1.09636868196, 6.62906051539, 0.874182642302, 3.16493365715, 0.895974091412, 0.938957856883, 2.45302050281, 3.03533283978, 0.853419970696, 4.34763801798, 0.891987737521, 1.09000046625, 1.02759329706, 1.04199000782, 1.17795408583, 9.55098877943, 1.12920508138, 0.830765347872, 235.204234506, 1.04378228854, 2.30325921873, 1.03010049523, 4.00653108265, 1.20729545031, 22.3578630648, 18748.5210323
5.64439670923, 1.03641627614, 0.785922823696, 0.846965037748, 3.94217712828, 0.846256034513, 5.37653745405, 0.987644154123, 0.96648869836, 3.76494484847, 5.35125408492, 0.957102652252, 1.01134868718, 1.17476287039, 1.09000034614, 1.01834369782, 1.00741279849, 1.13609232976, 7.99759733023, 1.15171562191, 0.950197951827, 375.33098992, 1.01293745955, 2.24782413912, 1.05215461118, 1.77420107618, 1.01583502661, 29.5719112883, 3080.51924322
1.07770437825, 1.29206036683, 0.734483665525, 1.04292740347, 4.4400514882, 0.956704253622, 5.84436278286, 1.05632225301, 0.969871169889, 1.28825971135, 7.06290431621, 0.837503218817, 4.79295236069, 1.25498827805, 1.09000023916, 1.00527891461, 1.00644555994, 0.832206165362, 9.92438830087, 1.18165388474, 0.789559187193, 207.547635444, 0.972203339334, 2.98394099177, 1.10860916435, 2.01404869898, 1.25483994288, 22.7682216805, 9984.69557385
2.35281206747, 1.35611270016, 0.872647866912, 0.926054801877, 1.6295811244, 0.878594542763, 4.27023501819, 0.839475395859, 0.925441667754, 2.61840427532, 4.24415463565, 0.974559478042, 4.14849208985, 0.851598180476, 1.09000017276, 1.0161340236, 1.00219391887, 1.1439542635, 9.03597330808, 1.04790763473, 0.968963583278, 27.3936484222, 0.975892477669, 4.02265321999, 1.05395492477, 3.89756584483, 1.05149983101, 22.7646281358, 10083.8715523
2.4887090085, 1.25518319805, 1.16602923824, 1.06705912632, 6.91916168179, 0.986460858955, 4.92648132547, 0.876712097345, 0.998359034627, 5.43652283243, 5.48170130483, 1.01019024724, 4.86703419385, 1.0923652005, 1.09000085392, 1.07280515854, 1.00834035322, 1.00235523021, 6.28743718113, 0.974507759328, 0.931652925358, 11.8735892805, 1.01954416575, 1.30693392159, 1.10956682438, 4.72021133297, 0.923066517987, 23.0380661516, 6831.11783653
5.84979208518, 1.40455761312, 0.842544219658, 1.0303291115, 5.05724004679, 0.890455814369, 2.02839198584, 1.08017241807, 0.936544973553, 3.45140041392, 5.36200068989, 0.837336171254, 4.26444802958, 1.27555773718, 1.09000013051, 1.04448814839, 1.04850952249, 0.842264682924, 3.97270801784, 1.05728456931, 0.87649761441, 329.075705237, 1.16155054001, 3.63069431008, 1.123695732, 3.00684119666, 1.26766545931, 26.9312902131, 3397.56630271
5.65733191057, 1.36360875604, 1.1089622317, 0.912473553242, 6.55706840517, 0.98399523335, 1.97127514529, 0.836789525188, 0.959581683857, 1.70880216359, 6.77493650265, 0.931116038953, 1.65549683993, 0.919465486045, 1.09000058629, 1.09835595832, 1.04107604341, 1.20430947811, 7.63568825681, 1.13898901805, 0.986030847735, 181.368377665, 1.0196828937, 1.73396277255, 1.05170569577, 3.80460106172, 0.976374068809, 44.6269185795, 2871.66022601
4.46796632382, 1.12580095189, 0.961649492081, 1.10928083002, 6.67072902478, 0.913956528939, 5.67812431814, 0.914379881619, 0.945932175908, 5.5077844114, 3.00458304801, 1.00378713829, 4.44059747116, 1.03147479, 1.09000063735, 1.10827056752, 1.00283932408, 1.22082440262, 9.95968386696, 0.920198208975, 0.984929531964, 183.099141798, 0.984405799237, 1.76047518168, 0.996060015595, 1.19689010725, 0.984351067464, 39.4405409174, 3013.12846815
5.53685978386, 1.35564193822, 1.07607158653, 0.887422877027, 6.5019980841, 0.905291218473, 2.04731226635, 1.05489217014, 0.911205347599, 3.03787708211, 1.92173380062, 0.848829484448, 3.75664964812, 0.8105127924, 1.0900001861, 1.04337295482, 1.0303362763, 0.96912785053, 8.55060338869, 1.09467497255, 0.956659470819, 388.416009367, 1.0158554105, 2.72431063792, 1.02477244501, 4.128383688, 1.20807326276, 23.5108902299, 6501.32242671
3.44357457757, 1.28446188336, 0.754933874121, 1.06813811853, 2.75317818034, 0.918812487369, 5.89147634415, 1.03469254904, 0.969570782194, 5.35006861737, 5.28009262239, 0.935717297994, 1.98510509132, 1.17915346558, 1.09000001123, 1.01085091006, 1.04029153075, 1.17566070039, 7.46753776022, 0.911605424067, 0.869003877582, 380.730624257, 0.989249148544, 2.60902912539, 1.16578647803, 3.95181681908, 0.992166741179, 42.1867090829, 3083.39192067
4.04929231166, 1.33017138689, 0.860858690542, 1.18277273184, 1.66154466538, 0.898980808596, 2.12004698968, 0.949829452055, 0.992515698865, 1.56114172878, 2.72966275675, 0.949646097844, 2.25315001147, 0.95629958315, 1.09000087842, 1.00319414842, 1.043172887, 0.902958825363, 4.56033998152, 0.94508358174, 0.910832791101, 103.420600014, 1.14735142594, 4.70757378772, 1.23931176642, 2.76177541809, 0.892204890262, 22.9034259376, 22700.790087
5.95217706814, 1.42659247857, 1.12563366511, 0.953120526537, 2.77697160962, 0.789059026552, 3.05622147194, 1.07858092635, 0.976348763974, 2.33146893525, 1.6778200269, 1.05868068729, 4.39899878235, 0.975101200279, 1.09000082776, 1.05169526356, 1.03303757069, 0.851282243718, 4.92124782769, 1.1771369189, 0.99441484828, 19.3730982032, 1.11658207196, 2.52222623636, 0.999652843712, 4.89710772257, 1.21124115717, 31.1837933079, 3418.36776594
2.385013254, 1.12479955472, 0.809077327605, 1.03389391672, 5.38004683265, 0.817312524845, 4.19800906049, 0.971982257842, 0.927549189404, 2.52001248377, 2.96978016947, 0.870614366541, 3.16699426705, 1.24345796938, 1.09000048354, 1.08625375698, 1.00075556974, 0.914121947365, 8.94744502285, 1.09474998007, 0.778897285371, 379.4235892, 1.06719941314, 5.35833081233, 1.1757252703, 3.57957355914, 1.19695161344, 44.7709014943, 3201.9473268
1.73002391691, 1.05661751062, 0.912809115585, 1.0303291115, 1.65318971531, 0.807394658236, 4.22329394539, 1.08297438324, 0.97620651855, 2.92270345458, 3.66461910849, 1.09986794744, 3.58900890937, 1.22787233662, 1.09000072566, 1.02611957074, 1.03426899094, 0.87250276296, 3.09932073455, 1.14932558708, 0.850192697216, 77.4790522427, 1.00002333693, 2.44065252191, 1.19653416435, 4.95924185682, 1.03475819628, 23.4779073582, 9251.96413078
5.65733191057, 1.36360875604, 1.1089622317, 0.912473553242, 6.55706840517, 0.98399523335, 1.97127514529, 0.836789525188, 0.959581683857, 1.70880216359, 6.77493650265, 0.931116038953, 1.65549683993, 0.919465486045, 1.09000058629, 1.09835595832, 1.04107604341, 1.20964224441, 7.63568825681, 1.13898901805, 0.986030847735, 320.738375045, 1.0196828937, 1.73396277255, 1.04598086184, 3.80460106172, 0.976374068809, 32.5763111433, 3476.57090739
2.10081325501, 1.42302131583, 0.742865840058, 1.02525482071, 5.21826485359, 0.828328894243, 5.65247657322, 0.835266836561, 0.905583710109, 2.46676066705, 7.43779405645, 0.91583739689, 1.06492499966, 0.838785160678, 1.09000073469, 1.05309240045, 1.0038046506, 0.937452378622, 6.74695567656, 1.18496885618, 0.859253213798, 12.4139670248, 1.17652553681, 2.13188211628, 1.20810467888, 4.66287909672, 0.91062784782, 31.9508699719, 3627.56393707
1.16475065652, 1.35484921102, 0.803093410966, 0.888434160819, 4.20708732051, 0.964836392815, 5.88514565304, 0.989707727843, 0.904801070432, 2.3066655386, 7.50950070853, 1.03356143197, 1.30574462997, 1.24116849842, 1.09000017264, 1.10690688387, 1.01301465753, 0.998376105651, 3.2688347017, 1.00694679607, 0.905393786185, 182.586898647, 1.198180877, 4.45955767812, 0.973740537168, 4.6616864458, 1.01575557818, 24.4748620879, 5724.63238354
5.77845285782, 1.40455761312, 0.842544219658, 0.944034657512, 5.05724004679, 0.890455814369, 2.02839198584, 1.08017241807, 0.936544973553, 3.45140041392, 5.36200068989, 0.837336171254, 4.26444802958, 1.16635905918, 1.09000013051, 1.04448814839, 1.04850952249, 0.99874121398, 3.97270801784, 1.05728456931, 0.87649761441, 329.075705237, 1.16155054001, 3.63069431008, 1.123695732, 3.00684119666, 1.26766545931, 25.3580255426, 4978.50588296
3.88389709129, 1.14362425845, 0.878359601021, 1.0824465705, 2.24948321664, 0.90341696013, 1.84270707098, 0.826887701172, 0.987951872475, 4.95332786074, 7.42505661008, 0.967414187308, 3.6200389417, 1.26900375443, 1.09000022383, 1.00702010734, 1.03282622977, 1.22901302356, 7.82696395422, 1.02102465123, 0.827058930708, 14.8028534449, 1.10785032979, 5.3327702578, 1.07962298137, 1.8720965458, 1.23582300987, 24.9542465404, 5132.26234882
3.9504567205, 1.22814407762, 0.86698702634, 1.09461200373, 6.0152937799, 0.806180275824, 3.02241368424, 0.930342145287, 0.979784861982, 2.03891392653, 5.7705823502, 1.08089267111, 4.68229806267, 1.14472472106, 1.09000026633, 1.1020210412, 1.00490127901, 0.947558083014, 6.88722893997, 0.996770682651, 0.906486674425, 288.341997815, 1.05136781592, 3.41219295064, 1.11472918009, 3.80550813768, 1.04173225288, 29.16850626, 4602.78436155
2.22685533384, 1.15227159357, 1.10135144286, 0.875001253138, 3.07120213416, 0.76186132449, 5.86161155384, 0.878570407674, 0.939277408407, 4.17126076515, 3.5599418392, 0.993141781952, 1.46105843282, 1.22520159163, 1.09000052643, 1.03008844262, 1.02205404882, 1.20776828414, 3.53698375321, 1.16986549304, 0.868545231452, 103.357635384, 1.16817505398, 1.68487403872, 1.05051529585, 1.9809215958, 1.12518610903, 30.4041553438, 4110.22673582
