5.92537834024, 1.09014327, 1.42961194633, 0.981010374978, 2.83000034147, 0.98506416295, 2.60954216053, 1.2600008277, 1.14000024542, 1.53260149152, 1.85600731199, 0.939401033152, 3.04000038762, 1.039114403, 1.05449832442, 1.00000037579, 1.00000042166, 1.04631817158, 9.89902053131, 0.977746991492, 1.00000088742, 118.438641563, 0.98591248467, 5.00997168176, 1.0001408421, 3.29000049499, 1.0000009711, 7.70742488656, 38.3183184773
5.92566271357, 1.09014327, 1.42961194633, 0.981010374978, 2.83000034147, 0.98506416295, 2.60954216053, 1.2600008277, 1.14000015754, 1.53260149152, 1.85600731199, 0.939401033152, 3.04000038762, 1.01211805462, 1.05449832442, 1.00000037579, 1.00000042166, 1.06327327464, 9.89902053131, 0.977746991492, 1.00000088742, 118.438641563, 0.98591248467, 4.84924672742, 1.0001408421, 3.29000049499, 1.00000023119, 9.32788507874, 127.980169582
2.60862190234, 1.12085603525, 1.54930919632, 0.918381620465, 2.83000061778, 1.06530368883, 5.64525183136, 1.26000092454, 1.14000002773, 2.96786190957, 2.23283952577, 0.897771193247, 3.04000068918, 1.1102402279, 0.78176798518, 1.00000061856, 1.00000020287, 1.0002201951, 6.00879236246, 0.926785681099, 1.0000004662, 90.339115763, 1.08030124398, 3.48896684119, 1.06877834978, 3.29000069845, 1.00000024768, 12.9410772584, 249.420847151
1.84842389278, 1.0655749502, 1.35646009262, 0.802602763261, 2.83000058789, 0.907207824892, 2.62761003597, 1.26000070576, 1.14000020213, 2.85746401894, 2.71390906031, 0.998617462153, 3.04000097785, 1.07486342266, 0.881166878315, 1.00000090195, 1.00000051011, 1.04809990109, 8.50557299603, 0.943035677633, 1.00000077099, 110.887712783, 0.883306002462, 2.57422516073, 0.981269299202, 3.29000031748, 1.00000058764, 11.0948288165, 285.286969457
5.72410957617, 1.11349069601, 1.49347304913, 0.928725287003, 2.83000004332, 0.867731174106, 5.63240003274, 1.26000084075, 1.14000077736, 1.9082485484, 2.79399380218, 0.934659507701, 3.04000057258, 1.02285095454, 1.07917117317, 1.0000009146, 1.00000005046, 1.01309656796, 4.91274396125, 0.988599015677, 1.00000012775, 116.796355774, 0.9926175558, 1.53335402753, 0.986441026948, 3.29000003794, 1.00000093257, 17.7040642607, 260.954054156
5.9594671079, 1.13437923301, 1.50098209979, 0.886265000061, 2.83000017304, 1.15551399155, 5.31402110274, 1.26000045214, 1.14000094477, 3.61905928839, 2.11801384482, 1.06382934261, 3.0400009333, 1.04260233444, 1.01274100416, 1.00000085514, 1.00000061094, 1.08568939305, 8.68553952949, 0.917056673942, 1.0000003155, 81.4614398566, 1.05165202146, 5.23237309689, 0.978944707248, 3.29000086256, 1.00000000117, 13.9419981321, 282.924784975
3.74354131482, 1.10732248207, 1.4828964724, 0.931677504207, 2.83000055504, 0.98475787496, 1.94344814127, 1.26000074128, 1.14000015393, 3.47202781186, 2.2487252463, 1.02424321149, 3.04000041933, 1.00004919638, 0.836489534015, 1.00000043911, 1.00000050708, 1.08665867979, 5.46968730913, 0.957548146901, 1.00000012217, 92.5621172037, 0.924320258247, 4.07080233846, 0.995469677729, 3.29000058598, 1.00000017072, 13.3602461725, 1651.01276614
4.84391013657, 1.02940734924, 1.36249289362, 0.945933790079, 2.83000019637, 0.903810005953, 4.88745735999, 1.26000008559, 1.14000020435, 2.37635407872, 2.10289654954, 0.970182938287, 3.04000098916, 1.09540702903, 0.791551474439, 1.00000017488, 1.00000046631, 1.0344507481, 9.43761820289, 0.91080284499, 1.00000072207, 112.129185811, 1.04991207832, 4.42427545302, 1.0617207823, 3.29000061661, 1.00000042317, 13.5743488481, 1669.68568486
1.55914150852, 1.04346445753, 1.50346044913, 0.941189655178, 2.83000047502, 1.1086538814, 4.09077239594, 1.26000090224, 1.14000001668, 1.38211945356, 2.20427842313, 0.96047350847, 3.04000006371, 1.02015865158, 0.971067560908, 1.00000062875, 1.0000009354, 1.04401395173, 4.10954483254, 0.926542930977, 1.00000024113, 117.261062708, 0.961190569907, 2.10438798083, 1.04111276161, 3.29000098647, 1.00000060882, 15.6271696575, 330.893807902
2.6609571532, 1.09702970287, 1.38078802916, 0.825929768208, 2.83000000352, 1.11260862685, 4.70372859803, 1.26000006765, 1.14000053128, 1.96509638817, 2.04858096887, 0.980087233088, 3.04000077613, 1.02823833971, 0.934695307178, 1.00000062783, 1.00000048399, 1.06963110467, 9.0681484098, 0.983983443608, 1.00000085802, 118.296862699, 0.874720888597, 3.53462827645, 0.991227404373, 3.29000094943, 1.00000032237, 14.7565618764, 1407.47980888
2.24199808865, 1.06667988269, 1.40488034588, 0.888470344672, 2.83000057923, 1.11887301, 5.91896770367, 1.26000073607, 1.14000018902, 1.46240435085, 1.73187896348, 0.93226052416, 3.04000058268, 1.01039711336, 0.987481169986, 1.00000093741, 1.00000091742, 1.0906871475, 8.02533950963, 0.9547017383, 1.00000064649, 86.1178573012, 0.928464028373, 1.39135495492, 0.963904413812, 3.2900003176, 1.00000006579, 15.0495253421, 1528.7448777
2.90812944674, 1.00193490617, 1.34361267704, 0.916042892239, 2.83000057139, 1.02026362366, 2.65856593635, 1.26000077202, 1.14000000651, 3.69557044345, 1.66595776261, 0.966489432614, 3.04000086254, 1.09366189799, 0.972887716636, 1.00000019887, 1.00000079301, 1.00870438787, 8.21330033235, 0.944643420949, 1.00000034473, 103.626519339, 1.03251201775, 1.2298177753, 1.0115849607, 3.29000070189, 1.00000085061, 24.5638869727, 291.94585463
3.8816621616, 1.06181178328, 1.4248860847, 0.922646225748, 2.83000050608, 0.880905681269, 4.02528369331, 1.26000051954, 1.14000002454, 1.34332555217, 2.39572779292, 1.01023576171, 3.04000039817, 1.0388350001, 0.926261941349, 1.00000031159, 1.00000058434, 1.06934286758, 8.99949807812, 0.915961425441, 1.00000045463, 113.937132763, 1.00050124581, 4.94867960275, 0.969970324132, 3.29000038329, 1.00000017989, 15.6459875552, 961.756116504
4.03316009309, 1.02877617602, 1.4427592381, 0.962117954868, 2.83000057545, 0.932837191689, 3.63179308484, 1.26000087834, 1.14000095505, 3.49399949522, 3.03041806431, 0.916191608538, 3.04000032064, 1.00710932903, 0.925300324719, 1.00000010276, 1.00000028716, 1.01238550611, 4.83154328472, 0.954296606655, 1.0000003766, 84.1707926506, 0.99949913084, 4.36763217368, 1.06095321729, 3.29000084933, 1.00000006529, 16.6101165278, 378.89472567
1.49665537365, 1.11266934669, 1.66245888781, 0.946110862027, 2.83000077365, 0.86569018773, 2.01899083081, 1.26000003147, 1.1400002873, 3.1576318559, 1.64069575145, 0.924605570369, 3.04000049297, 1.0053786172, 0.958710731061, 1.00000082871, 1.00000005507, 1.06299913716, 3.89591509854, 0.999778377959, 1.00000033715, 120.793091986, 1.07607251077, 4.48275315327, 1.04396237937, 3.29000072792, 1.00000083953, 15.7774178551, 796.33676453
1.88649842381, 1.06217910498, 1.59410307987, 0.95971520471, 2.83000071711, 1.16724684973, 5.60774487463, 1.26000044061, 1.14000073463, 3.64855959569, 2.3436673783, 1.01987478958, 3.04000070071, 1.05628471234, 0.88943512043, 1.00000013947, 1.00000036528, 1.01458109067, 9.08237877121, 0.997892719276, 1.00000059228, 124.492372664, 1.02855938847, 3.31859359339, 0.980340168259, 3.29000024651, 1.00000062037, 27.4968512863, 296.340533938
1.53411233693, 1.10039580549, 1.62491110561, 0.841584098251, 2.83000032939, 1.16718609898, 3.62819379219, 1.2600006734, 1.14000072277, 3.28317636505, 1.56518735566, 0.985061289299, 3.04000006904, 1.07556606342, 0.958221964328, 1.00000032067, 1.00000056479, 1.09753911251, 4.57841581092, 0.985061470873, 1.00000012993, 103.905073837, 1.00593810646, 2.67704536512, 0.95705310585, 3.29000077013, 1.00000082412, 14.2599180713, 1677.77068839
5.18137792478, 1.11358313887, 1.54873917006, 0.985818856217, 2.83000093242, 1.00730793996, 2.01103277874, 1.26000004322, 1.14000094957, 2.30952767842, 2.40427613268, 0.985126991674, 3.04000092017, 1.04728945503, 1.01144398691, 1.00000058518, 1.00000003607, 1.10780588583, 5.73478922723, 0.97845152153, 1.00000023159, 97.9878231487, 0.946473742942, 2.45475199142, 1.00672285597, 3.29000020012, 1.00000052999, 14.3461294986, 3758.2945234
3.38268022092, 1.1356821704, 1.34222642688, 0.813513760432, 2.83000090802, 1.1396646822, 2.46902378694, 1.26000028733, 1.14000075238, 3.52826676952, 1.68392929117, 0.966127614847, 3.04000024037, 1.03320669127, 1.03269197535, 1.00000005913, 1.00000026655, 1.00397694783, 4.98436903029, 0.918583866691, 1.00000054861, 91.113749469, 0.903384567437, 4.86258941875, 0.992568029854, 3.29000026889, 1.00000090299, 22.3335379866, 546.266309885
1.02001934607, 1.05866559687, 1.45197469595, 0.840343545968, 2.83000080925, 1.01014618726, 2.48192770571, 1.26000069646, 1.14000023869, 1.33597410279, 2.05577377158, 0.978876962569, 3.04000000389, 1.01065447541, 1.02734178502, 1.00000004072, 1.00000086284, 1.07653052352, 7.50968238177, 0.945579665269, 1.00000068816, 80.1232274528, 1.03713524377, 1.95644315351, 1.05922541994, 3.2900004074, 1.00000012275, 36.2225147473, 360.242649112
2.24199808865, 1.06667988269, 1.40488034588, 0.888470344672, 2.83000057923, 1.11887301, 5.91896770367, 1.26000073607, 1.14000018902, 1.46240435085, 1.73187896348, 0.93226052416, 3.04000058268, 1.01039711336, 0.987481169986, 1.00000093741, 1.00000091742, 1.0906871475, 8.02533950963, 0.9547017383, 1.00000064649, 86.1178573012, 0.894060039195, 1.39135495492, 0.963904413812, 3.2900003176, 1.00000006579, 26.0680186113, 391.643751645
3.38268022092, 1.11171544465, 1.34222642688, 0.813513760432, 2.83000090802, 1.1396646822, 2.46902378694, 1.26000028733, 1.14000075238, 3.52826676952, 1.68392929117, 0.966127614847, 3.04000024037, 1.03320669127, 1.03269197535, 1.00000005913, 1.00000026655, 1.00397694783, 4.98436903029, 0.918583866691, 1.00000054861, 91.113749469, 0.903384567437, 4.86258941875, 0.992568029854, 3.29000026889, 1.00000090299, 23.0583551012, 765.261966517
3.77046554953, 1.13283361262, 1.43873760549, 0.99892847016, 2.83000039312, 1.18938797773, 3.11307367366, 1.26000069738, 1.14000091965, 3.11624178004, 3.11634668031, 1.03043896935, 3.0400000235, 1.06718936723, 1.03329636326, 1.00000094171, 1.00000091816, 1.06114047527, 8.90992512484, 0.957642576248, 1.00000032523, 76.6899068881, 1.074745944, 2.3626562948, 1.0004216084, 3.29000009337, 1.00000065845, 24.7019375199, 661.536509213
2.25844453939, 1.08574868913, 1.36208412436, 0.836537044286, 2.83000086663, 1.03269688013, 1.27711835243, 1.26000071007, 1.14000071572, 2.68595849191, 1.89870514068, 0.946215823741, 3.04000083381, 1.10259579277, 1.05894091842, 1.00000078049, 1.00000032246, 1.00059255499, 4.74652251928, 0.938853430235, 1.00000039846, 87.0206434892, 0.88613278041, 1.04031586263, 1.01126448322, 3.29000011389, 1.00000012965, 15.0651167633, 2636.44576846
5.31671541673, 1.01903487442, 1.44433352399, 0.983307824466, 2.83000090749, 1.1013944972, 2.35713490956, 1.26000034757, 1.1400006314, 2.70397204906, 2.91424869664, 0.974292415605, 3.0400003436, 1.04812762541, 0.905392214894, 1.00000095173, 1.00000021266, 1.09339521636, 7.7880855791, 0.953595346157, 1.00000006997, 105.999083461, 1.05492424161, 3.18257031402, 1.04840967713, 3.29000064341, 1.00000072101, 15.5963434006, 2024.88368885
4.74397600497, 1.10539014585, 1.38619626484, 0.819412286344, 2.83000013687, 1.00858985303, 4.33187734474, 1.26000071007, 1.14000074784, 3.29274750734, 2.01371860653, 0.913368196803, 3.0400001169, 1.10765321786, 0.780392969865, 1.00000004443, 1.00000088607, 1.10629381655, 8.40494846721, 0.959292351312, 1.00000056248, 118.243509252, 0.88613278041, 1.34578451018, 0.96009423323, 3.29000018763, 1.00000014123, 26.423742361, 546.52749707
1.55856324534, 1.01595919917, 1.73577302227, 0.86387724007, 2.83000048717, 1.05559170244, 1.6895784819, 1.26000090662, 1.14000039534, 2.19582862412, 1.84790637837, 0.987563744201, 3.0400003436, 1.07963536432, 0.89049955489, 1.00000056665, 1.00000059857, 1.09339521636, 3.34585710873, 0.928097967861, 1.00000036348, 77.5864441727, 0.902628482067, 3.48773005495, 0.992424738179, 3.2900007288, 1.00000001809, 16.6389223751, 1539.68347745
4.84391013657, 1.02940734924, 1.36249289362, 0.907031142173, 2.83000029707, 1.07497012999, 5.94062667783, 1.26000029636, 1.14000038995, 2.33446481067, 1.66094158903, 0.963186162879, 3.04000031417, 1.11155025784, 0.974392324022, 1.00000015551, 1.00000009263, 1.03373132051, 5.32582979204, 0.934107721059, 1.00000037155, 101.837114726, 0.870502968008, 5.26880832251, 0.963504674308, 3.29000012584, 1.00000070915, 19.8518310411, 1479.13630749
4.90968656229, 1.11183988975, 1.66633094393, 0.966304263734, 2.83000090274, 1.14323399728, 2.03474724424, 1.26000068131, 1.14000022483, 3.67347985202, 2.76238254681, 1.08504115318, 3.04000076269, 1.1067946324, 0.925904334522, 1.0000003014, 1.00000053706, 1.03345301755, 6.59090764814, 0.978804740993, 1.00000025025, 98.7055831401, 0.920670266447, 1.79174972853, 0.952998025339, 3.29000092878, 1.00000065134, 25.0409302027, 837.514516222
5.59729409873, 1.11181039415, 1.43672543629, 0.84653961529, 2.83000066725, 0.850018005322, 1.82537911035, 1.26000082076, 1.14000099185, 2.82177347925, 2.94379544375, 0.990114893821, 3.04000075084, 1.11159076054, 0.840428270843, 1.00000030461, 1.00000030742, 1.09881082185, 3.32741937773, 0.955163264652, 1.0000000792, 116.93864324, 0.917783199145, 4.45918670589, 0.998188837731, 3.29000063506, 1.00000070506, 24.6404397594, 1151.29554075
2.90812944674, 1.00193490617, 1.34361267704, 0.916042892239, 2.83000057139, 1.02026362366, 3.32367479095, 1.26000077202, 1.14000039471, 3.69557044345, 1.66595776261, 0.966489432614, 3.0400004594, 1.09366189799, 0.972887716636, 1.00000019887, 1.00000082009, 1.00870438787, 8.21330033235, 0.939443289653, 1.00000034473, 103.626519339, 1.03251201775, 1.2298177753, 1.04512080313, 3.29000076702, 1.00000085061, 38.9162636055, 763.585670908
5.48125131671, 1.12142034493, 1.44132914782, 0.868006377548, 2.83000009616, 1.00620786893, 3.11755773986, 1.26000072489, 1.14000012501, 2.77792423087, 1.77038917354, 0.931323676024, 3.04000007648, 1.04714702468, 0.835548339941, 1.00000017508, 1.00000046531, 1.02247819623, 4.4493579392, 0.988642893311, 1.00000022138, 81.4130023594, 1.01610327311, 2.23401406438, 0.956996920563, 3.29000058504, 1.0000003377, 34.2196535194, 814.017897935
2.34361807843, 1.04693580544, 1.45880285054, 0.997791574187, 2.83000095818, 1.08253433908, 1.91670241631, 1.26000080292, 1.14000085922, 2.00377109315, 1.92506353661, 1.00771298304, 3.04000078533, 1.00183322403, 0.906872598297, 1.00000084232, 1.0000002975, 1.10748853654, 7.89585843531, 0.910760505083, 1.00000035953, 96.9773562823, 0.883443502361, 5.30396767402, 0.998878188294, 3.29000000576, 1.00000059603, 16.5059718217, 3250.71854961
1.8162744973, 1.03053985657, 1.43667204815, 0.852739375275, 2.83000079224, 1.16796733057, 3.09388142401, 1.26000096839, 1.14000009205, 2.50580839172, 1.85689761446, 1.04273141791, 3.04000061154, 1.07556606342, 0.801352456669, 1.00000000944, 1.00000049458, 1.07059012829, 9.96269279676, 0.960063782796, 1.00000007001, 99.139946991, 0.948751504527, 4.11812337761, 0.98506421615, 3.29000051293, 1.00000093756, 34.8856546471, 854.748772006
3.99237199637, 1.07071544134, 1.47415393577, 0.823978929457, 2.83000060823, 1.11688196927, 5.5046838299, 1.26000008621, 1.1400000022, 3.65373158523, 2.93382436868, 1.02176732588, 3.04000008059, 1.04407214008, 1.06759923162, 1.00000032274, 1.00000094421, 1.10905548752, 7.21359033107, 0.964452268928, 1.00000007711, 86.4597136698, 0.941087880194, 2.4253203481, 1.02212588681, 3.29000037879, 1.00000056568, 19.120402784, 1687.56210582
5.48125131671, 1.04798128231, 1.44132914782, 0.807345934204, 2.83000009616, 1.00620786893, 3.11755773986, 1.26000072489, 1.14000012501, 2.77792423087, 1.77038917354, 0.931323676024, 3.04000007648, 1.04714702468, 0.835548339941, 1.00000017508, 1.00000046531, 1.07237951973, 4.4493579392, 0.988642893311, 1.00000022138, 81.4130023594, 1.01610327311, 2.23401406438, 0.956996920563, 3.29000058504, 1.00000093756, 17.2914249078, 2956.48773293
5.60595702456, 1.03760846785, 1.65709094974, 0.874163569592, 2.83000019064, 1.13009291199, 4.56929653775, 1.26000040112, 1.14000000645, 3.07407233639, 2.81528286734, 0.899538065952, 3.04000014478, 1.04457263826, 0.784500465335, 1.00000091139, 1.00000025237, 1.03187612099, 6.71125830039, 0.973725396848, 1.00000068198, 113.589850207, 1.03069111924, 4.67353364506, 0.957222154058, 3.29000093585, 1.00000021086, 28.9486453401, 1245.80790918
2.35924453236, 1.11634662576, 1.47322071474, 0.929288716311, 2.83000019993, 1.05487107907, 4.15848571305, 1.26000010384, 1.14000073062, 1.58339580835, 2.79630688808, 1.05349948012, 3.04000016033, 1.11807884941, 0.868504864835, 1.00000049864, 1.00000008986, 1.01911333169, 8.85238288835, 0.910496328412, 1.00000090063, 83.8705415343, 0.951218915066, 5.63362371929, 1.05581341802, 3.29000095678, 1.00000013694, 32.500518666, 1241.87107227
2.74179176401, 1.00853835951, 1.47484312836, 0.885205700037, 2.83000012769, 1.02741439673, 1.11520607613, 1.26000063633, 1.1400005629, 3.71697877314, 2.66120617031, 0.921373900501, 3.04000065948, 1.04758093689, 0.900949637009, 1.00000092946, 1.00000010047, 1.101468865, 8.20449443509, 0.96372324932, 1.00000038987, 96.3082143935, 0.980930169391, 4.47858177503, 1.00958008171, 3.29000070946, 1.00000029958, 18.837669177, 2069.85503105
5.28042586872, 1.02819902948, 1.46931764557, 0.994677631687, 2.83000051313, 1.11965086017, 4.66159418394, 1.26000056292, 1.14000038042, 1.98444596219, 3.04465593142, 0.966309290951, 3.04000089624, 1.05932635612, 0.784500465335, 1.00000036652, 1.00000049746, 1.03989006202, 7.52484237622, 0.995892505853, 1.00000080717, 90.8805318437, 0.867460216849, 1.75296662814, 1.03054754594, 3.2900008918, 1.00000058979, 16.8765307032, 6777.24188755
2.01223158637, 1.01992115093, 1.62709604622, 0.933219876154, 2.83000091125, 1.15246814013, 1.30082795299, 1.26000091144, 1.14000041489, 2.39809140393, 2.91452116086, 1.06340645266, 3.04000010035, 1.07384791202, 0.874823175439, 1.00000068684, 1.00000037809, 1.09467909427, 3.71303171153, 0.914538913311, 1.00000026425, 119.811235248, 0.865982216383, 1.7752812857, 1.00641446626, 3.29000099674, 1.00000069304, 19.4463431631, 2406.93125994
4.7030610261, 1.0946864592, 1.5922798231, 0.898094570263, 2.83000087039, 0.987595213219, 4.98653903937, 1.26000081721, 1.14000096555, 1.91235902895, 2.86147301103, 0.948108139324, 3.04000046753, 1.08079871363, 0.854308432068, 1.00000090424, 1.00000079777, 1.01725134885, 3.14938039038, 0.917372160371, 1.00000081803, 106.888075571, 0.918624725636, 2.08525538051, 1.03514559306, 3.290000641, 1.00000099417, 25.4421198099, 1612.4025105
4.74397600497, 1.0576979007, 1.38619626484, 0.819412286344, 2.83000013687, 1.00858985303, 4.33187734474, 1.26000071007, 1.14000072628, 3.29274750734, 2.01371860653, 0.913368196803, 3.0400001169, 1.10765321786, 0.780392969865, 1.00000004443, 1.00000088607, 1.10629381655, 8.40494846721, 0.959292351312, 1.00000056248, 118.243509252, 0.88613278041, 1.75607434943, 0.96009423323, 3.29000018763, 1.00000014123, 22.4812754134, 1861.68978581
4.84391013657, 1.02940734924, 1.36249289362, 0.907031142173, 2.83000029707, 1.07497012999, 5.94062667783, 1.26000029636, 1.14000038995, 2.33446481067, 1.66094158903, 0.963186162879, 3.04000031417, 1.11155025784, 0.974392324022, 1.00000015551, 1.00000009263, 1.03373132051, 5.32582979204, 0.934107721059, 1.00000037155, 99.3059185539, 0.870502968008, 5.26880832251, 0.963504674308, 3.29000012584, 1.00000070915, 20.8336904648, 2111.95571825
2.09181400314, 1.0564920462, 1.58874180074, 0.896482945237, 2.83000096639, 0.897535396765, 5.72356375787, 1.26000002837, 1.14000055747, 2.90625130459, 1.64355037666, 1.0635467451, 3.04000044803, 1.00657760543, 1.07134920011, 1.00000070487, 1.0000002945, 1.03912712979, 8.25315362128, 0.955509134266, 1.00000098606, 111.811210391, 0.909481685052, 3.28305044091, 1.05056444115, 3.29000060493, 1.00000016382, 20.5015997227, 2166.09133635
5.18137792478, 1.11358313887, 1.54873917006, 0.95421101076, 2.83000093242, 1.00730793996, 2.01103277874, 1.26000004322, 1.14000050798, 2.30952767842, 2.40427613268, 0.985126991674, 3.04000068053, 1.04728945503, 1.01144398691, 1.00000058518, 1.00000003607, 1.10780588583, 5.73478922723, 0.97845152153, 1.00000023159, 111.003929381, 1.02479551496, 2.45475199142, 1.03237231811, 3.29000020012, 1.0000000044, 23.3640438093, 1767.57983071
3.67779368486, 1.00474675987, 1.60342765633, 0.902549123294, 2.83000096587, 1.12554305333, 2.05698783397, 1.2600002217, 1.14000071849, 2.52491677805, 2.3113516255, 1.08731743463, 3.04000049239, 1.04603573807, 0.963409619999, 1.0000001764, 1.00000085301, 1.09284534756, 3.64688199804, 0.922501162642, 1.00000016507, 96.8735502771, 0.866782235694, 5.8936666483, 0.999936910483, 3.29000093122, 1.00000086735, 19.9320169221, 2415.17659147
1.8162744973, 1.03053985657, 1.43667204815, 0.852739375275, 2.83000079224, 1.16796733057, 3.09388142401, 1.26000096839, 1.14000009205, 2.50580839172, 1.85689761446, 1.04273141791, 3.04000061154, 1.11846564528, 0.801352456669, 1.00000000944, 1.00000049458, 1.01017820481, 8.5247581504, 0.960063782796, 1.00000007001, 109.844300134, 0.948751504527, 4.11812337761, 0.98506421615, 3.29000051293, 1.00000079544, 21.4564112925, 2131.97010468
5.62879628882, 1.11567498529, 1.59319758524, 0.839949104542, 2.83000057639, 0.899150441858, 4.25399789877, 1.26000002839, 1.14000017791, 2.90753091641, 2.55042776268, 0.975962659696, 3.04000000503, 1.0978802361, 1.04452873359, 1.00000001189, 1.00000039129, 1.03162132862, 9.26110285659, 0.911975990484, 1.00000072136, 85.1302737702, 0.938266974918, 5.90123531225, 1.02910681166, 3.29000094516, 1.0000007009, 23.2852793231, 1915.55341438
4.21505677691, 1.12895972939, 1.66867502416, 0.945933790079, 2.83000019637, 0.957400838468, 4.88745735999, 1.26000008559, 1.14000020435, 2.37635407872, 2.10289654954, 0.970182938287, 3.0400009817, 1.09540702903, 0.808954613211, 1.00000017488, 1.00000046631, 1.0344507481, 9.43761820289, 0.91080284499, 1.00000072207, 112.129185811, 1.04991207832, 4.42427545302, 1.0617207823, 3.29000061661, 1.00000042317, 23.2073864766, 1917.06919051
5.5924272345, 1.10110784241, 1.58346506023, 0.815465665178, 2.83000019023, 1.09550432356, 1.06010119349, 1.26000005357, 1.140000302, 1.6499341954, 1.64697348527, 1.0530196356, 3.04000072901, 1.11322633542, 0.888800449237, 1.00000020733, 1.00000064049, 1.09309027678, 5.60990301041, 0.967692852523, 1.0000007645, 105.737114177, 0.927122574081, 3.22194843048, 1.04353280184, 3.29000047247, 1.00000076515, 19.1590427724, 3277.10903814
1.1313788533, 1.08923698066, 1.6654331227, 0.804836608966, 2.83000040408, 1.04062170812, 4.89532473032, 1.26000020212, 1.14000038273, 2.63530699128, 2.18436587336, 1.02406080578, 3.04000051375, 1.04110753725, 0.865684614591, 1.00000043116, 1.00000019496, 1.0001647615, 5.66518566745, 0.988293150219, 1.000000952, 83.8705415343, 0.898693828214, 1.98556822319, 1.05339616994, 3.29000004893, 1.00000083717, 19.1293267499, 5097.36906056
5.2323600256, 1.11349069601, 1.48909453595, 0.928725287003, 2.83000033229, 1.02771488083, 5.63240003274, 1.26000084075, 1.14000077736, 1.9082485484, 2.81522423502, 0.934659507701, 3.04000057258, 1.02285095454, 1.07917117317, 1.00000085284, 1.00000005046, 1.01309656796, 4.91274396125, 0.988599015677, 1.00000012775, 116.796355774, 0.9926175558, 1.53335402753, 0.986441026948, 3.29000003794, 1.00000027024, 24.9988258627, 1766.80218704
5.04515304868, 1.12602902121, 1.44760599517, 0.952492332257, 2.83000049454, 1.08605682605, 3.64507088136, 1.26000029809, 1.14000063971, 2.69928196927, 1.85623302199, 0.886581152145, 3.04000094796, 1.05031240444, 0.977786917712, 1.00000052392, 1.00000055313, 1.0517367241, 9.01664699323, 0.99925875202, 1.00000059366, 81.5768337287, 0.878728182397, 2.88587791187, 1.01529432487, 3.29000049577, 1.00000082221, 22.0500020677, 2246.29989677
3.77046554953, 1.13283361262, 1.3598006267, 0.99892847016, 2.83000039312, 1.01014618726, 1.71847130329, 1.26000069738, 1.14000023869, 3.11624178004, 3.11634668031, 1.03043896935, 3.04000018278, 1.06718936723, 1.03329636326, 1.00000094171, 1.00000091816, 1.0911055757, 8.90992512484, 0.957642576248, 1.00000032523, 76.6899068881, 1.074745944, 4.08698570567, 1.0004216084, 3.2900004074, 1.00000065845, 24.7603204867, 1856.37052761
2.34361807843, 1.11197531148, 1.45880285054, 0.964594101196, 2.83000095818, 1.08253433908, 1.91670241631, 1.26000080292, 1.14000085922, 2.00377109315, 1.92506353661, 1.00771298304, 3.04000084601, 1.00183322403, 0.906872598297, 1.00000088254, 1.00000059249, 1.10748853654, 8.8642130313, 0.910760505083, 1.00000011772, 75.1362970314, 0.883443502361, 5.30396767402, 1.0658594119, 3.29000000576, 1.00000090423, 21.0250565811, 2531.4631928
4.03316009309, 1.02877617602, 1.4427592381, 0.839018461993, 2.83000057545, 0.932837191689, 3.63179308484, 1.26000087834, 1.14000095505, 3.54930313875, 2.01164740719, 0.916191608538, 3.04000032064, 1.06610691306, 0.925300324719, 1.00000010276, 1.00000056479, 1.01238550611, 4.83154328472, 0.954296606655, 1.0000003766, 84.1707926506, 0.99949913084, 4.36763217368, 1.06095321729, 3.29000084933, 1.00000006529, 20.1216005556, 3501.47738102
1.62223416154, 1.12042335994, 1.70307888942, 0.933043640273, 2.83000011504, 0.902332521158, 2.6586395192, 1.26000011908, 1.14000000441, 1.3618616561, 2.96941997471, 1.09944888746, 3.04000050555, 1.04905136381, 0.888949098015, 1.00000059477, 1.00000053992, 1.0001625899, 7.64101161695, 0.976185751375, 1.00000021524, 82.4280627219, 1.02791109737, 3.33130087991, 0.966395035771, 3.29000092983, 1.0000007552, 21.2022084491, 2734.94297162
3.50840777366, 1.07386915652, 1.47415393577, 0.823978929457, 2.83000060823, 1.11688196927, 1.11520607613, 1.26000006845, 1.14000014792, 3.65373158523, 2.82972511838, 1.03234343711, 3.04000000242, 1.04407214008, 1.06759923162, 1.00000032274, 1.00000094421, 1.10905548752, 8.20449443509, 0.964452268928, 1.00000007711, 86.4597136698, 0.916059467162, 2.4253203481, 1.02212588681, 3.29000037879, 1.00000056568, 22.8359058024, 2289.92746132
1.55914150852, 1.04346445753, 1.40488034588, 0.941189655178, 2.83000047502, 1.08272262861, 4.09077239594, 1.26000063005, 1.14000001668, 1.46240435085, 2.99965078599, 0.96047350847, 3.04000006371, 1.05806384374, 0.971067560908, 1.00000062875, 1.0000009354, 1.04401395173, 4.10954483254, 0.926542930977, 1.00000024113, 117.261062708, 0.928464028373, 2.10438798083, 1.04111276161, 3.29000098647, 1.00000060882, 22.9197972081, 2334.2981628
5.48766875714, 1.07426006471, 1.70372919854, 0.840108356505, 2.83000090802, 1.1396646822, 5.13495262178, 1.26000089468, 1.14000059523, 3.1447578083, 3.08822482069, 0.966127614847, 3.04000099389, 1.00501106122, 0.93469559032, 1.00000033091, 1.00000052024, 1.03815657863, 8.05687899204, 0.918652652494, 1.00000082817, 81.9194381701, 1.03567081576, 1.94342674444, 1.04412671246, 3.29000005869, 1.00000045455, 31.5721629304, 1736.26642304
1.1313788533, 1.12851830307, 1.6654331227, 0.838402576077, 2.83000040408, 1.04062170812, 4.89532473032, 1.26000020212, 1.14000038273, 2.63530699128, 2.18436587336, 1.02406080578, 3.04000051375, 1.01851437479, 0.902935801972, 1.00000043116, 1.00000007956, 1.0001647615, 5.66518566745, 0.988293150219, 1.000000952, 94.9726390611, 0.898693828214, 1.98556822319, 1.05339616994, 3.29000004893, 1.00000083717, 20.7798597911, 5322.63065191
4.46467650182, 1.01021608296, 1.60342765633, 0.902549123294, 2.83000096587, 1.10945244371, 2.05698783397, 1.26000027948, 1.14000071849, 2.52491677805, 1.75326219113, 1.08731743463, 3.04000049239, 1.09822080263, 0.963409619999, 1.0000002498, 1.00000037037, 1.05273028246, 3.64688199804, 0.930067450257, 1.00000016507, 99.1947189645, 1.08692505732, 5.8936666483, 0.999936910483, 3.29000015632, 1.00000086735, 20.8912984766, 4100.01067446
2.74179176401, 1.00853835951, 1.47484312836, 0.890007079757, 2.83000012769, 1.02741439673, 1.11520607613, 1.26000063633, 1.1400005629, 3.71697877314, 2.66120617031, 0.921373900501, 3.04000065948, 1.04758093689, 0.920192076629, 1.00000092946, 1.00000010047, 1.101468865, 8.20449443509, 0.96372324932, 1.00000038987, 96.3082143935, 1.02917787527, 3.38937139566, 1.00958008171, 3.29000070946, 1.00000029958, 25.4750897463, 1936.92186016
1.8162744973, 1.03053985657, 1.43667204815, 0.852739375275, 2.83000079224, 1.16796733057, 3.09388142401, 1.26000096839, 1.14000009205, 2.50580839172, 1.85689761446, 1.04273141791, 3.04000061154, 1.11846564528, 0.801352456669, 1.00000000944, 1.00000049458, 1.07059012829, 8.5247581504, 0.960063782796, 1.00000007001, 109.844300134, 0.948751504527, 4.11812337761, 0.98506421615, 3.29000051293, 1.00000079544, 46.1767535404, 1783.93760246
1.74180598296, 1.08218005693, 1.70437089884, 0.827440052864, 2.83000001985, 0.897906019931, 1.27166683871, 1.26000072077, 1.14000022247, 1.62485926493, 2.22479956248, 0.934946709721, 3.0400005986, 1.10118989035, 0.848564606283, 1.00000080014, 1.00000039008, 1.06379284742, 3.661627665, 0.930703978022, 1.00000046665, 100.218235015, 0.876182966134, 1.58670618064, 1.05078108498, 3.29000033916, 1.0000007544, 40.1339537141, 1805.54888702
4.46467650182, 1.01021608296, 1.60342765633, 0.902549123294, 2.83000096587, 1.10945244371, 2.05698783397, 1.26000027948, 1.1400001189, 2.52491677805, 1.75326219113, 1.08731743463, 3.04000049239, 1.09822080263, 0.963409619999, 1.0000002498, 1.00000051003, 1.05273028246, 3.64688199804, 0.930067450257, 1.00000016507, 113.573476629, 1.08692505732, 4.21478439819, 0.999936910483, 3.29000059836, 1.00000056046, 28.4192438375, 1922.17536982
3.67779368486, 1.09479494631, 1.60342765633, 0.902549123294, 2.83000096587, 1.10945244371, 2.05698783397, 1.26000066463, 1.14000057089, 2.52491677805, 2.3113516255, 1.08731743463, 3.04000049239, 1.09822080263, 0.963409619999, 1.0000002498, 1.00000051003, 1.05273028246, 3.64688199804, 0.930067450257, 1.00000016507, 99.1947189645, 1.08692505732, 5.8936666483, 0.999936910483, 3.29000059836, 1.00000086735, 39.6277285635, 1908.73440228
5.95897103668, 1.08102119148, 1.73018553635, 0.955222503337, 2.83000008355, 0.890340053488, 3.92435423675, 1.26000089254, 1.1400005645, 2.22883761418, 1.6350321535, 1.05263722307, 3.0400007179, 1.04998347794, 0.890620767167, 1.00000033202, 1.00000093521, 1.08514348469, 6.37207901249, 0.91974387635, 1.00000063673, 123.658253315, 0.844399418192, 3.95829677538, 1.00787240804, 3.29000049335, 1.00000016444, 21.4516737949, 6832.05202306
3.77046554953, 1.13283361262, 1.43873760549, 0.99892847016, 2.83000039312, 1.01014618726, 1.71847130329, 1.26000069738, 1.14000023869, 3.11624178004, 3.11634668031, 1.03043896935, 3.04000018278, 1.06718936723, 1.03329636326, 1.00000094171, 1.00000091816, 1.07653052352, 8.90992512484, 0.957642576248, 1.00000032523, 76.6899068881, 1.074745944, 2.3626562948, 1.0004216084, 3.2900004074, 1.00000065845, 45.6569184356, 1900.83253551
5.31671541673, 1.01903487442, 1.40381125479, 0.983307824466, 2.83000090749, 1.13622838346, 2.35713490956, 1.26000034757, 1.1400006314, 2.70397204906, 1.84790637837, 1.07640735046, 3.0400003436, 1.04812762541, 1.03039506355, 1.00000095173, 1.00000021266, 1.09339521636, 7.7880855791, 0.953595346157, 1.00000006997, 78.6544999846, 0.895147357907, 3.07438972635, 1.04840967713, 3.29000064341, 1.00000072101, 24.4096126417, 2528.04009467
3.35283920456, 1.13717671618, 1.60994377286, 0.875829690736, 2.83000064927, 1.01132197912, 4.82346031986, 1.26000095999, 1.14000041625, 2.78158911268, 2.30732040335, 0.935373512186, 3.04000050099, 1.04270515695, 0.97163284138, 1.00000023397, 1.00000010976, 1.00810934773, 7.46238723004, 0.916613758207, 1.00000023042, 84.6449400214, 0.934360393517, 2.90756504096, 0.95263029961, 3.29000033768, 1.00000074401, 21.8908192898, 6339.04950462
5.70353756412, 1.0968836712, 1.39619017715, 0.941906198337, 2.83000092483, 1.18366718423, 2.83931236325, 1.26000048814, 1.14000007431, 1.53740709259, 2.13807978758, 1.08106616641, 3.04000085637, 1.07420773682, 0.784605087926, 1.00000047699, 1.00000085076, 1.06686662465, 6.13402909731, 0.982523128201, 1.00000069967, 83.6271307483, 0.874720888597, 3.81601668445, 1.06057786449, 3.29000076606, 1.00000049089, 24.1077086786, 2597.85547723
5.18137792478, 1.12889138893, 1.54873917006, 0.985818856217, 2.83000093242, 1.13421218547, 2.01103277874, 1.26000004322, 1.14000094957, 2.61202919943, 2.40427613268, 0.985126991674, 3.04000092017, 1.04728945503, 1.01144398691, 1.00000058518, 1.00000003607, 1.10780588583, 5.73478922723, 0.97845152153, 1.00000023159, 80.0876181312, 0.946473742942, 2.45475199142, 1.00672285597, 3.29000020012, 1.0000006323, 21.7653018585, 16968.5639147
4.7030610261, 1.0946864592, 1.5922798231, 0.879868218082, 2.83000087039, 0.987595213219, 4.98653903937, 1.26000081721, 1.14000022483, 1.91235902895, 2.76238254681, 0.948108139324, 3.04000046753, 1.08079871363, 0.854308432068, 1.00000090424, 1.00000079777, 1.01725134885, 3.14938039038, 0.917372160371, 1.00000025025, 106.888075571, 0.918624725636, 2.08525538051, 1.03514559306, 3.290000641, 1.00000099417, 22.0132952733, 13702.617777
1.55856324534, 1.01595919917, 1.73577302227, 0.86387724007, 2.83000048717, 1.05559170244, 1.6895784819, 1.26000090662, 1.14000039534, 2.19582862412, 1.84790637837, 0.987563744201, 3.04000089742, 1.07963536432, 0.89049955489, 1.00000056665, 1.00000059857, 1.10653919374, 3.34585710873, 0.928097967861, 1.00000036348, 77.5864441727, 0.902628482067, 3.48773005495, 0.992424738179, 3.2900007288, 1.00000001809, 24.059255091, 2788.57148859
4.90968656229, 1.07290209454, 1.66633094393, 0.966304263734, 2.83000090274, 1.14323399728, 2.03474724424, 1.26000068131, 1.14000096555, 3.67347985202, 2.86147301103, 1.08504115318, 3.04000076269, 1.1067946324, 0.925904334522, 1.0000003014, 1.00000053706, 1.03345301755, 6.59090764814, 0.978804740993, 1.00000081803, 98.7055831401, 0.920670266447, 1.79174972853, 0.986196867648, 3.29000092878, 1.00000065134, 29.6372083504, 2110.39462403
2.90812944674, 1.00193490617, 1.34361267704, 0.916042892239, 2.83000057139, 1.02026362366, 2.65856593635, 1.26000077202, 1.14000000651, 3.69557044345, 1.66595776261, 0.966489432614, 3.04000086254, 1.09366189799, 0.972887716636, 1.00000019887, 1.00000082009, 1.00870438787, 8.21330033235, 0.922694904413, 1.00000034473, 103.626519339, 1.03251201775, 1.2298177753, 1.0115849607, 3.29000070189, 1.00000085061, 27.4249553971, 2185.35776603
5.2323600256, 1.11349069601, 1.49347304913, 0.928725287003, 2.83000004332, 1.02771488083, 5.63240003274, 1.26000084075, 1.14000077736, 1.9082485484, 2.79399380218, 0.934659507701, 3.04000057258, 1.02285095454, 1.07917117317, 1.00000085284, 1.00000005046, 1.06748175596, 4.91274396125, 0.988599015677, 1.00000012775, 120.92532355, 0.9926175558, 1.53335402753, 0.963248266613, 3.29000004724, 1.00000093257, 34.3099219082, 2130.7179266
5.77303168628, 1.03775316575, 1.65044244175, 0.848521688874, 2.83000035404, 1.07800100414, 4.44833208519, 1.26000011003, 1.14000033394, 2.79212248829, 2.9465290731, 0.959126015774, 3.040000416, 1.04091046797, 1.0620505362, 1.00000055818, 1.00000024369, 1.0839702447, 3.84367285996, 0.990922382343, 1.0000006489, 99.0670252907, 0.956129845122, 3.62506322108, 0.987586486901, 3.29000069093, 1.00000014389, 29.1951464471, 2226.94013323
2.5083645677, 1.09389636275, 1.53884533987, 0.862461846263, 2.83000060129, 1.07164880685, 3.85467483313, 1.26000062963, 1.14000058529, 1.61939148134, 2.98312689542, 0.999847939296, 3.04000058649, 1.01552550123, 1.08503347004, 1.00000074841, 1.00000027551, 1.00352909015, 4.00722717578, 0.957373603927, 1.00000086873, 94.5549652662, 0.882023331292, 5.28280226375, 1.04748279396, 3.29000087854, 1.00000086775, 23.6504348117, 3859.52079377
1.88649842381, 1.06708423878, 1.59410307987, 0.95971520471, 2.83000071711, 1.16724684973, 5.60774487463, 1.26000044061, 1.14000073463, 3.64855959569, 2.3436673783, 1.01987478958, 3.04000070071, 1.01884524726, 0.88943512043, 1.00000013947, 1.00000036528, 1.01458109067, 9.08237877121, 0.952207303262, 1.00000059228, 124.492372664, 1.02855938847, 3.31859359339, 0.980340168259, 3.29000041143, 1.00000062037, 23.2463431718, 8145.27160339
3.77046554953, 1.13283361262, 1.43873760549, 0.922917132445, 2.83000039312, 1.18938797773, 3.11307367366, 1.26000069738, 1.14000091965, 3.11624178004, 3.11913874533, 1.03043896935, 3.0400000235, 1.06718936723, 1.03329636326, 1.00000094171, 1.00000091816, 1.06114047527, 8.90992512484, 0.957642576248, 1.00000032523, 76.6899068881, 1.074745944, 2.3626562948, 1.0004216084, 3.29000009337, 1.00000065845, 35.3427401833, 2276.32290978
4.21505677691, 1.12895972939, 1.66867502416, 0.945933790079, 2.83000019637, 0.957400838468, 4.88745735999, 1.26000008559, 1.14000020435, 2.37635407872, 2.10289654954, 0.970182938287, 3.0400009817, 1.09540702903, 0.808954613211, 1.00000017488, 1.00000065021, 1.0344507481, 9.43761820289, 0.997892719276, 1.00000072207, 112.129185811, 1.04928076156, 4.42427545302, 1.0617207823, 3.29000027236, 1.00000042317, 28.8671918345, 2438.29699519
5.59729409873, 1.11181039415, 1.43672543629, 0.84653961529, 2.83000066725, 0.850618059927, 1.82537911035, 1.26000089572, 1.14000089733, 2.82177347925, 2.94379544375, 0.990114893821, 3.04000075084, 1.11159076054, 0.840428270843, 1.00000030461, 1.00000056363, 1.09881082185, 3.32741937773, 0.955163264652, 1.0000000792, 116.93864324, 0.917783199145, 4.45918670589, 0.998188837731, 3.29000063506, 1.00000084192, 23.9374608351, 10049.2228846
5.48125131671, 1.12142034493, 1.44132914782, 0.868006377548, 2.83000009616, 1.00620786893, 3.11755773986, 1.26000072489, 1.14000012501, 2.77792423087, 1.77038917354, 0.931323676024, 3.04000007648, 1.04714702468, 0.835548339941, 1.00000019656, 1.00000046531, 1.02247819623, 4.4493579392, 0.988642893311, 1.00000022138, 81.4130023594, 1.01610327311, 2.23401406438, 0.956996920563, 3.29000058504, 1.0000003377, 23.8761640369, 25108.3218654
4.34196332414, 1.09702970287, 1.38078802916, 0.846754379758, 2.83000000352, 1.11260862685, 4.70372859803, 1.26000006765, 1.14000053128, 1.96509638817, 2.04858096887, 0.980087233088, 3.04000092397, 1.02823833971, 0.934695307178, 1.00000062783, 1.00000048399, 1.06963110467, 9.0681484098, 0.983983443608, 1.00000085802, 118.296862699, 0.868991732679, 3.53462827645, 0.991227404373, 3.29000094943, 1.00000032237, 23.6634639676, 25257.1298812
1.1313788533, 1.12851830307, 1.6654331227, 0.838402576077, 2.83000040408, 1.04062170812, 4.89532473032, 1.26000020212, 1.14000038273, 2.63530699128, 2.18436587336, 1.02406080578, 3.04000051375, 1.01851437479, 0.865684614591, 1.00000043116, 1.00000019496, 1.0001647615, 5.66518566745, 0.988293150219, 1.000000952, 83.8705415343, 0.898693828214, 1.98556822319, 1.05339616994, 3.29000004893, 1.00000083717, 38.4078443073, 2336.42717808
2.51187031853, 1.13532425819, 1.57617776431, 0.814070777236, 2.83000009697, 1.05076404664, 5.68644967907, 1.26000082076, 1.14000080303, 1.6127128088, 1.58213555497, 1.01218452384, 3.04000096402, 1.04542289144, 0.851834808635, 1.00000049454, 1.00000076479, 1.04842428381, 9.20203738506, 0.956130554032, 1.00000092674, 100.44179142, 0.843290884984, 1.06612288267, 1.03096994591, 3.29000036931, 1.00000070506, 28.2733074248, 2714.95179217
1.24488729076, 1.03753163169, 1.45161507093, 0.869882086684, 2.83000033368, 0.903396441036, 3.621509352, 1.26000037653, 1.14000088884, 3.34545157565, 2.72986939245, 1.07303526831, 3.04000058632, 1.02269725623, 1.08835018281, 1.00000059265, 1.00000024956, 1.06104616761, 5.20454715256, 0.984988920294, 1.00000072805, 81.8715265455, 0.979125130968, 2.77298383629, 0.986486284178, 3.29000022115, 1.00000034476, 24.2579465251, 10017.8179588
2.35924453236, 1.11634662576, 1.47322071474, 0.929288716311, 2.83000019993, 1.05487107907, 4.15848571305, 1.26000010384, 1.14000073062, 1.58339580835, 2.79630688808, 1.05349948012, 3.04000016033, 1.0661168809, 0.868504864835, 1.00000049864, 1.00000008986, 1.01911333169, 8.84434874466, 0.910496328412, 1.00000090063, 94.9726390611, 0.951218915066, 5.63362371929, 1.05581341802, 3.29000095678, 1.00000013694, 24.2473189291, 20876.900477
1.62223416154, 1.11036184251, 1.70307888942, 0.933043640273, 2.83000078122, 0.902332521158, 2.97412013388, 1.26000011908, 1.14000000441, 1.3618616561, 2.96941997471, 1.09944888746, 3.04000050555, 1.04905136381, 0.888949098015, 1.00000059477, 1.00000053992, 1.0001625899, 7.64101161695, 0.976185751375, 1.00000021524, 82.4280627219, 1.02791109737, 3.33130087991, 0.966395035771, 3.29000091118, 1.0000007552, 24.3205307117, 14965.4579613
2.51187031853, 1.13532425819, 1.57617776431, 0.814070777236, 2.83000009697, 1.05076404664, 5.68644967907, 1.26000089572, 1.14000080303, 1.6127128088, 1.58213555497, 1.01218452384, 3.04000096402, 1.04542289144, 0.851834808635, 1.00000049454, 1.00000076479, 1.04842428381, 9.20203738506, 0.956130554032, 1.00000093175, 100.44179142, 0.843290884984, 1.06612288267, 1.04799684832, 3.29000036931, 1.00000084192, 24.6542036452, 7079.15716253
2.99405760834, 1.08836339979, 1.59255096132, 0.996994167679, 2.83000079891, 1.08202801275, 2.32155491697, 1.26000044154, 1.14000053024, 1.98484681939, 1.96575174211, 1.02937605763, 3.04000090695, 1.09777157771, 0.923355534869, 1.00000046403, 1.00000006909, 1.04326600213, 3.89115352054, 0.974959734679, 1.00000095119, 94.6356687342, 0.859958352053, 5.98388799404, 0.977562374355, 3.29000090733, 1.00000074764, 33.5183847262, 2620.4263395
5.77303168628, 1.03775316575, 1.72204580073, 0.848521688874, 2.83000035404, 1.07800100414, 4.44833208519, 1.26000011003, 1.14000020435, 2.79212248829, 2.9465290731, 0.959126015774, 3.040000416, 1.04091046797, 0.808954613211, 1.00000055818, 1.00000024369, 1.0839702447, 3.84367285996, 0.990922382343, 1.0000006489, 99.0670252907, 0.956129845122, 3.62506322108, 0.987586486901, 3.29000069093, 1.00000014389, 27.7653529089, 3023.95738826
5.62879628882, 1.11567498529, 1.59319758524, 0.839949104542, 2.83000057639, 0.899150441858, 4.25399789877, 1.26000002839, 1.14000017791, 2.90753091641, 2.55042776268, 0.975962659696, 3.04000000503, 1.0978802361, 1.04452873359, 1.00000001189, 1.00000039129, 1.03162132862, 9.47424406904, 0.911975990484, 1.00000072136, 85.1302737702, 0.938266974918, 5.90123531225, 1.02910681166, 3.29000094516, 1.0000007009, 24.5244566819, 22544.1048957
5.86950112977, 1.09683883607, 1.55322791351, 0.801302102523, 2.83000061213, 1.00773927057, 3.84655283298, 1.26000013394, 1.14000095245, 2.37456918655, 1.80091903828, 1.01693048607, 3.04000019087, 1.08099372314, 0.87805537382, 1.0000006782, 1.00000013674, 1.05151155749, 6.49540863961, 0.94037696723, 1.00000067939, 76.4225968204, 0.964572978177, 4.82492723945, 0.989357590638, 3.29000011447, 1.00000074244, 24.5047134176, 32710.4712041
1.53862643994, 1.11563026964, 1.36594340117, 0.919850307029, 2.83000045885, 1.07990390401, 5.89210570713, 1.2600008459, 1.14000040798, 3.54592355917, 3.01542714945, 0.902714487468, 3.04000046001, 1.02330805766, 0.895908741176, 1.00000020733, 1.00000024609, 1.03530028294, 8.61744409612, 0.945039850159, 1.00000097384, 82.3406787239, 1.04282110597, 4.83215701461, 1.04935383289, 3.29000044344, 1.00000033924, 30.9904311516, 2727.86935811
2.08894544388, 1.11634662576, 1.47322071474, 0.929288716311, 2.83000019993, 1.05487107907, 4.56929653775, 1.26000010384, 1.14000073062, 1.58339580835, 2.79630688808, 1.05349948012, 3.04000015073, 1.11807884941, 0.868504864835, 1.00000049864, 1.00000025237, 1.01911333169, 8.85238288835, 0.910496328412, 1.00000090063, 83.8705415343, 0.951218915066, 4.64509777564, 1.05581341802, 3.29000095678, 1.00000013694, 24.6799479913, 8701.21373273
2.49962392172, 1.08682415812, 1.55763723412, 0.948024345196, 2.83000099137, 0.947049964481, 1.07089043917, 1.26000089235, 1.14000048348, 2.98423970195, 2.49006441888, 1.02064074489, 3.04000092783, 1.0033293041, 0.955184767774, 1.0000003108, 1.00000021436, 1.09229401155, 4.39085448513, 0.96395273325, 1.00000069402, 116.687613684, 1.00833152843, 5.85481883139, 1.01075587729, 3.29000046999, 1.00000093631, 25.5689481849, 4892.14670404
