0.221577520989, 1.1783509383, 5.90837410153, 0.403384040996, 79.4554906507, 1.52547459329, 1.26400219963, 1.8182306704, 28.7886700551, 0.0165125047369, 0.0
0.148028062843, 1.18628574075, 3.69189754444, 0.555437720542, 88.5538115597, 1.9612217937, 2.50036050756, 1.26218336521, 33.3349596761, 0.0184618327205, 0.0
0.107146517764, 1.11013183579, 8.84335161083, 0.669827846527, 66.1492056827, 7.30855851934, 0.06447447748, 3.76647438334, 21.3408670077, 0.0486517951997, 0.0
0.104845607442, 0.824587484112, 7.99888878327, 0.519807470926, 87.1327602574, 2.89450237098, 3.70001200231, 1.80809545221, 6.42507323377, 0.0221198118832, 0.230603448276
0.302583273272, 1.13959552205, 9.62169044524, 0.497003052717, 94.6417995392, 2.78234689908, 1.94571171249, 0.446237371083, 2.34759755214, 0.0411299717053, 0.0625
0.302583273272, 1.13959552205, 9.62169044524, 0.58063035152, 94.6417995392, 2.78234689908, 3.20523988584, 0.446237371083, 2.34759755214, 0.0357390011399, 0.0630630630631
0.418594494566, 1.0426558298, 2.81756702466, 0.599574520433, 63.2596516799, 2.86020953578, 2.49782023869, 3.45708684459, 43.2347522351, 0.0611527652624, 0.0
0.104845607442, 1.14131869073, 7.99888878327, 0.545793803926, 97.9554881997, 2.78636470766, 2.70744227004, 4.47863704072, 15.1177237262, 0.0409698127315, 0.451327433628
0.107146517764, 1.11013183579, 8.84335161083, 0.669827846527, 66.1492056827, 7.30855851934, 3.70001200231, 3.76647438334, 21.3408670077, 0.0520046904534, 0.107655502392
0.418594494566, 1.18628574075, 3.69189754444, 0.555437720542, 88.5538115597, 1.9612217937, 2.50036050756, 3.45708684459, 33.3349596761, 0.0548634388083, 0.0743801652893
0.180107398439, 1.15041772889, 3.15725054505, 0.503494031843, 23.1990266042, 7.55723578531, 0.109756224425, 3.84738525995, 3.60202765795, 0.0746809579172, 0.0
0.104845607442, 0.824587484112, 7.99888878327, 0.519807470926, 87.1327602574, 3.38504837504, 0.06447447748, 1.80809545221, 6.42507323377, 0.0485976509773, 0.666666666667
0.104845607442, 0.824587484112, 7.99888878327, 0.519807470926, 87.1327602574, 3.38504837504, 0.06447447748, 1.80809545221, 6.42507323377, 0.0520346422462, 0.615384615385
0.458082117353, 1.18628574075, 3.69189754444, 0.555437720542, 49.271810116, 1.9612217937, 2.50036050756, 1.26218336521, 33.3349596761, 0.0634597779034, 0.466386554622
0.292862514807, 0.880468557699, 2.03050471193, 0.489195241066, 6.96809807241, 3.12721920373, 1.88190561119, 2.04228495981, 13.985925027, 0.0697381916554, 0.136363636364
0.302583273272, 1.13959552205, 9.62169044524, 0.653481219371, 60.4869840876, 1.44385437939, 3.03754368173, 0.874718373454, 21.4717640339, 0.0661995981786, 0.409560723514
0.607120285321, 0.900958944838, 5.73814462647, 0.639940241639, 60.4869840876, 3.57086385258, 3.03754368173, 0.849013142896, 28.8643860903, 0.08595868393, 0.0
0.221577520989, 1.1783509383, 6.93166752306, 0.403384040996, 79.4554906507, 3.03232711651, 1.26400219963, 1.59459429613, 20.3080411446, 0.0573370264081, 0.687022900763
0.221577520989, 1.1783509383, 6.93166752306, 0.406657199602, 79.4554906507, 3.03232711651, 1.26400219963, 1.59459429613, 20.3080411446, 0.0672586886206, 0.549019607843
0.221577520989, 1.1783509383, 6.93166752306, 0.403384040996, 79.4554906507, 3.03232711651, 1.26400219963, 1.59459429613, 20.3080411446, 0.071261540245, 0.522935779817
0.607120285321, 0.900958944838, 8.0437121074, 0.58063035152, 94.6417995392, 3.57086385258, 3.20523988584, 0.756008022969, 2.34759755214, 0.0894528813678, 0.0794701986755
0.895378431572, 1.14131869073, 2.25004935748, 0.545793803926, 97.9554881997, 2.78636470766, 2.70744227004, 4.47863704072, 15.1177237262, 0.105479106088, 0.0
0.259387171511, 1.11013183579, 8.14996478333, 0.440983764453, 63.2596516799, 7.30855851934, 3.70001200231, 3.76647438334, 21.3408670077, 0.100562881017, 0.00963855421687
0.458082117353, 1.1939772622, 3.69189754444, 0.555437720542, 49.271810116, 1.9612217937, 2.50036050756, 1.26218336521, 33.3349596761, 0.0813628936064, 0.625581395349
0.302583273272, 1.13959552205, 9.62169044524, 0.497003052717, 94.6417995392, 2.78234689908, 1.94571171249, 0.446237371083, 2.34759755214, 0.0757461670634, 0.626666666667
0.180107398439, 1.15041772889, 3.15725054505, 0.503494031843, 38.6234382137, 7.55723578531, 0.702785031376, 3.84738525995, 3.60202765795, 0.0944679582491, 0.533333333333
0.312089071693, 1.04503830474, 6.70803729675, 0.440183790643, 86.4328745218, 3.66501212308, 3.3275975519, 4.51614993453, 4.85846384668, 0.0974908047047, 0.364093959732
0.101936845912, 1.1861185226, 7.00227286487, 0.415307491892, 63.9384717464, 20.2850916193, 2.88713037162, 4.32426477081, 17.5628054199, 0.111886768107, 0.0
0.292862514807, 0.970882552625, 2.1196467173, 0.489195241066, 9.60165455345, 5.98785738062, 1.88190561119, 2.04228495981, 6.59277439534, 0.109624401796, 0.0416666666667
0.292862514807, 0.970882552625, 2.1196467173, 0.489195241066, 6.96809807241, 5.98785738062, 1.88190561119, 2.04228495981, 6.59277439534, 0.10133172388, 0.134615384615
0.148028062843, 1.0426558298, 2.81756702466, 0.599574520433, 63.2596516799, 7.11926026991, 2.49782023869, 1.26218336521, 43.2347522351, 0.0957015311883, 0.6463878327
0.895378431572, 0.824587484112, 2.25004935748, 0.519807470926, 87.1327602574, 3.38504837504, 0.06447447748, 1.80809545221, 6.42507323377, 0.120362357275, 0.0
0.880675055278, 0.967590768774, 5.14531610056, 0.618900638972, 1.26269464109, 1.66199319306, 0.536352122851, 1.43031118181, 24.1574392869, 0.117428731663, 0.222222222222
0.571891013276, 1.18031447501, 3.43900639996, 0.441322993717, 5.82431221206, 2.81288064086, 0.526158812722, 4.47708674854, 37.3386753071, 0.119580723256, 0.166666666667
0.107146517764, 0.913328900982, 8.84335161083, 0.669827846527, 57.6706624403, 34.1581766933, 1.45711709705, 1.8182306704, 28.7886700551, 0.122384052397, 0.0
0.312089071693, 1.04503830474, 6.70803729675, 0.538214027846, 86.4328745218, 3.66501212308, 3.3275975519, 4.21664053367, 4.85846384668, 0.118959864219, 0.400717703349
0.644194815291, 1.08065368066, 3.43900639996, 0.480664566016, 5.82431221206, 5.32961271989, 0.182399098251, 4.53431488466, 37.3386753071, 0.121643037364, 0.2
0.174395983042, 1.17595648574, 4.86215022876, 0.670487760206, 79.5929752342, 20.1364158888, 3.81523594303, 0.550997514148, 22.2962760851, 0.147338687828, 0.0
0.895378431572, 1.14131869073, 2.25004935748, 0.545793803926, 97.9554881997, 2.78636470766, 2.70744227004, 4.47863704072, 15.1177237262, 0.122728657027, 0.0168067226891
0.880675055278, 0.967590768774, 6.9912575337, 0.618900638972, 1.26269464109, 1.66199319306, 0.536352122851, 1.43031118181, 24.1574392869, 0.119204840235, 0.666666666667
0.212399056247, 0.841133503015, 6.16049463422, 0.54258742369, 88.3595110211, 16.6238339295, 3.10651342455, 2.1047606602, 42.5360845528, 0.158257222998, 0.0
0.418594494566, 1.0426558298, 2.81756702466, 0.599574520433, 63.2596516799, 2.86020953578, 2.49782023869, 3.45708684459, 43.2347522351, 0.130213564524, 0.418502202643
0.259387171511, 1.11013183579, 8.14996478333, 0.440983764453, 66.1492056827, 7.30855851934, 3.70001200231, 3.76647438334, 21.3408670077, 0.134408387577, 0.130977130977
0.418594494566, 1.0426558298, 2.81756702466, 0.599574520433, 66.1492056827, 2.86020953578, 2.49782023869, 3.45708684459, 43.2347522351, 0.125677012864, 0.465517241379
0.353720556925, 0.851781915158, 8.36922708777, 0.570505924638, 50.5234554177, 8.96262401702, 1.5517618239, 1.86696325865, 18.3726219363, 0.159557297958, 0.0
0.180107398439, 1.15041772889, 3.15725054505, 0.518687946491, 65.4187732675, 7.55723578531, 0.702785031376, 3.84738525995, 3.60202765795, 0.134741122105, 0.393939393939
0.538632103886, 1.18485349004, 9.98629466065, 0.449511194412, 72.2369568647, 4.46542378957, 0.0467932159931, 0.491415329479, 17.8056283443, 0.162007299839, 0.166666666667
0.264625454548, 0.833599233672, 2.0815498374, 0.613459581062, 53.517896576, 12.6814649828, 3.99191989158, 1.79501489202, 24.2560781503, 0.165864320487, 0.123255813953
0.257623741894, 0.937438036466, 2.97322919543, 0.572758451618, 33.740201748, 21.4819869857, 1.10850428668, 0.133328744353, 24.7889870114, 0.180111842735, 0.0
0.166938871629, 1.06257570174, 7.21162365095, 0.64114169549, 57.7306206396, 14.725926971, 1.03013564374, 2.526104548, 8.72763404326, 0.164083259876, 0.375
0.148028062843, 1.1885927329, 7.60744427193, 0.486855958209, 18.1767207022, 35.0826463416, 0.779472660765, 1.29801230282, 7.14461885568, 0.162795671735, 0.666666666667
0.264625454548, 0.833599233672, 2.0815498374, 0.613459581062, 6.65458918771, 12.6814649828, 3.99191989158, 1.79501489202, 24.2560781503, 0.176480990856, 0.207818930041
0.101936845912, 0.844057052225, 2.13768984904, 0.567748997524, 74.9827378384, 39.9693457475, 0.518870664918, 4.32426477081, 30.1619498652, 0.200218480113, 0.0
0.217733916186, 1.044739135, 2.1672868212, 0.553943060307, 93.2917372508, 18.5754765049, 1.61968167956, 2.45443651733, 6.92139605299, 0.186817823417, 0.030303030303
0.180107398439, 1.15041772889, 3.15725054505, 0.518687946491, 65.4187732675, 7.55723578531, 1.5517618239, 3.84738525995, 18.3726219363, 0.166643214163, 0.409090909091
0.264625454548, 0.833599233672, 2.0815498374, 0.613459581062, 53.517896576, 12.6814649828, 3.99191989158, 1.79501489202, 24.2560781503, 0.184194529402, 0.220085470085
0.880675055278, 0.980409839104, 5.14531610056, 0.618900638972, 1.26269464109, 1.66199319306, 0.536352122851, 3.96482539063, 24.1574392869, 0.180000316613, 0.380952380952
0.164056668801, 0.945508888369, 8.97584552165, 0.541376027158, 86.9475538783, 16.6130248004, 0.760808546255, 4.91858658002, 42.5360845528, 0.183608881435, 0.307692307692
0.568614192337, 0.980409839104, 8.07660011162, 0.523245031387, 27.911533001, 12.2936551943, 1.64978398562, 3.96482539063, 22.6697638468, 0.20417628035, 0.0
0.178550438564, 0.8720902849, 7.33546320704, 0.520489864957, 98.8951840849, 24.7652342676, 3.53884665481, 2.84830876831, 12.668531939, 0.203239071931, 0.0031847133758
0.895378431572, 1.14131869073, 2.25004935748, 0.545793803926, 97.9554881997, 2.78636470766, 2.70744227004, 4.47863704072, 15.1177237262, 0.193588413645, 0.182320441989
0.538632103886, 1.18485349004, 9.51980843101, 0.449511194412, 72.2369568647, 4.46542378957, 0.0467932159931, 0.491415329479, 17.8056283443, 0.17981230393, 0.5
0.880675055278, 0.967590768774, 5.14531610056, 0.618900638972, 1.26269464109, 1.66199319306, 0.536352122851, 1.43031118181, 24.1574392869, 0.182349360193, 0.384615384615
0.465666416439, 0.883955165468, 2.16761623089, 0.656094781772, 99.0800611149, 13.1219197698, 2.46133818024, 3.70636521335, 18.6636454704, 0.21375724854, 0.0
0.174395983042, 1.17595648574, 4.86215022876, 0.670487760206, 79.5929752342, 20.1364158888, 3.81523594303, 0.550997514148, 22.2962760851, 0.213114941974, 0.13123844732
0.292862514807, 0.970882552625, 2.1196467173, 0.489195241066, 6.96809807241, 5.98785738062, 1.88190561119, 2.04228495981, 6.59277439534, 0.193882835185, 0.382608695652
0.571891013276, 0.880468557699, 2.02429526675, 0.447119373495, 81.9247136953, 3.12721920373, 0.526158812722, 4.41606528961, 7.25992781601, 0.194691810273, 0.3125
0.434228666611, 1.04503830474, 4.59543476726, 0.660117936629, 35.6389266325, 7.29288027741, 3.12859965774, 4.21664053367, 4.85846384668, 0.207565598096, 0.263422818792
0.179560750831, 0.934934087512, 7.21162365095, 0.623113099015, 50.1298927479, 35.6271060592, 2.94414705362, 2.526104548, 30.8262844827, 0.262157602719, 0.0
0.157466026231, 0.965550175437, 9.17896059671, 0.51018540667, 6.72894177581, 30.7643070322, 2.61858455276, 3.24142255543, 17.3444822441, 0.223557928434, 0.012987012987
0.650408238318, 1.13387886458, 5.77760934711, 0.413979936752, 52.9487745027, 11.9528915374, 0.644690463637, 1.58453262229, 19.4911874326, 0.204650311819, 0.695652173913
0.746875928478, 0.880468557699, 8.67451815193, 0.447119373495, 82.7162407429, 3.12721920373, 0.182399098251, 4.41606528961, 7.25992781601, 0.205874474957, 0.464285714286
0.434228666611, 1.04503830474, 4.59543476726, 0.538214027846, 35.6389266325, 7.29288027741, 3.12859965774, 4.21664053367, 4.85846384668, 0.209562778976, 0.329268292683
0.465666416439, 0.883955165468, 2.16761623089, 0.656094781772, 99.0800611149, 13.1219197698, 2.46133818024, 3.70636521335, 18.6636454704, 0.264020479756, 0.0
0.217733916186, 0.98645143844, 7.33546320704, 0.553943060307, 93.2917372508, 18.5754765049, 1.9569235814, 4.35390554873, 18.3726219363, 0.227775775369, 0.185185185185
0.314150213415, 1.15077028611, 5.50854698694, 0.546544856439, 72.5535060725, 20.9393784831, 3.39387851835, 0.564742761015, 8.08257562987, 0.250161218545, 0.0131147540984
0.594811208956, 0.980261725449, 4.16600449443, 0.51187771128, 20.1691488768, 7.984017024, 3.32632500356, 2.26844468453, 10.0556567133, 0.247284851033, 0.140086206897
0.157466026231, 0.965550175437, 9.17896059671, 0.464872914635, 6.72894177581, 30.7643070322, 2.61858455276, 3.24142255543, 17.3444822441, 0.241848971897, 0.163265306122
0.164056668801, 0.945508888369, 8.97584552165, 0.541376027158, 86.9475538783, 16.6130248004, 0.760808546255, 2.6524885293, 29.6639502473, 0.211430783817, 0.4375
0.107146517764, 0.913328900982, 8.84335161083, 0.669827846527, 57.6706624403, 34.1581766933, 2.14942788888, 1.59459429613, 20.3080411446, 0.22550896952, 0.387387387387
0.258599877829, 1.15584923284, 8.38482397042, 0.652903924468, 11.4017081896, 28.9320810679, 3.24036740315, 2.89396208548, 15.0762996345, 0.265173164581, 0.0
0.666382978829, 1.13387886458, 2.88601121787, 0.543884620005, 18.8283920002, 27.2506330587, 0.0839323764752, 1.58453262229, 15.9374721044, 0.231714424976, 0.2
0.164056668801, 0.945508888369, 8.97584552165, 0.541376027158, 86.9475538783, 16.6130248004, 0.760808546255, 2.6524885293, 29.6639502473, 0.231362832365, 0.25
0.257623741894, 0.937438036466, 2.97322919543, 0.621972537277, 33.740201748, 21.4819869857, 1.10850428668, 0.133328744353, 24.7889870114, 0.261906721956, 0.0243902439024
0.101936845912, 1.1861185226, 7.00227286487, 0.415307491892, 63.9384717464, 20.2850916193, 2.88713037162, 4.32426477081, 17.5628054199, 0.21238462723, 0.481818181818
0.844213700545, 0.866683944264, 3.90504478406, 0.575208138698, 60.5896859753, 34.1078513554, 0.507890932898, 0.741672896515, 33.1348406676, 0.272806324127, 0.0
0.156802574432, 0.8720902849, 6.5803438572, 0.520489864957, 98.8951840849, 24.7652342676, 3.53884665481, 2.84830876831, 12.668531939, 0.248068505805, 0.215189873418
0.293400785756, 0.872817529091, 4.04052808144, 0.619935878051, 3.18404844113, 22.8740216111, 0.355975815148, 2.86502265038, 20.4879287152, 0.254984394679, 0.2
0.178550438564, 0.8720902849, 8.36922708777, 0.520489864957, 98.8951840849, 24.7652342676, 3.53884665481, 1.86696325865, 12.668531939, 0.240831027479, 0.383304940375
0.293400785756, 0.872817529091, 4.04052808144, 0.619935878051, 1.48623920352, 22.8740216111, 0.355975815148, 1.12735079659, 26.777961221, 0.241683241458, 0.272727272727
0.759933840388, 1.00456420905, 4.75247699056, 0.658003657313, 1.48623920352, 12.1395324286, 3.93747487281, 1.12735079659, 2.20598334334, 0.262365405403, 0.030303030303
0.571891013276, 0.970882552625, 2.02429526675, 0.447119373495, 81.9247136953, 5.98785738062, 0.526158812722, 4.41606528961, 7.25992781601, 0.215238110618, 0.588235294118
0.116503389426, 0.974481798284, 7.96337347294, 0.581810888166, 88.5538115597, 45.9600838366, 1.58511903681, 0.332607061844, 28.9800455745, 0.287879580349, 0.0
0.353599502492, 0.999551180078, 2.44645012817, 0.576062789082, 8.58292711435, 20.4664832313, 3.00648213796, 4.93044570055, 12.709833273, 0.27766703243, 0.00343642611684
0.398491273315, 0.881111839557, 3.70953527613, 0.664061878198, 22.5101405843, 26.612318974, 0.362953093174, 3.4191943913, 25.8018636576, 0.253772852952, 0.222222222222
0.353720556925, 0.851781915158, 7.33546320704, 0.570505924638, 50.5234554177, 8.96262401702, 1.5517618239, 2.84830876831, 18.3726219363, 0.247043527383, 0.388235294118
0.164056668801, 0.945508888369, 8.97584552165, 0.541376027158, 86.9475538783, 16.6130248004, 0.760808546255, 4.91858658002, 29.6639502473, 0.243959845525, 0.529411764706
0.394787974119, 0.976298555669, 9.16339840337, 0.546624439411, 60.1205552332, 22.6334113186, 0.402635099222, 4.80652049579, 25.8008151283, 0.289500911014, 0.0
0.212399056247, 0.841133503015, 6.16049463422, 0.54258742369, 88.3595110211, 16.6238339295, 3.10651342455, 2.1047606602, 42.5360845528, 0.24720866913, 0.434159061278
0.217733916186, 0.98645143844, 4.43947248556, 0.553943060307, 93.2917372508, 18.5754765049, 1.9569235814, 4.35390554873, 24.4403238722, 0.267234292134, 0.333333333333
