0.221577520989, 1.1783509383, 5.90837410153, 0.403384040996, 79.4554906507, 1.52547459329, 1.26400219963, 1.8182306704, 28.7886700551, 0.0165125047369, 0.0
0.148028062843, 1.18628574075, 3.69189754444, 0.555437720542, 88.5538115597, 1.9612217937, 2.50036050756, 1.26218336521, 33.3349596761, 0.0184618327205, 0.0
0.104845607442, 0.824587484112, 7.99888878327, 0.519807470926, 87.1327602574, 3.38504837504, 0.06447447748, 1.26218336521, 6.42507323377, 0.0187365839945, 0.181818181818
0.292862514807, 1.13959552205, 9.62169044524, 0.653481219371, 60.4869840876, 1.44385437939, 3.03754368173, 0.874718373454, 21.4717640339, 0.0204975732932, 0.0
0.107146517764, 1.11013183579, 8.84335161083, 0.669827846527, 66.1492056827, 7.30855851934, 0.06447447748, 3.76647438334, 21.3408670077, 0.0486517951997, 0.0
0.221577520989, 1.1783509383, 6.93166752306, 0.406657199602, 79.4554906507, 3.03232711651, 1.26400219963, 4.54337354148, 20.3080411446, 0.0417812843941, 0.0217391304348
0.104845607442, 0.824587484112, 7.99888878327, 0.519807470926, 87.1327602574, 2.89450237098, 3.70001200231, 1.80809545221, 6.42507323377, 0.0221198118832, 0.230603448276
0.107146517764, 0.824587484112, 7.99888878327, 0.519807470926, 95.2603500299, 2.89450237098, 3.70001200231, 1.80809545221, 25.8912100294, 0.0214608817085, 0.31190926276
0.302583273272, 1.13959552205, 9.62169044524, 0.58063035152, 94.6417995392, 2.78234689908, 3.20523988584, 0.446237371083, 2.34759755214, 0.0357390011399, 0.0630630630631
0.302583273272, 1.13959552205, 9.62169044524, 0.58063035152, 94.6417995392, 2.78234689908, 3.20523988584, 0.446237371083, 2.34759755214, 0.039677341203, 0.0261627906977
0.418594494566, 1.0426558298, 2.81756702466, 0.49959171658, 66.1492056827, 2.86020953578, 2.49782023869, 3.45708684459, 33.7706314184, 0.0606589905231, 0.0
0.148028062843, 1.18628574075, 3.69189754444, 0.555437720542, 88.5538115597, 1.9612217937, 1.26400219963, 1.26218336521, 33.3349596761, 0.0256890731742, 0.507246376812
0.104845607442, 1.14131869073, 7.99888878327, 0.545793803926, 97.9554881997, 2.78636470766, 2.70744227004, 4.47863704072, 15.1177237262, 0.0409698127315, 0.451327433628
0.302583273272, 1.13959552205, 9.62169044524, 0.497003052717, 94.6417995392, 2.78234689908, 1.94571171249, 0.446237371083, 2.34759755214, 0.0411299717053, 0.0625
0.312089071693, 1.04503830474, 6.70803729675, 0.538214027846, 86.4328745218, 3.66501212308, 3.3275975519, 4.21664053367, 4.85846384668, 0.0531681659724, 0.0287206266319
0.418594494566, 1.0426558298, 2.81756702466, 0.599574520433, 63.2596516799, 2.86020953578, 2.49782023869, 3.45708684459, 43.2347522351, 0.0611527652624, 0.0
0.221577520989, 1.1783509383, 5.90837410153, 0.403384040996, 79.4554906507, 1.52547459329, 2.50036050756, 1.8182306704, 37.5899440999, 0.0334607073808, 0.707650273224
0.107146517764, 1.11013183579, 8.84335161083, 0.669827846527, 66.1492056827, 7.30855851934, 3.70001200231, 3.76647438334, 21.3408670077, 0.0520046904534, 0.107655502392
0.104845607442, 0.824587484112, 7.99888878327, 0.519807470926, 87.1327602574, 3.38504837504, 0.06447447748, 1.80809545221, 6.42507323377, 0.0485976509773, 0.666666666667
0.221577520989, 1.1783509383, 6.93166752306, 0.403384040996, 79.4554906507, 3.03232711651, 1.26400219963, 1.59459429613, 20.3080411446, 0.0513493771971, 0.493150684932
0.418594494566, 1.18628574075, 3.69189754444, 0.555437720542, 88.5538115597, 1.9612217937, 2.50036050756, 3.45708684459, 33.3349596761, 0.0548634388083, 0.0743801652893
0.180107398439, 1.15041772889, 3.15725054505, 0.503494031843, 23.1990266042, 7.55723578531, 0.109756224425, 3.84738525995, 3.60202765795, 0.0746809579172, 0.0
0.104845607442, 0.824587484112, 7.99888878327, 0.519807470926, 87.1327602574, 3.38504837504, 0.06447447748, 1.80809545221, 6.42507323377, 0.0520346422462, 0.615384615385
0.880675055278, 0.967590768774, 6.9912575337, 0.545793803926, 1.26269464109, 1.66199319306, 0.536352122851, 1.43031118181, 21.7811081506, 0.0595684220751, 0.416666666667
0.302583273272, 0.880468557699, 2.03050471193, 0.489195241066, 6.96809807241, 3.12721920373, 1.88190561119, 2.04228495981, 13.985925027, 0.0671935320783, 0.0754716981132
0.458082117353, 1.18628574075, 9.06326858051, 0.555437720542, 49.271810116, 1.9612217937, 2.50036050756, 1.80809545221, 33.3349596761, 0.0605901482986, 0.308641975309
0.607120285321, 0.900958944838, 5.73814462647, 0.639940241639, 60.4869840876, 3.57086385258, 3.03754368173, 0.849013142896, 28.8643860903, 0.08595868393, 0.0
0.221577520989, 1.1783509383, 6.93166752306, 0.403384040996, 79.4554906507, 3.03232711651, 1.26400219963, 1.59459429613, 20.3080411446, 0.0573370264081, 0.687022900763
0.292862514807, 0.880468557699, 2.03050471193, 0.489195241066, 6.96809807241, 3.12721920373, 1.88190561119, 2.04228495981, 13.985925027, 0.0697381916554, 0.136363636364
0.458082117353, 1.18628574075, 3.69189754444, 0.555437720542, 49.271810116, 1.9612217937, 2.50036050756, 1.26218336521, 33.3349596761, 0.0634597779034, 0.466386554622
0.302583273272, 1.13959552205, 9.62169044524, 0.653481219371, 60.4869840876, 1.44385437939, 3.03754368173, 0.874718373454, 21.4717640339, 0.0661995981786, 0.409560723514
0.607120285321, 0.900958944838, 8.0437121074, 0.58063035152, 94.6417995392, 3.57086385258, 3.20523988584, 0.756008022969, 2.34759755214, 0.0894528813678, 0.0794701986755
0.259387171511, 1.11013183579, 8.14996478333, 0.440983764453, 63.2596516799, 7.30855851934, 3.70001200231, 3.76647438334, 21.3408670077, 0.100562881017, 0.00963855421687
0.895378431572, 1.14131869073, 2.25004935748, 0.545793803926, 97.9554881997, 2.78636470766, 2.70744227004, 4.47863704072, 15.1177237262, 0.105479106088, 0.0
0.292862514807, 0.970882552625, 2.1196467173, 0.489195241066, 6.96809807241, 5.98785738062, 1.88190561119, 2.04228495981, 6.59277439534, 0.0885219597037, 0.0833333333333
0.302583273272, 1.09456467783, 9.62169044524, 0.497003052717, 99.9185718091, 2.78234689908, 1.94571171249, 0.446237371083, 2.34759755214, 0.078402530375, 0.355263157895
0.221577520989, 1.1783509383, 6.93166752306, 0.406657199602, 79.4554906507, 3.03232711651, 1.26400219963, 1.59459429613, 20.3080411446, 0.0672586886206, 0.549019607843
0.221577520989, 1.1783509383, 6.93166752306, 0.403384040996, 79.4554906507, 3.03232711651, 1.26400219963, 1.59459429613, 20.3080411446, 0.071261540245, 0.522935779817
0.180107398439, 1.15041772889, 2.83405975959, 0.503494031843, 38.6234382137, 2.78234689908, 0.702785031376, 3.84738525995, 3.60202765795, 0.0726939912035, 0.5
0.746875928478, 0.880468557699, 8.67451815193, 0.447119373495, 82.7162407429, 3.12721920373, 0.182399098251, 4.96936765628, 7.25992781601, 0.107765924438, 0.0
0.114495682067, 0.945508888369, 5.14531610056, 0.541376027158, 86.9475538783, 16.6130248004, 0.536352122851, 4.91858658002, 42.5360845528, 0.0936917139463, 0.166666666667
0.292862514807, 0.970882552625, 2.1196467173, 0.489195241066, 6.96809807241, 5.98785738062, 1.88190561119, 2.04228495981, 6.59277439534, 0.10133172388, 0.134615384615
0.571891013276, 1.18031447501, 4.13490456654, 0.441322993717, 1.26269464109, 1.66199319306, 0.526158812722, 4.56138123476, 37.3386753071, 0.0860881286386, 0.4
0.148028062843, 0.824587484112, 2.25004935748, 0.519807470926, 87.1327602574, 3.38504837504, 0.06447447748, 1.80809545221, 43.2347522351, 0.0779192005184, 0.5
0.302583273272, 1.13959552205, 9.62169044524, 0.497003052717, 94.6417995392, 2.78234689908, 1.94571171249, 0.446237371083, 2.34759755214, 0.0757461670634, 0.626666666667
0.895378431572, 1.14131869073, 2.25004935748, 0.446259270778, 98.8573784246, 2.78636470766, 2.70744227004, 4.47863704072, 15.1177237262, 0.10895496944, 0.00826446280992
0.101936845912, 1.1861185226, 7.00227286487, 0.415307491892, 63.9384717464, 20.2850916193, 2.88713037162, 4.32426477081, 17.5628054199, 0.111886768107, 0.0
0.312089071693, 1.04503830474, 6.70803729675, 0.440183790643, 86.4328745218, 3.66501212308, 3.3275975519, 4.51614993453, 4.85846384668, 0.0974908047047, 0.364093959732
0.180107398439, 1.15041772889, 3.15725054505, 0.518687946491, 65.4187732675, 8.96262401702, 1.5517618239, 3.84738525995, 3.60202765795, 0.0918610230815, 0.416666666667
0.221577520989, 1.1783509383, 6.93166752306, 0.403384040996, 79.4554906507, 3.03232711651, 1.26400219963, 1.59459429613, 20.3080411446, 0.0851647139662, 0.614457831325
0.458082117353, 1.1939772622, 3.69189754444, 0.555437720542, 49.271810116, 1.9612217937, 2.50036050756, 1.26218336521, 33.3349596761, 0.0813628936064, 0.625581395349
0.292862514807, 0.970882552625, 2.1196467173, 0.489195241066, 9.60165455345, 5.98785738062, 1.88190561119, 2.04228495981, 6.59277439534, 0.109624401796, 0.0416666666667
0.895378431572, 0.824587484112, 2.25004935748, 0.519807470926, 87.1327602574, 3.38504837504, 0.06447447748, 1.80809545221, 6.42507323377, 0.120362357275, 0.0
0.387754855074, 1.18628574075, 3.69189754444, 0.555437720542, 88.5538115597, 1.9612217937, 2.50036050756, 3.45708684459, 33.3349596761, 0.098518779058, 0.516260162602
0.180107398439, 1.15041772889, 3.15725054505, 0.503494031843, 38.6234382137, 7.55723578531, 0.702785031376, 3.84738525995, 3.60202765795, 0.0944679582491, 0.533333333333
0.180107398439, 0.824587484112, 3.15725054505, 0.503494031843, 23.1990266042, 7.55723578531, 0.06447447748, 1.80809545221, 3.60202765795, 0.111301133378, 0.466666666667
0.880675055278, 0.967590768774, 5.14531610056, 0.618900638972, 1.26269464109, 1.66199319306, 0.536352122851, 1.43031118181, 24.1574392869, 0.117428731663, 0.222222222222
0.571891013276, 1.18031447501, 3.43900639996, 0.441322993717, 5.82431221206, 2.81288064086, 0.526158812722, 4.47708674854, 37.3386753071, 0.119580723256, 0.166666666667
0.164056668801, 0.945508888369, 8.97584552165, 0.541376027158, 86.9475538783, 16.6130248004, 0.760808546255, 2.6524885293, 29.6639502473, 0.121560898658, 0.0833333333333
0.107146517764, 0.913328900982, 8.84335161083, 0.669827846527, 57.6706624403, 34.1581766933, 1.45711709705, 1.8182306704, 28.7886700551, 0.122384052397, 0.0
0.880675055278, 0.967590768774, 5.14531610056, 0.616821965152, 1.26269464109, 1.66199319306, 0.536352122851, 1.43031118181, 24.1574392869, 0.0974391660931, 0.533333333333
0.148028062843, 1.0426558298, 2.81756702466, 0.599574520433, 63.2596516799, 7.11926026991, 2.49782023869, 1.26218336521, 43.2347522351, 0.0957015311883, 0.6463878327
0.312089071693, 1.04503830474, 6.70803729675, 0.538214027846, 86.4328745218, 3.66501212308, 3.3275975519, 4.21664053367, 4.85846384668, 0.118959864219, 0.400717703349
0.644194815291, 1.08065368066, 3.43900639996, 0.480664566016, 5.82431221206, 5.32961271989, 0.182399098251, 4.53431488466, 37.3386753071, 0.121643037364, 0.2
0.148028062843, 1.1885927329, 7.60744427193, 0.486855958209, 18.1767207022, 12.6814649828, 0.779472660765, 1.29801230282, 7.14461885568, 0.14712951489, 0.0
0.895378431572, 1.14131869073, 2.25004935748, 0.545793803926, 97.9554881997, 2.78636470766, 2.70744227004, 4.47863704072, 15.1177237262, 0.122728657027, 0.0168067226891
0.458082117353, 1.1939772622, 8.14996478333, 0.555437720542, 50.2212716146, 1.9612217937, 2.50036050756, 1.26218336521, 33.3349596761, 0.103838035664, 0.654362416107
0.312089071693, 1.04503830474, 6.70803729675, 0.440183790643, 77.1789764646, 3.66501212308, 2.88713037162, 4.51614993453, 4.85846384668, 0.120193973535, 0.5
0.174395983042, 1.17595648574, 4.86215022876, 0.670487760206, 79.5929752342, 20.1364158888, 3.81523594303, 0.550997514148, 22.2962760851, 0.147338687828, 0.0
0.418594494566, 1.0426558298, 2.81756702466, 0.599574520433, 63.2596516799, 2.86020953578, 2.49782023869, 3.45708684459, 43.2347522351, 0.130213564524, 0.418502202643
0.259387171511, 1.11013183579, 8.14996478333, 0.440983764453, 66.1492056827, 7.30855851934, 3.70001200231, 3.76647438334, 21.3408670077, 0.134408387577, 0.130977130977
0.418594494566, 1.0426558298, 2.81756702466, 0.599574520433, 66.1492056827, 2.86020953578, 2.49782023869, 3.45708684459, 43.2347522351, 0.125677012864, 0.465517241379
0.880675055278, 0.967590768774, 6.9912575337, 0.618900638972, 1.26269464109, 1.66199319306, 0.536352122851, 1.43031118181, 24.1574392869, 0.119204840235, 0.666666666667
0.212399056247, 0.841133503015, 6.16049463422, 0.54258742369, 88.3595110211, 16.6238339295, 3.10651342455, 2.1047606602, 42.5360845528, 0.158257222998, 0.0
0.880675055278, 0.980409839104, 9.81046696252, 0.618900638972, 1.26269464109, 1.66199319306, 0.760808546255, 3.96482539063, 24.1574392869, 0.134227503828, 0.444444444444
0.180107398439, 1.15041772889, 3.15725054505, 0.518687946491, 65.4187732675, 7.55723578531, 0.702785031376, 3.84738525995, 3.60202765795, 0.134741122105, 0.393939393939
0.101936845912, 0.866683944264, 7.00227286487, 0.415307491892, 63.9384717464, 20.2850916193, 2.88713037162, 4.32426477081, 17.5628054199, 0.137348439372, 0.137931034483
0.418594494566, 0.962758641801, 2.81756702466, 0.599574520433, 97.9554881997, 2.78636470766, 2.70744227004, 3.45708684459, 15.1177237262, 0.130278407067, 0.528384279476
0.164056668801, 0.945508888369, 8.97584552165, 0.693057353133, 86.9475538783, 16.6130248004, 0.760808546255, 2.6524885293, 29.6639502473, 0.159138166785, 0.0
0.538632103886, 1.18485349004, 9.98629466065, 0.415794784347, 72.2369568647, 4.46542378957, 0.0467932159931, 0.491415329479, 22.7129735561, 0.146237536711, 0.142857142857
0.104845607442, 1.15041772889, 7.99888878327, 0.519807470926, 87.1327602574, 26.0359654072, 0.109756224425, 4.7878531484, 6.42507323377, 0.140919459409, 0.153846153846
0.353720556925, 0.851781915158, 8.36922708777, 0.570505924638, 50.5234554177, 8.96262401702, 1.5517618239, 1.86696325865, 18.3726219363, 0.159557297958, 0.0
0.571891013276, 0.873271946927, 2.02429526675, 0.447119373495, 81.9247136953, 3.12721920373, 3.12859965774, 4.21664053367, 4.85846384668, 0.144952859407, 0.301458670989
0.180107398439, 1.15041772889, 3.15725054505, 0.518687946491, 65.4187732675, 7.55723578531, 1.5517618239, 3.84738525995, 18.3726219363, 0.140951429593, 0.333333333333
0.538632103886, 1.18485349004, 9.98629466065, 0.449511194412, 72.2369568647, 4.46542378957, 0.0467932159931, 0.491415329479, 17.8056283443, 0.162007299839, 0.166666666667
0.174395983042, 1.17595648574, 4.86215022876, 0.670487760206, 79.5929752342, 20.1364158888, 3.96626117203, 0.550997514148, 22.2962760851, 0.163820867979, 0.0116009280742
0.257623741894, 0.937438036466, 2.97322919543, 0.572758451618, 33.740201748, 21.4819869857, 1.10850428668, 0.133328744353, 24.7889870114, 0.180111842735, 0.0
0.264625454548, 0.833599233672, 2.0815498374, 0.605594097986, 53.517896576, 12.6814649828, 3.99191989158, 1.79501489202, 24.2560781503, 0.160415080437, 0.18669527897
0.259387171511, 1.11013183579, 3.69189754444, 0.440983764453, 63.2596516799, 7.30855851934, 3.70001200231, 3.76647438334, 21.3408670077, 0.146519056519, 0.310829817159
0.418594494566, 1.0426558298, 2.81756702466, 0.599574520433, 63.2596516799, 2.86020953578, 2.49782023869, 3.45708684459, 43.2347522351, 0.14121432484, 0.534351145038
0.264625454548, 0.833599233672, 2.0815498374, 0.613459581062, 53.517896576, 12.6814649828, 3.99191989158, 1.79501489202, 24.2560781503, 0.165864320487, 0.123255813953
0.257623741894, 0.937438036466, 2.97322919543, 0.621972537277, 33.740201748, 21.4819869857, 1.10850428668, 0.133328744353, 24.7889870114, 0.181358197201, 0.0
0.607120285321, 0.900958944838, 8.0437121074, 0.58063035152, 94.6417995392, 3.57086385258, 3.20523988584, 0.756008022969, 2.34759755214, 0.149857030298, 0.358620689655
0.101936845912, 0.844057052225, 2.13768984904, 0.567748997524, 74.9827378384, 39.9693457475, 0.518870664918, 4.32426477081, 30.1619498652, 0.200218480113, 0.0
0.292862514807, 0.970882552625, 2.1196467173, 0.489195241066, 6.96809807241, 5.98785738062, 1.88190561119, 2.04228495981, 6.59277439534, 0.160748411383, 0.5
0.166938871629, 1.06257570174, 7.21162365095, 0.64114169549, 57.7306206396, 14.725926971, 1.03013564374, 2.526104548, 8.72763404326, 0.164083259876, 0.375
0.264625454548, 0.833599233672, 2.0815498374, 0.613459581062, 6.65458918771, 12.6814649828, 3.99191989158, 1.79501489202, 24.2560781503, 0.176480990856, 0.207818930041
0.101936845912, 1.1861185226, 7.00227286487, 0.415106777676, 63.9384717464, 20.2850916193, 3.3275975519, 4.32426477081, 41.0339902559, 0.178711186543, 0.169154228856
0.594811208956, 0.974635190215, 4.16600449443, 0.51187771128, 20.1691488768, 7.984017024, 3.0788420771, 2.26844468453, 10.0556567133, 0.185385842522, 0.0315186246418
0.178550438564, 0.8720902849, 8.30578332766, 0.520489864957, 98.8951840849, 24.7652342676, 3.53884665481, 2.84830876831, 12.668531939, 0.186619955347, 0.0133779264214
