3.60143197275, 1.10324180252, 1.507795408, 0.952136601625, 2.83000013192, 1.14478659434, 1.87255063814, 1.26000011151, 1.14000085301, 1.39842984134, 3.04152936866, 0.945600398829, 3.04000091632, 1.09826468476, 0.926609066081, 1.00000020706, 1.00000032603, 1.04731842598, 5.20956110685, 0.983138138165, 1.00000066936, 100.31143071, 1.08423399012, 2.33246953875, 1.05737004609, 3.29000013252, 1.00000070898, 22.0505126084, 0.0
5.04703201881, 1.01885210651, 1.46083931806, 0.836727722588, 2.83000051518, 0.912504890505, 5.51073979043, 1.26000052174, 1.14000024597, 3.40317319171, 2.66950930369, 0.925021940175, 3.04000062608, 1.09528602164, 0.813525210264, 1.00000088552, 1.00000091886, 1.0851454225, 3.47573674506, 0.94754752575, 1.00000028746, 102.739696037, 0.945748284941, 1.73816869821, 1.03059330083, 3.2900005466, 1.00000013506, 265.413562619, 0.804289544236
3.21920317511, 1.03428523067, 1.63213270226, 0.847692660573, 2.83000080925, 1.18276500878, 3.98721823455, 1.26000045601, 1.14000099395, 2.93089442261, 2.4810828262, 1.08119908692, 3.0400004347, 1.01935056832, 0.831675778543, 1.00000013454, 1.00000064216, 1.05516498659, 6.19761113789, 0.915859500807, 1.00000061787, 85.6368103077, 1.04486335817, 3.5196445271, 1.04768847101, 3.29000083111, 1.00000036029, 113.708293793, 1.34048257373
3.29606276812, 1.05865525847, 1.42574453484, 0.877874823928, 2.83000070936, 1.14692049034, 1.62889003491, 1.26000059971, 1.14000068564, 2.02584677232, 1.70040163825, 0.924556161028, 3.0400002231, 1.05122420509, 1.07214861005, 1.00000064198, 1.00000030567, 1.08828358532, 4.5976551615, 0.955162520524, 1.00000013327, 106.16733963, 0.900823169654, 3.77589425936, 0.975571466048, 3.29000037329, 1.00000085035, 415.145386245, 0.536193029491
2.96624670703, 1.13480076404, 1.40153389693, 0.962834203954, 2.83000012664, 0.900476269042, 3.05028758821, 1.2600001645, 1.14000095372, 3.17907702302, 2.52060501586, 0.884193730926, 3.04000054656, 1.06946627079, 1.01557151776, 1.00000088371, 1.00000035355, 1.0606654751, 7.99697811719, 0.951032233399, 1.00000085968, 95.7477633828, 0.995815943737, 4.16808216464, 1.02398354084, 3.29000096639, 1.00000076153, 29.8104425581, 1.87667560322
5.96943864002, 1.00610775228, 1.48370813589, 0.927639880486, 2.83000078401, 1.09921942705, 2.10068746472, 1.26000061704, 1.14000020771, 2.60426412046, 1.81802627473, 1.00159089672, 3.04000084083, 1.10976603283, 0.869946051306, 1.00000011258, 1.00000093279, 1.02633714357, 4.87551613318, 0.99376756163, 1.00000040199, 75.1352365426, 0.884419396153, 4.11243599044, 0.994325927587, 3.29000035769, 1.00000088047, 546.032745768, 0.0
5.99010131273, 1.09094445729, 1.34881036649, 0.930619108054, 2.83000046754, 0.940942120787, 2.9371439217, 1.26000072604, 1.14000088971, 2.29743359244, 2.87916827946, 0.993562941498, 3.04000099023, 1.11293440928, 0.877012206015, 1.00000069712, 1.00000093652, 1.08335683169, 3.43263422032, 0.964142440635, 1.00000034491, 114.831650991, 1.05490501635, 1.29234191506, 1.04460019371, 3.29000058463, 1.0000005034, 211.26579784, 1.60857908847
5.57564404912, 1.09133168504, 1.45480657891, 0.908510003935, 2.83000041083, 1.16471672813, 5.22000499438, 1.26000046278, 1.14000006498, 2.11921063282, 2.94502074218, 0.964216135755, 3.04000079331, 1.06730905217, 0.941095856665, 1.00000013518, 1.00000001985, 1.08388737239, 5.97836298007, 0.96780117655, 1.00000019492, 103.340400432, 0.994433581047, 3.78634225787, 1.06336811265, 3.29000018763, 1.0000008729, 605.387368564, 0.0
4.42380701386, 1.12837055229, 1.41016285988, 0.869039362018, 2.83000092285, 0.880754018092, 2.21347090999, 1.26000054383, 1.14000027877, 2.57820622606, 2.9962179976, 1.04899417131, 3.04000018342, 1.05777367405, 1.08905318393, 1.00000054511, 1.00000017675, 1.05251806377, 4.20892856404, 0.936661845256, 1.00000044451, 95.0452840635, 1.04392429821, 5.51916525209, 0.975959819267, 3.29000058138, 1.00000030517, 1615.28183349, 0.0
1.66673667274, 1.02572434473, 1.63327799264, 0.923264644656, 2.83000009174, 0.887758870328, 5.66775908456, 1.26000090116, 1.1400008685, 3.02097347572, 2.87041856319, 0.931031604222, 3.04000028116, 1.10253733493, 0.888512353558, 1.00000031754, 1.0000004065, 1.07990990405, 3.58638193139, 0.92321797676, 1.00000046213, 76.9252694332, 1.03141372168, 3.30674373429, 0.982243609819, 3.29000057799, 1.00000051045, 883.166447223, 0.268096514745
1.10362421228, 1.06368552233, 1.4492592303, 0.83167183729, 2.8300008284, 0.855674198414, 5.17849685484, 1.26000035955, 1.14000073678, 3.71057923895, 2.91986254766, 1.01645992852, 3.0400001184, 1.00680355664, 0.909389386803, 1.00000036261, 1.00000030067, 1.05420528552, 9.93842130352, 0.995666415214, 1.00000044114, 100.789269334, 0.897266765893, 3.94835290699, 0.995993613309, 3.29000087205, 1.00000004407, 217.324488018, 2.41286863271
2.56530872554, 1.05586773129, 1.63607643757, 0.973553569722, 2.83000091204, 1.14359268993, 1.41636108001, 1.26000071743, 1.14000041532, 3.48413545228, 2.01791553062, 1.07093854004, 3.04000065865, 1.07690851974, 0.990254314386, 1.00000024602, 1.00000056997, 1.03675839561, 5.40556008706, 0.924443129753, 1.00000063074, 124.770721786, 0.900812023041, 3.32289594619, 1.04292221721, 3.29000008096, 1.0000009254, 409.579383337, 1.60857908847
3.93439096895, 1.07171876577, 1.64223187257, 0.84768680658, 2.83000093855, 0.930716962937, 4.21127784084, 1.26000085587, 1.14000022144, 2.07632198777, 2.56673600606, 1.08459781855, 3.04000098475, 1.03147332231, 0.799872623781, 1.00000079945, 1.00000015772, 1.01069890535, 7.62659481587, 0.936482182855, 1.00000055674, 101.441144849, 0.942412302973, 2.83221899137, 1.06729086793, 3.290000553, 1.00000085962, 3841.87036272, 0.0
5.96943864002, 1.00610775228, 1.48370813589, 0.927639880486, 2.83000078401, 1.09921942705, 4.79380587804, 1.26000061704, 1.14000020771, 2.60426412046, 1.81802627473, 1.00159089672, 3.04000084083, 1.10976603283, 0.869946051306, 1.00000011258, 1.00000093279, 1.02633714357, 4.87551613318, 0.99376756163, 1.00000040199, 75.1352365426, 0.884419396153, 4.11243599044, 0.994325927587, 3.29000035769, 1.00000088966, 364.621939758, 4.28954423592
3.27690579515, 1.0371985695, 1.6609554151, 0.857061705332, 2.83000094296, 1.08975538037, 3.49373398924, 1.26000097824, 1.14000076628, 3.29590649817, 2.06604692481, 0.947411642804, 3.04000007331, 1.00226166216, 0.855714535129, 1.00000034358, 1.00000002092, 1.02036476232, 4.77861792821, 0.939892416335, 1.00000087223, 101.822219454, 0.893681389602, 4.48615422507, 0.991836826128, 3.29000067234, 1.0000001198, 4030.46774703, 0.0
2.84412009901, 1.08217572064, 1.36598027214, 0.830722747692, 2.83000099097, 1.16285734762, 3.81813199316, 1.26000040652, 1.14000057784, 1.56103460824, 2.1021121529, 1.091184792, 3.04000042842, 1.08738027788, 0.90681596388, 1.00000028301, 1.0000006233, 1.06727112622, 4.20538671706, 0.957293155524, 1.00000092129, 89.0961115091, 1.01000052508, 2.45152702909, 0.974730815864, 3.2900002794, 1.00000060952, 2802.84318126, 0.268096514745
5.74914672324, 1.03598529808, 1.56075347148, 0.937788954241, 2.83000022137, 1.12535040341, 2.86746209578, 1.2600004015, 1.14000088219, 2.3932324537, 1.68586016009, 1.03017849338, 3.04000067955, 1.0860896504, 0.995955347781, 1.00000000139, 1.00000062439, 1.02005474626, 5.49664901634, 0.968874783957, 1.00000066424, 95.4944494753, 1.07507159331, 2.925435224, 1.01855521205, 3.29000019843, 1.00000076766, 4062.79707153, 0.0
5.00111521656, 1.02788846033, 1.4071825314, 0.800443368451, 2.83000009147, 0.883718835333, 4.2860715046, 1.26000099987, 1.1400009986, 2.53428692742, 2.05248035259, 1.00327913942, 3.0400002645, 1.03371884523, 1.07604228356, 1.00000089099, 1.00000032395, 1.08669513191, 3.86798994862, 0.920215432831, 1.00000002073, 116.213262794, 0.976112719763, 2.84283986691, 1.02158726253, 3.29000029803, 1.00000089538, 1271.53084825, 1.07238605898
2.83679537851, 1.08399243837, 1.69013392672, 0.89145420315, 2.83000087649, 1.05599372573, 5.16798090235, 1.26000064296, 1.14000020699, 2.24009070394, 2.13175709937, 1.0995654596, 3.04000065232, 1.08772547751, 0.896003759064, 1.00000093689, 1.00000050721, 1.01305463594, 7.98938914733, 0.994789110939, 1.0000002135, 88.4661592427, 0.867500439592, 1.02921687812, 1.05121442203, 3.29000011339, 1.00000041978, 1991.37741656, 0.536193029491
4.92891173926, 1.13215914694, 1.65516091419, 0.800188907538, 2.83000090092, 1.18284812582, 5.14408005294, 1.26000006662, 1.14000050769, 1.46577027031, 2.02559221176, 0.990095472465, 3.04000064101, 1.06683195436, 0.862690599774, 1.00000071681, 1.00000012043, 1.01994989627, 9.65745770085, 0.931504516002, 1.00000096799, 113.747410489, 1.02374684487, 3.27718471558, 1.04267134359, 3.29000088165, 1.00000094392, 1505.93181441, 1.07238605898
1.24695384241, 1.05124287503, 1.35155040681, 0.992257034472, 2.83000001034, 0.940516676847, 1.97912943253, 1.26000001405, 1.14000008522, 2.98852341036, 3.01855522971, 0.952810052054, 3.04000008652, 1.09769904959, 0.910957688728, 1.00000096897, 1.00000012301, 1.01353661326, 8.00290841169, 0.958798251256, 1.00000020977, 116.291046687, 0.886486836524, 1.44489555297, 1.0269415754, 3.29000060231, 1.0000006065, 6037.17473415, 0.0
1.78000351221, 1.00296595442, 1.40887716877, 0.810020531865, 2.83000096578, 1.125039429, 3.39910674525, 1.26000015214, 1.14000081469, 3.66712850559, 2.58078287207, 0.927239984201, 3.0400004584, 1.05964363689, 1.06702777316, 1.00000045708, 1.00000023864, 1.01059963914, 6.12635790794, 0.973687277223, 1.00000074782, 75.8461866231, 0.846608452008, 5.88346637389, 1.05964280735, 3.29000061243, 1.00000040362, 1772.75777526, 0.804289544236
2.90102214559, 1.02643524094, 1.34607197169, 0.986299633892, 2.83000032142, 0.962626631466, 1.1307639397, 1.26000011092, 1.14000095814, 2.2599853948, 2.8401919471, 0.983095357988, 3.04000061445, 1.06788935625, 0.973448681183, 1.00000082105, 1.00000007833, 1.0923043344, 6.45975301942, 0.972816660325, 1.00000080664, 82.4025879266, 1.08813276165, 2.4068129476, 0.962556702034, 3.29000049245, 1.00000033803, 2606.24121343, 0.536193029491
4.92891173926, 1.13215914694, 1.65516091419, 0.800188907538, 2.83000090092, 1.18284812582, 5.14408005294, 1.26000006662, 1.14000050769, 1.46577027031, 2.02559221176, 0.990095472465, 3.04000064101, 1.06683195436, 0.862690599774, 1.00000071681, 1.00000012043, 1.01994989627, 9.65745770085, 0.931504516002, 1.00000096799, 113.747410489, 1.02374684487, 1.0001684769, 1.04267134359, 3.29000088165, 1.00000094392, 741.521221953, 1.60857908847
3.29606276812, 1.05865525847, 1.42574453484, 0.877874823928, 2.83000070936, 1.14692049034, 1.62889003491, 1.26000059971, 1.14000068564, 2.02584677232, 1.70040163825, 0.924556161028, 3.0400002231, 1.05122420509, 1.07596019083, 1.00000064198, 1.00000030567, 1.08828358532, 4.5976551615, 0.955162520524, 1.00000013327, 106.16733963, 0.900823169654, 3.77589425936, 0.975571466048, 3.29000037329, 1.00000039535, 6154.81645079, 0.0
3.01874216411, 1.01555964473, 1.42761694134, 0.993663880783, 2.83000044731, 1.05842136941, 4.91736419379, 1.26000094594, 1.14000053571, 2.84585173309, 1.66628847506, 1.06484747393, 3.04000056976, 1.05783002777, 0.889254260779, 1.00000023373, 1.00000006983, 1.03943922681, 3.15812455151, 0.952046641857, 1.00000081382, 116.956019108, 0.843949975857, 3.9847016592, 1.05510941237, 3.29000091795, 1.00000092255, 7771.14879926, 0.0
1.59023510375, 1.09025622054, 1.66740725338, 0.970483908842, 2.83000039692, 0.90337890454, 5.93737854135, 1.26000055998, 1.14000019909, 1.77373574043, 2.75871965396, 1.03221230558, 3.04000064325, 1.07996050442, 0.959686998284, 1.00000009301, 1.00000074676, 1.05087429367, 6.82248267592, 0.952340313061, 1.00000059235, 82.5375494256, 0.853642009986, 2.96297016469, 1.00778531892, 3.29000066021, 1.00000032937, 2349.96633976, 0.804289544236
5.08843184854, 1.04374056944, 1.51905971204, 0.862288350824, 2.83000060991, 1.12141611245, 5.40887280325, 1.26000039398, 1.14000029102, 2.52558744578, 2.20209450752, 1.09147116529, 3.04000015362, 1.10691701793, 0.991782305344, 1.00000000385, 1.00000059188, 1.03392019658, 7.41594993785, 0.974232938509, 1.00000026707, 120.00581043, 0.912207271268, 3.07949678176, 1.04253142331, 3.29000017475, 1.0000000379, 5883.36134529, 0.268096514745
1.66673667274, 1.02572434473, 1.63327799264, 0.923264644656, 2.83000009174, 0.887758870328, 5.66775908456, 1.26000090116, 1.1400008685, 3.02097347572, 2.87041856319, 0.931031604222, 3.04000028116, 1.10253733493, 0.888512353558, 1.00000010842, 1.0000004065, 1.07990990405, 3.58638193139, 0.92321797676, 1.00000046213, 103.014834043, 1.03141372168, 3.30674373429, 0.982243609819, 3.29000057799, 1.00000051045, 795.874505012, 2.14477211796
3.21920317511, 1.03428523067, 1.63213270226, 0.847692660573, 2.83000080925, 1.18276500878, 3.98721823455, 1.26000045601, 1.14000099395, 2.93089442261, 2.4810828262, 0.965826802286, 3.0400004347, 1.02095901991, 0.831675778543, 1.00000013454, 1.00000064216, 1.05516498659, 6.19761113789, 0.915859500807, 1.00000061787, 85.6368103077, 1.04486335817, 3.5196445271, 1.04768847101, 3.29000083111, 1.00000036029, 2813.80890155, 0.536193029491
2.52637938302, 1.05231656516, 1.50221996225, 0.897916104826, 2.83000044042, 1.10175337671, 3.63230826511, 1.26000099619, 1.14000064238, 1.93425552162, 1.97148769092, 0.932820518932, 3.04000033149, 1.01585389988, 0.990808568789, 1.00000018867, 1.00000073986, 1.06297317585, 3.28455327147, 0.927544375733, 1.00000088475, 98.9759019732, 1.0177626536, 5.86714828769, 1.02262520536, 3.290000553, 1.00000054462, 9613.99153764, 0.0
4.09839736549, 1.06898653057, 1.53461791873, 0.947988415937, 2.83000060188, 1.15809050621, 3.14577452774, 1.26000034295, 1.1400001927, 2.23416039659, 2.11339724276, 0.940656142252, 3.04000029331, 1.0065702039, 0.857039381489, 1.0000000442, 1.00000094848, 1.00474092488, 5.18978838825, 0.94954235451, 1.00000012236, 116.905153704, 1.06136529122, 5.19536528035, 0.997549944495, 3.29000094588, 1.00000048397, 1695.42171064, 1.34048257373
3.73490638708, 1.03541376134, 1.42192942259, 0.909920186951, 2.83000093488, 1.00331049238, 3.11150180872, 1.26000074099, 1.14000060986, 1.29419163234, 2.77516536321, 1.0544449343, 3.04000072893, 1.05376086648, 0.827715484719, 1.00000066138, 1.00000043226, 1.06691467085, 6.45273668865, 0.939928991839, 1.00000084444, 119.494375485, 1.02563104579, 1.10147472233, 0.954993462675, 3.29000002598, 1.00000056437, 9811.88975031, 0.0
5.72981699531, 1.1091380638, 1.36379782719, 0.813807538542, 2.83000003468, 1.07530817014, 1.17377958343, 1.26000088288, 1.14000088182, 2.02004379344, 2.09807528367, 0.999214175168, 3.04000005694, 1.0600505678, 0.853223441697, 1.00000022436, 1.00000096645, 1.02307610234, 4.70594787801, 0.925866519188, 1.00000047282, 87.1838111977, 0.936010289721, 1.31490471501, 1.06209852453, 3.29000026716, 1.00000008187, 15159.2201876, 0.0
1.18546021296, 1.09025622054, 1.66740725338, 0.970483908842, 2.83000039692, 0.90337890454, 5.93737854135, 1.26000055998, 1.14000019909, 1.77373574043, 2.75871965396, 1.03221230558, 3.04000064325, 1.07996050442, 0.991586986981, 1.00000009301, 1.00000074676, 1.05087429367, 6.82248267592, 0.952340313061, 1.00000059235, 82.5375494256, 0.853642009986, 2.96297016469, 1.00703048266, 3.29000066021, 1.00000032937, 23333.4011489, 0.0
1.66896001246, 1.11150619684, 1.39171937944, 0.887609062189, 2.83000042738, 0.885679128444, 3.51879070317, 1.26000069653, 1.14000025299, 3.27172631854, 2.19687474385, 1.07288133096, 3.04000053373, 1.05135193323, 1.06515798098, 1.00000075539, 1.00000017563, 1.00573120318, 4.5782095229, 0.93868999208, 1.00000067607, 114.958651432, 0.900124182883, 1.87616314023, 1.05711009905, 3.29000069336, 1.00000045993, 994.225725493, 2.41286863271
5.10282743237, 1.11017184985, 1.4685484245, 0.941534162354, 2.8300000383, 1.17905773246, 3.58489947168, 1.26000014538, 1.14000022285, 2.82162400765, 1.57146612686, 0.895073683366, 3.04000086764, 1.0216503289, 0.880890427021, 1.00000095546, 1.00000018846, 1.05091632737, 7.52361075495, 0.946345593512, 1.00000094484, 107.356377825, 0.98148727629, 1.76943481353, 0.993382831767, 3.29000041644, 1.00000082119, 37087.7115085, 0.0
1.20829901044, 1.12792729352, 1.67456479278, 0.859582515314, 2.83000028186, 0.887309801625, 5.81544001042, 1.26000044403, 1.14000071636, 1.73952356505, 2.38910501573, 1.05653362862, 3.04000016955, 1.04017941601, 0.946082086336, 1.00000003636, 1.00000044698, 1.08054986674, 8.77002791602, 0.94963463735, 1.00000003101, 78.9457422742, 1.07592694386, 2.87779850444, 0.972644650145, 3.29000094639, 1.00000069329, 929.091605524, 4.55764075067
3.25785456308, 1.07919371018, 1.68707596555, 0.921623828617, 2.83000048831, 0.952578592834, 2.27610795805, 1.26000072275, 1.14000008649, 3.47446793383, 1.99139800986, 1.00124416271, 3.04000056833, 1.03133772887, 0.852703349452, 1.00000015883, 1.00000044262, 1.0314870073, 4.40035271208, 0.969009794497, 1.0000000181, 83.7127399199, 0.860246283501, 3.42968820363, 1.06644228242, 3.29000035898, 1.00000093738, 8285.00168591, 0.268096514745
2.6342997538, 1.10306860172, 1.43536991475, 0.855117343887, 2.83000050991, 1.05030601358, 1.92883504631, 1.26000035898, 1.14000047241, 2.0821166504, 1.87272955026, 1.03545781479, 3.04000029891, 1.01972185514, 1.02848240163, 1.00000030401, 1.00000069826, 1.08922719991, 9.18990991199, 0.973133570952, 1.0000007171, 98.292588501, 1.08345191529, 2.21743044598, 1.06150327116, 3.29000002933, 1.00000002886, 1216.39565289, 4.55764075067
3.0432687246, 1.00448890616, 1.73157781299, 0.958457316258, 2.83000091935, 1.0018630611, 4.22413788802, 1.2600007288, 1.14000048608, 1.97503165804, 2.48016840736, 1.06843483918, 3.04000080161, 1.03309851036, 0.901484423203, 1.00000029557, 1.00000053313, 1.03372708999, 8.06827772861, 0.939226527534, 1.00000081153, 93.6585521094, 1.03988394508, 5.09138319307, 1.03076391071, 3.29000075145, 1.00000047671, 10855.0143153, 0.268096514745
2.10934895786, 1.04211412574, 1.47547310207, 0.87365119788, 2.8300005647, 1.12155173967, 1.88529601245, 1.26000036804, 1.14000063609, 2.29069648279, 1.74927652659, 0.985495649519, 3.04000034734, 1.03371184768, 0.807104437523, 1.0000009679, 1.00000025079, 1.03022667101, 7.40989757133, 0.991687149862, 1.00000018929, 86.6499203482, 0.854962182024, 4.28934518179, 1.00657776907, 3.29000047611, 1.00000038607, 12565.7643212, 0.268096514745
3.27690579515, 1.0371985695, 1.6609554151, 0.857061705332, 2.83000094296, 1.08975538037, 3.49373398924, 1.2600001645, 1.14000076628, 3.29590649817, 2.06604692481, 0.947411642804, 3.04000007331, 1.00226166216, 0.855714535129, 1.00000034358, 1.00000002092, 1.02036476232, 4.77861792821, 0.964130511894, 1.00000087223, 101.822219454, 0.893681389602, 4.48615422507, 0.991836826128, 3.29000096639, 1.00000076153, 6784.24428357, 0.536193029491
1.04510598584, 1.09862658588, 1.67626994889, 0.918041293057, 2.83000072883, 0.987579374988, 2.76619579101, 1.26000042201, 1.14000039141, 2.191507884, 3.020061918, 0.8823097362, 3.04000072458, 1.03487507182, 0.788979289797, 1.00000071002, 1.00000089747, 1.08008894007, 8.80344433906, 0.963645329963, 1.00000078599, 100.629004946, 0.96106383161, 3.87813404871, 1.02643273898, 3.29000015145, 1.00000052871, 34217.7992336, 0.268096514745
3.73490638708, 1.03541376134, 1.42192942259, 0.909920186951, 2.83000093488, 1.00331049238, 3.11150180872, 1.26000074099, 1.14000060986, 1.29419163234, 2.77516536321, 1.0544449343, 3.04000021081, 1.05376086648, 0.827715484719, 1.00000066138, 1.00000043226, 1.06691467085, 6.45273668865, 0.939928991839, 1.00000084444, 119.494375485, 1.02563104579, 1.10147472233, 0.954993462675, 3.29000002598, 1.00000056437, 5997.58109559, 0.804289544236
4.90296360719, 1.13793961724, 1.58972998746, 0.912681342084, 2.83000023788, 1.06286823697, 5.13650376043, 1.26000077272, 1.14000039542, 3.05497917765, 2.25965568579, 1.02174649266, 3.04000053055, 1.00701465786, 1.01268391405, 1.00000035855, 1.00000061375, 1.06866764947, 5.87751913309, 0.949129003149, 1.00000062359, 119.698170856, 0.964110431476, 2.52375094383, 1.04873332951, 3.29000097146, 1.0000005178, 5120.69055743, 1.07238605898
2.11164017655, 1.09407484706, 1.48941001828, 0.911129548527, 2.83000016118, 0.885088376276, 2.01414479202, 1.26000046898, 1.14000087472, 1.33511753381, 1.70953198903, 0.950834640308, 3.04000078958, 1.01171872878, 0.946635852874, 1.00000080468, 1.00000023265, 1.04552372136, 6.40167110296, 0.932407312103, 1.00000065841, 106.907842958, 0.867546251786, 4.22080492539, 1.02733369287, 3.29000039321, 1.00000025182, 2237.15547975, 3.21715817694
3.31508073677, 1.07915409173, 1.50937123575, 0.90701793325, 2.83000031303, 1.14668657681, 2.44673012614, 1.26000052792, 1.14000038374, 3.18263060605, 2.33111199113, 0.977956314497, 3.04000061589, 1.10815803816, 0.888041332658, 1.00000077876, 1.00000004015, 1.04597463102, 8.23310278916, 0.965314883782, 1.00000016515, 92.0156091605, 1.02524594445, 5.87993321189, 0.95705210356, 3.29000012072, 1.00000064309, 8603.22320981, 0.536193029491
1.1782349715, 1.06959964685, 1.51591404165, 0.93277546819, 2.83000051405, 1.07628550331, 3.96829408285, 1.26000016762, 1.14000015492, 2.80216812542, 1.61117600186, 0.953551098345, 3.04000009077, 1.05748687529, 0.829787517203, 1.00000053354, 1.00000016226, 1.02421111821, 7.73956090571, 0.916441629717, 1.00000045228, 81.0601842324, 1.03692281549, 3.99072876086, 0.971319724606, 3.29000068006, 1.00000032261, 2645.66611415, 2.14477211796
3.93439096895, 1.12153379973, 1.64223187257, 0.84768680658, 2.83000093855, 0.930716962937, 4.21127784084, 1.26000085587, 1.14000022144, 1.74973984135, 2.56673600606, 1.08459781855, 3.04000098475, 1.07798134093, 0.799872623781, 1.00000079945, 1.00000015772, 1.01069890535, 7.62659481587, 0.936482182855, 1.00000055674, 101.441144849, 0.942412302973, 2.83221899137, 1.06828868423, 3.29000097323, 1.00000085962, 9409.32007852, 0.536193029491
5.64378307786, 1.07939008155, 1.68043713827, 0.852253239101, 2.83000096775, 1.02936845011, 4.53760837041, 1.26000068167, 1.14000049027, 3.57659135994, 2.15224020101, 1.0125007551, 3.04000097778, 1.00513461835, 0.805477888316, 1.00000029733, 1.00000013515, 1.02863796826, 9.95476907059, 0.972491788766, 1.00000089237, 105.763510882, 1.08813276165, 2.17906127408, 1.05342541831, 3.29000010247, 1.00000005615, 2212.95426638, 5.36193029491
1.27262670965, 1.0012780935, 1.59863283686, 0.996935669423, 2.83000052168, 0.934950721331, 1.71188565096, 1.26000073004, 1.14000024936, 2.07933996187, 2.33580387482, 1.01165878579, 3.04000048617, 1.11996290947, 0.841561978227, 1.00000047012, 1.00000043796, 1.02785982121, 6.08663211826, 0.933981432893, 1.00000044532, 104.859811445, 0.852900215746, 1.08021492294, 0.998054824128, 3.29000077302, 1.00000019205, 3446.25928667, 1.60857908847
5.10535637657, 1.12496502423, 1.72348831282, 0.869101134957, 2.83000093029, 0.930669306813, 2.68410893746, 1.26000001308, 1.14000095803, 2.01821688357, 2.19658078159, 0.957945842511, 3.04000041685, 1.07794260668, 1.08905591995, 1.00000013902, 1.0000003777, 1.08246479167, 8.00398780201, 0.930943002224, 1.00000062052, 93.2013775724, 0.882924116008, 4.73175344505, 0.98931631409, 3.29000040363, 1.00000069074, 4064.23625839, 1.34048257373
2.44289879395, 1.00078429534, 1.35566983392, 0.893122982534, 2.83000094067, 0.962229028525, 3.49327421747, 1.26000011488, 1.14000061363, 1.37122123989, 1.83610437456, 1.02906592115, 3.04000002292, 1.04946318908, 0.940504163436, 1.00000045167, 1.00000000259, 1.01989128266, 7.03700248251, 0.919385342408, 1.00000090549, 109.245103475, 0.92485672512, 3.27718471558, 1.00792203825, 3.29000002267, 1.00000090553, 2401.53699669, 4.82573726542
2.18940330964, 1.05058277965, 1.61184207438, 0.878179202291, 2.83000091664, 1.14644602613, 2.17984094959, 1.26000085111, 1.1400006749, 3.43487609946, 2.82658805267, 1.08119908692, 3.04000091778, 1.06149915809, 0.795490042619, 1.00000030648, 1.00000035301, 1.0517959864, 3.99998418811, 0.982014671908, 1.00000036614, 81.2016532095, 1.03613588737, 4.90893540061, 1.00759336563, 3.29000072068, 1.00000064088, 7827.98985973, 0.804289544236
2.10934895786, 1.04211412574, 1.47547310207, 0.87365119788, 2.8300005647, 1.12155173967, 1.39045478725, 1.26000036804, 1.14000063609, 2.29069648279, 1.74927652659, 0.89719560564, 3.04000034734, 1.03371184768, 0.807104437523, 1.0000009679, 1.00000025079, 1.03022667101, 7.40989757133, 0.984705871034, 1.00000018929, 86.6499203482, 0.854962182024, 4.28934518179, 1.00657776907, 3.29000047611, 1.00000038607, 2881.12649665, 2.14477211796
2.44842469422, 1.09038270523, 1.71791673715, 0.907832188173, 2.83000068519, 1.10643058409, 1.24245114833, 1.26000034839, 1.14000086906, 1.37711780761, 2.4265579531, 0.956107182643, 3.0400000258, 1.03094191609, 1.02068940855, 1.00000067209, 1.00000072014, 1.00169483, 6.39193754495, 0.950450903549, 1.00000092338, 89.7823483353, 0.846507085007, 2.59917187992, 0.994117490978, 3.2900004248, 1.00000011708, 11314.5611769, 0.536193029491
1.78000351221, 1.00875963517, 1.40887716877, 0.810020531865, 2.83000099332, 1.125039429, 3.39910674525, 1.26000015214, 1.14000062021, 3.66712850559, 2.58078287207, 0.927239984201, 3.0400004584, 1.05964363689, 1.06702777316, 1.00000030834, 1.00000023864, 1.01059963914, 6.12635790794, 0.973687277223, 1.00000074782, 75.8461866231, 0.846608452008, 5.88346637389, 1.05964280735, 3.29000061243, 1.00000040362, 3103.42634941, 2.14477211796
5.28312927622, 1.06344526959, 1.44899057029, 0.899553578887, 2.83000055716, 1.01133412309, 1.11080714514, 1.260000037, 1.14000088221, 2.07399352153, 2.42414641255, 1.08273825976, 3.04000025163, 1.05881857748, 0.868531132253, 1.00000092821, 1.00000019472, 1.09864669261, 7.31557237722, 0.966793021081, 1.00000086916, 102.448719879, 0.974363377237, 4.81942573012, 0.979585432965, 3.29000053345, 1.00000092593, 11393.4691453, 0.536193029491
4.44150760301, 1.13336402652, 1.62848244767, 0.904364601385, 2.83000040021, 1.02967057629, 1.898901059, 1.26000008347, 1.14000010603, 3.63553429836, 2.46366228217, 0.944077978755, 3.04000034656, 1.01409131428, 1.00100659033, 1.00000022916, 1.00000060629, 1.02796503886, 7.81190709906, 0.984267309967, 1.00000083935, 90.1372820043, 0.971090325628, 1.14553124621, 1.00794211205, 3.29000024465, 1.00000022669, 12799.984937, 0.536193029491
4.43468927054, 1.07079168976, 1.7319862901, 0.851346026786, 2.83000066584, 1.18165465195, 5.60399320024, 1.26000005241, 1.14000027122, 1.80473840683, 2.43880939173, 0.963782826636, 3.04000007445, 1.08112651133, 0.80734788828, 1.00000014422, 1.00000018784, 1.08864750293, 3.4528079735, 0.999147487064, 1.00000064334, 121.360781239, 0.959529088858, 4.69013710685, 1.05656167322, 3.29000090248, 1.0000005917, 3043.95617505, 3.48525469169
4.34340982743, 1.04829268996, 1.38632952322, 0.917261954485, 2.8300008327, 1.05009260055, 2.71587219375, 1.26000066637, 1.14000054511, 2.29374735843, 2.49484376754, 1.077209962, 3.04000056326, 1.03140516456, 0.8191858321, 1.00000027804, 1.00000029857, 1.10736491827, 5.40139391387, 0.972393356955, 1.00000037248, 91.4971484735, 0.85193259014, 5.8095988137, 1.06540256547, 3.29000083328, 1.00000074048, 16478.6253505, 0.536193029491
3.25785456308, 1.07919371018, 1.68707596555, 0.921623828617, 2.83000048831, 0.998559649449, 2.27610795805, 1.26000072275, 1.14000008649, 3.47446793383, 1.63312986551, 1.07171355477, 3.04000056833, 1.03133772887, 0.852703349452, 1.00000015759, 1.00000044262, 1.0314870073, 4.40035271208, 0.969009794497, 1.0000000181, 83.7127399199, 0.860246283501, 3.42968820363, 1.06644228242, 3.29000035898, 1.00000093738, 3970.96460478, 2.14477211796
3.8881751877, 1.04913238648, 1.3960308745, 0.95238959314, 2.83000042106, 1.03730851822, 3.68701366671, 1.26000058129, 1.14000030954, 2.36621818959, 1.97176754002, 0.967878419785, 3.04000043659, 1.03837034486, 0.845092702415, 1.00000057855, 1.00000006947, 1.07095349336, 7.33263661934, 0.970649349862, 1.00000045087, 86.2532073664, 1.06312357648, 2.78796729247, 1.05652135121, 3.29000094363, 1.00000005488, 4067.61147214, 1.87667560322
2.68778621316, 1.11166767559, 1.49454626876, 0.804940465057, 2.83000005777, 0.867288681999, 5.10670356413, 1.26000090717, 1.14000089353, 2.17801724296, 1.71441822639, 0.955108442925, 3.04000003692, 1.01993872775, 1.06824136819, 1.00000071127, 1.00000021001, 1.01615789507, 7.92258009816, 0.968306415872, 1.0000002796, 94.6287657379, 1.05637820855, 2.43780798525, 0.999126899562, 3.29000069589, 1.00000034972, 6356.54879264, 1.34048257373
4.26487874891, 1.05838960384, 1.63210047475, 0.854326221374, 2.83000055353, 0.895949836624, 2.70088524179, 1.26000068865, 1.14000058405, 2.14309671828, 2.14265286258, 0.942818267781, 3.04000034103, 1.05696985853, 1.08489250772, 1.00000000101, 1.00000021572, 1.07575565383, 8.71591776537, 0.971575641315, 1.00000053131, 118.946229127, 1.04466591569, 2.30208184534, 1.01364483881, 3.29000037086, 1.00000006877, 18577.7282111, 0.536193029491
2.87968481949, 1.03515061767, 1.42414263029, 0.90231254564, 2.83000012537, 1.18784693009, 2.15464282857, 1.26000054669, 1.14000005931, 3.55668475832, 1.71453240112, 1.02820594223, 3.04000045515, 1.00268812559, 0.998662130855, 1.00000024911, 1.00000076541, 1.020364037, 7.65275133567, 0.92628740821, 1.00000033867, 84.0784131263, 0.889678895873, 3.99879019634, 1.02139108996, 3.29000014501, 1.00000009321, 19935.8997882, 0.536193029491
4.73957000559, 1.02112291926, 1.41937457191, 0.841258137888, 2.83000060479, 0.864827754385, 4.15900397015, 1.26000034468, 1.14000026429, 3.60835643862, 1.56345698565, 0.950089556569, 3.04000063141, 1.06289215611, 0.888121027491, 1.00000056685, 1.00000008558, 1.06954634386, 9.20074571199, 0.916762743561, 1.00000057478, 77.0891837667, 1.07408987247, 3.20465858318, 1.01535322592, 3.29000002873, 1.00000056011, 3693.20357097, 3.48525469169
1.81003720549, 1.13383172919, 1.35084347625, 0.820658102824, 2.83000093557, 0.979434419477, 5.21449649754, 1.26000086145, 1.14000071903, 2.40034040746, 2.00775958431, 0.898959521622, 3.04000046482, 1.10334752034, 0.98034556181, 1.00000071002, 1.00000089747, 1.0878669916, 8.55786840701, 0.910614567935, 1.00000072299, 77.1968157363, 0.935069399227, 5.70221685128, 0.983730820228, 3.29000042386, 1.00000015518, 3134.22134592, 4.55764075067
1.53576229701, 1.0846681696, 1.49210118626, 0.841030458748, 2.83000077678, 1.04958868531, 4.5757804874, 1.26000067099, 1.14000027931, 2.33335131208, 1.69976502023, 0.941801531024, 3.04000025738, 1.04642580421, 0.902857310727, 1.00000067127, 1.00000007027, 1.00611047949, 6.62494187501, 0.966068740277, 1.00000046486, 100.923593832, 0.916340705855, 1.81099035883, 1.04275342178, 3.29000015856, 1.00000095124, 8951.44241702, 1.07238605898
5.64637820106, 1.06231418431, 1.73954163272, 0.850613318133, 2.83000082135, 1.04033734138, 1.14473657663, 1.26000098306, 1.14000004363, 3.43845008062, 1.91031463122, 0.993127869306, 3.04000019449, 1.07890618877, 0.934962131488, 1.00000018811, 1.00000074071, 1.02229466895, 4.76094528659, 0.979828571898, 1.00000022302, 100.62994003, 0.886546471757, 2.51968602862, 0.997722629875, 3.29000081408, 1.00000019937, 6838.49346354, 1.34048257373
3.90198932241, 1.01023827877, 1.61726619978, 0.901300894035, 2.83000016318, 0.97104101452, 2.71274972535, 1.26000031701, 1.14000089953, 3.44683265257, 3.09597930423, 1.09186981533, 3.04000017155, 1.00685421774, 1.05042496338, 1.00000090132, 1.00000058098, 1.03491955263, 5.44324020369, 0.922576306028, 1.00000062184, 85.5330542766, 1.05341899444, 1.62962545034, 0.96630198598, 3.29000046958, 1.00000013104, 105615.448202, 0.536193029491
4.4240886393, 1.09350145667, 1.63443912982, 0.872066863057, 2.83000072704, 1.01457651198, 4.16825900958, 1.26000092103, 1.14000095087, 1.8490299106, 2.36044984277, 0.989130431942, 3.04000020901, 1.06701953684, 0.987104791626, 1.00000097875, 1.00000093088, 1.08427457397, 6.99641265555, 0.936223044311, 1.00000006086, 80.5527860987, 1.07213447978, 2.33454345983, 1.01498784934, 3.29000041019, 1.0000000355, 4022.5780493, 2.41286863271
3.90198932241, 1.01023827877, 1.61726619978, 0.901300894035, 2.83000016318, 0.97104101452, 2.71274972535, 1.26000031701, 1.14000089953, 3.44683265257, 3.09597930423, 1.09186981533, 3.04000017155, 1.00685421774, 1.05042496338, 1.00000090132, 1.000000134, 1.03491955263, 5.44324020369, 0.922576306028, 1.00000062184, 85.5330542766, 1.05341899444, 1.62962545034, 0.96630198598, 3.29000046958, 1.00000013104, 6876.94835732, 1.34048257373
2.68778621316, 1.11166767559, 1.49454626876, 0.804940465057, 2.83000005777, 0.867288681999, 5.10670356413, 1.26000090717, 1.14000089353, 2.47827598807, 1.72233013846, 0.955108442925, 3.04000003692, 1.01993872775, 1.06824136819, 1.00000071127, 1.00000021001, 1.01615789507, 3.09375983531, 0.968306415872, 1.0000002796, 94.6287657379, 1.05637820855, 2.43780798525, 0.999126899562, 3.29000069589, 1.00000034972, 5913.22696599, 1.87667560322
5.83705228492, 1.1324555384, 1.58110397508, 0.915136853723, 2.83000092993, 0.940850826377, 4.18722059623, 1.26000063326, 1.14000023515, 1.64487816402, 2.6657517643, 1.00362201759, 3.04000054954, 1.04369121738, 0.852872683765, 1.00000038467, 1.00000036386, 1.07882403113, 7.1201688336, 0.959770205011, 1.00000056164, 102.383675794, 0.969885259839, 1.47998935285, 1.00189572698, 3.2900000727, 1.00000036086, 7794.85941084, 1.34048257373
5.72705317182, 1.093093275, 1.39961221336, 0.973800787256, 2.83000092523, 0.933905077038, 5.58554524503, 1.26000022934, 1.14000085136, 2.54806300706, 2.20597491681, 0.931047192792, 3.04000069364, 1.04364131428, 0.949025644772, 1.00000048841, 1.00000072419, 1.04402428471, 7.56084325057, 0.998817812627, 1.00000090278, 86.6515069811, 0.993414423495, 1.69895999616, 0.97411215274, 3.29000018985, 1.00000017624, 4602.45076718, 2.14477211796
1.04510598584, 1.09862658588, 1.67626994889, 0.918041293057, 2.83000072883, 0.987579374988, 2.76619579101, 1.26000042201, 1.14000039141, 3.1553568027, 3.020061918, 0.8823097362, 3.04000072458, 1.03487507182, 0.788979289797, 1.00000043216, 1.00000024463, 1.08008894007, 8.80344433906, 0.963645329963, 1.00000078599, 100.629004946, 0.96106383161, 3.87813404871, 1.02643273898, 3.29000015145, 1.00000052871, 4776.4714411, 2.14477211796
4.49176264798, 1.13012376886, 1.47126932173, 0.878191140247, 2.83000060218, 0.945188300062, 2.17240354579, 1.26000034437, 1.14000046117, 3.23223544935, 3.08453475329, 0.983232148865, 3.040000007, 1.11236707866, 1.00007830533, 1.00000034914, 1.00000050311, 1.09118524976, 9.71106690708, 0.969456289345, 1.00000091786, 80.4278927853, 0.873949779843, 5.36107206244, 1.01484992112, 3.29000006973, 1.00000030266, 22525.9968789, 0.804289544236
5.08843184854, 1.04374056944, 1.51905971204, 0.862288350824, 2.83000060991, 1.12141611245, 5.81301698907, 1.26000039398, 1.14000029102, 2.52558744578, 2.20209450752, 1.09147116529, 3.04000029864, 1.11294862019, 0.991782305344, 1.00000000385, 1.00000059188, 1.03392019658, 7.41594993785, 0.974232938509, 1.00000026707, 120.00581043, 0.912207271268, 3.07949678176, 1.04253142331, 3.29000017475, 1.0000000379, 4150.27942113, 2.68096514745
1.33921511094, 1.04143261886, 1.53333287783, 0.9167311714, 2.83000093734, 0.903206892443, 4.34256847437, 1.26000000662, 1.14000017392, 2.73421586674, 2.91007949676, 1.06594451394, 3.0400003184, 1.04143102575, 0.890693706486, 1.00000067583, 1.00000058261, 1.07589522964, 4.72249531138, 0.920945203869, 1.0000000794, 123.516688328, 1.0641296664, 1.56042251541, 1.00582796589, 3.29000004911, 1.00000025415, 4342.7370875, 2.41286863271
5.72705317182, 1.093093275, 1.41445292458, 0.973800787256, 2.83000092523, 0.933905077038, 5.58554524503, 1.26000022934, 1.14000085136, 2.54806300706, 2.20597491681, 0.931047192792, 3.04000069364, 1.04364131428, 0.949025644772, 1.00000048841, 1.00000072419, 1.04402428471, 7.56084325057, 0.998817812627, 1.00000090278, 86.6515069811, 0.993414423495, 1.69895999616, 0.97411215274, 3.2900001787, 1.00000017624, 5518.08997898, 2.14477211796
3.60991090432, 1.04057247685, 1.53017162595, 0.837664645248, 2.8300008372, 1.00755497822, 3.86207924584, 1.26000080888, 1.14000030627, 1.82694868038, 2.31832149922, 0.959539909686, 3.04000059626, 1.10089929215, 1.0299762488, 1.00000067711, 1.00000064364, 1.06275078172, 7.09942880204, 0.987260656941, 1.0000002681, 116.900621358, 0.877607881613, 3.55317201504, 1.05387671753, 3.29000060241, 1.00000082083, 37505.389997, 0.804289544236
5.10535637657, 1.12496502423, 1.72348831282, 0.869101134957, 2.83000093029, 0.930669306813, 2.68410893746, 1.26000009137, 1.14000095803, 2.01821688357, 2.19658078159, 0.957945842511, 3.04000041685, 1.07794260668, 1.08815835949, 1.00000034086, 1.0000003777, 1.08246479167, 9.81192987157, 0.930943002224, 1.00000062052, 93.2013775724, 0.938712343362, 4.73175344505, 0.98931631409, 3.29000040363, 1.00000039606, 46479.5711211, 0.804289544236
5.64637820106, 1.06231418431, 1.73954163272, 0.850613318133, 2.83000082135, 1.04033734138, 1.14473657663, 1.26000098306, 1.14000004363, 3.43845008062, 1.91031463122, 0.993127869306, 3.04000019449, 1.01524565086, 0.934962131488, 1.00000018811, 1.00000074071, 1.02229466895, 4.76094528659, 0.985550741226, 1.00000022302, 100.62994003, 0.886546471757, 2.51968602862, 0.997722629875, 3.29000081408, 1.00000024772, 4610.38852933, 2.68096514745
1.40061981662, 1.05559815097, 1.46152979734, 0.967018533898, 2.83000072076, 0.853295248256, 3.95032403989, 1.26000025535, 1.14000022758, 1.94917205823, 2.40584349175, 0.991673009271, 3.040000758, 1.11504851277, 0.887731212832, 1.00000020435, 1.00000058766, 1.06513543938, 7.0254909333, 0.985685029474, 1.00000000836, 88.1325941917, 0.891088655183, 2.33246953875, 0.96846708902, 3.29000013252, 1.00000014568, 4072.74058604, 7.50670241287
1.18546021296, 1.01609179127, 1.47291794699, 0.89386309824, 2.83000039436, 0.979055649354, 5.54509783893, 1.2600004952, 1.14000007115, 2.82313989689, 2.2972982909, 0.951532342483, 3.0400000947, 1.11427573951, 0.991586986981, 1.00000044657, 1.00000037799, 1.00940913708, 3.00993622169, 0.952584252898, 1.00000006434, 77.9628756259, 1.02442654407, 1.52469354038, 1.02529313512, 3.29000014656, 1.00000013173, 4648.40171774, 3.48525469169
4.42634776492, 1.09318923459, 1.68055935159, 0.929054272676, 2.83000026126, 0.925380831169, 3.08072601952, 1.26000062492, 1.14000008809, 1.61441232014, 3.05428498048, 1.00170437595, 3.04000077504, 1.07845420135, 1.03457487062, 1.0000001703, 1.00000002627, 1.02222791062, 8.60684056028, 0.920819992279, 1.0000002347, 77.5937749856, 0.901298465616, 2.91834236598, 0.953700798369, 3.29000041023, 1.0000007965, 34468.1020524, 1.07238605898
5.74914672324, 1.03598529808, 1.56075347148, 0.937788954241, 2.83000022137, 1.07374492098, 2.86746209578, 1.2600004015, 1.14000088219, 2.3932324537, 1.68586016009, 1.03017849338, 3.04000067955, 1.0860896504, 0.995955347781, 1.00000000139, 1.00000062439, 1.02005474626, 5.49664901634, 0.968874783957, 1.00000066424, 95.4944494753, 1.07507159331, 2.925435224, 1.01855521205, 3.29000019843, 1.00000076766, 36201.7678384, 1.07238605898
2.96624670703, 1.13480076404, 1.40153389693, 0.923658432227, 2.83000012664, 0.900476269042, 3.05028758821, 1.26000097824, 1.14000095372, 3.17907702302, 2.52060501586, 0.886266732593, 3.04000054656, 1.06946627079, 1.01557151776, 1.00000088371, 1.00000035355, 1.0606654751, 7.99697811719, 0.951032233399, 1.00000085968, 95.7477633828, 0.995815943737, 4.16808216464, 1.02398354084, 3.29000067234, 1.0000001198, 4427.50290673, 7.50670241287
5.70588221766, 1.08306422197, 1.60193282375, 0.883007702036, 2.83000057298, 0.904507947906, 4.23386195762, 1.26000005264, 1.14000022362, 3.38926046047, 2.32189615855, 1.01846504269, 3.04000061813, 1.11288955053, 1.07174436901, 1.00000018316, 1.00000082705, 1.08450844128, 9.63596910018, 0.930902022995, 1.00000037152, 89.9393719397, 1.00700388308, 3.73358525473, 1.00559172735, 3.29000048711, 1.00000003638, 4766.18173685, 4.28954423592
1.84264681617, 1.0661050905, 1.50937123575, 0.90701793325, 2.83000031303, 1.14668657681, 2.44673012614, 1.26000052792, 1.14000030225, 3.63553429836, 2.33111199113, 0.977956314497, 3.04000061589, 1.10815803816, 0.885064770256, 1.00000077876, 1.00000004407, 1.04597463102, 8.23310278916, 0.965314883782, 1.00000016515, 92.0156091605, 0.970286005044, 5.87993321189, 0.95705210356, 3.29000012072, 1.00000064309, 48057.7259651, 1.07238605898
3.5060409816, 1.09497588815, 1.46083931806, 0.968636345382, 2.83000039424, 0.870181290314, 3.31003053756, 1.26000097055, 1.1400003656, 3.51315350019, 3.05233271011, 0.939199544368, 3.04000094685, 1.00417987206, 0.842617206345, 1.0000002844, 1.00000052753, 1.01600820193, 3.80737358299, 0.967224611754, 1.00000075475, 91.1710363847, 0.985703892963, 3.71067172736, 0.996947543, 3.29000045923, 1.00000086378, 5571.69371092, 4.02144772118
3.49635189925, 1.06755270764, 1.43023332883, 0.908852267206, 2.8300008071, 0.982301720772, 1.51031762525, 1.26000090043, 1.14000085823, 1.61841644815, 1.95077138324, 0.930665988513, 3.04000038905, 1.08113234896, 0.786682112192, 1.00000076838, 1.00000038952, 1.10184490432, 6.28917341157, 0.923220408099, 1.00000000459, 90.2359205149, 0.985526477603, 4.9921656555, 1.00032853948, 3.29000065201, 1.00000010988, 4801.10898168, 6.43431635389
1.27262670965, 1.0012780935, 1.59863283686, 0.996935669423, 2.83000052168, 0.934950721331, 1.71188565096, 1.26000073004, 1.14000024936, 2.07933996187, 2.33580387482, 1.01165878579, 3.04000048617, 1.11996290947, 0.841561978227, 1.00000047012, 1.00000043796, 1.02785982121, 6.08663211826, 0.933981432893, 1.00000044532, 96.044105593, 0.852900215746, 1.08021492294, 0.998054824128, 3.29000077302, 1.00000019205, 13801.687826, 1.34048257373
1.74665630302, 1.04645649639, 1.48545460441, 0.885575393583, 2.83000094765, 1.14175547792, 4.01943509275, 1.2600004341, 1.14000039183, 2.16477701906, 2.56512030279, 0.894376701065, 3.04000041202, 1.02248732969, 1.07045928668, 1.00000019483, 1.00000050216, 1.08483640011, 6.39454062304, 0.983393724956, 1.00000077108, 87.5709738374, 0.918178156302, 3.98682176575, 1.04328924675, 3.29000094817, 1.00000012713, 11285.4397743, 1.60857908847
1.32011860194, 1.04723022153, 1.64394747058, 0.885744130554, 2.83000080808, 0.855578291393, 2.64605749551, 1.26000016554, 1.14000036156, 2.21722244174, 1.64622799512, 0.985495649519, 3.04000029937, 1.05711097062, 0.793866953547, 1.00000006892, 1.00000026582, 1.03476732524, 9.92780371069, 0.928015907899, 1.0000009801, 100.289266119, 1.00641732263, 3.70638293845, 0.957113647513, 3.29000075936, 1.00000012382, 6086.89352209, 3.21715817694
2.11164017655, 1.09407484706, 1.48941001828, 0.911129548527, 2.83000005792, 0.885088376276, 2.01414479202, 1.26000046898, 1.14000087472, 1.33511753381, 1.70953198903, 0.950834640308, 3.04000078958, 1.01171872878, 0.946635852874, 1.00000080468, 1.00000023265, 1.00304288402, 6.40167110296, 0.932407312103, 1.00000015846, 106.907842958, 0.867546251786, 4.22080492539, 1.02733369287, 3.29000039321, 1.00000025182, 6122.86847148, 3.21715817694
3.10903239448, 1.09769650742, 1.53274616371, 0.972836908407, 2.83000030407, 1.15178955118, 3.59736452586, 1.26000009972, 1.14000031202, 1.47890246465, 1.66986010786, 1.01377692691, 3.04000019357, 1.00982983617, 1.04185394578, 1.00000046694, 1.00000077995, 1.08118182903, 6.70876537693, 0.954363624052, 1.00000032748, 88.9453068963, 0.912091050493, 2.10087965411, 0.960682727837, 3.29000021594, 1.00000076573, 20211.578065, 1.34048257373
5.04703201881, 1.01885210651, 1.4981351744, 0.950613672404, 2.83000051518, 0.912504890505, 5.51073979043, 1.26000052174, 1.14000024597, 3.40317319171, 2.66950930369, 0.925021940175, 3.04000079655, 1.09528602164, 0.813525210264, 1.00000088552, 1.00000091886, 1.0851454225, 3.47573674506, 0.940705437253, 1.00000028746, 102.739696037, 0.945748284941, 1.73816869821, 1.00070550042, 3.2900005466, 1.00000013506, 10261.0057793, 1.87667560322
