3.0, 2.0, 0.0, 1.0, 1.0, 3.0, 3.0, 2.0, -1.0, 0.0, -1.0, 2.0, 3.0, 0.0, 0.0, 0.0, 0.0, 1.0, 2.0, 2.0, 1.0, 1.0, -1.0, 2.0, -1.0, -1.0, -1.0, -1.0, -1.0, 1.0, 3.0, 2.0, -1.0, 0.0, 3.0, 1.0, 3.0, 1.0, 2.0, 0.0, -1.0, -1.0, 3.0, 0.0, 1.0, -1.0, 2.0, -1.0, -1.0, 2.0, 95234.0, 493.0, 99515.0
0.0, 0.0, 3.0, 2.0, 0.0, 1.0, 1.0, -1.0, 1.0, 2.0, -1.0, 1.0, 2.0, 2.0, 0.0, 2.0, 0.0, -1.0, 1.0, 1.0, 2.0, 1.0, -1.0, 0.0, 2.0, 0.0, -1.0, 2.0, 3.0, 3.0, 2.0, 3.0, 0.0, 0.0, 2.0, -1.0, 0.0, 0.0, -1.0, 3.0, 3.0, 2.0, 1.0, -1.0, 3.0, 1.0, 1.0, 3.0, 1.0, 3.0, 94491.0, 585.0, 99432.0
0.0, 2.0, 1.0, 1.0, 2.0, 1.0, -1.0, 2.0, -1.0, 0.0, -1.0, 2.0, 0.0, -1.0, 2.0, 1.0, 2.0, 3.0, 2.0, 1.0, 0.0, -1.0, 2.0, 2.0, 1.0, -1.0, 1.0, 1.0, 2.0, 2.0, 0.0, 1.0, -1.0, 0.0, 0.0, -1.0, -1.0, 0.0, 3.0, 0.0, 3.0, 1.0, 1.0, 0.0, 3.0, 0.0, -1.0, 3.0, 3.0, -1.0, 94709.0, 526.0, 99469.0
2.0, 2.0, 3.0, 0.0, 1.0, -1.0, 2.0, -1.0, 3.0, 3.0, -1.0, 3.0, 0.0, 2.0, -1.0, 3.0, 3.0, 1.0, -1.0, 2.0, 1.0, 2.0, 0.0, -1.0, 0.0, 1.0, 1.0, -1.0, 3.0, 0.0, -1.0, 3.0, 1.0, 0.0, 1.0, 0.0, 1.0, 0.0, -1.0, 0.0, 2.0, 2.0, 0.0, 0.0, -1.0, -1.0, -1.0, 1.0, 3.0, 0.0, 95014.0, 518.0, 99493.0
-1.0, 0.0, 2.0, 2.0, 0.0, 2.0, 2.0, 1.0, 3.0, -1.0, -1.0, 2.0, 0.0, 0.0, 3.0, 1.0, -1.0, 1.0, 2.0, 0.0, 2.0, -1.0, 1.0, 3.0, -1.0, -1.0, 0.0, 3.0, 0.0, 0.0, 1.0, 2.0, -1.0, 1.0, 1.0, 1.0, 3.0, 1.0, -1.0, 2.0, 1.0, 0.0, 2.0, 0.0, 3.0, 3.0, 2.0, 0.0, 3.0, -1.0, 94592.0, 559.0, 99450.0
2.0, 1.0, 2.0, 0.0, 2.0, 3.0, 3.0, -1.0, 1.0, 3.0, 0.0, 0.0, 3.0, 1.0, 3.0, 0.0, 2.0, 0.0, 2.0, 0.0, 3.0, -1.0, 2.0, 1.0, 1.0, 3.0, 3.0, 3.0, 2.0, 1.0, -1.0, -1.0, 1.0, 2.0, 0.0, 1.0, -1.0, 1.0, 3.0, 0.0, 1.0, -1.0, 3.0, -1.0, 0.0, 0.0, 2.0, 1.0, 2.0, 0.0, 94517.0, 588.0, 99431.0
1.83310661939, 2.0, 2.0, -1.0, -1.0, 0.0, 0.0, 0.0, 1.0, 2.0, 0.0, -1.0, 0.0, 3.0, 2.0, 3.0, -1.0, 1.0, 3.0, 3.0, 2.0, 3.0, -1.0, -0.68700275429, -1.0, 2.0, -1.0, -1.0, -1.0, -1.0, -1.0, 3.0, 2.0, 0.0, 1.0, 1.0, 1.0, 3.0, -1.0, 2.0, 1.11111206766, 3.0, 2.0, -1.0, 2.0, 2.89110193541, -0.29299398785, -1.0, 2.0, -1.0, 96137.0, 472.0, 99561.0
3.0, 0.0, 2.0, 0.0, 1.0, -1.0, 0.0, 2.0, 1.0, 2.0, 3.0, -1.0, 0.0, 1.0, 3.0, -1.0, 3.0, 1.0, 0.0, 3.0, 3.0, 3.0, 0.0, 0.0, 2.0, 1.0, 0.0, 3.0, 3.0, 1.0, -1.0, 1.0, -1.0, 2.0, 2.0, 3.0, 2.0, 0.0, -1.0, 2.0, 0.0, 1.0, 1.0, 3.0, 1.0, 2.0, -1.0, 2.0, 1.0, -1.0, 94662.0, 574.0, 99437.0
3.0, -1.0, 0.0, 2.0, 0.0, -1.0, -1.0, 1.0, -1.0, 2.0, -1.0, 0.0, 3.0, 0.0, 1.0, -1.0, -1.0, 0.0, 2.0, 3.0, 3.0, 0.0, 2.0, 2.0, -1.0, 0.0, 1.0, 0.0, 1.0, 1.0, 1.0, 1.0, -1.0, 2.0, 2.0, 0.0, 1.0, -1.0, 1.0, 3.0, 0.0, 2.0, 2.0, -1.0, 2.0, 3.0, 2.0, 3.0, 1.0, -1.0, 94979.0, 525.0, 99488.0
3.0, 1.0, 0.0, -1.0, 0.0, 1.0, 2.0, -1.0, 3.0, -1.0, 0.0, -1.0, 1.0, 2.0, 1.0, 3.0, 1.0, 1.0, 2.0, 0.0, 0.0, 2.0, -1.0, 1.0, 2.0, 0.0, -1.0, 2.0, 0.0, -1.0, 2.0, 3.0, -1.0, 2.0, -1.0, 2.0, 1.0, 0.0, 3.0, -1.0, 3.0, 1.0, 0.0, 3.0, -1.0, 2.0, -1.0, 0.0, 3.0, -1.0, 95136.0, 514.0, 99505.0
1.0, 3.0, -1.0, 0.0, 1.0, -1.0, 3.0, 2.0, -1.0, 2.0, -1.0, -1.0, 2.0, 2.0, -1.0, 1.0, 0.0, 3.0, 3.0, 1.0, 0.0, 2.0, -1.0, 3.0, 0.0, 2.0, -1.0, 2.0, 0.0, -1.0, 0.0, 1.0, -1.0, 0.0, 0.0, 2.0, 3.0, -1.0, -1.0, 1.0, 3.0, 1.0, 3.0, -1.0, 0.0, 1.0, 0.0, 3.0, 0.0, 2.0, 95334.0, 509.0, 99509.0
0.0, 1.0, -1.0, -1.0, 3.0, 3.0, 1.0, -1.0, 1.0, 0.0, -1.0, 0.0, 0.0, 3.0, 0.0, 0.0, 2.0, 0.0, -1.0, -1.0, -1.0, 1.0, 1.0, 0.0, 2.0, -1.0, 1.0, 2.0, 1.0, 2.0, 3.0, -1.0, -1.0, -1.0, 2.0, 1.0, 2.0, 2.0, 1.0, 0.0, -1.0, -1.0, 0.0, -1.0, 2.0, -1.0, 1.0, 2.0, 1.0, 3.0, 95248.0, 487.0, 99542.0
-1.0, 2.0, -1.0, 3.0, -1.0, 3.0, -0.981307246432, 2.0, 2.0, 0.0, 1.0, 1.0, -1.0, -1.0, -1.0, -0.670392229284, 3.0, -1.0, 1.0, -1.0, -0.804758702816, 3.0, 1.0, 2.0, -1.0, 1.0, 3.0, 1.0, 0.0, 1.0, 0.0, -1.0, -1.0, 0.0, 0.0, -1.0, 3.0, 0.0, 1.0, 1.0, 3.0, 2.0, 2.0, 3.0, 2.0, 1.0, -1.0, -1.0, 0.0, 0.0, 95952.0, 455.0, 99593.0
-1.0, 2.0, 1.0, 0.0, 2.0, 2.0, 1.0, -1.0, 3.0, 2.0, 3.0, 1.0, 1.0, -1.0, -1.0, -1.0, 0.0, -1.0, 1.0, 3.0, 0.0, 2.0, -1.0, 3.0, -1.0, 0.0, 0.0, 1.0, -1.0, 2.0, 0.0, 2.0, -1.0, 0.0, 0.0, 2.0, 0.0, 2.0, 1.0, -1.0, 1.0, 3.0, 1.0, 0.0, -1.0, 2.0, -1.0, 1.0, 2.0, 1.0, 95103.0, 514.0, 99515.0
3.0, 1.0, 2.0, -1.0, 3.0, 0.0, 2.0, -1.0, 1.0, 0.0, 2.0, 0.0, 0.0, -1.0, 2.49893980126, 3.0, 2.0, -1.0, 0.884331036733, 1.0, -1.0, 3.0, -1.0, 3.0, 2.0, 3.0, 2.0, 0.0, 2.0, 0.0, 1.0, -1.0, 0.00488233532657, 1.0, -1.0, 2.0, -1.0, -0.431365180557, 0.0, -1.0, 0.0, 2.0, 1.1452329303, -1.0, 3.0, 2.0, -1.0, -1.0, 0.0, 0.0, 95219.0, 513.0, 99522.0
1.0, 1.0, 0.0, 1.0, 2.0, 3.0, 3.0, 2.0, 1.0, 1.0, 2.0, 2.0, -1.0, 1.0, 3.0, 0.0, 3.0, 0.0, 1.0, -1.0, 0.0, 3.0, -1.0, 1.0, 2.0, -1.0, 3.0, 0.0, 1.0, 2.0, 3.0, 1.0, 0.0, 0.0, 0.0, 2.0, 1.0, 0.0, 3.0, 2.0, -1.0, 3.0, 2.0, 3.0, 2.0, 2.0, -1.0, 0.0, 2.0, -1.0, 94436.0, 592.0, 99437.0
0.0, 3.0, 2.0, 0.0, 0.0, -1.0, 3.0, 1.0, -1.0, 2.0, -1.0, 3.0, -1.0, 1.0, 1.0, -1.0, 2.0, 2.0, 2.0, 3.0, 0.0, 2.0, -1.0, 1.0, 2.0, 0.0, 1.0, 3.0, 0.0, 1.0, 1.0, 0.0, 1.0, 2.0, 3.0, 2.0, 3.0, -1.0, 1.0, 0.0, -1.0, 0.0, 1.0, 3.0, 0.0, -1.0, 3.0, 3.0, 2.0, 0.0, 94773.0, 568.0, 99449.0
1.0, 2.0, 0.0, -1.0, 1.0, 2.0, -1.0, -1.0, 2.0, 2.0, -1.0, 0.0, 0.0, -1.0, 2.0, 3.0, -1.0, 1.0, 1.0, -1.0, 1.0, -1.0, -1.0, -1.0, 3.0, 0.0, 0.0, -1.0, 3.0, 1.0, 0.0, 2.0, 0.0, 1.0, 1.0, 2.0, 0.0, 3.0, 3.0, -1.0, 1.0, 0.0, 3.0, 3.0, 3.0, 0.0, 1.0, -1.0, 3.0, -1.0, 95479.0, 492.0, 99520.0
0.0, 1.0, -1.0, -0.707705197264, 3.0, 3.0, 1.0, -1.0, 1.0, 0.0, -1.0, 0.0, 0.0, 3.0, 0.0, 0.0, 2.0, 0.0, -1.0, -1.0, -1.0, 1.0, 1.0, 0.0, -0.385016232496, -1.0, 1.0, 2.0, 1.0, 2.0, 3.0, -1.0, -1.0, -1.0, 2.3355669119, 1.0, 2.0, 2.0, 1.0, 0.0, -1.0, -1.0, -0.82711539247, -1.0, 2.0, -1.0, 1.0, 2.0, 1.0, 3.0, 95389.0, 476.0, 99556.0
0.0, 0.0, 0.0, 0.0, 1.0, 1.0, 2.0, -1.0, 3.0, 3.0, 1.0, 1.0, 2.0, -1.0, 3.0, 3.0, 2.0, 1.0, -1.0, 1.0, 3.0, 2.0, 3.0, 2.0, 0.0, 2.0, 3.0, -1.0, 0.0, 2.0, -1.0, 3.0, 0.0, 1.0, 2.0, 3.0, 2.0, 3.0, 0.0, -1.0, 0.0, 0.0, 1.0, 1.0, -1.0, 1.0, 0.0, 1.0, 0.0, 2.0, 94466.0, 596.0, 99434.0
3.0, 2.0, 1.0, 1.0, 2.39370985256, 3.0, 3.0, 2.0, -1.0, 0.0, -1.0, 2.0, 3.0, 0.0, 0.0, 0.0, 0.0, 1.0, 2.0, 2.0, 1.0, 1.0, -1.0, 2.59982899755, -1.0, -1.0, -1.0, -1.0, -1.0, 1.0, 3.0, 2.0, -1.0, 0.0, 3.0, 1.0, 3.0, 1.0, 2.0, 0.0, -1.0, -1.0, 3.0, 0.0, 1.0, -1.0, 2.0, -1.0, -1.0, 1.00125827599, 95355.0, 493.0, 99515.0
2.0, 1.0, 3.0, -1.0, 1.0, 1.0, 2.0, 3.0, 2.0, 1.0, -1.0, 0.0, 0.0, 0.0, 0.0, -1.0, 0.0, 2.0, -1.0, -1.0, 1.0, -1.0, 2.0, 0.0, -1.0, -1.0, 0.0, 1.0, -1.0, 1.0, 1.0, 0.0, 2.0, -1.0, 2.0, 3.0, 3.0, -1.0, 1.0, -1.0, 2.0, 3.0, 1.0, 2.0, -1.0, -1.0, 0.0, 1.0, 3.0, 0.0, 95241.0, 500.0, 99533.0
-1.0, 3.0, -1.0, -1.0, 0.0, 3.0, -1.0, 3.0, 1.0, 3.0, 1.0, -1.0, 0.0, -1.0, -1.0, -1.0, 3.0, 0.0, 1.0, -1.0, 1.0, 1.0, -1.0, 2.0, 3.0, 1.0, 3.0, 0.0, 0.0, -1.0, 3.0, 2.0, -1.0, 2.0, 0.0, -1.0, 0.0, 2.0, 0.0, 0.0, 2.0, -1.0, 3.0, 2.0, 1.0, 2.0, 0.0, 2.0, 1.0, 2.0, 95280.0, 504.0, 99532.0
2.0, 2.0, 3.0, -0.635294435673, 1.0, -1.0, 2.0, -1.0, 3.0, 3.0, 1.72565292948, 3.0, 0.0, 2.0, -1.0, 3.0, 3.0, 1.0, -1.0, 2.0, 1.0, 2.0, 0.574057752027, -1.0, 0.0, 1.0, 1.0, -1.0, 3.0, 0.0, -1.0, -0.080237762955, 1.0, 0.0, 1.0, 0.0, 1.0, 0.0, -1.0, 0.0, 2.0, 2.0, 0.0, 0.0, -1.0, -1.0, -1.0, 1.0, 1.99965640176, 0.0, 94964.0, 526.0, 99500.0
-1.0, 0.0, 2.0, -1.0, 0.0, -1.0, 0.0, 1.0, 1.0, -1.0, -1.0, 0.0, 3.0, 2.0, -1.0, -1.0, 0.0, 2.0, 0.0, 3.0, 2.0, 1.0, 1.0, 3.0, 0.0, -1.0, -1.0, 1.0, 3.0, -1.0, 2.0, 3.0, 0.0, 1.0, 2.0, 0.0, 0.0, 2.0, 3.0, 3.0, 1.0, 0.0, -1.0, 2.0, -1.0, 1.0, 2.0, 1.0, 0.0, 1.0, 94905.0, 528.0, 99490.0
3.0, 3.0, 3.0, 2.0, 0.0, 1.0, -1.0, 1.0, 0.0, 0.0, 3.0, -1.0, 0.0, 2.0, 2.0, -1.0, 3.0, 0.0, 1.0, 1.0, 2.0, 3.0, 1.0, 0.0, -1.0, -1.0, -1.0, 1.0, 0.0, -1.0, 1.0, -1.0, 0.0, 1.0, 2.0, 0.0, 3.0, 2.0, 3.0, 1.0, 3.0, -1.0, 2.0, 0.0, 2.0, -1.0, -1.0, 0.0, 3.0, 3.0, 94891.0, 532.0, 99487.0
0.0, 2.0, 0.0, 1.0, 2.0, 1.0, 0.0, -1.0, 3.0, 2.0, -1.0, -1.0, 3.0, 1.0, 2.0, 3.0, -1.0, 2.0, 1.0, 0.0, 1.0, 1.0, 1.0, -1.0, 0.0, 2.0, 2.0, -1.0, 0.0, 2.0, 3.0, 1.0, 2.0, 1.0, 0.0, 0.0, 1.0, 0.0, 0.0, 0.0, 1.0, 3.0, 0.0, 3.0, -1.0, 3.0, 3.0, 3.0, -1.0, 2.0, 94590.0, 584.0, 99449.0
2.0, 0.0, -1.0, 3.0, 2.0, 2.0, 2.0, 0.0, -1.0, 0.0, -1.0, 1.0, 3.0, -1.0, 1.0, 3.0, 0.0, 3.0, 2.0, -1.0, 0.0, 2.0, 1.0, -1.0, 1.0, 1.0, -1.0, -1.0, 0.0, 0.0, -1.0, 3.0, -1.0, 3.0, 1.0, 1.0, -1.0, 2.0, 1.0, 3.0, 1.0, 1.0, 0.0, -1.0, -1.0, 2.0, 0.0, 3.0, 2.0, 1.0, 95377.0, 499.0, 99501.0
1.0, 3.0, 0.0, -1.0, 3.0, 2.0, 2.0, 3.0, 2.0, 0.0, 1.0, 3.0, 1.0, -1.0, 0.0, 1.0, 0.0, 0.0, 2.0, -1.0, 0.0, 1.0, 1.0, 1.0, 3.0, 1.0, 0.0, 0.0, 2.0, 1.0, -1.0, -1.0, 0.0, 0.0, 0.0, 3.0, 2.0, 1.0, -1.0, 2.0, 3.0, 3.0, 3.0, -1.0, 3.0, 2.0, 2.0, 2.0, 3.0, -1.0, 94766.0, 581.0, 99453.0
3.0, 1.0, 0.0, -1.0, 1.29964223604, 1.0, 2.0, -1.0, 3.0, -1.0, -0.23657527906, -1.0, 1.0, 2.0, 1.0, 3.0, 1.09514231928, 1.0, 2.51174436126, 0.0, 0.0, 2.0, -1.0, 1.0, 2.0, 0.0, -1.0, 2.0, 1.63218481539, -1.0, 2.0, 3.0, -1.0, 1.35731053569, -1.0, 2.0, 1.0, 0.0, 3.0, -1.0, 3.0, 1.0, 0.0, 3.0, -1.0, 2.0, -1.0, 0.0, 3.0, -1.0, 95269.0, 514.0, 99505.0
1.0, 2.0, 2.0, -1.0, -1.0, 0.0, 0.0, 0.0, 1.0, 2.0, 0.0, -1.0, 0.0, 3.0, 2.0, 3.0, -1.0, 1.0, 3.0, 3.0, 2.0, 3.0, -1.0, 0.0, -1.0, 2.0, -1.0, -1.0, -1.0, -1.0, -1.0, 3.0, 2.0, 0.0, 1.0, 1.0, 1.0, 3.0, -1.0, 2.0, 0.0, 3.0, 2.0, -1.0, 2.0, 2.0, 0.0, -1.0, 2.0, -1.0, 95789.0, 487.0, 99545.0
3.0, 1.0, 1.0, 1.0, 1.0, 3.0, 0.0, 3.0, -1.0, 1.0, -1.0, 1.0, 3.0, -1.0, 0.0, 1.0, 0.0, 0.0, 0.0, -1.0, 2.0, -1.0, 2.0, 2.0, 3.0, 0.0, -1.0, 0.0, -1.0, 2.0, 2.0, 0.0, -1.0, 0.0, 1.0, 3.0, 2.0, 2.0, 0.0, 2.0, 3.0, 2.0, -1.0, 3.0, 1.0, 0.0, 1.0, -1.0, 2.0, 1.0, 94650.0, 543.0, 99473.0
3.0, -1.0, 1.0, 0.0, 2.0, 3.0, 0.0, -1.0, 0.0, 0.0, 3.0, -1.0, 0.0, 3.0, 2.0, 2.0, 2.0, 1.0, 0.0, 1.0, 1.0, 3.0, 2.0, 0.0, 2.0, -1.0, -1.0, 2.0, 1.0, 1.0, -1.0, -1.0, 0.0, 2.0, 1.0, 0.0, 1.0, 0.0, -1.0, 1.0, 1.0, 1.0, -1.0, 2.0, 3.0, 3.0, 0.0, -1.0, -1.0, 1.0, 94802.0, 537.0, 99487.0
3.0, -1.0, 1.0, 0.0, 2.0, 3.0, 0.0, -1.0, 0.0, 0.0, 3.0, -1.0, 0.0, 3.0, 2.0, 2.0, 2.0, 1.0, 0.0, 1.0, 1.0, 3.0, 2.0, 0.0, 2.0, -1.0, -1.0, 2.0, 1.0, 1.0, -1.0, -1.0, 0.0, 2.0, 1.0, 0.0, 1.0, 0.0, -1.0, 1.0, 1.0, 1.0, -1.0, 2.0, 3.0, 3.0, 0.0, -1.0, -1.0, 1.0, 94802.0, 537.0, 99487.0
1.0, 2.0, -1.0, -1.0, 1.0, 1.0, -1.0, 2.0, 1.0, 0.0, 3.0, 1.0, 2.0, 1.0, 3.0, -1.0, -1.0, 0.0, 0.0, 2.0, -1.0, 3.0, -1.0, 0.0, -1.0, 1.0, 2.0, 3.0, 3.0, 0.0, 1.0, 2.0, 0.0, 2.0, 0.0, 3.0, 1.0, 0.0, -1.0, 2.0, 2.0, 3.0, 1.0, 2.0, 0.0, 3.0, -1.0, 3.0, 0.0, 0.0, 94720.0, 560.0, 99459.0
3.0, 0.0, 2.0, 0.0, 1.0, -1.0, 0.0, 2.0, 1.36718654655, 1.8638674001, 3.0, -1.0, 0.0, 1.0, 3.0, -1.0, 3.0, 1.0, 0.0, 3.0, 3.0, 3.0, 0.0, 0.0, -0.673271320369, 1.0, 0.0, 3.0, 3.0, 1.0, -1.0, 1.0, -1.0, 2.0, 2.0, 3.0, -0.623494041137, 0.0, -1.0, 2.0, 0.0, 1.0, 1.0, 3.0, 1.0, 2.0, -1.0, 2.0, 1.15323063882, -1.0, 94842.0, 547.0, 99459.0
1.0, 1.0, 3.0, 2.0, 3.0, 0.0, -1.0, 1.0, 0.0, 1.0, 2.0, 1.0, 1.0, -1.0, -1.0, 1.0, 2.0, 0.0, 1.0, 3.0, 3.0, 2.0, 2.0, 0.0, 3.0, 2.0, -1.0, 3.0, 1.0, -1.0, 2.0, 0.0, -1.0, 3.0, -1.0, 0.0, 2.0, 2.0, 0.0, 0.0, 0.0, 2.0, -1.0, 0.0, 0.0, 0.0, 3.0, 1.0, 1.0, 3.0, 94656.0, 581.0, 99466.0
0.0, 0.0, 1.0, 2.0, 1.0, -1.0, 2.0, 0.0, -1.0, 2.0, 1.0, 1.0, -1.0, 0.0, 2.0, 2.0, 1.0, 1.0, 1.0, 3.0, 2.0, 2.0, 3.0, -1.0, -1.0, 1.0, -1.0, -1.0, 0.0, 2.0, 3.0, 1.0, 0.0, -1.0, -1.0, 0.0, 0.0, 0.0, 0.0, -1.0, 3.0, 3.0, 1.0, 2.0, 0.0, 2.0, -1.0, -1.0, 3.0, 3.0, 95124.0, 518.0, 99516.0
1.0, -1.0, 0.0, -1.0, 1.0, -1.0, -1.0, 1.0, 3.0, 0.0, 0.0, 0.0, 1.0, 1.0, 0.0, 1.0, 0.0, 3.0, 0.0, -1.0, 0.0, 2.0, 2.0, 2.0, -1.0, -1.0, 2.0, -1.0, 1.0, 3.0, 3.0, -1.0, 1.0, 3.0, 1.0, 2.0, 3.0, 2.0, -1.0, 0.0, -1.0, 2.0, 3.0, -1.0, 0.0, 2.0, -1.0, 0.0, 1.0, 3.0, 95158.0, 516.0, 99519.0
0.0, 1.0, 1.0, 1.92615982601, 1.0, 3.0, 1.0, -1.0, 3.0, 1.0, -1.0, 0.0, -1.0, 1.0, 3.0, 2.57959125669, 1.0, -1.0, 0.0, 2.0, 1.0, 0.0, -1.0, 1.93036771482, 2.0, 2.0, -1.0, 0.113768188179, 1.0, 3.0, 2.0, 3.0, 2.0, 0.0, 3.0, 3.0, 2.0, -1.0, 3.0, -1.0, 0.0, 0.46900119808, 2.75577852353, -1.0, 2.0, 0.0, 0.0, 1.0, 2.20260730509, 3.0, 94915.0, 570.0, 99457.0
-1.0, 2.0, -1.0, 3.0, -1.0, 3.0, -1.0, 2.0, 2.0, 0.0, 1.0, 1.0, -1.0, -1.0, -1.0, 2.0, 3.0, -1.0, 1.0, -1.0, 0.0, 3.0, 1.0, 2.0, -1.0, 1.0, 3.0, 1.0, 0.0, 1.0, 0.0, -1.0, -1.0, 0.0, 0.0, -1.0, 3.0, 0.0, 1.0, 1.0, 3.0, 2.0, 2.0, 3.0, 2.0, 1.0, -1.0, -1.0, 0.0, 0.0, 95738.0, 485.0, 99573.0
1.0, 0.0, 3.0, 2.0, 3.0, 3.0, -1.0, 2.0, -1.0, 1.0, -1.0, 1.0, 1.0, 2.0, 0.0, -1.0, -1.0, 3.0, 2.0, -1.0, 1.0, 2.0, 0.0, -1.0, 3.0, 3.0, 1.0, -1.0, 3.0, 1.0, 1.0, 0.0, 0.0, -1.0, 1.0, 0.0, 2.0, 0.0, 0.0, 2.0, 2.0, 0.0, 0.0, -1.0, 0.0, 3.0, -1.0, 2.0, 1.0, 3.0, 95049.0, 531.0, 99491.0
-1.0, 2.0, 0.0, 0.749786021348, 2.0, 2.0, 1.03315567172, -1.0, 3.0, 2.0, 3.0, 1.0, 1.0, -1.0, -1.0, -1.0, 0.0, -1.0, 1.0, 3.0, 2.76699379633, 2.0, -1.0, 3.0, 1.39715613642, 0.0, 0.0, 1.0, -1.0, 2.0, 0.0, 2.0, -1.0, 0.0, 0.0, 2.0, 0.0, 2.0, 1.0, -1.0, 1.0, 3.0, 0.10219328311, 0.0, -1.0, 2.0, -1.0, 2.75623605197, 2.0, 1.0, 95144.0, 528.0, 99504.0
0.0, 2.0, 0.0, 1.0, 2.0, 1.0, 0.0, -1.0, 3.0, 2.0, -1.0, -1.0, 3.0, 1.0, 2.0, 3.0, -1.0, 2.0, 1.0, 0.0, 1.0, 1.0, 1.0, -1.0, 0.0, 2.0, 2.0, -1.0, 2.0, 2.0, 3.0, 1.0, 2.0, 0.50508606904, 0.0, 0.0, 1.0, 0.0, 0.0, 0.0, 1.0, 3.0, 0.0, 3.0, -1.0, 3.0, 3.0, 2.78526513243, -1.0, 2.0, 94682.0, 584.0, 99449.0
1.0, 3.0, -1.0, 0.0, 1.0, -1.0, 3.0, 2.0, -1.0, 2.0, 2.0, -1.0, 2.0, 2.0, -1.0, 1.0, 0.0, 3.0, 3.0, 1.0, 0.0, -1.0, -1.0, 3.0, 0.0, 2.0, -1.0, 2.0, 0.0, -1.0, 0.0, 1.0, -1.0, 0.0, 0.0, 2.0, 3.0, -1.0, -1.0, 1.0, 3.0, -0.0957755161763, 3.0, -1.0, 0.0, 1.0, 1.34922419663, 3.0, 0.0, 2.0, 95391.0, 510.0, 99513.0
3.0, 1.0, 2.0, -1.0, 3.0, 0.0, 2.0, -1.0, 1.0, 0.0, 2.0, 0.0, 0.0, -1.0, 1.0, 3.0, 2.0, -1.0, 1.0, 1.0, -1.0, 3.0, -1.0, 3.0, 2.0, 3.0, 2.0, 0.0, 2.0, 0.0, 1.0, -1.0, -1.0, 1.0, -1.0, 2.0, -1.0, 1.0, 0.0, -1.0, 0.0, 2.0, 1.0, -1.0, 3.0, 2.0, -1.0, -1.0, 0.0, 0.0, 95394.0, 499.0, 99535.0
1.0, 3.0, 0.0, -1.0, 3.0, 2.0, 2.0, 3.0, 2.0, 0.0, 1.0, 3.0, 1.0, -1.0, 0.0, 1.0, 0.0, 0.626424128595, 2.0, -1.0, 2.29405733909, 1.0, 1.0, 1.0, 3.0, 0.0291803801233, 0.0, -0.341490862117, 2.0, 1.0, -1.0, -1.0, 0.0, 0.0, 0.0, 3.0, 2.0, 1.0, -1.0, 2.0, 3.0, 3.0, 3.0, -1.0, 3.0, 2.46157190935, 2.0, 2.37400308885, 3.0, -1.0, 94838.0, 581.0, 99453.0
1.0, 2.0, -1.0, -1.0, 1.0, 1.0, -1.0, 2.0, 1.0, 0.0, 3.0, 1.0, 2.0, 1.0, 3.0, -1.0, -1.0, 0.0, 0.0, 2.0, -1.0, 3.0, -1.0, 0.0, -1.0, 1.18948714401, 2.0, 3.0, 3.0, 0.0, 1.0, 2.0, 0.0, 2.0, 0.0, 3.0, 1.7362755804, 0.0, -1.0, 2.0, 2.0, 3.0, 3.0, 2.0, 0.0, 3.0, -1.0, 3.0, 0.0, 0.0, 94833.0, 560.0, 99459.0
2.0, 0.0, 2.0, 3.0, 3.0, 3.0, 0.0, 3.0, 2.0, 3.0, 2.0, 3.0, 1.0, -1.0, 0.0, -1.0, -1.0, 0.0, 2.0, 2.0, 0.0, 1.0, 1.0, -1.0, 0.0, 3.0, 1.0, 1.0, 1.0, 2.0, -1.0, 3.0, 3.0, 0.0, -1.0, 0.0, -1.0, 3.0, 1.0, 0.0, -1.0, 1.0, 2.0, -1.0, 0.0, 0.0, 1.0, 1.0, 2.0, 0.0, 94728.0, 566.0, 99465.0
1.0, 2.0, 0.0, 3.0, -1.0, 0.0, -1.0, 3.0, 2.0, 3.0, 1.0, 3.0, 1.0, 0.0, 1.0, 2.0, 3.0, 1.0, 3.0, -1.0, -1.0, 0.0, 1.0, 3.0, 2.0, 3.0, -1.0, 2.0, 2.0, 2.0, -1.0, -1.0, 0.0, 0.0, 0.0, 1.0, 0.0, 1.0, 1.0, -1.0, 2.0, 2.0, 0.0, 3.0, 2.0, 1.0, 2.0, 1.0, 0.0, -1.0, 94780.0, 564.0, 99466.0
2.0, 3.0, -1.0, 2.0, -1.0, 1.0, -1.0, -1.0, -1.0, 3.0, -1.0, 1.0, 0.0, -1.0, 2.0, 3.0, 2.59055137426, 2.0, 0.535141023734, 0.0, 0.535527693771, 2.0, -1.0, 2.95003226234, -0.0270713454092, 3.0, 2.0, 2.0, 1.0, 3.0, 1.0, 0.0, 2.38245901421, -1.0, 0.0, 0.0, -1.0, 3.0, 0.0, 1.0, 2.0, 3.0, 1.0, 0.0, 0.0, 2.0, 1.0, 3.0, 0.0, 1.0, 94875.0, 549.0, 99466.0
-1.0, 0.0, 1.0, 1.0, 1.0, -1.0, 3.0, 1.0, 2.0, 1.0, 0.0, 2.0, 1.0, -1.0, -1.0, 3.0, 3.0, 0.0, 1.0, 3.0, 0.0, -1.0, -1.0, -1.0, 2.0, 2.0, 0.0, 0.0, 3.0, 3.0, -1.0, 2.0, 1.0, 3.0, 0.0, 0.0, 0.0, 3.0, -1.0, 0.0, 2.0, -1.0, 2.0, 1.0, 3.0, 2.0, 2.0, 1.0, 2.0, 1.0, 94930.0, 548.0, 99465.0
1.0, 0.0, 3.0, 1.0, -1.0, 0.0, 3.0, -1.0, 2.70225519717, 2.0, -1.0, 3.0, 0.0, 2.0, 0.0, 3.0, 0.0, 3.0, 1.0, 1.0, -1.0, 0.0, 3.0, 2.0, 2.0, 1.0, 3.0, -1.0, 3.0, 0.0, -1.0, -1.0, 2.0, 1.0, -1.0, 1.0, 0.0, 0.0, 1.16425119197, 1.0, 1.0, 0.338297664974, 3.0, 3.0, 2.0, 1.0, 1.36029963292, 0.0, -1.0, -1.0, 94814.0, 546.0, 99473.0
2.0, 3.0, -1.0, 2.0, -1.0, 1.0, -1.0, -1.0, -1.0, 3.0, 2.0, 1.0, 0.0, -1.0, 2.0, 3.0, 2.0, 2.0, 1.0, 0.0, 1.0, -1.0, -1.0, 0.0, 0.0, 3.0, 2.0, 2.0, 1.0, 3.0, 1.0, 0.0, 2.0, -1.0, 0.0, 0.0, -1.0, 3.0, 0.0, 1.0, 2.0, 3.0, 1.0, 0.0, 0.0, 2.0, 1.0, 3.0, 0.0, 1.0, 94741.0, 550.0, 99470.0
1.0, 0.0, 3.0, 2.0, 3.0, 3.0, -1.0, 2.0, -1.0, 1.0, -1.0, 1.0, 1.0, 2.0, 0.0, -1.0, -1.0, 3.0, 2.0, 2.00149937202, 1.0, 2.0, 1.93799084349, -0.932692831391, 3.0, 3.0, 1.0, -1.0, 3.0, 0.452493392548, 1.0, 0.0, 0.0, -1.0, 1.0, 0.0, 2.0, 0.0, 0.0, 2.0, 2.0, 0.0, 0.0, -1.0, 0.0, 3.0, -1.0, 2.0, 1.0, 3.0, 94899.0, 545.0, 99475.0
-1.0, 3.0, -1.0, -1.0, 0.339851548742, 3.0, -1.0, 3.0, 1.0, 3.0, 1.0, -1.0, -0.12988329387, -1.0, -1.0, -1.0, 3.0, 0.0, 1.0, 1.0, 1.0, 1.0, -1.0, 2.0, 3.0, 1.0, 3.0, 0.0, 0.0, -1.0, 3.0, 2.0, -1.0, 2.0, 0.0, -1.0, 0.0, 2.0, 0.0, 0.0, 2.0, -1.0, 3.0, 2.7873518708, 1.0, 2.0, 0.0, 2.0, 1.0, 2.0, 95142.0, 518.0, 99516.0
0.0, 1.0, 1.0, 2.0, -1.0, 1.0, 0.0, 3.0, 3.0, 2.0, 2.0, 2.0, 1.0, -1.0, 0.0, 0.0, 1.0, 1.0, 3.0, 2.0, -1.0, 1.0, 3.0, 3.0, 0.90412894518, 0.0, 3.0, 2.17076866268, 1.0, 2.0, 3.0, 1.0, 0.0, 3.0, 2.0, 0.0, 2.87345479611, -1.0, 1.0, 2.0, 2.0, -1.0, 2.0, 0.0, 1.0, 3.0, -1.0, -1.0, 2.0, 0.0, 94776.0, 590.0, 99457.0
2.0, 1.0, 3.0, -1.0, 2.03572510994, 1.0, 2.0, 3.0, 2.0, 1.0, -1.0, 0.0, 0.0, 0.0, -0.928863728834, 0.298548196003, 0.0, 2.0, -1.0, -1.0, 1.0, -1.0, 2.0, 0.0, -1.0, -1.0, 0.0, 1.0, -1.0, 1.0, 1.0, 0.0, 2.0, -1.0, 2.0, 3.0, 3.0, -1.0, 1.0, -1.0, 2.0, 3.0, 1.0, 2.34185393627, -1.0, -1.0, 0.0, 1.0, 3.0, 0.0, 95444.0, 501.0, 99544.0
0.0, 2.0, -1.0, 2.0, 2.0, -1.0, 2.0, 3.0, 3.0, 2.0, 1.0, 1.0, 2.0, -1.0, 3.0, 0.0, -1.0, 3.0, -1.0, -1.0, -0.176991232196, 0.0, -1.0, 1.0, 1.0, 0.0, 1.0, 2.0, 3.0, -1.0, 1.0, 3.0, -1.0, -1.0, -1.0, 0.0, -1.0, 0.0, 0.015366700838, 1.94286400409, 0.0, 2.0, 0.0, -1.0, 2.0, 2.0, 2.0, 1.0, 0.0, 1.0, 95411.0, 520.0, 99525.0
-1.0, 0.0, 0.0, 3.0, 3.0, 1.0, -1.0, -1.0, 1.0, 1.0, 3.0, 0.0, 2.0, -1.0, 0.0, 1.0, 3.0, 3.0, -1.0, 3.0, 2.0, 2.0, 0.0, 0.0, 1.0, 0.0, 2.0, 2.0, 0.0, 0.0, 2.0, 3.0, -1.0, -1.0, 1.0, 1.0, -1.0, -1.0, 2.0, 0.0, 3.0, -1.0, 1.0, -1.0, 1.0, 2.0, 1.0, -1.0, 3.0, 0.0, 95260.0, 525.0, 99522.0
1.45004874935, 3.0, 0.0, 1.0, 0.0, 1.0, -1.0, 3.0, 3.0, -1.0, -0.713548377413, -1.0, 1.0, 3.0, 3.0, -1.0, 0.0, 2.0, 0.0, -1.0, 2.0, 2.0, 0.0, 0.0, 1.0, 1.0, -1.0, -1.0, -1.0, 1.0, 1.0, 0.0, 1.49605741099, 3.0, 0.0, 2.0, 1.0, 0.0, 1.0, 1.56322761607, 2.0, 2.59443043783, 3.0, 2.52352964545, 2.0, 0.0, 2.0, -1.0, -1.0, 2.0, 95070.0, 535.0, 99489.0
1.0, 3.0, 3.0, 0.0, -1.0, 0.0, 0.0, 1.0, 0.0, -1.0, 1.0, 2.0, 2.0, 0.0, 0.0, 2.0, 0.0, -1.0, 2.0, -1.0, 2.0, 2.0, 1.0, -1.0, 1.0, -1.0, 2.0, 1.0, 2.0, 2.0, -1.0, 2.0, 3.0, 3.0, 0.0, 3.0, -1.0, 0.0, -1.0, 0.0, 0.0, 3.0, -1.0, 1.0, -1.0, -1.0, -1.0, 3.0, 3.0, 1.0, 95409.0, 522.0, 99514.0
1.0, 2.0, 3.0, 1.0, 3.0, 3.0, 2.0, 2.0, 0.0, 1.0, 1.0, -1.0, -1.0, -1.0, 1.0, 1.0, 3.0, 2.0, -1.0, 2.0, 0.0, 3.0, -1.0, 1.0, 0.0, 2.0, 2.0, 0.0, 3.0, -1.0, 2.0, 0.0, 3.0, 1.0, 0.0, 3.0, 3.0, 2.0, 3.0, 3.0, -1.0, -1.0, 2.0, 1.0, 1.0, 0.0, 0.0, 0.0, 0.0, 3.0, 94790.0, 587.0, 99458.0
3.0, 2.0, 0.0, 2.0, 1.0, 3.0, 0.0, -1.0, 0.0, 2.0, 3.0, -1.0, -1.0, 1.0, 1.0, 3.0, -1.0, -1.0, 0.0, 1.0, 3.0, 1.0, 1.0, -1.0, -1.0, 1.0, -1.0, 1.0, 0.0, 0.0, 2.0, 3.0, 1.0, 2.0, 2.0, 2.0, -1.0, -1.0, -1.0, 3.0, -1.0, 0.0, 1.0, 0.0, -1.0, 2.0, 0.0, 0.0, 3.0, 3.0, 95275.0, 523.0, 99523.0
-1.0, 0.0, 1.0, 2.0, 1.0, -1.0, 0.0, 2.0, -1.0, 1.0, 2.0, -1.0, 3.0, -1.0, 0.0, -1.0, 2.0, 2.0, -1.0, 3.0, 1.0, -1.0, 1.0, 0.0, 0.0, 1.0, 0.0, 1.0, 3.0, 2.0, 3.0, 3.0, 0.0, 2.0, -1.0, -1.0, 3.0, 1.0, -1.0, 3.0, 0.0, 0.0, 2.0, 2.0, 1.0, 1.0, 2.0, 1.0, 3.0, 0.0, 94955.0, 543.0, 99479.0
0.0, -1.0, 2.0, 2.36550711453, 0.0, 3.0, -1.0, 0.0, -1.0, -1.0, 0.0, 0.0, 2.0, -1.0, 1.0, 2.0, -1.0, 1.0, -1.0, 1.0, -1.0, 3.0, 0.0, 1.0, 0.0, 2.0, 3.0, 0.0, 0.912322464585, 0.805060864292, 1.0, -1.0, 3.0, 1.0, 3.0, 3.0, -1.0, -1.0, 0.144103341206, 1.0, 3.0, -1.0, 0.269241160356, 1.11778915151, 2.96561027837, 1.0, 3.0, 2.0, 2.0, 0.0, 95000.0, 537.0, 99498.0
1.0, 0.0, 3.0, 1.0, -1.0, 0.0, 3.0, -1.0, 2.0, 2.0, -1.0, 3.0, 0.0, 2.0, 0.0, 3.0, 0.0, 3.0, 1.0, 1.0, -1.0, 0.0, 3.0, 2.0, 2.0, 1.0, 3.0, -1.0, 3.0, 0.0, -1.0, -1.0, 2.0, 1.0, -1.0, 1.0, 0.0, 0.0, 2.0, 1.0, 1.0, 0.0, 3.0, 3.0, 2.0, 1.0, 2.0, 0.0, -1.0, -1.0, 94861.0, 546.0, 99473.0
3.0, 1.0, 0.0, 0.0, 2.0, 1.0, 2.0, 0.0, -1.0, 0.0, 2.0, -1.0, 0.0, -1.0, 1.0, -1.0, 2.0, 3.0, 2.0, 1.0, -1.0, 0.0, -1.0, 3.0, 2.0, -1.0, 1.0, 2.0, 3.0, -1.0, 3.0, 3.0, 2.0, 1.0, 1.0, 1.0, 0.0, 0.0, 2.0, 3.0, 3.0, 1.0, 3.0, 2.0, -1.0, -1.0, 0.0, 3.0, 0.0, 3.0, 95047.0, 555.0, 99464.0
0.0, 0.0, -1.0, 1.0, 3.0, 2.0, 2.0, -1.0, 1.0, -1.0, -1.0, 3.0, 1.0, -1.0, 1.0, 1.0, -1.0, -1.0, 2.0, 3.0, 2.0, 1.0, 0.0, 2.0, 0.0, -1.0, 0.0, 0.0, 2.0, 3.0, 2.0, 0.0, -1.0, -1.0, 2.0, 0.0, -1.0, 2.0, 1.0, 2.0, 3.0, 3.0, 3.0, 0.0, 0.0, 0.0, 1.0, 1.0, -1.0, 1.0, 95041.0, 535.0, 99490.0
1.0, 2.0, 0.0, 0.0, -1.0, 3.0, 0.0, 2.0, 0.0, 1.0, -1.0, 0.0, 0.0, 2.0, -1.0, 1.0, 2.0, -1.0, 0.0, 2.0, 0.0, 1.0, 2.0, 2.0, 1.0, 1.0, 1.0, 0.0, 3.0, 1.0, 3.0, -1.0, -1.0, 0.0, 1.0, -1.0, 3.0, 2.0, 3.0, 1.0, -1.0, -1.0, 0.0, 1.0, 3.0, 0.0, -1.0, 2.0, 3.0, 2.0, 94780.0, 552.0, 99493.0
