2.9882277553, 2.30179208312, 0.0, -1.0, 1.0, 2.0, -1.0, -1.0, 2.51229976162, 0.0, -1.0, 0.0, -0.665246567908, -1.0, 2.73179346094, -0.637760523102, -1.0, 0.7974249785, 1.0, -1.0, 1.0, -1.0, -1.0, -1.0, 3.0, 0.0, 0.0, -1.0, 3.0, -0.13370659382, -0.999130335447, -0.443681801713, 0.0, 1.40785158051, 1.0, 2.0, -0.782495428964, 2.5861363047, 3.0, -1.0, -0.752996586399, -0.750953191494, 3.0, 1.74926022085, 2.93502029279, 1.77947894441, 1.0, -1.0, 3.0, 1.57404230575, 96098.0, 418.0, 99581.0
-1.0, 2.0, -0.017719226648, 1.78333323467, -1.0, -1.0, -0.981307246432, 2.0, -1.0, 0.0, 0.172364775153, 1.0, -1.0, -1.0, -1.0, -0.945193978996, 3.0, -1.0, 1.0, -1.0, -0.804758702816, 3.0, -0.83340597759, 2.0, -1.0, 1.0, 3.0, 1.0, 0.0, 2.01891792108, 0.0, -1.0, -1.0, 0.0, 0.0, -1.0, 3.0, 0.0, 2.83085122369, 1.0, 3.0, 2.45148754544, 2.0, -0.030053395201, 2.0, 1.0, -1.0, -1.0, 0.0, -0.566510804144, 96027.0, 408.0, 99617.0
-1.0, 2.0, -0.017719226648, 1.78333323467, -1.0, -1.0, -0.981307246432, 2.30208063721, -1.0, -0.360789905036, 0.172364775153, 1.0, -1.0, -1.0, -1.0, -0.945193978996, 3.0, -1.0, 1.0, -1.0, -0.923100324045, 3.0, -0.83340597759, 2.0, -1.0, 1.0, 3.0, 1.0, 0.0, 2.01891792108, 0.0, -1.0, -1.0, 0.0, 0.0, -1.0, 3.0, 0.0, 2.83085122369, 1.0, 3.0, 2.45148754544, 2.0, -0.030053395201, 2.0, 1.0, -1.0, -1.0, 0.0, -0.792528834284, 96027.0, 408.0, 99617.0
-1.0, 2.0, -0.017719226648, 1.78333323467, -1.0, -1.0, -0.981307246432, 2.0, -1.0, 0.0, 0.172364775153, 1.0, -1.0, -1.0, -1.0, -0.945193978996, 3.0, -1.0, 1.0, -1.0, -0.660150589952, 3.0, -0.83340597759, 2.0, -1.0, 1.0, 3.0, 1.0, 0.0, 2.01891792108, 0.0, -1.0, -1.0, 0.0, 0.0, -1.0, 3.0, 0.0, 2.83085122369, 1.0, 3.0, 2.45148754544, 2.0, -0.030053395201, 2.0, 1.0, -1.0, -1.0, 0.0, -0.566510804144, 96027.0, 408.0, 99617.0
0.0, -0.512697145787, 1.0, 1.9096850679, 0.926293768997, 1.59512067647, -1.0, 2.55752198113, -1.0, -0.820438166397, -1.0, 1.83112967269, 3.0, -1.0, 2.0, 1.0, 2.0, 3.0, 2.71718764468, 0.0149620715235, 0.0, -1.0, 2.05196921188, 2.21359670855, 1.0, -1.0, -0.886267673484, 0.500070709297, 2.0, 1.35000145631, 0.0, 1.0, -0.422058103497, 0.0, 1.47689885158, 0.208486699638, -1.0, 0.0, 3.0, 0.0, 3.0, 2.84025383686, 1.0, 0.0, 3.0, 0.0, 2.81864568237, 3.0, 3.0, -1.0, 94805.0, 531.0, 99456.0
1.0, -1.0, 0.384230278791, -1.0, 1.0, -1.0, -1.0, 1.0, 1.09914398492, 0.0, 0.0, 0.0, 1.0, -1.0, 0.0, 1.0, 0.0, 2.12509257788, 0.0, -1.0, -0.270471082784, 2.0, -0.750115190257, 2.0, -1.0, -1.0, -0.598597758066, -1.0, 1.0, 2.47987738354, 3.0, -1.0, 1.0, 3.0, 1.0, -0.609662816265, -1.0, 2.0, -1.0, 0.0, -1.0, 2.74817062159, -0.413827000807, -1.0, -0.720346021334, 2.08424294707, -1.0, 0.0, 1.90766395926, 3.0, 95594.0, 428.0, 99586.0
-0.817725578326, 1.26741965822, -1.0, 1.9096850679, 0.926293768997, 0.527467024683, -0.89114937603, 2.0, -1.0, -0.79814026853, -0.976841499534, 2.0, 0.0, -0.80993809374, 2.0, 0.0, 2.0, 3.0, -0.325296484361, -0.787479804679, 0.0, -1.0, 2.41398609428, 2.0, 1.0, -0.316174934226, -0.716668603663, -0.160418413194, 1.2937487575, 1.35000145631, -0.832945647673, 1.0, -1.0, 2.7642026733, 1.47689885158, 0.208486699638, -1.0, -0.839358638994, 3.0, 0.0, 3.0, 2.84025383686, 0.456884935684, 0.0, 0.0, 0.0, -1.0, 3.0, 3.0, 3.0, 95110.0, 470.0, 99511.0
3.0, -0.8796980341, -0.733586988615, 3.0, 2.0, 1.40662988371, 2.27036767954, -0.73660590288, -1.0, 0.0, -1.0, 0.910451204811, 3.0, -0.963909387317, -0.621117177116, 3.0, 0.0, 1.15048374166, 0.437774837236, -0.676018871027, -0.958628751233, 2.0, 2.80325309206, -0.788478197212, 1.79958493582, 1.0, -1.0, -1.0, 0.0, -0.547300731064, -1.0, 1.0, 1.88287825413, 1.09013866828, 1.61429350913, 1.0, -1.0, 2.0, -0.771231129488, 3.0, 1.0, -0.572451245383, -0.763147441547, -1.0, -1.0, 2.0, 0.0, 3.0, 2.07709889256, -0.403575468918, 96321.0, 409.0, 99594.0
1.0, 2.30179208312, 1.0, -1.0, 0.654064693098, 2.0, 1.9448276837, -1.0, 2.51229976162, 2.95354935988, -1.0, 0.0, -0.830734679275, -1.0, 2.0, -0.637760523102, -1.0, 0.0337876830837, 1.0, -1.0, 1.0, -1.0, -1.0, -1.0, 3.0, -1.0, 0.0, -1.0, 3.0, -0.13370659382, -0.996683477155, -0.881596798396, -0.160809437186, 1.40785158051, 1.0, -0.0850947537303, 0.0971434198529, 2.36808990038, 3.0, -1.0, -0.144114184056, 0.0, 3.0, 3.0, 3.0, 0.0, 1.0, -0.651439351516, 3.0, -1.0, 95783.0, 426.0, 99568.0
-0.205671819276, -1.0, 0.384230278791, 0.279667103339, 1.0, -1.0, -1.0, 1.0, -0.959135521273, 0.0, 0.5949227323, 1.0, 1.0, -0.725684415562, -0.225246428099, 0.0, 0.3158878952, 2.30745873097, 1.93324562708, -1.0, 1.4078518574, 2.0, -0.750115190257, 2.0, -1.0, -1.0, -0.598597758066, -1.0, 1.0, -0.495389151316, 3.0, -1.0, 1.0, 3.0, 3.0, 2.0, 3.0, 2.0, -1.0, -0.0987388730998, -0.697511340142, -1.0, 3.0, -0.16034455834, 0.0, -1.0, -1.0, 0.0, 1.90766395926, 3.0, 95293.0, 452.0, 99549.0
-1.0, 2.0, 0.265305939087, 2.26904063024, -1.0, -1.0, -0.981307246432, 2.0, -1.0, -0.221608439553, -0.534453455264, 1.0, -1.0, -1.0, -1.0, -0.253205112753, 0.403928011389, -1.0, 1.0, -1.0, -0.804758702816, 1.54902647664, -0.83340597759, 2.0, -1.0, 1.0, 3.0, 1.0, 0.0, 2.01891792108, 3.0, -1.0, -1.0, 0.0, 0.0, -1.0, 3.0, 1.01130923041, 2.83085122369, 1.0, 3.0, -0.835361900467, -0.905461252413, -0.030053395201, 2.0, 0.7763020228, -1.0, 3.0, 0.0, -0.566510804144, 95971.0, 398.0, 99618.0
-1.0, 2.0, -0.017719226648, 2.26904063024, -1.0, -1.0, -0.981307246432, 2.0, -1.0, 0.0, -0.534453455264, 1.0, -1.0, -1.0, -1.0, -0.945193978996, 0.0214245376526, -1.0, 1.0, -1.0, -0.804758702816, 1.54902647664, -0.83340597759, 2.0, -1.0, 1.0, 3.0, 1.0, 0.0, 2.01891792108, 0.0, -1.0, -1.0, 0.0, 0.0, -1.0, 3.0, 1.01130923041, 2.83085122369, 1.0, 3.0, -0.835361900467, -0.905461252413, -0.030053395201, 2.0, 1.0, -1.0, 3.0, 0.0, -0.566510804144, 96079.0, 381.0, 99628.0
0.0, -0.512697145787, 1.0, 1.9096850679, 0.926293768997, 1.59512067647, -1.0, 2.0, -1.0, -0.820438166397, -1.0, 1.76253217678, 0.0, -1.0, 2.0, 1.0, 2.0, 3.0, 2.71718764468, 0.0149620715235, 0.0, -1.0, 2.05196921188, 2.0, 1.0, -1.0, -0.716668603663, 0.500070709297, 2.0, 1.35000145631, 0.0, 1.0, -1.0, 0.0, 1.47689885158, 0.208486699638, -1.0, 0.0, 3.0, 0.0, 3.0, 2.84025383686, 1.0, 0.0, 3.0, 0.0, -1.0, 3.0, 3.0, -1.0, 94887.0, 498.0, 99481.0
2.9882277553, 2.30179208312, 0.0, -1.0, 1.0, 2.0, -1.0, -1.0, 2.51229976162, 2.95354935988, -1.0, 0.0, -0.665246567908, -1.0, 2.0, -0.637760523102, -1.0, 0.0337876830837, 1.0, -1.0, 1.0, -1.0, -1.0, -1.0, 3.0, 0.0, 0.0, -1.0, 3.0, -0.13370659382, -0.999130335447, -0.443681801713, 0.0, 1.40785158051, 1.0, 2.0, 0.0971434198529, 2.5861363047, 3.0, -1.0, -0.0359385954317, -0.750953191494, 3.0, 1.74926022085, 3.0, 0.0, 1.0, -1.0, 3.0, -1.0, 95744.0, 428.0, 99566.0
-1.0, 2.0, -0.017719226648, 2.26904063024, -1.0, -1.0, -0.981307246432, 2.0, -1.0, 0.0, 0.172364775153, 1.0, -1.0, -1.0, -1.0, -0.945193978996, 0.0214245376526, -1.0, 1.0, -1.0, -0.804758702816, 3.0, -0.83340597759, 2.0, -1.0, 1.0, 3.0, 1.0, 0.0, 2.01891792108, 0.0, -1.0, -1.0, 0.0, 0.0, -1.0, 3.0, 1.01130923041, 2.83085122369, 1.0, 3.0, -1.0, 2.0, -0.030053395201, 2.0, 1.0, -1.0, -1.0, 0.0, -0.566510804144, 96061.0, 393.0, 99630.0
0.0, 2.0, -0.970975424109, 2.75925118057, -0.155667642441, 1.0, -1.0, 2.0, 0.215005339579, 0.0, -1.0, 2.0, 0.0, -1.0, 2.0, 2.91061321175, 0.509201347463, 3.0, 2.0, 1.0, 0.0, -1.0, 2.0, 2.0, 1.0, -1.0, -0.585759622679, 1.0, 2.0, 2.47987738354, -1.0, 0.893210670127, 1.05236021822, 0.0, 0.173425151771, 0.792827982714, -1.0, 0.0, 3.0, 0.0, 3.0, 2.49541338284, 1.0, 0.0, 3.0, 0.395896632198, -1.0, 3.0, 3.0, -0.858649029567, 94591.0, 516.0, 99460.0
2.88937911207, -0.512697145787, 1.0, 1.9096850679, 0.926293768997, 1.59512067647, -1.0, 1.60102856126, -1.0, 2.10712499232, -1.0, 0.957052983464, 0.0, -1.0, 2.0, 1.0, 2.69140740369, 3.0, 2.71718764468, 0.0149620715235, 0.0, -1.0, 1.98529438181, 2.67243218343, 0.0, -1.0, -0.716668603663, 0.500070709297, 2.0, 1.35000145631, 1.7797328734, 1.0, -1.0, 0.0, 1.47689885158, -0.834994638258, -1.0, 0.0, 3.0, 0.0, 3.0, 2.84025383686, 1.0, 0.978888816391, 3.0, 0.0, -1.0, 1.10168826434, 3.0, -1.0, 94999.0, 497.0, 99487.0
-1.0, 2.0, -0.017719226648, 1.78333323467, -1.0, -1.0, -0.981307246432, 2.0, -1.0, 0.0, 0.172364775153, 1.0, -1.0, -1.0, -1.0, -0.945193978996, 3.0, 0.147579709847, 1.0, -0.542924718697, -0.804758702816, 3.0, -0.83340597759, 2.0, -1.0, 1.0, 3.0, 3.0, 0.0, 2.01891792108, 0.0, -1.0, -1.0, 0.0, 0.0, -1.0, 3.0, 1.01130923041, 2.83085122369, 1.0, 3.0, 2.71871682072, 2.0, -0.030053395201, 2.10615987297, 1.0, -1.0, -1.0, 0.0, -0.566510804144, 95986.0, 418.0, 99603.0
3.0, 2.0, 0.0, 1.0, 1.0, 3.0, 3.0, 2.0, -1.0, 0.0, -1.0, 2.0, 0.0, 0.0, 0.0, 0.0, 0.0, 1.0, 0.106908259257, 2.0, 1.0, -0.897285328112, -1.0, 2.83558929688, -0.730689092662, -1.0, -1.0, -1.0, -1.0, 1.0, 3.0, 1.75179727419, -1.0, 0.0, 3.0, 2.25603796116, 3.0, 1.0, 0.527012454667, -0.654564827974, -1.0, -1.0, 1.21639532982, -0.277053138455, 1.0, -1.0, -1.0, 0.343759567107, -1.0, 2.0, 95084.0, 464.0, 99529.0
2.60601929253, 1.84654740065, 1.0, 0.651858562518, -0.155667642441, 1.0, -1.0, 2.0, -1.0, 0.0, -1.0, 2.50197719181, 0.0, -1.0, 2.0, 1.0, 2.0, 3.0, 2.0, 1.0, 2.07974971028, -1.0, 2.20757641277, 2.0, 1.0, -1.0, -0.13099477965, 1.0, 2.0, -0.547300731064, -0.874608641929, 1.0, -0.795614541952, 0.0, 0.173425151771, 0.792827982714, -1.0, 0.0, 3.0, 0.0, 3.0, 1.0, 1.0, 0.0, -1.0, -0.311808776323, -1.0, 3.0, 3.0, -1.0, 94898.0, 491.0, 99495.0
-1.0, 2.0, -0.017719226648, 1.78333323467, -1.0, -1.0, -0.981307246432, 2.30208063721, -1.0, -0.360789905036, -0.421062988448, 1.0, -1.0, -1.0, -1.0, -0.945193978996, 3.0, -1.0, 1.0, -0.232337909057, -0.923100324045, 3.0, -0.83340597759, 2.0, -1.0, 1.0, 3.0, 1.0, 0.0, 2.01891792108, 0.0, -1.0, -1.0, 0.0, 0.0, -1.0, 3.0, 0.0, 2.83085122369, 1.0, 3.0, 2.45148754544, 2.0, -0.030053395201, 2.0, 1.0, -1.0, -1.0, 0.0, -0.831863253852, 95794.0, 422.0, 99601.0
-1.0, 2.0, -0.017719226648, 1.78333323467, -1.0, -1.0, -0.981307246432, 2.0, -1.0, 0.0, 0.172364775153, 1.0, -1.0, -1.0, -1.0, -0.945193978996, 3.0, -1.0, 1.0, -1.0, -0.804758702816, 3.0, -0.83340597759, 2.0, -1.0, 1.0, 3.0, 1.0, 0.0, 2.01891792108, 0.322272697016, -1.0, -1.0, 0.0, 0.0, -1.0, 3.0, 0.0, 2.83085122369, 1.0, 3.0, 2.63618796086, 2.0, -0.030053395201, 2.0, 1.0, -1.0, -1.0, 0.0, -0.566510804144, 96053.0, 408.0, 99617.0
3.0, -0.8796980341, -0.733586988615, 3.0, 2.0, 1.40662988371, 2.27036767954, -0.73660590288, -1.0, 0.0, -1.0, 0.634003404471, 3.0, -0.963909387317, -0.621117177116, 3.0, 0.0, 1.15048374166, 0.437774837236, -0.676018871027, -0.958628751233, 2.0, 2.80325309206, -0.788478197212, 1.79958493582, 1.0, -1.0, -1.0, 0.0, -0.547300731064, -1.0, 3.0, 1.88287825413, 1.09013866828, 1.61429350913, 1.0, -1.0, 2.0, -0.771231129488, 3.0, 1.0, -0.572451245383, -0.763147441547, -1.0, -1.0, 2.0, 0.0, 3.0, 1.8828558084, -0.403575468918, 96415.0, 409.0, 99594.0
3.0, -0.8796980341, 1.88596553263, 3.0, 2.0, 1.40662988371, 2.0, -0.73660590288, -1.0, 0.0, -1.0, 0.634003404471, 3.0, -0.963909387317, -0.621117177116, 3.0, 0.0, 1.16052340583, 0.788711601648, -0.676018871027, -0.958628751233, 2.0, 2.80325309206, -0.788478197212, 1.79958493582, 1.0, -1.0, -1.0, 0.0, -0.547300731064, -1.0, 3.0, 1.88287825413, 1.09013866828, 1.61429350913, 1.0, -1.0, 1.0, -0.771231129488, 3.0, 1.0, -0.572451245383, -0.763147441547, -1.0, -1.0, 2.0, 0.0, 3.0, 2.49335764143, -0.403575468918, 96290.0, 422.0, 99583.0
0.59600723682, -0.8796980341, -0.780090615895, 2.46859998126, -0.0594904528644, 2.0, 2.42030487929, -0.329216415531, -1.0, 0.0, -1.0, 1.0, 2.0, -0.963909387317, 0.91358737822, 3.0, 1.25771941174, 2.197552056, -0.0505199911779, -1.0, -0.958628751233, 2.78491200926, 2.38879156151, -0.771916801531, 2.34440678759, -0.455251941108, -1.0, -1.0, 0.0, -0.351069446527, -1.0, 3.0, 0.0307993670371, 3.0, 1.0, -0.742231363646, 1.00612297587, 2.0, 2.08261192565, 1.53199525316, 1.0, 1.0, -0.989787368818, -1.0, -1.0, -0.338898975566, 0.0, 3.0, 1.52167091409, -0.627285213029, 95449.0, 464.0, 99535.0
3.0, 2.0, 0.0, 1.0, 1.0, 3.0, 3.0, 2.0, -1.0, 0.0, -1.0, 2.0, 3.0, 0.0, 0.0, 0.0, 0.0, 1.0, 1.66191099152, 2.0, 1.0, -0.897285328112, -1.0, 2.83558929688, -0.730689092662, -1.0, -1.0, -1.0, -1.0, 1.0, 3.0, 1.75179727419, -1.0, 0.0, 3.0, 1.81673718748, 3.0, 1.0, 0.527012454667, 0.0, -1.0, -1.0, 1.21639532982, 0.0, 1.0, -1.0, 2.81864568237, 0.343759567107, -1.0, 2.0, 95037.0, 493.0, 99503.0
0.0, 2.0, 1.0, 1.9096850679, 0.926293768997, 1.59512067647, -1.0, 2.0, -1.0, -0.820438166397, -1.0, 2.0, 0.0, -1.0, 2.0, 1.0, 2.0, 3.0, -0.325296484361, 0.0149620715235, 0.0, -1.0, 2.0, 2.0, 1.0, -1.0, -0.716668603663, 0.500070709297, 2.0, 1.35000145631, 0.0, 1.0, -1.0, 0.0, 1.47689885158, 0.208486699638, -1.0, 0.0, 3.0, -0.914149781744, 3.0, 2.84025383686, 1.0, 0.0, 0.667409185271, 0.0, -1.0, 3.0, 3.0, -1.0, 94777.0, 499.0, 99485.0
