-1.0, 2.46021063042, -0.017719226648, 2.26904063024, -1.0, -1.0, -0.981307246432, 2.0, -1.0, 0.0, 0.172364775153, 1.0, -1.0, -1.0, -1.0, -0.945193978996, 0.0214245376526, -1.0, 1.0, -1.0, -0.804758702816, -1.0, -0.83340597759, 2.0, -0.107820956085, 1.0, 3.0, 1.0, 0.0, 2.01891792108, 0.0, -1.0, -1.0, 0.0, 0.0, -1.0, 3.0, 1.01130923041, 2.91548357937, 1.0, 3.0, -1.0, 2.379322693, -0.030053395201, 2.0, 1.0, -1.0, -1.0, 0.0, -0.566510804144, 95975.0, 389.0, 99628.0
-1.0, 2.0, 0.265305939087, 2.44376969052, -1.0, -1.0, -0.981307246432, 2.0, -1.0, -0.221608439553, -0.621543431682, 1.0, -1.0, -1.0, -1.0, -0.253205112753, 0.403928011389, -1.0, 1.0, -1.0, 0.0110910611691, 1.54902647664, -0.83340597759, 2.0, -1.0, 0.378959836328, 3.0, 1.0, 0.0, 2.01891792108, 3.0, -1.0, -1.0, 0.0, 0.0, -0.867058967847, 3.0, 1.01130923041, 2.83085122369, 1.0, 3.0, -0.835361900467, -0.905461252413, -0.030053395201, 2.0, 0.7763020228, -1.0, 3.0, 0.0, -0.81065278977, 95814.0, 411.0, 99608.0
0.0, 2.0, 1.0, 1.9096850679, 0.926293768997, 1.59512067647, -1.0, 2.0, -1.0, -0.820438166397, -1.0, 2.0, 0.0, -1.0, 2.2645057676, 1.0, 0.884514979384, 3.0, -0.325296484361, 0.0149620715235, 0.0, -1.0, 0.161107544468, 2.0, 1.0, -1.0, -0.716668603663, 1.160267749, 2.0, 1.35000145631, -0.516657408161, 1.0, -1.0, -0.316178215292, 1.47689885158, 0.208486699638, -0.0187176828883, 0.0, 3.0, -0.37911573509, 3.0, 2.99765257885, 1.0, -0.943954347438, 1.50292171092, -0.096706515383, -1.0, 2.16109910572, 3.0, -1.0, 94630.0, 489.0, 99482.0
3.0, -0.8796980341, -0.733586988615, 3.0, 2.0, 1.87410990733, -0.923484884303, -0.73660590288, -1.0, 0.0, -1.0, 1.08125545319, 3.0, -0.963909387317, -0.621117177116, 3.0, 0.0, 1.15048374166, 0.691544301663, -0.676018871027, -0.958628751233, -0.203014300723, 2.95428280028, -0.788478197212, 2.78387735876, 1.27030566405, -1.0, -1.0, 0.0, -0.547300731064, -1.0, 1.0, 1.88287825413, 1.09013866828, 1.61429350913, 1.0, -1.0, 2.0, -0.771231129488, 3.0, 1.0, -0.572451245383, -0.763147441547, -1.0, -1.0, 2.0, -0.0494573811593, 3.0, 2.07709889256, -0.403575468918, 96474.0, 394.0, 99608.0
-0.817725578326, 1.26741965822, -1.0, 1.9096850679, 0.926293768997, 0.527467024683, -0.89114937603, 2.0, -1.0, -0.79814026853, -0.976841499534, 2.0, 0.0, -0.80993809374, 2.0, 0.0, 2.0, 3.0, -0.325296484361, -0.787479804679, 0.0, -1.0, 2.41398609428, 2.0, 1.0, -0.316174934226, -0.716668603663, -0.160418413194, 1.2937487575, 1.35000145631, -0.832945647673, 1.0, -1.0, 2.7642026733, 1.47689885158, 0.208486699638, -1.0, -0.839358638994, 3.0, 0.0, 3.0, 2.84025383686, 0.456884935684, 0.0, 0.0, 0.0, -1.0, 3.0, 3.0, 3.0, 95110.0, 470.0, 99511.0
3.0, -0.8796980341, -0.733586988615, 3.0, 2.0, 1.87410990733, -0.923484884303, -0.73660590288, -1.0, 0.0, -1.0, -0.394395496637, 3.0, -0.963909387317, -0.621117177116, 3.0, 0.0, 1.15048374166, 0.691544301663, -0.676018871027, -0.988665971617, 0.0606392845615, 2.95428280028, 1.0, 2.78387735876, 1.27030566405, -1.0, -1.0, 0.0, -0.547300731064, -1.0, 1.0, 0.742260303685, 1.09013866828, 1.61429350913, 1.0, -1.0, 2.0, -0.771231129488, 3.0, 1.0, -0.572451245383, -0.763147441547, -1.0, -1.0, 2.0, -0.0494573811593, 3.0, 2.07709889256, -0.403575468918, 96189.0, 409.0, 99592.0
1.40623505423, 1.53962022407, 1.0, -0.400059516272, 0.926293768997, 1.59512067647, -1.0, 2.0, -1.0, -0.820438166397, -1.0, 2.0, 0.0, -1.0, 2.0, 0.430147529038, 2.0, 3.0, -0.325296484361, 0.0149620715235, 0.0, -1.0, -0.765277024359, 1.93086910232, 1.0, -1.0, -0.716668603663, 1.88351377074, 2.0, 2.51695655808, 0.0, 1.0, -1.0, 0.0, 1.47689885158, 0.208486699638, -1.0, 1.0, 3.0, -0.86816484627, 3.0, 2.84025383686, 1.0, 0.0, 3.0, 0.0, -1.0, 3.0, 3.0, -1.0, 95053.0, 484.0, 99491.0
-1.0, 2.0, -0.017719226648, 2.60549204351, -1.0, -1.0, -0.981307246432, 2.0, -1.0, 0.0, 0.172364775153, 1.0, -1.0, -1.0, -1.0, -0.945193978996, 0.0214245376526, -1.0, 1.0, -1.0, -0.804758702816, 3.0, -0.83340597759, 1.98504744319, -1.0, 1.0, 3.0, 1.0, 0.0, 2.01891792108, 0.0, -1.0, -1.0, -0.596211310829, 0.0, -1.0, 3.0, 1.01130923041, 2.83085122369, 1.0, 3.0, -1.0, 2.0, -0.030053395201, 2.0, 1.0, -1.0, -1.0, 0.0, -0.76841072609, 96359.0, 378.0, 99650.0
1.0, 2.30179208312, 1.0, -1.0, 0.654064693098, 2.0, 1.9448276837, -1.0, 2.51229976162, 2.95354935988, -1.0, 0.0, -0.830734679275, -1.0, 2.0, -0.637760523102, -1.0, 0.0337876830837, 1.0, -1.0, 1.0, -1.0, -1.0, -1.0, 3.0, -1.0, 0.0, -1.0, 3.0, -0.13370659382, -0.996683477155, -0.881596798396, -0.160809437186, 1.40785158051, 1.0, -0.0850947537303, 0.0971434198529, 2.36808990038, 3.0, -1.0, -0.144114184056, 0.0, 3.0, 3.0, 3.0, 0.0, 1.0, -0.651439351516, 3.0, -1.0, 95783.0, 426.0, 99568.0
3.0, -0.809770960189, -0.733586988615, 3.0, 2.0, 1.87410990733, 2.27036767954, -0.73660590288, -1.0, 0.0, -1.0, 0.910451204811, 3.0, -0.963909387317, -0.621117177116, 3.0, 0.0, 1.15048374166, 1.0, -0.676018871027, -0.958628751233, -0.203014300723, 2.80325309206, -0.788478197212, -0.550544415413, 1.27030566405, -1.0, -1.0, 0.0, -0.547300731064, -1.0, 1.0, 1.88287825413, 1.09013866828, 1.61429350913, 1.0, -1.0, 2.0, -0.655123845227, 3.0, 1.0, -0.572451245383, -0.763147441547, -1.0, -1.0, 2.0, 0.0, 3.0, 2.07709889256, -0.403575468918, 96412.0, 395.0, 99605.0
-1.0, 2.0, 0.265305939087, 2.26904063024, -1.0, -1.0, -0.981307246432, 2.0, -1.0, -0.221608439553, -0.534453455264, 1.0, -1.0, -1.0, -1.0, -0.253205112753, 0.403928011389, -1.0, 1.0, -1.0, -0.804758702816, 1.54902647664, -0.83340597759, 2.0, -1.0, 1.0, 3.0, 1.0, 0.0, 2.01891792108, 3.0, -1.0, -1.0, 0.0, 0.0, -1.0, 3.0, 1.01130923041, 2.83085122369, 1.0, 3.0, -0.835361900467, -0.905461252413, -0.030053395201, 2.0, 0.7763020228, -1.0, 3.0, 0.0, -0.566510804144, 95971.0, 398.0, 99618.0
0.752852079955, -0.328138063023, 0.384230278791, 0.279667103339, 1.0, -1.0, -1.0, 1.0, -0.408506310589, 0.0, -0.736448561374, 0.0664586573324, 1.0, -1.0, -0.91697319449, 0.0, -0.894113299334, 2.30745873097, 2.0853335608, -1.0, -0.30753968196, 2.0, -0.765277024359, 1.3087617259, -1.0, -1.0, -0.598597758066, -1.0, 1.86693173788, -0.673231347186, 3.0, -1.0, 1.0, 3.0, 3.0, 2.0, 3.0, -0.771661262058, -1.0, -0.261578847842, -0.697511340142, -1.0, -0.00653952054462, -1.0, 2.77085500024, -1.0, -1.0, 0.0, 3.0, 3.0, 96127.0, 393.0, 99621.0
3.0, -0.908566897413, -0.733586988615, 3.0, 2.0, 1.40662988371, 2.27036767954, -0.73660590288, -1.0, 0.0, -1.0, 0.910451204811, 3.0, -0.963909387317, -0.621117177116, 3.0, 0.0, 1.15048374166, 0.437774837236, -0.676018871027, -0.958628751233, 0.985779186251, 2.80325309206, -0.788478197212, 1.79958493582, 1.0, -1.0, -1.0, 0.0, 2.01891792108, -1.0, 1.0, 1.88287825413, 1.09013866828, -0.782068429973, 1.0, -1.0, 2.0, -0.771231129488, 2.3611603738, -0.581613434704, -0.572451245383, -0.763147441547, -1.0, -1.0, 2.0, 0.0, 3.0, 2.12075440784, -0.403575468918, 96399.0, 393.0, 99609.0
2.60601929253, -0.273134847517, 1.0, 1.0, -0.155667642441, 1.0, -1.0, 2.0, -1.0, 0.0, -1.0, 2.0, -0.30123314621, -1.0, 2.0, 1.0, 2.0, 3.0, 2.0, -1.0, 2.07598192105, -1.0, 2.0, 2.0, 1.0, -1.0, 1.0, 1.26358080064, 2.0, 2.47987738354, -0.871581238571, 1.75179727419, 1.35615119859, 0.0, 0.173425151771, 0.792827982714, -1.0, 0.0, 3.0, 0.0, 3.0, 1.0, 1.0, 0.0, 0.165270061958, -0.884956509739, -0.735504113643, 3.0, 0.404037007587, -1.0, 94559.0, 508.0, 99475.0
-1.0, 2.0, -0.017719226648, 2.26904063024, -1.0, -1.0, -0.981307246432, 2.0, -1.0, 0.0, -0.534453455264, 1.0, -1.0, -1.0, -1.0, -0.945193978996, 0.0214245376526, -1.0, 1.0, -1.0, -0.804758702816, 1.54902647664, -0.83340597759, 2.0, -1.0, 1.0, 3.0, 1.0, 0.0, 2.01891792108, 0.0, -1.0, -1.0, 0.0, 0.0, -1.0, 3.0, 1.01130923041, 2.83085122369, 1.0, 3.0, -0.835361900467, -0.905461252413, -0.030053395201, 2.0, 1.0, -1.0, 3.0, 0.0, -0.566510804144, 96079.0, 381.0, 99628.0
-0.817725578326, 1.26741965822, -1.0, 1.9096850679, 0.926293768997, 0.527467024683, -0.89114937603, 2.0, -1.0, -0.79814026853, -0.976841499534, 2.0, 0.0, -0.80993809374, 2.0, 0.0, 2.14201951975, 3.0, -0.325296484361, -0.787479804679, 0.0, -1.0, 2.41398609428, 2.0, 1.0, -0.316174934226, -0.716668603663, -0.160418413194, 1.2937487575, 1.35000145631, -0.832945647673, 1.0, -1.0, 2.7642026733, 1.22936011563, -0.983328574124, -1.0, -0.839358638994, 3.0, 0.0, 3.0, 2.84025383686, 0.456884935684, 0.0, 0.0, 0.0, -1.0, 3.0, 3.0, 3.0, 95258.0, 459.0, 99524.0
-1.0, 2.46021063042, 1.11748908289, 2.26904063024, -1.0, -1.0, -0.981307246432, 2.0, -1.0, 0.0, -0.334695962292, 1.0, -1.0, -1.0, -1.0, -0.945193978996, 0.0214245376526, -1.0, 1.0, -1.0, -0.804758702816, -1.0, -0.83340597759, 2.0, -1.0, 1.0, -0.598597758066, 1.0, 0.0, 2.01891792108, 0.0, -1.0, -1.0, 0.0, 0.0, -1.0, 3.0, 1.01130923041, 2.91548357937, 1.0, 3.0, -1.0, 2.379322693, -0.030053395201, 2.0, -1.0, -1.0, -1.0, 0.0, -0.566510804144, 96322.0, 347.0, 99657.0
2.9882277553, 2.30179208312, 0.0, -1.0, 1.0, 2.0, -1.0, -1.0, 2.51229976162, 2.95354935988, -1.0, 0.0, -0.665246567908, -1.0, 2.0, -0.637760523102, -1.0, 0.0337876830837, 1.0, -1.0, 1.0, -1.0, -1.0, -1.0, 3.0, 0.0, 0.0, -1.0, 3.0, -0.13370659382, -0.999130335447, -0.443681801713, 0.0, 1.40785158051, 1.0, 2.0, 0.0971434198529, 2.5861363047, 3.0, -1.0, -0.0359385954317, -0.750953191494, 3.0, 1.74926022085, 3.0, 0.0, 1.0, -1.0, 3.0, -1.0, 95744.0, 428.0, 99566.0
2.9882277553, 2.30179208312, 0.0, -1.0, 1.0, 2.0, -1.0, -1.0, 2.51229976162, 2.95354935988, -1.0, 0.0, -0.665246567908, -1.0, 2.0, -0.637760523102, -1.0, 0.0337876830837, 1.0, -1.0, 1.0, -1.0, -1.0, -1.0, 3.0, 0.0, 0.0, -1.0, 3.0, -0.641650556802, -0.999130335447, -0.443681801713, 0.0, 1.40785158051, 1.0, 2.0, 0.0971434198529, 2.5861363047, 3.0, -1.0, 1.5116760289, -0.750953191494, 3.0, 1.74926022085, 3.0, 0.0, 1.0, -1.0, 3.0, -1.0, 96033.0, 416.0, 99583.0
3.0, 2.0, 0.0, 1.0, 1.0, 3.0, 3.0, 2.0, -1.0, 0.0, -1.0, 2.0, 0.0, 0.0, 0.0, 0.0, 0.0, 1.0, 0.106908259257, 2.0, 1.0, -0.897285328112, -1.0, 2.83558929688, -0.730689092662, -1.0, -1.0, -1.0, -1.0, 1.0, 3.0, 1.75179727419, -1.0, 0.0, 3.0, 2.25603796116, 3.0, 1.0, 0.527012454667, -0.654564827974, -1.0, -1.0, 1.21639532982, -0.277053138455, 1.0, -1.0, -1.0, 0.343759567107, -1.0, 2.0, 95084.0, 464.0, 99529.0
0.0, 1.82212672937, 1.0, 1.9096850679, 0.926293768997, 1.59512067647, -1.0, 2.55752198113, -1.0, -0.820438166397, -1.0, 1.83112967269, 3.0, -1.0, 1.55352409475, 1.0, 2.0, 3.0, 2.71718764468, 0.0149620715235, 0.0, -1.0, -0.83340597759, 2.21359670855, 1.0, -1.0, -0.886267673484, 0.500070709297, 2.0, 1.35000145631, 0.418308742607, 1.0, -0.422058103497, 0.0, 1.47689885158, 0.208486699638, -1.0, 0.0, 3.0, 0.0, 3.0, 2.84025383686, 1.0, 0.0, 3.0, 0.0, 2.81864568237, 3.0, 3.0, -1.0, 94766.0, 527.0, 99452.0
-1.0, 2.0, -0.017719226648, 2.60549204351, -1.0, -1.0, -0.981307246432, 2.0, -1.0, 0.0, 0.172364775153, 1.0, -1.0, -1.0, -1.0, -0.945193978996, 0.0214245376526, -1.0, 1.0, -1.0, -0.804758702816, 3.0, -0.83340597759, 1.98504744319, -1.0, -0.967601045236, 3.0, 1.0, 0.0, -0.547300731064, 0.0, -1.0, -1.0, -0.596211310829, 1.61429350913, -1.0, 3.0, 1.01130923041, 2.83085122369, 1.0, 3.0, -1.0, 2.0, -0.030053395201, 2.0, 1.0, -1.0, -1.0, 0.0, -0.76841072609, 96690.0, 350.0, 99678.0
-1.0, 2.0, -0.017719226648, 2.26904063024, -1.0, -1.0, -0.981307246432, 2.0, -1.0, 0.0, 0.172364775153, 1.0, -1.0, -1.0, -1.0, -0.945193978996, 0.0214245376526, -1.0, 1.0, -1.0, -0.804758702816, 3.0, -0.83340597759, 2.0, -1.0, 1.0, 3.0, 1.0, 0.0, 2.01891792108, 0.0, -1.0, -1.0, 0.0, 0.0, -1.0, 3.0, 1.01130923041, 2.83085122369, 1.0, 3.0, -1.0, 2.0, -0.030053395201, 2.0, 1.0, -1.0, -1.0, 0.0, -0.566510804144, 96061.0, 393.0, 99630.0
3.0, -0.8796980341, -0.733586988615, 3.0, 2.0, 1.40662988371, 2.27036767954, -0.73660590288, -1.0, 0.0, -1.0, 0.910451204811, 3.0, -0.963909387317, -0.621117177116, 3.0, 0.0, 1.15048374166, 0.437774837236, -0.676018871027, -0.958628751233, 2.0, 2.80325309206, -0.788478197212, 1.79958493582, 1.0, -1.0, -1.0, 0.0, -0.547300731064, -1.0, 1.0, 1.88287825413, 1.09013866828, 1.61429350913, 1.0, -1.0, 2.0, -0.771231129488, 3.0, 1.0, -0.572451245383, -0.763147441547, -1.0, -1.0, 2.0, 0.0, 3.0, 2.07709889256, -0.403575468918, 96321.0, 409.0, 99594.0
-1.0, 2.0, -0.017719226648, 2.26904063024, -1.0, -1.0, -0.981307246432, 2.0, -1.0, 0.0, -0.534453455264, 1.19413369739, -1.0, -1.0, -1.0, -0.945193978996, 0.0214245376526, -1.0, 1.0, -1.0, -0.804758702816, 1.54902647664, -0.83340597759, 2.0, -1.0, 1.0, 3.0, 1.0, 0.0, 2.01891792108, 0.0, -1.0, -1.0, 1.05821519865, 0.0, -1.0, 3.0, 1.01130923041, 2.9481869653, 1.0, 3.0, -0.835361900467, -0.905461252413, -0.030053395201, 2.0, 1.0, -1.0, 3.0, 0.0, -0.566510804144, 96133.0, 381.0, 99628.0
