-1.0, 2.46021063042, -0.017719226648, 2.26904063024, -1.0, -1.0, -0.981307246432, 2.0, -1.0, 0.0, 0.172364775153, 1.0, -1.0, -1.0, -1.0, -0.945193978996, 0.0214245376526, -1.0, 1.0, -1.0, -0.804758702816, -1.0, -0.83340597759, 2.0, -0.107820956085, 1.0, 3.0, 1.0, 0.0, 2.01891792108, 0.0, -1.0, -1.0, 0.0, 0.0, -1.0, 3.0, 1.01130923041, 2.91548357937, 1.0, 3.0, -1.0, 2.379322693, -0.030053395201, 2.0, 1.0, -1.0, -1.0, 0.0, -0.566510804144, 95975.0, 389.0, 99628.0
-1.0, -0.777985545222, -1.0, 2.0, 2.6528300611, 0.543518417315, 0.0, -1.0, -1.0, 1.52563937572, -1.0, 2.0, 2.0, 2.90538382909, 1.27401363605, -0.661324030542, 1.0, 0.0, -0.111389691334, -0.872495327046, -0.831379314112, -1.0, -0.155690876439, 0.923407702659, 0.0, -0.820817700108, -1.0, 0.501696770419, 0.0, 2.07488832491, -0.704916060907, 0.751642605369, 2.49755838629, -1.0, 2.01176606464, 1.9426267461, -1.0, 1.35501200342, -0.17121835909, 0.174006856952, 1.61159797435, 0.790288838035, 1.0, -0.226045167118, 2.55708250147, 0.0, 2.20282295085, 1.8185627347, 3.0, -1.0, 95079.0, 455.0, 99514.0
3.0, -0.8796980341, -0.733586988615, 3.0, 2.03910326149, 1.87410990733, -0.923484884303, -0.73660590288, -1.0, 0.0, -1.0, 1.08125545319, 3.0, -0.963909387317, -0.621117177116, 3.0, 0.0, 1.15048374166, 0.691544301663, -0.676018871027, -0.958628751233, -0.599278349324, 2.95428280028, -0.91547920346, 2.78387735876, 1.27030566405, -1.0, -1.0, 0.0, 1.60489124779, -1.0, 1.0, 0.0794695520968, 1.09013866828, 1.61429350913, 1.0, -1.0, 2.0, -0.771231129488, 3.0, 1.0, -0.572451245383, -0.763147441547, -1.0, -1.0, 2.0, -0.0494573811593, 3.0, 2.30643099973, -0.403575468918, 96402.0, 388.0, 99600.0
-0.817725578326, 1.26741965822, -1.0, 1.9096850679, 0.926293768997, 0.527467024683, -0.89114937603, 2.0, -1.0, -0.79814026853, -0.976841499534, 2.0, 0.0, -0.80993809374, 2.0, 0.0, 2.0, 3.0, -0.325296484361, -0.787479804679, 0.0, -1.0, 2.41398609428, 2.0, 1.0, -0.316174934226, -0.716668603663, -0.160418413194, 1.2937487575, 1.35000145631, -0.832945647673, 1.0, -1.0, 2.7642026733, 1.47689885158, 0.208486699638, -1.0, -0.839358638994, 3.0, 0.0, 3.0, 2.84025383686, 0.456884935684, 0.0, 0.0, 0.0, -1.0, 3.0, 3.0, 3.0, 95110.0, 470.0, 99511.0
1.40623505423, 1.53962022407, 1.0, -0.400059516272, 0.926293768997, 1.59512067647, -1.0, 2.0, -1.0, -0.820438166397, -1.0, 2.0, 0.0, -1.0, 2.0, 0.430147529038, 2.0, 3.0, -0.325296484361, 0.0149620715235, 0.0, -1.0, -0.765277024359, 1.93086910232, 1.0, -1.0, -0.716668603663, 1.88351377074, 2.0, 2.51695655808, 0.0, 1.0, -1.0, 0.0, 1.47689885158, 0.208486699638, -1.0, 1.0, 3.0, -0.86816484627, 3.0, 2.84025383686, 1.0, 0.0, 3.0, 0.0, -1.0, 3.0, 3.0, -1.0, 95053.0, 484.0, 99491.0
1.0, 2.30179208312, 1.0, -1.0, 0.654064693098, 2.0, 1.9448276837, -1.0, 2.51229976162, 2.95354935988, -1.0, 0.0, -0.830734679275, -1.0, 2.0, -0.637760523102, -1.0, 0.0337876830837, 1.0, -1.0, 1.0, -1.0, -1.0, -1.0, 3.0, -1.0, 0.0, -1.0, 3.0, -0.13370659382, -0.996683477155, -0.881596798396, -0.160809437186, 1.40785158051, 1.0, -0.0850947537303, 0.0971434198529, 2.36808990038, 3.0, -1.0, -0.144114184056, 0.0, 3.0, 3.0, 3.0, 0.0, 1.0, -0.651439351516, 3.0, -1.0, 95783.0, 426.0, 99568.0
-1.0, 2.0, 0.265305939087, 2.26904063024, -1.0, -1.0, -0.981307246432, 2.0, -1.0, -0.221608439553, -0.534453455264, 1.0, -1.0, -1.0, -1.0, -0.253205112753, 0.403928011389, -1.0, 1.0, -1.0, -0.804758702816, 1.54902647664, -0.83340597759, 2.0, -1.0, 1.0, 3.0, 1.0, 0.0, 2.01891792108, 3.0, -1.0, -1.0, 0.0, 0.0, -1.0, 3.0, 1.01130923041, 2.83085122369, 1.0, 3.0, -0.835361900467, -0.905461252413, -0.030053395201, 2.0, 0.7763020228, -1.0, 3.0, 0.0, -0.566510804144, 95971.0, 398.0, 99618.0
0.752852079955, -0.328138063023, 0.384230278791, 0.279667103339, 1.0, -1.0, -1.0, 1.0, -0.408506310589, 0.0, -0.736448561374, 0.0664586573324, 1.0, -1.0, -0.91697319449, 0.0, -0.894113299334, 2.30745873097, 2.0853335608, -1.0, -0.30753968196, 2.0, -0.765277024359, 1.3087617259, -1.0, -1.0, -0.598597758066, -1.0, 1.86693173788, -0.673231347186, 3.0, -1.0, 1.0, 3.0, 3.0, 2.0, 3.0, -0.771661262058, -1.0, -0.261578847842, -0.697511340142, -1.0, -0.00653952054462, -1.0, 2.77085500024, -1.0, -1.0, 0.0, 3.0, 3.0, 96127.0, 393.0, 99621.0
-1.0, 2.46021063042, 1.11748908289, 2.26904063024, -1.0, -1.0, -0.981307246432, 2.0, -1.0, 0.0, -0.334695962292, 1.0, -1.0, -1.0, -1.0, 1.01135411649, 0.0214245376526, -1.0, 1.0, -1.0, -0.804758702816, -1.0, -0.863038583677, 2.0, -0.479012097893, 1.0, -0.598597758066, 1.0, 0.0, 2.01891792108, 0.0, -1.0, -1.0, 0.0, 0.0, -1.0, 3.0, 1.01130923041, 2.91548357937, 1.0, 3.0, -1.0, 2.379322693, -0.030053395201, 2.0, -1.0, -1.0, -1.0, 0.0, -0.566510804144, 96074.0, 378.0, 99636.0
2.60601929253, -0.273134847517, 1.0, 1.0, -0.155667642441, 1.0, -1.0, 2.0, -1.0, 0.0, -1.0, 2.0, -0.30123314621, -1.0, 2.0, 1.0, 2.0, 3.0, 2.0, -1.0, 2.07598192105, -1.0, 2.0, 2.0, 1.0, -1.0, 1.0, 1.26358080064, 2.0, 2.47987738354, -0.871581238571, 1.75179727419, 1.35615119859, 0.0, 0.173425151771, 0.792827982714, -1.0, 0.0, 3.0, 0.0, 3.0, 1.0, 1.0, 0.0, 0.165270061958, -0.884956509739, -0.735504113643, 3.0, 0.404037007587, -1.0, 94559.0, 508.0, 99475.0
-0.148620559549, 2.0, 1.29136505815, 0.0775268275793, 1.25228573446, 1.59512067647, -1.0, 2.0, -1.0, 3.0, -1.0, -0.0330773852743, 0.0, -1.0, 2.0, -0.810092505441, 2.0407580088, 3.0, 1.32579890231, 0.0149620715235, 0.0, -1.0, 1.92350809198, 2.0, 1.0, -0.82768048667, -0.716668603663, 1.83246499471, -0.416044206473, 1.35000145631, -0.756956164952, 1.0, 0.730559283984, 0.0, 1.47689885158, -0.499277566169, -1.0, 0.0, 2.03542063708, -0.914149781744, 2.45532770206, 2.9386361635, 0.637749259975, 0.0, 0.667409185271, 0.0, -1.0, 3.0, 1.29678243432, -1.0, 94431.0, 487.0, 99481.0
-1.0, 2.0, -0.017719226648, 2.26904063024, -1.0, -1.0, -0.981307246432, 2.0, -1.0, 0.0, -0.534453455264, 0.0421334496615, -0.356084290531, -1.0, -1.0, -0.945193978996, 0.0214245376526, -1.0, -0.977459427787, -1.0, -0.804758702816, 1.54902647664, -0.83340597759, 2.0, -1.0, 1.0, 3.0, 1.0, 0.0, 2.01891792108, 2.04326944906, -1.0, -1.0, 1.37650698852, 0.0, -1.0, 3.0, 1.01130923041, 2.9481869653, 1.0, 3.0, -0.835361900467, -0.905461252413, -0.030053395201, 2.0, 1.0, -1.0, 3.0, 0.0, -0.566510804144, 96051.0, 381.0, 99625.0
-1.0, 2.46021063042, 1.11748908289, 2.26904063024, -1.0, -1.0, -0.981307246432, 2.0, -1.0, 0.0, -0.334695962292, 1.0, -1.0, -1.0, -1.0, -0.945193978996, 0.0214245376526, -1.0, 1.0, -1.0, -0.804758702816, -1.0, -0.83340597759, 2.0, -1.0, 1.0, -0.598597758066, 1.0, 0.0, 2.01891792108, 0.0, -1.0, -1.0, 0.0, 0.0, -1.0, 3.0, 1.01130923041, 2.91548357937, 1.0, 3.0, -1.0, 2.379322693, -0.030053395201, 2.0, -1.0, -1.0, -1.0, 0.0, -0.566510804144, 96322.0, 347.0, 99657.0
-0.562773167992, -0.648339638908, 0.384230278791, 0.279667103339, 1.0, -1.0, -1.0, 1.0, 0.0388999189, 0.778736365176, -0.939010220273, 0.0664586573324, -0.327501768856, -1.0, -0.844831108977, -0.877859149107, -0.691270579027, 2.30745873097, 2.0853335608, -0.0525955024141, -0.30753968196, 2.0, -0.765277024359, 2.0, -1.0, -1.0, -1.0, -1.0, 1.0, 1.89822321341, 3.0, 0.736138892428, 1.8233181558, 3.0, 3.0, 2.0, 3.0, 1.17918847183, -1.0, -0.305487265664, -0.817078517998, -1.0, -0.46452707987, -1.0, 0.0, -1.0, -1.0, 0.0, 2.28726149782, 2.46356460798, 95548.0, 410.0, 99581.0
-1.0, 2.0, 1.0, 2.60549204351, -1.0, -1.0, 1.9448276837, -0.31467337602, -1.0, -0.214637173447, 0.172364775153, 1.0, -1.0, -1.0, -1.0, -0.945193978996, 0.0214245376526, -1.0, 1.0, -1.0, -0.804758702816, 3.0, -1.0, 1.98504744319, -1.0, -0.727075386811, 3.0, 1.0, 0.0, 2.01891792108, -0.996683477155, -1.0, -1.0, -0.596211310829, 0.0, -1.0, 3.0, 1.01130923041, 2.95017723243, 1.0, 3.0, -1.0, 3.0, -0.030053395201, 2.0, 1.0, -1.0, -1.0, 0.0, -0.795944624859, 96410.0, 358.0, 99653.0
2.9882277553, 2.30179208312, 0.0, -1.0, 1.0, 2.0, -1.0, -1.0, 2.51229976162, 2.95354935988, -1.0, 0.0, -0.665246567908, -1.0, 2.0, -0.637760523102, -1.0, 0.0337876830837, 1.0, -1.0, 1.0, -1.0, -1.0, -1.0, 3.0, 0.0, 0.0, -1.0, 3.0, -0.13370659382, -0.999130335447, -0.443681801713, 0.0, 1.40785158051, 1.0, 2.0, 0.0971434198529, 2.5861363047, 3.0, -1.0, -0.0359385954317, -0.750953191494, 3.0, 1.74926022085, 3.0, 0.0, 1.0, -1.0, 3.0, -1.0, 95744.0, 428.0, 99566.0
3.0, -0.908566897413, -0.733586988615, 1.9096850679, 2.0, 1.40662988371, 2.27036767954, -0.73660590288, -1.0, 0.0, -1.0, 0.140016948348, 3.0, -0.963909387317, -0.621117177116, 3.0, 0.0, 1.15048374166, 0.437774837236, -0.676018871027, -0.958628751233, 0.985779186251, 2.80325309206, -0.788478197212, 1.79958493582, -1.0, -1.0, -1.0, 0.0, 2.01891792108, -1.0, 1.0, 1.88287825413, 1.09013866828, -0.782068429973, 1.0, -1.0, 2.0, -0.771231129488, 2.3611603738, -0.581613434704, -0.572451245383, -0.763147441547, -1.0, 2.93502029279, 2.0, 0.0, 3.0, 2.12075440784, -0.403575468918, 96329.0, 392.0, 99604.0
0.0, 1.82212672937, 1.0, 1.9096850679, 0.926293768997, 1.59512067647, -1.0, 2.55752198113, -1.0, -0.820438166397, -1.0, 1.83112967269, 3.0, -1.0, 1.55352409475, 1.0, 2.0, 3.0, 2.71718764468, 0.0149620715235, 0.0, -1.0, -0.83340597759, 2.21359670855, 1.0, -1.0, -0.886267673484, 0.500070709297, 2.0, 1.35000145631, 0.418308742607, 1.0, -0.422058103497, 0.0, 1.47689885158, 0.208486699638, -1.0, 0.0, 3.0, 0.0, 3.0, 2.84025383686, 1.0, 0.0, 3.0, 0.0, 2.81864568237, 3.0, 3.0, -1.0, 94766.0, 527.0, 99452.0
-1.0, 2.0, -0.017719226648, 2.60549204351, -1.0, -1.0, -0.981307246432, 2.0, -1.0, 0.0, 0.172364775153, 1.0, -1.0, -1.0, -1.0, -0.945193978996, 0.0214245376526, -1.0, 1.0, -1.0, -0.804758702816, 3.0, -0.83340597759, 1.98504744319, -1.0, -0.967601045236, 3.0, 1.0, 0.0, -0.547300731064, 0.0, -1.0, -1.0, -0.596211310829, 1.61429350913, -1.0, 3.0, 1.01130923041, 2.83085122369, 1.0, 3.0, -1.0, 2.0, -0.030053395201, 2.0, 1.0, -1.0, -1.0, 0.0, -0.76841072609, 96690.0, 350.0, 99678.0
-1.0, 2.0, -0.017719226648, 2.60549204351, -1.0, -1.0, -0.981307246432, 2.0, -1.0, 0.0, 0.172364775153, 1.0, -1.0, -1.0, -1.0, -0.945193978996, 0.0214245376526, -1.0, 1.0, -1.0, -0.817926737313, 3.0, -0.83340597759, 1.65775136571, -1.0, -0.967601045236, 3.0, 1.0, 0.0, -0.547300731064, 0.0, -1.0, -1.0, -0.596211310829, 1.61429350913, -1.0, 3.0, 1.01130923041, 2.83085122369, 0.699918370809, 3.0, -1.0, 2.0, -0.030053395201, 2.0, 1.0, -1.0, -1.0, 0.0, -0.76841072609, 96690.0, 350.0, 99678.0
-1.0, 2.0, -0.017719226648, 2.60549204351, -1.0, -1.0, -0.981307246432, 2.0, -1.0, 0.0, 0.172364775153, 1.0, -1.0, -1.0, -1.0, -0.945193978996, 0.0214245376526, -1.0, 1.0, -1.0, -0.804758702816, 3.0, -0.83340597759, 1.98504744319, -1.0, 1.0, 3.0, 1.0, 0.0, 2.01891792108, 0.0, -1.0, -1.0, -0.596211310829, 0.0, -1.0, 3.0, 1.01130923041, 2.83085122369, 1.0, 3.0, -1.0, 2.0, -0.030053395201, 2.0, 1.0, -1.0, -1.0, 0.0, -0.76841072609, 96359.0, 378.0, 99650.0
