3.0, 2.0, 0.0, 1.0, 1.0, 3.0, 3.0, 2.0, -1.0, 0.0, -1.0, 2.0, 3.0, 0.0, 0.0, 0.0, 0.0, 1.0, 2.0, 2.0, 1.0, 1.0, -1.0, 2.0, -1.0, -1.0, -1.0, -1.0, -1.0, 1.0, 3.0, 2.0, -1.0, 0.0, 3.0, 1.0, 3.0, 1.0, 2.0, 0.0, -1.0, -1.0, 3.0, 0.0, 1.0, -1.0, 2.0, -1.0, -1.0, 2.0, 95234.0, 493.0, 99515.0
0.0, 0.0, 3.0, 2.0, 0.0, 1.0, 1.0, -1.0, 1.0, 2.0, -1.0, 1.0, 2.0, 2.0, 0.0, 2.0, 0.0, -1.0, 1.0, 1.0, 2.0, 1.0, -1.0, 0.0, 2.0, 0.0, -1.0, 2.0, 3.0, 3.0, 2.0, 3.0, 0.0, 0.0, 2.0, -1.0, 0.0, 0.0, -1.0, 3.0, 3.0, 2.0, 1.0, -1.0, 3.0, 1.0, 1.0, 3.0, 1.0, 3.0, 94491.0, 585.0, 99432.0
0.0, 1.0, -1.0, -0.707705197264, 3.0, 3.0, 1.0, -1.0, 1.0, 0.0, -1.0, 0.0, 0.0, 3.0, 0.0, 0.0, 2.0, 0.0, -1.0, -1.0, -1.0, 1.0, 1.0, 0.0, -0.385016232496, -1.0, 1.0, 2.0, 1.0, 2.0, 3.0, -1.0, -1.0, -1.0, 2.3355669119, 1.0, 2.0, 2.0, 1.0, 0.0, -1.0, -1.0, -0.82711539247, -1.0, 2.0, -1.0, 1.0, 2.0, 1.0, 3.0, 95389.0, 476.0, 99556.0
0.59600723682, -0.8796980341, -1.0, 3.0, 2.0, 2.0, 2.0, 0.0, -1.0, 0.0, -1.0, 1.0, 3.0, -0.963909387317, 1.0, 3.0, 0.0, 3.0, 2.0, -1.0, -0.958628751233, 2.0, 1.0, -0.771916801531, 1.0, 1.0, -1.0, -1.0, 0.0, 0.0, -1.0, 3.0, 0.0307993670371, 3.0, 1.0, 1.0, -1.0, 2.0, -0.590199930971, 3.0, 1.0, 1.0, 0.0, -1.0, -1.0, 2.0, 0.0, 3.0, 2.0, 1.0, 95625.0, 478.0, 99520.0
1.0, 0.0, 3.0, 0.708175460601, -1.0, 0.0, 3.0, -1.0, 2.0, 2.0, -1.0, 3.0, 0.0, 2.0, 0.0, 3.0, 0.0, 3.0, 1.0, 1.0, -1.0, 0.0, 3.0, 2.0, 2.0, 1.0, 3.0, -1.0, 3.0, 0.0, -1.0, -1.0, 2.0, 1.0, -1.0, 1.0, 0.0, 0.0, 2.0, 1.0, 2.24951164268, -1.0, 3.0, 3.0, 2.0, 1.0, 2.0, -0.769035275268, -1.0, -1.0, 95313.0, 513.0, 99507.0
2.0, 2.0, 3.0, 0.0, 1.0, -1.0, 2.0, -1.0, 3.0, 3.0, -1.0, 3.0, 0.0, 2.0, -1.0, 3.0, 3.0, 1.0, -1.0, 2.0, 1.0, 2.0, 0.0, -1.0, 0.0, 1.0, 1.0, -1.0, 3.0, 0.0, -1.0, 3.0, 1.0, 0.0, 1.0, 0.0, 1.0, 0.0, -1.0, 0.0, 2.0, 2.0, 0.0, 0.0, -1.0, -1.0, -1.0, 1.0, 3.0, 0.0, 95014.0, 518.0, 99493.0
0.915928972281, 1.0, 2.0, 0.0, 2.0, 3.0, 3.0, -1.0, 1.0, 1.67989070696, 0.0, 0.0, 3.0, 1.56105761748, 3.0, 0.0, 2.0, 0.0, 2.0, 0.0, 3.0, -1.0, 2.0, 1.0, 1.0, 3.0, 3.0, 3.0, 2.0, 1.0, -1.0, -1.0, 1.0, 2.0, 0.0, 1.0, -1.0, 1.0, 3.0, 0.0, 1.0, -1.0, 3.0, -1.0, 0.0, 0.0, 2.0, 1.0, 2.0, 0.0, 94501.0, 588.0, 99431.0
1.83310661939, 2.0, 2.0, -1.0, -1.0, 0.0, 0.0, 0.0, 1.0, 2.0, 0.0, -1.0, 0.0, 3.0, 2.0, 3.0, -1.0, 1.0, 3.0, 3.0, 2.0, 3.0, -1.0, -0.68700275429, -1.0, 2.0, -1.0, -1.0, -1.0, -1.0, -1.0, 3.0, 2.0, 0.0, 1.0, 1.0, 1.0, 3.0, -1.0, 2.0, 1.11111206766, 3.0, 2.0, -1.0, 2.0, 2.89110193541, -0.29299398785, -1.0, 2.0, -1.0, 96137.0, 472.0, 99561.0
3.0, 0.0, 2.0, 0.0, 1.0, -1.0, 0.0, 2.0, 1.0, 2.0, 3.0, -1.0, 0.0, 1.0, 3.0, -1.0, 3.0, 1.0, 0.0, 3.0, 3.0, 3.0, 0.0, 0.0, 2.0, 1.0, 0.0, 3.0, 3.0, 1.0, -1.0, 1.0, -1.0, 2.0, 2.0, 3.0, 2.0, 0.0, -1.0, 2.0, 0.0, 1.0, 1.0, 3.0, 1.0, 2.0, -1.0, 2.0, 1.0, -1.0, 94662.0, 574.0, 99437.0
3.0, -1.0, 0.0, 2.0, 0.0, -1.0, -1.0, 1.0, -1.0, 2.0, -1.0, 0.0, 3.0, 0.0, 1.0, -1.0, -1.0, 0.0, 2.0, 3.0, 3.0, 0.0, 2.0, 2.0, -1.0, 0.0, 1.0, 0.0, 1.0, 1.0, 1.0, 1.0, -1.0, 2.0, 2.0, 0.0, 1.0, -1.0, 1.0, 3.0, 0.0, 2.0, 2.0, -1.0, 2.0, 3.0, 2.0, 3.0, 1.0, -1.0, 94979.0, 525.0, 99488.0
3.0, -1.0, 0.0, 2.0, 0.0, -1.0, -1.0, 1.0, -1.0, 2.0, -1.0, 0.0, 3.0, 0.0, 1.0, -1.0, -1.0, 0.0, 2.0, 3.0, 3.0, 0.0, 2.0, 2.0, -1.0, 0.0, 1.14755085429, 0.0, 1.0, 1.0, 1.0, 1.0, -1.0, 2.0, 2.0, 0.0, 1.0, -1.0, 1.0, 3.0, 0.0, 2.0, 2.0, -1.0, 2.23306478019, 3.0, 2.0, 3.0, 1.0, -1.0, 94979.0, 525.0, 99488.0
-1.0, 2.0, -1.0, 3.0, -1.0, 3.0, -0.981307246432, 2.0, 2.0, 0.0, 1.0, 1.0, -1.0, -1.0, -1.0, -0.670392229284, 3.0, -1.0, 1.0, -1.0, -0.804758702816, 3.0, 1.0, 2.0, -1.0, 1.0, 3.0, 1.0, 0.0, 1.0, 0.0, -1.0, -1.0, 0.0, 0.0, -1.0, 3.0, 0.0, 1.0, 1.0, 3.0, 2.0, 2.0, 3.0, 2.0, 1.0, -1.0, -1.0, 0.0, 0.0, 95952.0, 455.0, 99593.0
0.0, 3.0, 2.0, 0.0, 0.0, -1.0, 2.85664503854, 1.0, -1.0, 2.0, -1.0, 3.0, -1.0, 1.0, 1.0, -1.0, 2.0, 2.0, 2.0, 3.0, 0.0, 2.0, -1.0, 1.0, 2.0, 0.0, 1.0, 3.0, 0.0, 1.0, 1.0, 0.0, 1.0, 2.0, 3.0, 2.0, 3.0, -1.0, 1.0, 0.0, -1.0, 0.0, 1.0, 3.0, 0.0, 0.560454053804, 3.0, 3.0, 2.0, 0.0, 94640.0, 578.0, 99439.0
3.0, 1.0, 0.0, -1.0, 0.0, 1.0, 2.0, -1.0, 3.0, -1.0, 0.0, -1.0, 1.0, 2.0, 1.0, 3.0, 1.0, 1.0, 2.0, 0.0, 0.0, 2.0, -1.0, 1.0, 2.0, 0.0, -1.0, 2.0, 0.0, -1.0, 2.0, 3.0, -1.0, 2.0, -1.0, 2.0, 1.0, 0.0, 3.0, -1.0, 3.0, 1.0, 0.0, 3.0, -1.0, 2.0, -1.0, 0.0, 3.0, -1.0, 95136.0, 514.0, 99505.0
1.0, 3.0, -1.0, 0.0, 1.0, -1.0, 3.0, 2.0, -1.0, 2.0, -1.0, -1.0, 2.0, 2.0, -1.0, 1.0, 0.0, 3.0, 3.0, 1.0, 0.0, 2.0, -1.0, 3.0, 0.0, 2.0, -1.0, 2.0, 0.0, -1.0, 0.0, 1.0, -1.0, 0.0, 0.0, 2.0, 3.0, -1.0, -1.0, 1.0, 3.0, 1.0, 3.0, -1.0, 0.0, 1.0, 0.0, 3.0, 0.0, 2.0, 95334.0, 509.0, 99509.0
0.0, 1.0, -1.0, -1.0, 3.0, 3.0, 1.0, -1.0, 1.0, 0.0, -1.0, 0.0, 0.0, 3.0, 0.0, 0.0, 2.0, 0.0, -1.0, -1.0, -1.0, 1.0, 1.0, 0.0, 2.0, -1.0, 1.0, 2.0, 1.0, 2.0, 3.0, -1.0, -1.0, -1.0, 2.0, 1.0, 2.0, 2.0, 1.0, 0.0, -1.0, -1.0, 0.0, -1.0, 2.0, -1.0, 1.0, 2.0, 1.0, 3.0, 95248.0, 487.0, 99542.0
1.0, 1.0, 0.0, 1.0, 2.0, 3.0, 3.0, 2.0, 1.0, 1.0, 2.0, 2.0, -1.0, 1.0, 3.0, 0.0, 3.0, 0.0, 1.0, -1.0, 0.0, 3.0, -1.0, 1.0, 2.0, -1.0, 3.0, 0.0, 1.0, 2.0, 3.0, 1.0, 0.0, 0.0, 0.0, 2.0, 1.0, 0.0, 3.0, 2.0, -1.0, 3.0, 2.0, 3.0, 2.0, 2.0, -1.0, 0.0, 2.0, -1.0, 94436.0, 592.0, 99437.0
3.0, -1.0, 0.958005260747, 0.0, 2.0, 3.0, 0.0, -1.0, 0.0, 0.0, 3.0, -1.0, 0.0, 3.0, 2.0, 2.0, 2.0, 1.0, 0.0, 1.0, 1.0, 3.0, 2.0, 0.0, 2.0, -1.0, -1.0, 2.0, 1.0, 1.0, -1.0, -1.0, 0.0, 2.0, 1.0, 0.0, 1.0, 0.0, -1.0, 1.0, 1.0, 1.0, -1.0, 2.0, 3.0, 3.0, -0.946629041647, -1.0, -1.0, 1.0, 94948.0, 518.0, 99499.0
1.0, 2.0, 0.0, -1.0, 1.0, 2.0, -1.0, -1.0, 2.0, 2.0, -1.0, 0.0, 0.0, -1.0, 2.0, 3.0, -1.0, 1.0, 1.0, -1.0, 1.0, -1.0, -1.0, -1.0, 3.0, 0.0, 0.0, -1.0, 3.0, 1.0, 0.0, 2.0, 0.0, 1.0, 1.0, 2.0, 0.0, 3.0, 3.0, -1.0, 1.0, 0.0, 3.0, 3.0, 3.0, 0.0, 1.0, -1.0, 3.0, -1.0, 95479.0, 492.0, 99520.0
-1.0, 2.0, -1.0, 3.0, -1.0, 3.0, -0.981307246432, 2.0, 2.0, 0.0, 1.0, 1.0, -1.0, -1.0, -1.0, -0.670392229284, 3.0, 1.12299404243, 1.0, -1.0, -0.804758702816, 3.0, 1.0, 3.0, -1.0, 1.0, 3.0, 1.0, 0.0, 0.967684470925, 0.0, -1.0, -1.0, 0.0, -0.120588584176, -1.0, 3.0, 0.0, 1.0, 1.0, 3.0, 1.94718214238, 2.0, 3.0, 2.0, 1.97165516788, -1.0, -1.0, 0.0, 0.0, 95869.0, 465.0, 99579.0
3.0, 2.0, 1.0, 1.0, 2.39370985256, 3.0, 3.0, 2.0, -1.0, 0.0, -1.0, 2.0, 3.0, 0.0, 0.0, 0.0, 0.0, 1.0, 2.0, 2.0, 1.0, 1.0, -1.0, 2.59982899755, -1.0, -1.0, -1.0, -1.0, -1.0, 1.0, 3.0, 2.0, -1.0, 0.0, 3.0, 1.0, 3.0, 1.0, 2.0, 0.0, -1.0, -1.0, 3.0, 0.0, 1.0, -1.0, 2.0, -1.0, -1.0, 1.00125827599, 95355.0, 493.0, 99515.0
0.0, 0.0, 0.0, 0.0, 1.0, 1.0, 2.0, -1.0, 3.0, 3.0, 1.0, 1.0, 2.0, -1.0, 3.0, 3.0, 2.0, 1.97697283179, -0.875894004107, 1.0, 3.0, 2.0, 3.0, 2.0, 0.0, 2.0, 3.0, -1.0, 0.0, 2.0, -1.0, 3.0, 0.0, 1.0, 2.0, 1.17006355851, 2.0, 3.0, 0.0, -1.0, 0.0, 0.0, 1.0, 1.0, -1.0, 1.0, 0.0, 1.0, 0.0, 2.0, 94449.0, 596.0, 99434.0
-1.0, 2.0, -1.0, 3.0, -1.0, 3.0, -1.0, 2.0, 2.0, 0.0, 1.0, 1.0, -1.0, -1.0, -1.0, 2.0, 3.0, -1.0, 1.0, -1.0, 0.0, 3.0, 1.0, 2.0, -1.0, 1.0, 3.0, 1.0, 0.0, 1.0, 0.0, -1.0, -1.0, 0.0, 0.0, -1.0, 3.0, 0.0, 1.0, 1.0, 3.0, 2.0, 2.0, 3.0, 2.0, 1.0, -1.0, -1.0, 0.0, 0.0, 95738.0, 485.0, 99573.0
2.754047452, 2.0, 3.0, 0.0, 1.0, -1.0, 2.0, -0.796110966099, 3.0, 3.0, -1.0, 3.0, 2.6951493676, 2.0, -1.0, 3.0, 3.0, 1.0, -1.0, 2.0, 1.0, 2.0, 0.0, -1.0, 0.0, 1.0, 1.0, -1.0, 3.0, 3.0, -1.0, 3.0, 1.0, 0.0, -0.189095501832, 0.0, 0.0774841723641, 0.0, -1.0, 0.0, 2.0, 2.0, 0.0, 2.22202122736, -1.0, -1.0, -1.0, 1.0, 3.0, 0.0, 95311.0, 518.0, 99493.0
2.0, 1.0, 2.0, 0.0, 2.0, 3.0, 3.0, -1.0, 1.0, 3.0, 0.0, 0.0, 3.0, 1.0, 3.0, 0.0, 2.0, 0.0, 2.0, 0.0, 3.0, -1.0, 2.0, 1.0, 1.0, 3.0, 3.0, 3.0, 2.0, 1.0, -1.0, -1.0, 1.0, 2.0, 0.0, 1.0, -1.0, 1.0, 3.0, 0.0, 1.0, -1.0, 3.0, -1.0, 0.0, 0.0, 2.0, 1.0, 2.0, 0.0, 94517.0, 588.0, 99431.0
2.0, 0.0, -1.0, 3.0, 2.0, 2.0, 2.0, 0.0, -1.0, 0.0, -1.0, 1.0, 3.0, -1.0, 1.0, 3.0, 0.0, 3.0, 2.0, -1.0, 0.0, 2.0, 1.0, -1.0, 1.0, 1.0, -1.0, -1.0, 0.0, 0.0, -1.0, 3.0, -1.0, 3.0, 1.0, 1.0, -1.0, 2.0, 1.0, 3.0, 1.0, 1.0, 0.0, -1.0, -1.0, 2.0, 0.0, 3.0, 2.0, 1.0, 95377.0, 499.0, 99501.0
3.0, 1.0, 0.0, -1.0, 1.29964223604, 1.0, 2.0, -1.0, 3.0, -1.0, -0.23657527906, -1.0, 1.0, 2.0, 1.0, 3.0, 1.09514231928, 1.0, 2.51174436126, 0.0, 0.0, 2.0, -1.0, 1.0, 2.0, 0.0, -1.0, 2.0, 1.63218481539, -1.0, 2.0, 3.0, -1.0, 1.35731053569, -1.0, 2.0, 1.0, 0.0, 3.0, -1.0, 3.0, 1.0, 0.0, 3.0, -1.0, 2.0, -1.0, 0.0, 3.0, -1.0, 95269.0, 514.0, 99505.0
-1.0, 3.0, -1.0, -1.0, 0.0, 3.0, -1.0, 3.0, 1.0, 3.0, 1.0, -1.0, 0.0, -1.0, -1.0, -1.0, 3.0, 0.0, 1.0, -1.0, -0.895750997249, 1.0, -1.0, 2.0, 3.0, 1.0, 3.0, 0.0, 0.0, -1.0, 3.0, 2.0, -1.0, 2.0, 0.0, -1.0, 0.0, 2.0, 0.0, 0.0, 2.0, -1.0, 3.0, 2.0, 1.0, 2.0, 0.0, 2.0, 1.0, 2.0, 95385.0, 491.0, 99542.0
1.0, 2.0, 2.0, -1.0, -1.0, 0.0, 0.0, 0.0, 1.0, 2.0, 0.0, -1.0, 0.0, 3.0, 2.0, 3.0, -1.0, 1.0, 3.0, 3.0, 2.0, 3.0, -1.0, 0.0, -1.0, 2.0, -1.0, -1.0, -1.0, -1.0, -1.0, 3.0, 2.0, 0.0, 1.0, 1.0, 1.0, 3.0, -1.0, 2.0, 0.0, 3.0, 2.0, -1.0, 2.0, 2.0, 0.0, -1.0, 2.0, -1.0, 95789.0, 487.0, 99545.0
1.0, 0.0, 3.0, 2.0, 3.0, 3.0, -1.0, 2.0, -1.0, 1.0, -1.0, 1.0, 1.0, 1.02698944786, 0.0, -1.0, -1.0, 3.0, 2.0, -1.0, 1.0, 2.0, 0.0, -1.0, 3.0, 3.0, 1.0, -1.0, 3.0, 1.0, 1.0, 0.0, 0.0, -1.0, 1.0, 0.0, 2.0, 0.0, 0.0, 2.0, -0.525581302491, 0.0, -0.900264541462, -1.0, 0.0, 3.0, -1.0, -0.391503422234, 1.0, 3.0, 95196.0, 507.0, 99520.0
-1.0, 2.0, 1.0, 0.0, 2.0, 2.0, 1.0, -1.0, 3.0, 2.0, 3.0, 1.0, 1.0, -1.0, -1.0, -1.0, 0.0, -1.0, 1.0, 3.0, 0.0, 2.0, -1.0, 3.0, -1.0, 0.0, 0.0, 1.0, -1.0, 2.0, 0.0, 2.0, -1.0, 0.0, 0.0, 2.0, 0.0, 2.0, 1.0, -1.0, 1.0, 3.0, 1.0, 0.0, -1.0, 2.0, -1.0, 1.0, 2.0, 1.0, 95103.0, 514.0, 99515.0
3.0, 0.0, 2.0, 0.0, 1.0, -1.0, 0.0, 2.0, 1.36718654655, 1.8638674001, 3.0, -1.0, 0.0, 1.0, 3.0, -1.0, 1.6290284726, 1.0, 0.0, 3.0, 3.0, 3.0, 0.0, 0.0, -0.673271320369, 1.0, 0.0, 3.0, 3.0, 1.0, -0.958902289579, 1.0, -1.0, 2.0, 2.0, 3.0, -0.623494041137, 0.0, -1.0, 2.0, 0.0, 1.0, 1.0, 3.0, 1.0, 2.0, -1.0, 1.94695280741, 1.15323063882, -1.0, 94811.0, 547.0, 99459.0
-1.0, 2.0, 1.0, 0.0, 2.0, 2.0, 1.0, -1.0, 3.0, 2.0, 3.0, 1.0, 1.0, -1.0, -1.0, -1.0, 0.0, -1.0, 1.0, 3.0, 0.0, 2.0, -1.0, 2.0, -1.0, -0.830114535214, 0.0, 1.0, -1.0, 2.0, 0.0, 2.0, -1.0, 0.0, 0.0, 2.0, 0.0, 2.0, 1.0, -1.0, 1.0, 3.0, 1.0, 0.0, -1.0, 2.0, -1.0, 1.0, -0.376172579559, 1.0, 95086.0, 498.0, 99526.0
0.0, 2.0, 1.0, 1.0, 2.0, 1.0, -1.0, 2.0, -1.0, 0.0, -1.0, 2.0, 0.0, -1.0, 2.0, 1.0, 2.0, 3.0, 2.0, 1.0, 0.0, -1.0, 2.0, 2.0, 1.0, -1.0, 1.0, 1.0, 2.0, 2.0, 0.0, 1.0, -1.0, 0.0, 0.0, -1.0, -1.0, 0.0, 3.0, 0.0, 3.0, 1.0, 1.0, 0.0, 3.0, 0.0, -1.0, 3.0, 3.0, -1.0, 94709.0, 526.0, 99469.0
-1.0, 3.0, -1.0, -1.0, 0.339851548742, 3.0, -1.0, 3.0, 1.0, 3.0, 1.33786839598, -0.761683372315, -0.12988329387, -1.0, -1.0, -1.0, 3.0, -0.328996684257, 1.0, 1.0, 0.0, 1.0, -1.0, 2.0, 3.0, 1.0, 3.0, 0.0, 0.0, -1.0, 3.0, 2.0, -1.0, 2.0, 0.0, -1.0, 0.0, 2.80187986682, 0.0, 0.0, 2.0, -1.0, 3.0, 2.7873518708, 0.851197689397, 0.0973229767886, 0.0, 2.0, 1.0, 2.0, 95100.0, 518.0, 99516.0
-1.0, 0.0, 2.0, 2.0, 0.0, 2.0, 2.0, 1.0, 3.0, -1.0, -1.0, 2.0, 0.0, 0.0, 3.0, 1.0, -1.0, 1.0, 2.0, 0.0, 2.0, -1.0, 1.0, 3.0, -1.0, -1.0, 0.0, 3.0, 0.0, 0.0, 1.0, 2.0, -1.0, 1.0, 1.0, 1.0, 3.0, 1.0, -1.0, 2.0, 1.0, 0.0, 2.0, 0.0, 3.0, 3.0, 2.0, 0.0, 3.0, -1.0, 94592.0, 559.0, 99450.0
0.0, 3.0, 2.0, 0.0, 0.0, -1.0, 3.0, 1.0, -1.0, 2.0, -1.0, 3.0, -1.0, 1.0, 1.0, -1.0, 2.0, 2.0, 2.0, 3.0, 0.0, 2.0, -1.0, 1.0, 2.0, 0.0, 1.0, 3.0, 0.0, 1.0, 1.0, 0.0, 1.0, 2.0, 3.0, 2.0, 3.0, -1.0, 1.0, 0.0, -1.0, 0.0, 1.0, 3.0, 0.0, -1.0, 3.0, 3.0, 2.0, 0.0, 94773.0, 568.0, 99449.0
0.602292787971, 0.0, 2.0, 2.0, 0.0, 2.0, 2.0, 1.09102999068, 3.0, -1.0, -1.0, 2.0, 0.0, 0.0, 3.0, 1.0, -1.0, 1.0, 2.0, 0.0, 2.0, -1.0, 1.0, 3.0, -1.0, -1.0, 0.0, 3.0, 0.0, 0.0, 1.0, 2.0, -1.0, 1.0, 1.0, 1.0, 3.0, 1.0, -1.0, 2.0, 1.0, 0.0, 2.0, 0.0, 3.0, 3.0, 2.0, 0.0, 3.0, -1.0, 94503.0, 570.0, 99440.0
0.0, 0.0, 0.0, 0.0, 1.0, 1.0, 2.0, -1.0, 3.0, 3.0, 1.0, 1.0, 2.0, -1.0, 3.0, 3.0, 2.0, 1.0, -1.0, 1.0, 3.0, 2.0, 3.0, 2.0, 0.0, 2.0, 3.0, -1.0, 0.0, 2.0, -1.0, 3.0, 0.0, 1.0, 2.0, 3.0, 2.0, 3.0, 0.0, -1.0, 0.0, 0.0, 1.0, 1.0, -1.0, 1.0, 0.0, 1.0, 0.0, 2.0, 94466.0, 596.0, 99434.0
1.0, 2.0, 0.0, -1.0, 1.0, 2.0, -1.0, -1.0, 2.0, 2.27274279853, -1.0, 0.0, 0.0, -1.0, 2.0, 3.0, -1.0, 1.0, 1.0, -0.522107242134, 1.0, -1.0, -1.0, -1.0, 3.0, 0.0, 0.0, -1.0, 3.0, 1.0, -0.128222154935, 2.0, 0.0, 1.0, 2.03219137529, 2.0, -0.0546385003903, 3.0, 3.0, -1.0, 1.0, 0.0, -0.82711539247, 3.0, 3.0, 0.0, 1.0, 1.91979524777, 3.0, -1.0, 95431.0, 499.0, 99513.0
3.0, 1.0, 0.0, -1.0, 0.0, 1.0, 2.0, -1.0, 3.0, -1.0, 0.0, -1.0, 1.0, 2.0, 2.89979483542, 3.0, 1.0, 1.78261733753, 2.0, 0.0, 0.0, 2.0, -1.0, 1.0, 2.0, 0.0, -1.0, 2.0, 0.0, -1.0, 2.0, 3.0, -1.0, 2.0, -1.0, 2.0, 1.0, 0.0, 3.0, -1.0, 3.0, 1.0, 0.0, 3.0, -1.0, 1.98665772261, -1.0, 0.0, 3.0, -1.0, 95293.0, 514.0, 99505.0
3.0, 1.0, 2.0, -1.0, 3.0, 0.0, 2.0, -1.0, 1.0, 0.0, 2.0, 0.0, 0.0, -1.0, 2.49893980126, 3.0, 2.0, -1.0, 0.884331036733, 1.0, -1.0, 3.0, -1.0, 3.0, 2.0, 3.0, 2.0, 0.0, 2.0, 0.0, 1.0, -1.0, 0.00488233532657, 1.0, -1.0, 2.0, -1.0, -0.431365180557, 0.0, -1.0, 0.0, 2.0, 1.1452329303, -1.0, 3.0, 2.0, -1.0, -1.0, 0.0, 0.0, 95219.0, 513.0, 99522.0
-1.0, 0.0, 2.0, -1.0, 0.0, -1.0, 0.0, 1.0, 1.0, -1.0, -1.0, 0.0, 3.0, 2.0, -1.0, -1.0, 0.0, 2.0, 0.0, 3.0, 2.0, 1.0, 1.0, 3.0, 0.0, -1.0, -1.0, 1.0, 3.0, -1.0, 2.0, 3.0, 0.0, 1.0, 2.0, 0.0, 0.0, 2.0, 3.0, 3.0, 1.0, 0.0, -1.0, 2.0, -1.0, 1.0, 2.0, 1.0, 0.0, 1.0, 94905.0, 528.0, 99490.0
3.0, 2.0, 1.0, 2.18636266434, 2.39370985256, 3.0, 3.0, 1.81955544561, -1.0, 0.0, -1.0, 2.0, 3.0, 0.0, 0.0, 0.0, -0.0642938399181, 1.0, 2.0, 2.0, 1.0, 1.0, -1.0, 2.59982899755, -1.0, -1.0, -1.0, -1.0, -1.0, 1.0, 3.0, 2.0, -1.0, 0.0, 3.0, 1.0, 3.0, 1.0, 2.0, 0.0, -1.0, -1.0, 3.0, -0.10692190513, 1.0, -1.0, 2.0, -1.0, -1.0, 1.00125827599, 95384.0, 493.0, 99515.0
2.0, 2.0, 3.0, -0.635294435673, 1.0, -1.0, 2.0, -1.0, 3.0, 3.0, 1.72565292948, 3.0, 0.0, 2.0, -1.0, 3.0, 3.0, 1.0, -1.0, 2.0, 1.0, 2.0, 0.574057752027, -1.0, 0.0, 1.0, 1.0, -1.0, 3.0, 0.0, -1.0, -0.080237762955, 1.0, 0.0, 1.0, 0.0, 1.0, 0.0, -1.0, 0.0, 2.0, 2.0, 0.0, 0.0, -1.0, -1.0, -1.0, 1.0, 1.99965640176, 0.0, 94964.0, 526.0, 99500.0
3.0, 1.0, 1.0, 1.0, 1.0, 3.0, 0.0, 3.0, -1.0, 1.0, -1.0, 1.0, 3.0, -1.0, 0.0, 1.0, 0.0, 0.0, 0.0, -1.0, 2.0, -1.0, 2.0, 2.0, 3.0, 0.0, -1.0, 0.0, -1.0, 2.0, 2.0, 0.0, -1.0, 0.0, 1.0, 3.0, 2.0, 2.0, 0.0, 2.0, 3.0, 2.0, -1.0, 3.0, 1.0, 0.0, 1.0, -1.0, 2.0, 1.0, 94650.0, 543.0, 99473.0
2.49851841356, 1.0, 0.0, 0.0, 2.11974435537, 1.0, 2.0, 0.0, -1.0, 0.0, 2.0, -1.0, 0.649514928968, -1.0, 1.0, -1.0, 2.0, 3.0, 2.0, 2.72660190572, -1.0, -0.89099516005, -1.0, 3.0, 2.0, -1.0, 1.0, 2.0, 3.0, -1.0, 3.0, 3.0, 2.0, 1.0, 0.260625355723, 1.0, 0.0, -0.341306565375, 0.958006620327, 3.0, 3.0, 1.0, 3.0, 0.339229386621, -1.0, -1.0, 0.0, 3.0, 0.0, 3.0, 95105.0, 537.0, 99473.0
1.0, 3.0, -1.0, 0.0, 1.0, -1.0, 3.0, 2.0, -1.0, 2.0, 2.0, -1.0, 2.0, 2.0, -1.0, 1.0, 0.0, 3.0, 3.0, 1.0, 0.0, -1.0, -1.0, 3.0, 0.0, 2.0, -1.0, 2.0, 0.0, -1.0, 0.0, 1.0, -1.0, 0.0, 0.0, 2.0, 3.0, -1.0, -1.0, 1.0, 3.0, -0.0957755161763, 3.0, -1.0, 0.0, 1.0, 1.34922419663, 3.0, 0.0, 2.0, 95391.0, 510.0, 99513.0
3.0, 0.0, 2.0, 0.0, 1.0, -1.0, 0.0, 2.0, 1.36718654655, 1.8638674001, 3.0, -1.0, 0.0, 1.0, 3.0, -1.0, 3.0, 1.0, 0.0, 3.0, 3.0, 3.0, 0.0, 0.0, -0.673271320369, 1.0, 0.0, 3.0, 3.0, 1.0, -1.0, 1.0, -1.0, 2.0, 2.0, 3.0, -0.623494041137, 0.0, -1.0, 2.0, 0.0, 1.0, 1.0, 3.0, 1.0, 2.0, -1.0, 2.0, 1.15323063882, -1.0, 94842.0, 547.0, 99459.0
0.0, 0.0, 1.0, 2.0, 1.0, -1.0, 2.0, 0.0, -1.0, 2.0, 1.0, 1.0, -1.0, 0.0, 2.0, 2.0, 1.0, 1.0, 1.0, 3.0, 2.0, 2.0, 3.0, -1.0, -1.0, 1.0, -1.0, -1.0, 0.0, 2.0, 3.0, 1.0, 0.0, -1.0, -1.0, 0.0, 0.0, 0.0, 0.0, -1.0, 3.0, 3.0, 1.0, 2.0, 0.0, 2.0, -1.0, -1.0, 3.0, 3.0, 95124.0, 518.0, 99516.0
1.0, -1.0, 0.0, -1.0, 1.0, -1.0, -1.0, 1.0, 3.0, 0.0, 0.0, 0.0, 1.0, 1.0, 0.0, 1.0, 0.0, 3.0, 0.0, -1.0, 0.0, 2.0, 2.0, 2.0, -1.0, -1.0, 2.0, -1.0, 1.0, 3.0, 3.0, -1.0, 1.0, 3.0, 1.0, 2.0, 3.0, 2.0, -1.0, 0.0, -1.0, 2.0, 3.0, -1.0, 0.0, 2.0, -1.0, 0.0, 1.0, 3.0, 95158.0, 516.0, 99519.0
3.0, 3.0, 3.0, 2.0, 0.0, 1.0, -0.662032154963, 1.0, 0.0, 0.0, 3.0, -1.0, 0.0, 2.0, 2.0, -1.0, 3.0, 0.0, 1.0, 1.0, 2.0, 3.0, 1.0, 0.0, -1.0, -1.0, -1.0, 1.0, 0.0, -1.0, 1.0, -1.0, 0.0, 1.0, 2.16064532649, 0.0, 3.0, 2.0, 3.0, 1.0, 3.0, -1.0, 2.0, 0.0, 2.0, -1.0, -1.0, 0.0, 3.0, 0.745864009991, 94841.0, 532.0, 99487.0
1.0, 2.0, -1.0, -1.0, 1.0, 1.0, -1.0, 2.86771378839, 1.0, 0.0, 3.0, 1.0, 2.0, 1.0, 3.0, -1.0, 0.115915037469, 0.0, 0.0, 2.0, -1.0, 3.0, -1.0, 0.151680560188, -1.0, 1.0, 2.0, 3.0, 3.0, 0.0, 1.0, 2.0, 0.0, 2.0, -0.576439188037, 3.0, 1.0, 0.0, -1.0, 2.0, 2.0, 3.0, 1.0, 2.0, 0.0, 3.0, -1.0, 3.0, 0.0, -0.849793562401, 94965.0, 539.0, 99475.0
1.0, 2.0, -1.0, -1.0, 1.0, 1.0, -1.0, 2.0, 1.0, 0.0, 3.0, 1.0, 2.0, 1.0, 3.0, -1.0, -1.0, 0.0, 0.0, 2.0, -1.0, 3.0, -1.0, 0.0, -1.0, 1.0, 2.0, 3.0, 3.0, 0.0, 1.0, 2.0, 0.0, 2.0, 0.0, 3.0, 1.0, 0.0, -1.0, 2.0, 2.0, 3.0, 1.0, 2.0, 0.0, 3.0, -1.0, 3.0, 0.0, 0.0, 94720.0, 560.0, 99459.0
3.0, -1.0, 1.0, 0.0, 2.0, 3.0, 0.0, -1.0, 0.0, 0.0, 3.0, -1.0, 0.0, 3.0, 2.0, 2.0, 2.0, 1.0, 0.0, 1.0, 1.0, 3.0, 2.0, 0.0, 2.0, -1.0, -1.0, 2.0, 1.0, 1.0, -1.0, -1.0, 0.0, 2.0, 1.0, 0.0, 1.0, 0.0, -1.0, 1.0, 1.0, 1.0, -1.0, 2.0, 3.0, 3.0, 0.0, -1.0, -1.0, 1.0, 94802.0, 537.0, 99487.0
3.0, -1.0, 1.0, 0.0, 2.0, 3.0, 0.0, -1.0, 0.0, 0.0, 3.0, -1.0, 0.0, 3.0, 2.0, 2.0, 2.0, 1.0, 0.0, 1.0, 1.0, 3.0, 2.0, 0.0, 2.0, -1.0, -1.0, 2.0, 1.0, 1.0, -1.0, -1.0, 0.0, 2.0, 1.0, 0.0, 1.0, 0.0, -1.0, 1.0, 1.0, 1.0, -1.0, 2.0, 3.0, 3.0, 0.0, -1.0, -1.0, 1.0, 94802.0, 537.0, 99487.0
