-1.0, 1.34480864328, 0.822487793272, 2.26904063024, -1.0, -1.0, -0.981307246432, 2.0, -1.0, 0.0, 1.60782647987, 1.19615792663, -1.0, -1.0, -1.0, -0.945193978996, 0.0214245376526, -0.572770417056, 0.248241856468, -1.0, -0.804758702816, -1.0, -0.83340597759, 0.583072440833, -1.0, 1.0, -0.598597758066, 1.0, -0.85919693266, 2.47987738354, 0.0, -1.0, -1.0, 0.0, -0.220503908604, -1.0, 3.0, 1.45265618227, 2.91548357937, 1.0, 3.0, -1.0, 2.379322693, -0.52980265548, 2.0, -1.0, -1.0, -1.0, 0.0, -0.566510804144, 96685.0, 321.0, 99690.0
-0.562773167992, 1.99810712941, 1.8742744473, -0.829799004738, 1.0, -1.0, -0.775858049274, 1.82126529984, -1.0, 3.0, -1.0, -0.620971905824, -0.0426717239079, -1.0, 2.0, -0.877859149107, 2.0407580088, 3.0, -0.679559869965, 0.0279221115512, -0.837823943658, -1.0, -0.984036371231, 2.0, 1.0, -1.0, -0.94186673417, 0.500070709297, -0.472266646942, 1.35000145631, -0.704916060907, 0.0538688481409, 0.730559283984, 0.0, -0.50894461336, 0.156702945534, -1.0, 0.0, 2.03542063708, -0.914149781744, 2.45532770206, 2.84025383686, 0.637749259975, -0.965354096189, -0.502173818645, 1.00520241168, -1.0, 1.2476585999, 3.0, -1.0, 95883.0, 352.0, 99606.0
-0.562773167992, 2.0, 1.8742744473, -0.829799004738, 1.0, -1.0, -0.775858049274, 2.0, -1.0, 3.0, -1.0, -0.620971905824, -0.0426717239079, -1.0, 2.0, -0.877859149107, 2.0407580088, 3.0, -0.325296484361, 0.0279221115512, 0.829436326191, -1.0, -0.984036371231, 0.278600795651, 1.0, -1.0, -0.94186673417, 0.500070709297, -0.472266646942, 1.35000145631, -0.704916060907, 0.0538688481409, 0.730559283984, 0.0, -0.50894461336, 0.156702945534, -1.0, 0.0, 2.03542063708, -0.914149781744, 2.45532770206, 2.84025383686, 0.637749259975, -0.965354096189, -0.502173818645, 1.00520241168, -1.0, 3.0, 3.0, -1.0, 95605.0, 378.0, 99582.0
-1.0, 2.46021063042, 1.85765062674, 2.26904063024, -1.0, -1.0, -0.981307246432, 2.0, -1.0, 0.0, 0.0356571670335, 1.0, -1.0, -1.0, -1.0, -0.945193978996, 0.0214245376526, -1.0, 1.0, -1.0, -0.804758702816, -1.0, -0.83340597759, 2.0, -1.0, 1.0, -0.598597758066, -0.64234001668, 0.0, 2.01891792108, 0.0, 1.0, -1.0, 0.0, 0.0, -1.0, 3.0, 1.01130923041, 2.91548357937, 1.0, 3.0, -1.0, 2.379322693, -0.030053395201, 2.0, -1.0, -1.0, -1.0, 0.0, -0.566510804144, 96354.0, 349.0, 99652.0
3.0, -0.8796980341, -0.733586988615, 2.19597151929, 2.03910326149, 0.566250197112, -0.923484884303, -0.73660590288, -1.0, 0.0, -1.0, 1.08125545319, 3.0, -0.963909387317, 0.57761303674, 1.01792531903, 0.0, 0.379201510242, 0.691544301663, -0.676018871027, -0.958628751233, -0.599278349324, 2.95428280028, -0.950736455267, 2.78387735876, 1.07655232318, -1.0, -1.0, -0.0936191833611, 1.60489124779, -1.0, 0.954207568423, 0.0794695520968, 1.09013866828, 1.61429350913, 1.0, -1.0, 2.36250065792, -0.771231129488, 0.182649780496, 1.0, -0.572451245383, -0.763147441547, -1.0, -1.0, 2.0, -0.0494573811593, 3.0, 2.30643099973, 1.60742302366, 95955.0, 404.0, 99579.0
-1.0, 1.34480864328, 0.822487793272, 2.26904063024, -1.0, -1.0, -0.981307246432, 2.29770348807, -1.0, 0.0, 1.60782647987, 1.19615792663, -1.0, -1.0, 0.0, -0.945193978996, 0.0214245376526, -0.572770417056, 0.248241856468, -0.987232620867, -0.804758702816, -1.0, -0.83340597759, 0.583072440833, -1.0, 1.4857365018, -0.598597758066, 1.0, 1.81916281107, 2.47987738354, 0.0, -1.0, -1.0, 0.0, -0.220503908604, -1.0, 3.0, 2.22364077113, 2.91548357937, 1.0, 3.0, -1.0, 2.379322693, -0.52980265548, 2.0, -1.0, -1.0, -1.0, -0.54244725305, -0.566510804144, 96535.0, 337.0, 99667.0
-1.0, 1.34480864328, 1.11748908289, 2.26904063024, -1.0, -1.0, -0.981307246432, 2.0, -1.0, 0.0, -0.334695962292, 1.19615792663, -1.0, -1.0, -1.0, -0.945193978996, -0.755022875667, -1.0, 1.0, -1.0, -0.804758702816, -1.0, -0.83340597759, 0.583072440833, -1.0, 1.0, -0.598597758066, 1.0, 0.217908549078, 2.47987738354, 0.0, -1.0, -1.0, 0.0, -0.220503908604, 2.068720779, 3.0, 1.01130923041, 2.91548357937, 1.0, -0.0266025089393, -1.0, 0.750050652747, -0.030053395201, 2.0, -1.0, -1.0, -1.0, 0.0, -0.990931158594, 96163.0, 348.0, 99656.0
-1.0, 1.34480864328, 1.11748908289, 2.26904063024, -1.0, -1.0, -0.981307246432, 2.0, -1.0, 0.0, -0.334695962292, 1.19615792663, -1.0, -1.0, -1.0, -0.945193978996, 0.0214245376526, -1.0, 1.0, -1.0, -0.804758702816, -1.0, -0.83340597759, 0.583072440833, -1.0, 1.0, -0.598597758066, 1.0, -0.85919693266, 2.47987738354, 0.0, -1.0, -1.0, 0.0, -0.220503908604, -1.0, 3.0, 1.01130923041, 2.91548357937, 1.0, 3.0, -1.0, 2.379322693, -0.030053395201, 2.0, -1.0, -1.0, -1.0, 0.0, -0.566510804144, 96467.0, 335.0, 99674.0
-1.0, 1.34480864328, 0.643346907422, 2.26904063024, -1.0, -1.0, -0.981307246432, 2.0, -1.0, 0.0, 1.60782647987, 0.434347547302, -1.0, 0.238672407075, -1.0, -0.945193978996, 0.0214245376526, -0.572770417056, 0.016565716816, -1.0, -0.804758702816, -1.0, -0.83340597759, 0.258959591603, -1.0, 1.35429107146, -0.598597758066, 1.0, -0.94999863142, 2.5789317746, 0.0, -1.0, -1.0, 0.0, -0.220503908604, -1.0, 3.0, 1.45265618227, 2.91548357937, 1.0, 3.0, -1.0, 2.379322693, -0.52980265548, 1.10939524046, -1.0, -1.0, -1.0, 0.0, -0.566510804144, 96439.0, 337.0, 99677.0
-1.0, 2.46021063042, 1.11748908289, 2.26904063024, -1.0, -1.0, -0.981307246432, 2.0, -1.0, 0.0, -0.334695962292, 1.0, -1.0, -1.0, -1.0, -0.945193978996, 0.0214245376526, -1.0, 1.0, -1.0, -0.804758702816, -1.0, -0.83340597759, 2.0, -1.0, 1.0, -0.598597758066, 1.0, 0.0, 2.01891792108, 0.0, -1.0, -1.0, 0.0, 0.0, -1.0, 3.0, 1.01130923041, 2.91548357937, 1.0, 3.0, -1.0, 2.379322693, -0.030053395201, 2.0, -1.0, -1.0, -1.0, 0.0, -0.566510804144, 96322.0, 347.0, 99657.0
-0.0959675883996, 2.0, 1.8742744473, -0.916496689763, 1.25228573446, 1.80170843236, -0.775858049274, 2.0, -1.0, 3.0, -1.0, -0.0330773852743, -0.0426717239079, -1.0, 2.0, 1.0, 2.0407580088, 3.0, -0.325296484361, 0.0279221115512, 0.312070547475, -1.0, 1.92350809198, 2.0, 1.0, -1.0, -0.94186673417, 0.500070709297, -0.472266646942, 1.35000145631, -0.704916060907, -0.321598483952, 0.730559283984, 0.0, -0.50894461336, 0.208486699638, -1.0, 0.0, 2.03542063708, -0.914149781744, 2.45532770206, 2.84025383686, 0.637749259975, -0.965354096189, -0.502173818645, 0.0, -1.0, 3.0, 3.0, -1.0, 95089.0, 449.0, 99532.0
-0.148620559549, 2.0, 1.29136505815, 0.0775268275793, 1.25228573446, 1.59512067647, -1.0, 2.60548039243, -1.0, 3.0, -1.0, -0.0330773852743, 0.0, -1.0, -0.647835947283, -0.810092505441, 2.0407580088, 3.0, 1.32579890231, -0.358693356654, 0.0, -1.0, 1.92350809198, 2.0, 1.0, -0.750066418306, -0.716668603663, 2.12579120754, -0.416044206473, 1.35000145631, -0.756956164952, 0.826242458639, 2.24891870388, -0.184792110815, 1.22059565051, 1.58956209025, -1.0, 0.0, 2.03542063708, -0.914149781744, 2.45532770206, 2.9386361635, 0.637749259975, -0.530433959536, 0.667409185271, 0.0, -1.0, 3.0, 1.29678243432, -1.0, 94962.0, 457.0, 99518.0
-1.0, 2.46021063042, 1.11748908289, 2.26904063024, -1.0, -1.0, -0.981307246432, 2.0, -1.0, 0.0, -0.334695962292, 1.0, -1.0, -1.0, -1.0, -0.945193978996, 0.0214245376526, -1.0, 1.0, -1.0, -0.804758702816, -1.0, -0.83340597759, 2.0, -1.0, 1.0, -0.598597758066, 1.0, 0.0, 2.01891792108, 0.0, -1.0, -1.0, 0.0, 0.0, -1.0, 3.0, 1.01130923041, 2.91548357937, 1.0, 3.0, -1.0, 2.379322693, -0.030053395201, 2.0, -1.0, -1.0, -1.0, 0.0, -0.566510804144, 96322.0, 347.0, 99657.0
-0.0959675883996, 2.0, 1.0, 2.24192679824, 1.25228573446, 1.80170843236, -0.775858049274, 2.0, -1.0, 3.0, -1.0, -0.0330773852743, -0.0426717239079, -1.0, 2.0, 1.38754220734, 2.0407580088, 3.0, -0.325296484361, 1.11978122911, 0.0, -1.0, 1.92350809198, -0.139134785449, -0.612237615907, -1.0, -0.716668603663, 0.500070709297, -0.472266646942, 1.35000145631, -0.931415745413, 0.0538688481409, 0.730559283984, 1.94097920413, 0.221274087819, 0.208486699638, -1.0, 0.0, 2.03542063708, 1.0, 2.45532770206, 2.84025383686, 0.637749259975, -0.965354096189, -0.771027462639, 0.0, -1.0, 3.0, 3.0, -1.0, 94727.0, 471.0, 99500.0
-0.562773167992, 2.0, 1.8742744473, -0.829799004738, 1.0, -1.0, -0.775858049274, 2.0, -1.0, 3.0, -1.0, -0.0330773852743, -0.0426717239079, -1.0, 2.0, -0.74098273163, 0.191860363328, 3.0, -0.325296484361, 0.559892388254, 0.829436326191, -1.0, 1.92350809198, 0.278600795651, 1.0, -1.0, -0.94186673417, 0.500070709297, -0.472266646942, 1.35000145631, -0.704916060907, 0.0538688481409, 0.730559283984, 0.0, -0.50894461336, 0.208486699638, -1.0, 0.0, 2.03542063708, -0.914149781744, 2.45532770206, 2.84025383686, 0.637749259975, -0.965354096189, -0.502173818645, 1.00520241168, -1.0, 3.0, 3.0, -1.0, 95326.0, 407.0, 99562.0
1.40623505423, 1.53962022407, 1.0, -0.400059516272, 0.926293768997, 1.59512067647, -1.0, 2.0, -1.0, -0.820438166397, -1.0, 2.0, 0.0, -1.0, 2.0, 0.430147529038, 2.0, 3.0, -0.325296484361, 0.0149620715235, 0.0, -1.0, -0.765277024359, 1.93086910232, 1.0, -1.0, -0.716668603663, 1.88351377074, 2.0, 2.51695655808, 0.0, 1.0, -1.0, 0.0, 1.47689885158, 0.208486699638, -1.0, 1.0, 3.0, -0.86816484627, 3.0, 2.84025383686, 1.0, 0.0, 3.0, 0.0, -1.0, 3.0, 3.0, -1.0, 95053.0, 484.0, 99491.0
-0.497891145803, 2.0, -1.0, 1.9096850679, 0.926293768997, 1.59512067647, 2.3988706637, 2.74597259105, -1.0, -0.79814026853, -0.976841499534, 1.66907523122, 0.0, -1.0, 2.0, 0.0, 2.0415172377, 3.0, -0.304917640075, -1.0, 0.227618236765, -1.0, -0.765277024359, 2.0, 1.0, -0.316174934226, -0.828024243776, -0.160418413194, 1.2937487575, 1.35000145631, -0.519387417681, 1.0, -1.0, 2.73785167569, 1.47689885158, 0.208486699638, -1.0, -0.839358638994, 2.03542063708, 0.0, 3.0, 2.84025383686, 1.3710288885, 0.0, 1.01441271448, 0.0, -1.0, 0.951629231705, 3.0, -0.979931891876, 94993.0, 465.0, 99504.0
