3.0, 2.0, 0.0, 1.0, 1.0, 3.0, 3.0, 2.0, -1.0, 0.0, -1.0, 2.0, 3.0, 0.0, 0.0, 0.0, 0.0, 1.0, 2.0, 2.0, 1.0, 1.0, -1.0, 2.0, -1.0, -1.0, -1.0, -1.0, -1.0, 1.0, 3.0, 2.0, -1.0, 0.0, 3.0, 1.0, 3.0, 1.0, 2.0, 0.0, -1.0, -1.0, 3.0, 0.0, 1.0, -1.0, 2.0, -1.0, -1.0, 2.0, 95234.0, 493.0, 99515.0
0.0, 1.0, -1.0, -0.707705197264, 3.0, 3.0, 1.0, -1.0, 1.0, 0.0, -1.0, 0.0, 0.0, 3.0, 0.0, 0.0, 2.0, 0.0, -1.0, -1.0, -1.0, 1.0, 1.0, 0.0, -0.385016232496, -1.0, 1.0, 2.0, 1.0, 2.0, 3.0, -1.0, -1.0, -1.0, 2.3355669119, 1.0, 2.0, 2.0, 1.0, 0.0, -1.0, -1.0, -0.82711539247, -1.0, 2.0, -1.0, 1.0, 2.0, 1.0, 3.0, 95389.0, 476.0, 99556.0
2.0, 2.0, 3.0, 0.0, 1.0, -1.0, 2.0, -1.0, 3.0, 3.0, -1.0, 3.0, 0.0, 2.0, -1.0, 3.0, 3.0, 1.0, -1.0, 2.0, 1.0, 2.0, 0.0, -1.0, 0.0, 3.0, 1.0, -0.935518635518, 3.0, 0.0, -1.0, 3.0, 1.0, 0.0, 1.0, 0.0, 1.0, 0.0, -1.0, 0.0, 2.72949480273, 2.0, 0.0, -0.872756634836, -1.0, -1.0, -1.0, 1.0, 3.0, 0.0, 95335.0, 504.0, 99509.0
0.0, 2.0, 1.0, 1.9096850679, 0.926293768997, 1.59512067647, -1.0, 2.0, -1.0, -0.820438166397, -1.0, 2.0, 0.0, -1.0, 2.0, 1.0, 2.0, 3.0, -0.325296484361, 0.0149620715235, 0.0, -1.0, 2.0, 2.0, 1.0, -1.0, -0.716668603663, 0.500070709297, 2.0, 1.35000145631, 0.0, 1.0, -1.0, 0.0, 1.47689885158, 0.208486699638, -1.0, 0.0, 3.0, 0.0, 3.0, 2.84025383686, 1.0, 0.0, 3.0, 0.0, -1.0, 3.0, 3.0, -1.0, 94684.0, 509.0, 99471.0
3.0, 0.0, 2.0, 0.0, 1.0, -1.0, 0.0, 2.0, 1.0, 2.0, 3.0, -1.0, 0.0, 1.0, 3.0, -1.0, 3.0, 1.0, 0.0, 3.0, 3.0, 3.0, 0.0, 0.0, 2.0, 1.0, 0.0, 3.0, 3.0, 1.0, -1.0, 1.0, -1.0, 2.0, 2.0, 3.0, 2.0, 0.0, -1.0, 2.0, 0.0, 1.0, 1.0, 3.0, 1.0, 2.0, -1.0, 2.0, 1.0, -1.0, 94662.0, 574.0, 99437.0
-1.0, 2.0, -1.0, 3.0, -1.0, 3.0, -0.981307246432, 2.0, 2.0, 0.0, 1.0, 1.0, -1.0, -1.0, -1.0, -0.670392229284, 3.0, -1.0, 1.0, -1.0, -0.804758702816, 3.0, 1.0, 2.0, -1.0, 1.0, 3.0, 1.0, 0.0, 1.0, 0.0, -1.0, -1.0, 0.0, 0.0, -1.0, 3.0, 0.0, 1.0, 1.0, 3.0, 2.0, 2.0, 3.0, 2.0, 1.0, -1.0, -1.0, 0.0, 0.0, 95952.0, 455.0, 99593.0
-1.0, 2.0, -1.0, 3.0, -1.0, -1.0, -0.981307246432, 2.0, 2.0, 0.0, 1.0, 1.0, -1.0, -1.0, -1.0, -0.670392229284, 3.0, -1.0, 1.0, -1.0, -0.804758702816, 3.0, 1.0, 2.0, -1.0, 1.0, 3.0, 1.0, 0.0, 2.01891792108, 0.0, -1.0, -1.0, 0.0, 0.0, -1.0, 3.0, 0.0, 1.0, 1.0, 3.0, 2.0, 2.0, 3.0, 2.0, 1.0, -1.0, -1.0, 0.0, -0.120644070774, 96045.0, 441.0, 99603.0
1.83310661939, 0.147724582914, 2.0, -1.0, -1.0, -0.0836939842063, 0.0, 0.0, 2.96556353148, 2.0, 0.0, -1.0, 0.0, 3.0, 2.0, 3.0, -1.0, 1.0, 3.0, 3.0, 2.0, 3.0, -1.0, -0.68700275429, -1.0, 0.565158660726, -1.0, -1.0, -1.0, -1.0, -1.0, 3.0, 2.0, 0.0, 1.0, 0.176864943397, 1.0, 3.0, -1.0, 2.0, 1.11111206766, 3.0, 2.0, -1.0, 2.0, 2.89110193541, -0.86244724071, -1.0, 2.0, -1.0, 96216.0, 453.0, 99573.0
-1.0, 2.0, -1.0, 3.0, -1.0, 3.0, -1.0, 2.0, 2.0, 0.0, -1.0, 1.0, -1.0, -1.0, -1.0, 2.0, 3.0, -1.0, 1.0, -1.0, 1.824902242, 3.0, 1.0, 2.0, -1.0, 1.0, 3.0, 1.0, 0.0, 1.0, 0.0, -1.0, -1.0, 0.0, 0.0, -1.0, 3.0, 0.0, 1.0, 1.0, 2.3655127154, 2.0, 2.0, 3.0, 2.0, 1.0, -1.0, -1.0, 0.0, 0.0, 95794.0, 466.0, 99578.0
0.59600723682, -0.8796980341, -1.0, 3.0, 2.0, 2.0, 2.0, 0.0, -1.0, 0.0, -1.0, 1.0, 3.0, -0.963909387317, 1.0, 3.0, 0.0, 2.11442379046, 2.0, -0.676018871027, -0.958628751233, 2.0, 1.0, -0.771916801531, 1.25059246726, 1.0, -1.0, -1.0, 0.0, 0.0, -1.0, 3.0, 0.0307993670371, 3.0, 1.0, 1.0, -1.0, 2.0, -0.771231129488, 3.0, 1.0, 1.0, 0.0, -1.0, -1.0, 2.0, 0.0, 3.0, 2.0, 1.0, 95582.0, 478.0, 99520.0
0.59600723682, 0.0, -1.0, 3.0, 2.0, 2.0, -0.620321617548, 0.0, -1.0, 2.46622387346, -1.0, 1.55097437203, 3.0, -1.0, 1.0, 3.0, 2.18878817274, 3.0, 2.0, -1.0, 0.0, 2.0, 1.0, -1.0, 1.0, 1.0, -1.0, -1.0, 0.0, 0.0, -1.0, 3.0, -1.0, 3.0, 1.0, 1.0, -1.0, 2.0, 1.0, 3.0, 1.0, 1.0, 0.0, -1.0, -1.0, 2.0, 0.0, 3.0, 2.0, 1.22154309369, 95621.0, 484.0, 99515.0
2.83703062398, 2.0, 2.3844245811, -1.0, -0.208135082652, 0.0, 0.0, 0.0, 1.0, 2.0, -0.905899079927, -1.0, 0.0, 3.0, 2.0, 3.0, -1.0, 1.0, 3.0, 3.0, 2.0, 3.0, -1.0, -1.0, -1.0, 2.0, -1.0, -1.0, -1.0, -1.0, -1.0, 3.0, 2.0, 0.0, 1.0, 1.0, 0.686558757602, 3.0, -1.0, 2.0, 1.11111206766, 3.0, 2.0, -1.0, 2.0, 2.89110193541, 0.0, -1.0, 2.0, -1.0, 95920.0, 466.0, 99546.0
-1.0, 2.0, -1.0, 3.0, -1.0, 3.0, -0.981307246432, 2.0, 2.0, 0.0, 1.0, 1.0, -1.0, -1.0, -1.0, -0.670392229284, 3.0, 1.12299404243, 1.0, -1.0, -0.804758702816, 3.0, 1.0, 3.0, -1.0, 1.0, 3.0, 1.0, 0.0, 0.967684470925, 0.0, -1.0, -1.0, 0.0, -0.120588584176, -1.0, 3.0, 0.0, 1.0, 1.0, 3.0, 1.94718214238, 2.0, 3.0, 2.0, 1.97165516788, -1.0, -1.0, 0.0, 0.0, 95869.0, 465.0, 99579.0
-1.0, 2.0, -1.0, 3.0, -1.0, 3.0, -0.981307246432, 2.0, 2.0, 0.0, 1.0, 1.0, -1.0, -1.0, -1.0, -0.670392229284, 3.0, 1.12299404243, 1.0, -1.0, -0.804758702816, 3.0, 1.0, 3.0, -1.0, 1.0, 3.0, 1.0, 0.0, 0.967684470925, -0.37339569305, -1.0, -1.0, 0.0, -0.177178083168, -1.0, 3.0, 0.0, 1.0, 1.0, 3.0, 1.94718214238, 2.0, 3.0, 2.0, 1.97165516788, -1.0, -1.0, 0.0, 0.0, 95869.0, 465.0, 99579.0
3.0, -0.628029823532, 0.0, -1.0, 1.29964223604, 1.0, 2.0, -1.0, 3.0, -1.0, -0.23657527906, -1.0, 1.0, 2.0, 1.0, 3.0, 1.09514231928, 1.0, 2.51174436126, 0.0, 0.0, 2.0, -1.0, 1.0, 2.0, 0.0, -1.0, 2.0, 1.63218481539, -1.0, 2.0, 3.0, -1.0, -0.342662416514, -1.0, 2.0, 1.0, 0.0, 3.0, -1.0, 3.0, 1.0, 0.0, 3.0, -1.0, 2.0, -1.0, 0.0, 3.0, -1.0, 95335.0, 503.0, 99515.0
3.0, 2.0, 1.0, 1.0, 2.39370985256, 3.0, 3.0, 2.0, -1.0, 0.0, -1.0, 2.0, 3.0, 0.0, 0.0, 0.0, 0.0, 1.0, 2.0, 2.0, 1.0, 1.0, -1.0, 2.59982899755, -1.0, -1.0, -1.0, -1.0, -1.0, 1.0, 3.0, 2.0, -1.0, 0.0, 3.0, 1.0, 3.0, 1.0, 2.0, 0.0, -1.0, -1.0, 3.0, 0.0, 1.0, -1.0, 2.0, -1.0, -1.0, 1.00125827599, 95355.0, 493.0, 99515.0
2.0, 0.0, -1.0, 3.0, 2.0, 2.0, 2.0, 0.0, -1.0, 0.0, -1.0, 1.0, 3.0, -1.0, 1.0, 3.0, 0.0, 3.0, 2.0, -1.0, 0.0, 2.0, 1.0, -1.0, 1.0, 1.0, -1.0, -1.0, 0.0, 0.0, -1.0, 3.0, -1.0, 3.0, 1.0, 1.0, -1.0, 2.0, 1.0, 3.0, 1.0, 1.0, 0.0, -1.0, -1.0, 2.0, 0.0, 3.0, 2.0, 1.0, 95377.0, 499.0, 99501.0
2.0, 0.0, -1.0, 3.0, 2.0, 2.0, 2.0, 0.0, -1.0, 0.0, -1.0, 1.0, 3.0, -1.0, 0.721622574242, 3.0, 0.0, 3.0, 2.0, -1.0, 0.0, 2.0, 1.0, -1.0, 1.0, 1.0, -1.0, -1.0, 0.0, 0.0, -1.0, 3.0, -1.0, 3.0, 1.0, 1.23132964197, -1.0, 2.0, 1.0, 3.0, 1.0, 1.0, 0.0, -1.0, -1.0, 2.0, -0.29299398785, 3.0, 2.0, 1.0, 95377.0, 499.0, 99501.0
0.0, 3.0, 2.0, 0.0, 0.0, -1.0, 2.85664503854, 1.0, -1.0, 2.0, -1.0, 3.0, -1.0, 1.0, 1.0, -1.0, 2.0, 2.0, 2.0, 3.0, 0.0, 2.0, -1.0, 1.0, 2.0, 0.0, 1.0, 3.0, 0.0, 1.0, 1.0, 0.0, 1.0, 2.0, 3.0, 2.0, 3.0, -1.0, 1.0, 0.0, -1.0, 0.0, 1.0, 3.0, 0.0, 0.560454053804, 3.0, 3.0, 2.0, 0.0, 94640.0, 578.0, 99439.0
0.0, 2.0, 1.0, 1.0, 2.0, 1.0, -1.0, 2.0, -1.0, 0.0, -1.0, 2.0, 0.0, -1.0, 2.0, 1.0, 2.0, 3.0, 2.0, 1.0, 0.0, -1.0, 2.0, 2.0, 1.0, -1.0, 1.0, 1.0, 2.0, 2.0, 0.0, 1.0, -1.0, 0.0, 0.0, -1.0, -1.0, 0.0, 3.0, 0.0, 3.0, 1.0, 1.0, 0.0, 3.0, 0.0, -1.0, 3.0, 3.0, -1.0, 94709.0, 526.0, 99469.0
0.0, 2.0, 1.0, 1.0, 2.0, 1.0, -1.0, 2.0, -1.0, 0.0, -1.0, 2.0, 0.0, -1.0, 2.0, 1.0, 2.0, 3.0, 2.04449802259, 1.0, 0.0, -1.0, 2.0, 2.0, 1.0, -1.0, 1.0, 1.0, 2.0, 2.0, 0.0, 1.0, -1.0, 0.0, -0.574094738146, -1.0, -1.0, 0.0, 2.06871485196, 0.0, 3.0, 1.0, 1.0, 0.0, 3.0, 0.0, -1.0, 3.0, 3.0, -1.0, 94913.0, 511.0, 99486.0
1.0, 3.0, -1.0, 0.0, 1.0, -1.0, 3.0, 2.0, -1.0, 2.0, -1.0, -1.0, 2.0, 2.0, -1.0, 1.0, 0.0, 3.0, 3.0, 1.0, 0.0, 2.0, -1.0, 3.0, 0.0, 2.0, -1.0, 2.0, 0.0, -1.0, 0.0, 1.0, -1.0, 0.0, 0.0, 2.0, 3.0, -1.0, -1.0, 1.0, 3.0, 1.0, 3.0, -1.0, 0.0, 1.0, 0.0, 3.0, 0.0, 2.0, 95334.0, 509.0, 99509.0
3.0, 0.0, 2.0, 0.0, 1.0, -1.0, 0.0, 2.0, 1.36718654655, 1.8638674001, 3.0, -1.0, 0.0, 1.0, 3.0, -1.0, 1.6290284726, 1.0, 0.0, 3.0, 3.0, 3.0, 0.0, 0.0, -0.673271320369, 1.0, 0.0, 3.0, 3.0, 1.0, -0.958902289579, 1.0, -1.0, 2.0, 2.0, 3.0, -0.623494041137, 0.0, -1.0, 2.0, 0.0, 1.0, 1.0, 3.0, 1.0, 2.0, -1.0, 1.94695280741, 1.15323063882, -1.0, 94811.0, 547.0, 99459.0
3.0, 3.0, 3.0, 2.0, 0.35008095352, 1.0, -0.662032154963, 1.0, 0.0, 0.0, 3.0, -1.0, -0.604185818292, 2.0, 2.45986268312, -1.0, 3.0, 0.0, 1.0, 1.0, 2.0, 3.0, 1.0, 0.0, -1.0, -1.0, -1.0, 1.97197073305, 0.0, -1.0, 1.0, -1.0, 0.0, 1.0, 2.16064532649, 0.0, 3.0, 0.924997343542, 3.0, -0.55457610737, 3.0, -1.0, 2.0, 0.525884298582, 2.0, -1.0, -1.0, 0.0, 3.0, 0.745864009991, 95244.0, 509.0, 99518.0
1.0, 0.0, 3.0, 2.0, 3.0, 3.0, -1.0, 2.0, -1.0, 1.0, -1.0, 1.0, 1.0, 1.02698944786, 0.0, -1.0, -1.0, 3.0, 2.0, -1.0, 1.0, 2.0, 0.0, -1.0, 3.0, 3.0, 1.0, -1.0, 3.0, 1.0, 1.0, 0.0, 0.0, -1.0, 1.0, 0.0, 2.0, 0.0, 0.0, 2.0, -0.525581302491, 0.0, -0.900264541462, -1.0, 0.0, 3.0, -1.0, -0.391503422234, 1.0, 3.0, 95196.0, 507.0, 99520.0
0.59600723682, -0.8796980341, -1.0, 3.0, 2.0, 2.0, 2.0, 0.0, -1.0, 0.0, -1.0, 1.0, 3.0, -0.963909387317, 1.0, 3.0, 0.0, 3.0, 2.0, -1.0, -0.958628751233, 2.0, 1.0, -0.771916801531, 1.0, 1.0, -1.0, -1.0, 0.0, 0.0, -1.0, 3.0, 0.0307993670371, 3.0, 1.0, 1.0, -1.0, 2.0, -0.590199930971, 3.0, 1.0, 1.0, 0.0, -1.0, -1.0, 2.0, 0.0, 3.0, 2.0, 1.0, 95625.0, 478.0, 99520.0
1.0, 2.0, 0.0, -1.0, 1.0, 2.0, -1.0, -1.0, 2.0, 2.0, -1.0, 0.0, 0.0, -1.0, 2.0, 3.0, -1.0, 1.0, 1.0, -1.0, 1.0, -1.0, -1.0, -1.0, 3.0, 0.0, 0.0, -1.0, 3.0, 1.0, 0.0, 2.0, 0.0, 1.0, 1.0, 2.0, 0.0, 3.0, 3.0, -1.0, 1.0, 0.0, 3.0, 3.0, 3.0, 0.0, 1.0, -1.0, 3.0, -1.0, 95479.0, 492.0, 99520.0
1.83310661939, 2.0, 2.0, -1.0, -1.0, 0.0, 0.0, 0.0, 1.0, 2.0, 0.0, -1.0, 0.0, 3.0, 2.0, 3.0, -1.0, 1.0, 3.0, 3.0, 2.0, 3.0, -1.0, -0.68700275429, -1.0, 2.0, -1.0, -1.0, -1.0, -1.0, -1.0, 3.0, 2.0, 0.0, 1.0, 1.0, 1.0, 3.0, -1.0, 2.0, 1.11111206766, 3.0, 2.0, -1.0, 2.0, 2.89110193541, -0.29299398785, -1.0, 2.0, -1.0, 96137.0, 472.0, 99561.0
-1.0, 2.0, -1.0, 3.0, -1.0, 3.0, -1.0, 2.0, 2.0, 0.0, 1.0, 1.0, -1.0, -1.0, -1.0, 2.0, 3.0, -1.0, 1.0, -1.0, 0.0, 3.0, 1.0, 2.0, -1.0, 1.0, 3.0, 1.0, 0.0, 1.0, 0.0, -1.0, -1.0, 0.0, 0.0, -1.0, 3.0, 0.0, 1.0, 1.0, 3.0, 2.0, 2.0, 3.0, 2.0, 1.0, -1.0, -1.0, 0.0, 0.0, 95738.0, 485.0, 99573.0
0.0, 1.0, -1.0, -1.0, 3.0, 3.0, 1.0, -1.0, 1.0, 0.0, -1.0, 0.0, 0.0, 3.0, 0.0, 0.0, 2.0, 0.0, -1.0, -1.0, -1.0, 1.0, 1.0, 0.0, 2.0, -1.0, 1.0, 2.0, 1.0, 2.0, 3.0, -1.0, -1.0, -1.0, 2.0, 1.0, 2.0, 2.0, 1.0, 0.0, -1.0, -1.0, 0.0, -1.0, 2.0, -1.0, 1.0, 2.0, 1.0, 3.0, 95248.0, 487.0, 99542.0
-1.0, 2.0, 1.0, 0.0, 2.0, 2.0, 1.0, -1.0, 3.0, 2.0, 3.0, 1.0, 1.0, -1.0, -1.0, -1.0, 0.0, -1.0, 1.0, 3.0, 0.0, 2.0, -1.0, 2.0, -1.0, -0.830114535214, 0.0, 1.0, -1.0, 2.0, 0.0, 2.0, -1.0, 0.0, 0.0, 2.0, 0.0, 2.0, 1.0, -1.0, 1.0, 3.0, 1.0, 0.0, -1.0, 2.0, -1.0, 1.0, -0.376172579559, 1.0, 95086.0, 498.0, 99526.0
-1.0, 0.0, 2.0, 2.0, 0.0, 2.0, 2.0, 1.0, 3.0, -1.0, -1.0, 2.0, 0.0, 0.0, 3.0, 1.0, -1.0, 1.0, 2.0, 0.0, 2.0, -1.0, 1.0, 3.0, -1.0, -1.0, 0.0, 3.0, 0.0, 0.0, 1.0, 2.0, -1.0, 1.0, 1.0, 1.0, 3.0, 1.0, -1.0, 2.0, 1.0, 0.0, 2.0, 0.0, 3.0, 3.0, 2.0, 0.0, 3.0, -1.0, 94592.0, 559.0, 99450.0
3.0, -1.0, 1.0, 0.0, 2.0, 3.0, 0.0, -1.0, 0.0, 0.0, 3.0, -1.0, 0.0, 3.0, 2.0, 2.0, 2.0, 1.0, 0.0, 1.0, 1.0, 3.0, 2.0, 0.0, 2.0, -1.0, -1.0, 2.0, 1.0, 1.0, -1.0, -1.0, 0.0, 2.0, 1.0, 0.0, 1.0, 0.0, -1.0, 1.0, 1.0, 1.0, -1.0, 2.0, 3.0, 3.0, 0.0, -1.0, -1.0, 1.0, 94802.0, 537.0, 99487.0
3.0, 0.0, 2.0, 0.0, 1.0, -1.0, 0.0, 2.0, 1.36718654655, 1.8638674001, 3.0, -1.0, 0.0, 1.0, 3.0, -1.0, 3.0, 1.0, 0.0, 3.0, 3.0, 3.0, 0.0, 0.0, -0.673271320369, 1.0, 0.0, 3.0, 3.0, 1.0, -1.0, 1.0, -1.0, 2.0, 2.0, 3.0, -0.623494041137, 0.0, -1.0, 2.0, 0.0, 1.0, 1.0, 3.0, 1.0, 2.0, -1.0, 2.0, 1.15323063882, -1.0, 94842.0, 547.0, 99459.0
3.0, 1.0, 1.0, 1.0, 1.0, 3.0, 0.0, 3.0, -1.0, 1.0, -1.0, 1.0, 3.0, -1.0, 0.0, 1.0, 0.0, 0.0, 0.0, -1.0, 2.0, -1.0, 2.0, 2.0, 3.0, 0.0, -1.0, 0.0, -1.0, 2.0, 2.0, 0.0, -1.0, 0.0, 1.0, 3.0, 2.0, 2.0, 0.0, 2.0, 3.0, 2.0, -1.0, 3.0, 1.0, 0.0, 1.0, -1.0, 2.0, 1.0, 94650.0, 543.0, 99473.0
1.0, 2.0, 0.0, -1.0, 1.0, 2.0, -1.0, -1.0, 2.0, 2.27274279853, -1.0, 0.0, 0.0, -1.0, 2.0, 3.0, -1.0, 1.0, 1.0, -0.522107242134, 1.0, -1.0, -1.0, -1.0, 3.0, 0.0, 0.0, -1.0, 3.0, 1.0, -0.128222154935, 2.0, 0.0, 1.0, 2.03219137529, 2.0, -0.0546385003903, 3.0, 3.0, -1.0, 1.0, 0.0, -0.82711539247, 3.0, 3.0, 0.0, 1.0, 1.91979524777, 3.0, -1.0, 95431.0, 499.0, 99513.0
1.0, 0.0, 3.0, 0.708175460601, -1.0, 0.0, 3.0, -1.0, 2.0, 2.0, -1.0, 3.0, 0.0, 2.0, 0.0, 3.0, 0.0, 3.0, 1.0, 1.0, -1.0, 0.0, 3.0, 2.0, 2.0, 1.0, 3.0, -1.0, 3.0, 0.0, -1.0, -1.0, 2.0, 1.0, -1.0, 1.0, 0.0, 0.0, 2.0, 1.0, 2.24951164268, -1.0, 3.0, 3.0, 2.0, 1.0, 2.0, -0.769035275268, -1.0, -1.0, 95313.0, 513.0, 99507.0
0.0, 0.0, -0.301682157486, 0.0, 1.48151442573, 3.0, 1.59369633039, -1.0, 3.0, 0.0, 1.0, 1.0, 0.630970653294, -1.0, 3.0, 3.0, 2.0, -0.154542817494, -0.585343907229, 0.679685441255, 3.0, 2.0, -0.381958544089, 2.0, -1.0, -1.0, -0.929165340603, -1.0, 0.0, 2.0, -1.0, 3.0, 0.0, 1.0, 2.0, 3.0, 2.0, 3.0, -0.033388006295, -1.0, -0.608628799711, 0.0, 1.21972597186, 1.0, -1.0, 1.0, 0.0, 1.0, -0.900774908377, 2.0, 94942.0, 523.0, 99494.0
2.0, 2.0, 3.0, 0.0, 1.0, -1.0, 2.0, -1.0, 3.0, 3.0, -1.0, 3.0, 0.0, 2.0, -1.0, 3.0, 3.0, 1.0, -1.0, 2.0, 1.0, 2.0, 0.0, -1.0, 0.0, 1.0, 1.0, -1.0, 3.0, 0.0, -1.0, 3.0, 1.0, 0.0, 1.0, 0.0, 1.0, 0.0, -1.0, 0.0, 2.0, 2.0, 0.0, 0.0, -1.0, -1.0, -1.0, 1.0, 3.0, 0.0, 95014.0, 518.0, 99493.0
0.0, 2.0, 1.0, 1.0, -0.155667642441, 1.0, -1.0, 2.0, -1.0, 0.0, -1.0, 2.0, 0.0, -1.0, 2.0, 1.0, 2.0, 3.0, -0.366176539726, 1.0, 1.8992839829, -1.0, 2.0, 2.17948878051, 1.0, -1.0, 1.0, 1.0, 2.0, 2.39357623024, 0.0, 1.0, -1.0, 0.0, 2.80217420437, -0.531100131317, -1.0, 0.0, 3.0, 0.0, 3.0, 1.0, 3.0, 0.0, 3.0, 0.0, -1.0, 3.0, 3.0, -1.0, 94803.0, 526.0, 99469.0
1.0, 1.0, 0.0, 1.0, 2.0, 3.0, 3.0, 2.0, 1.0, 1.0, 2.0, 2.0, -1.0, 1.0, 3.0, 0.0, 3.0, 0.0, 1.0, -1.0, 0.0, 3.0, -1.0, 1.0, 2.0, -1.0, 3.0, 0.0, 1.0, 2.0, 3.0, 1.0, 0.0, 0.0, 0.0, 2.0, 1.0, 0.0, 3.0, 2.0, -1.0, 3.0, 2.0, 3.0, 2.0, 2.0, -1.0, 0.0, 2.0, -1.0, 94436.0, 592.0, 99437.0
2.0, 2.0, 3.0, -0.635294435673, 1.0, -1.0, -0.989983939784, -1.0, 3.0, 3.0, 1.72565292948, 1.21800652118, 0.0, 2.0, -1.0, 3.0, 3.0, 1.0, -1.0, 2.0, 1.0, 2.0, 0.574057752027, -1.0, 0.0, 1.0, 2.77049160424, 1.79471118704, 3.0, 0.0, -1.0, -0.080237762955, 1.0, 0.0, 1.0, 0.0, 1.0, 0.0, -1.0, 0.0, 2.0, 1.0, -0.855483103763, 0.0, -1.0, -1.0, -1.0, 1.0, 1.99965640176, 0.0, 95071.0, 514.0, 99515.0
3.0, 1.0, 0.0, -1.0, 0.0, 1.0, 2.0, -1.0, 3.0, -1.0, 0.0, -1.0, 1.0, 2.0, 1.0, 3.0, 1.0, 1.0, 2.0, 0.0, 0.0, 2.0, -1.0, 1.0, 2.0, 0.0, -1.0, 2.0, 0.0, -1.0, 2.0, 3.0, -1.0, 2.0, -1.0, 2.0, 1.0, 0.0, 3.0, -1.0, 3.0, 1.0, 0.0, 3.0, -1.0, 2.0, -1.0, 0.0, 3.0, -1.0, 95136.0, 514.0, 99505.0
1.0, 3.0, -1.0, 0.0, 1.0, -1.0, 3.0, 2.0, -1.0, 2.0, 2.0, -1.0, 2.0, 2.0, -1.0, 1.0, 0.0, 3.0, 3.0, 1.0, 0.0, -1.0, -1.0, 3.0, 0.0, 2.0, -1.0, 2.0, 0.0, -1.0, 0.0, 1.0, -1.0, 0.0, 0.0, 2.0, 3.0, -1.0, -1.0, 1.0, 3.0, -0.0957755161763, 3.0, -1.0, 0.0, 1.0, 1.34922419663, 3.0, 0.0, 2.0, 95391.0, 510.0, 99513.0
1.0, 2.69990670815, 2.33801458286, 2.16012417566, 1.0, 2.0, -1.0, -1.0, 2.0, 2.27274279853, -1.0, 0.0, 0.0, -1.0, 2.0, 3.0, -1.0, 1.0, 1.0, -0.796742763387, 1.0, -1.0, -1.0, -1.0, 3.0, 0.0, 0.0, -1.0, 3.0, 1.0, -0.128222154935, 2.0, 0.0, 1.0, 2.03219137529, 2.0, -0.0546385003903, 3.0, 3.0, -1.0, 1.0, 0.0, -0.82711539247, 3.0, 3.0, 0.0, 2.96369093966, 1.91979524777, 1.50199683052, -1.0, 95466.0, 510.0, 99501.0
3.0, 0.0, 2.0, 0.0, 1.0, -1.0, 0.0, 2.0, 1.0, 2.0, 3.0, -1.0, 0.0, 1.0, 3.0, -1.0, -0.786916399383, 1.0, 0.0, 3.0, 3.0, 3.0, 0.0, 0.0, 2.23984865874, 1.0, 0.0, 3.0, 3.0, 1.0, -1.0, 1.0, -1.0, 2.0, 2.0, 3.0, 2.0, 0.0, -1.0, 2.0, 0.0, 1.0, 1.0, 3.0, 1.0, 2.0, -1.0, 2.0, 1.0, -1.0, 94720.0, 564.0, 99449.0
3.0, 2.0, 1.0, 2.18636266434, 2.39370985256, 3.0, 3.0, 1.81955544561, -1.0, 0.0, -1.0, 2.0, 3.0, 0.0, 0.0, 0.0, -0.0642938399181, 1.0, 2.0, 2.0, 1.0, 1.0, -1.0, 2.59982899755, -1.0, -1.0, -1.0, -1.0, -1.0, 1.0, 3.0, 2.0, -1.0, 0.0, 3.0, 1.0, 3.0, 1.0, 2.0, 0.0, -1.0, -1.0, 3.0, -0.10692190513, 1.0, -1.0, 2.0, -1.0, -1.0, 1.00125827599, 95384.0, 493.0, 99515.0
