3.0, 2.0, 0.0, 1.0, 1.0, 3.0, 3.0, 2.0, -1.0, 0.0, -1.0, 2.0, 3.0, 0.0, 0.0, 0.0, 0.0, 1.0, 2.0, 2.0, 1.0, 1.0, -1.0, 2.0, -1.0, -1.0, -1.0, -1.0, -1.0, 1.0, 3.0, 2.0, -1.0, 0.0, 3.0, 1.0, 3.0, 1.0, 2.0, 0.0, -1.0, -1.0, 3.0, 0.0, 1.0, -1.0, 2.0, -1.0, -1.0, 2.0, 95234.0, 493.0, 99515.0
3.0, 2.0, 0.0, 1.0, 1.0, 3.0, 3.0, 2.0, -1.0, 0.0, -1.0, 2.0, 3.0, 0.0, 0.0, 0.0, 0.0, 1.0, 2.0, 2.0, 1.0, -0.766827608185, -1.0, 2.0, -0.730689092662, -1.0, -1.0, -1.0, -1.0, 1.0, 3.0, 1.75179727419, -1.0, 0.0, 3.0, 1.0, 3.0, 1.0, 2.0, 0.0, -1.0, -1.0, 3.0, 0.0, 1.0, -1.0, 2.0, -1.0, -1.0, 2.0, 95340.0, 475.0, 99524.0
0.0, 2.0, 1.0, 1.9096850679, 0.926293768997, 1.59512067647, -1.0, 2.0, -1.0, -0.820438166397, -1.0, 2.0, 0.0, -1.0, 2.0, 1.0, 2.0, 3.0, -0.325296484361, 0.0149620715235, 0.0, -1.0, 2.0, 2.0, 1.0, -1.0, -0.716668603663, 0.500070709297, 2.0, 1.35000145631, 0.0, 1.0, -1.0, 0.0, 1.47689885158, 0.208486699638, -1.0, 0.0, 3.0, 0.0, 3.0, 2.84025383686, 1.0, 0.0, 3.0, 0.0, -1.0, 3.0, 3.0, -1.0, 94684.0, 509.0, 99471.0
-1.0, 2.0, -1.0, 3.0, -1.0, 3.0, -1.0, 2.0, 2.0, 0.0, -1.0, 1.0, -1.0, -1.0, -1.0, 2.0, 3.0, -1.0, 1.0, -1.0, 0.281280408812, 3.0, 1.0, 2.0, -1.0, 1.34135553185, 3.0, 1.0, 1.73491354061, 0.00539062767866, 0.0, -1.0, -1.0, 0.0, 0.0, -1.0, 3.0, 0.0, 1.0, 1.0, 2.3655127154, 2.0, 2.0, 3.0, 2.18803991556, 1.0, -1.0, -1.0, 0.0, 0.0, 95787.0, 466.0, 99578.0
0.0, 2.0, 1.0, 1.9096850679, 0.926293768997, 1.59512067647, -1.0, 2.0, -1.0, -0.820438166397, -1.0, 2.0, 0.0, -1.0, 2.0, 1.0, 2.0, 3.0, -0.325296484361, 0.0149620715235, 0.0, -1.0, 2.0, 2.0, 1.0, -1.0, -0.716668603663, 0.500070709297, 2.0, 1.35000145631, 0.0, 1.0, -1.0, 0.0, 1.47689885158, 0.208486699638, -1.0, 0.0, 3.0, -0.914149781744, 3.0, 2.84025383686, 1.0, 0.0, 0.667409185271, 0.0, -1.0, 3.0, 3.0, -1.0, 94777.0, 499.0, 99485.0
0.0, 2.0, 1.0, 0.0461058849303, -0.155667642441, 1.0, -1.0, 1.30300621519, -1.0, 0.0, -1.0, 0.619541102266, 0.0, -1.0, 2.0, -0.917469427569, 2.0, 3.0, -0.366176539726, 1.38770769873, 1.8992839829, -1.0, 2.0, 2.17948878051, 1.0, -1.0, 1.0, 1.0, 2.0, 2.39357623024, 0.0, 1.0, -1.0, 0.0, 2.80217420437, -0.531100131317, -1.0, -0.784171491063, 3.0, 0.0, 3.0, 1.0, 3.0, 0.0, 3.0, 0.0, -1.0, 3.0, 3.0, -0.634139858315, 95077.0, 495.0, 99498.0
-1.0, 2.0, -1.0, 3.0, -1.0, -1.0, -0.981307246432, 2.0, 2.0, 0.0, 1.0, 1.0, -1.0, -1.0, -1.0, -0.670392229284, 3.0, -1.0, 1.0, -1.0, -0.804758702816, 3.0, 1.0, 2.0, -1.0, 1.0, 3.0, 1.0, 0.0, 2.01891792108, 0.0, -1.0, -1.0, 0.0, 0.0, -1.0, 3.0, 0.0, 1.0, 1.0, 3.0, 2.0, 2.0, 3.0, 2.0, 1.0, -1.0, -1.0, 0.0, -0.120644070774, 96045.0, 441.0, 99603.0
1.83310661939, 0.147724582914, 2.0, -1.0, -1.0, -0.0836939842063, 0.0, 0.0, 2.96556353148, 2.0, 0.0, -1.0, 0.0, 3.0, 2.0, 3.0, -1.0, 1.0, 3.0, 3.0, 2.0, 3.0, -1.0, -0.68700275429, -1.0, 0.565158660726, -1.0, -1.0, -1.0, -1.0, -1.0, 3.0, 2.0, 0.0, 1.0, 0.176864943397, 1.0, 3.0, -1.0, 2.0, 1.11111206766, 3.0, 2.0, -1.0, 2.0, 2.89110193541, -0.86244724071, -1.0, 2.0, -1.0, 96216.0, 453.0, 99573.0
0.59600723682, -0.8796980341, -1.0, 3.0, 2.0, 2.0, 2.0, 0.0, -1.0, 0.0, -1.0, 1.0, 3.0, -0.963909387317, 1.0, 3.0, 0.0, 2.11442379046, 2.0, -0.676018871027, -0.958628751233, 2.0, 1.0, -0.771916801531, 1.25059246726, 1.0, -1.0, -1.0, 0.0, 0.0, -1.0, 3.0, 0.0307993670371, 3.0, 1.0, 1.0, -1.0, 2.0, -0.771231129488, 3.0, 1.0, 1.0, 0.0, -1.0, -1.0, 2.0, 0.0, 3.0, 2.0, 1.0, 95582.0, 478.0, 99520.0
0.59600723682, 0.0, -1.0, 3.0, 2.0, 2.0, -0.620321617548, 0.0, -1.0, 2.46622387346, -1.0, 1.55097437203, 3.0, -1.0, 1.0, 3.0, 2.18878817274, 3.0, 2.0, -1.0, 0.0, 2.0, 1.0, -1.0, 1.0, 1.0, -1.0, -1.0, 0.0, 0.0, -1.0, 3.0, -1.0, 3.0, 1.0, 1.0, -1.0, 2.0, 1.0, 3.0, 1.0, 1.0, 0.0, -1.0, -1.0, 2.0, 0.0, 3.0, 2.0, 1.22154309369, 95621.0, 484.0, 99515.0
2.83703062398, 2.0, 2.3844245811, -1.0, -0.208135082652, 0.0, 0.0, 0.0, 1.0, 2.0, -0.905899079927, -1.0, 0.0, 3.0, 2.0, 3.0, -1.0, 1.0, 3.0, 3.0, 2.0, 3.0, -1.0, -1.0, -1.0, 2.0, -1.0, -1.0, -1.0, -1.0, -1.0, 3.0, 2.0, 0.0, 1.0, 1.0, 0.686558757602, 3.0, -1.0, 2.0, 1.11111206766, 3.0, 2.0, -1.0, 2.0, 2.89110193541, 0.0, -1.0, 2.0, -1.0, 95920.0, 466.0, 99546.0
-1.0, 2.0, -1.0, 3.0, -1.0, 3.0, -0.981307246432, 2.0, 2.0, 0.0, 1.0, 1.0, -1.0, -1.0, -1.0, -0.670392229284, 3.0, 1.12299404243, 1.0, -1.0, -0.804758702816, 3.0, 1.0, 3.0, -1.0, 1.0, 3.0, 1.0, 0.0, 0.967684470925, 0.0, -1.0, -1.0, 0.0, -0.120588584176, -1.0, 3.0, 0.0, 1.0, 1.0, 3.0, 1.94718214238, 2.0, 3.0, 2.0, 1.97165516788, -1.0, -1.0, 0.0, 0.0, 95869.0, 465.0, 99579.0
-1.0, 2.0, -1.0, 3.0, -1.0, 3.0, -0.981307246432, 2.0, 2.0, 0.0, 1.0, 1.0, -1.0, -1.0, -1.0, -0.670392229284, 3.0, 1.12299404243, 1.0, -1.0, -0.804758702816, 3.0, 1.0, 3.0, -1.0, 1.0, 3.0, 1.0, 0.0, 0.967684470925, -0.37339569305, -1.0, -1.0, 0.0, -0.177178083168, -1.0, 3.0, 0.0, 1.0, 1.0, 3.0, 1.94718214238, 2.0, 3.0, 2.0, 1.97165516788, -1.0, -1.0, 0.0, 0.0, 95869.0, 465.0, 99579.0
-1.0, 2.0, -1.0, 3.0, -1.0, 3.0, -0.981307246432, 2.0, 2.0, 0.0, 1.0, 1.0, -1.0, -1.0, -1.0, -0.670392229284, 3.0, 1.12299404243, 1.0, -1.0, -0.804758702816, 3.0, 1.0, 3.0, -1.0, 1.0, 3.0, 1.0, 0.0, 0.967684470925, 0.27774882252, -1.0, -1.0, 0.0, -0.177178083168, -1.0, 3.0, 0.0, 1.0, 1.0, 3.0, 1.94718214238, 2.0, 3.0, 2.0, 1.97165516788, -1.0, -1.0, 0.0, 0.0, 95869.0, 465.0, 99579.0
2.0, 0.0, -1.0, 3.0, 1.61628068625, 2.0, 2.0, 0.0, -1.0, 0.0, -1.0, 1.0, 3.0, -1.0, 0.721622574242, 3.0, 0.0, 3.0, 2.0, -1.0, -0.737664208533, 2.0, 1.0, -1.0, 1.0, 1.0, -1.0, -1.0, 0.0, 0.0, -1.0, 3.0, -1.0, 3.0, 1.0, 1.23132964197, -1.0, 2.0, 1.0, 3.0, 1.0, 1.0, 0.0, -1.0, -1.0, 2.0, -0.29299398785, 3.0, 2.0, 2.49386929767, 95534.0, 486.0, 99511.0
1.0, 3.0, -1.0, 0.0, 1.0, -1.0, 3.0, 2.0, -1.0, 2.0, -1.0, -1.0, 2.0, 2.0, -1.0, 1.0, 0.0, 2.37853577868, 3.0, 1.0, 0.0, -1.0, -1.0, 2.43338173601, 0.0, 1.72240122929, -1.0, 2.0, 3.0, -1.0, 0.0, 1.0, -1.0, 0.0, 0.0, 2.0, 3.0, -1.0, -0.643818694013, 1.0, 3.0, -0.0957755161763, 3.0, -1.0, 0.0, 1.0, 1.34922419663, 3.0, 0.0, 2.0, 95460.0, 491.0, 99518.0
3.0, 2.0, 1.0, 1.0, 2.39370985256, 3.0, 3.0, 2.0, -1.0, 0.0, -1.0, 2.0, 3.0, 0.0, 0.0, 0.0, 0.0, 1.0, 2.0, 2.0, 1.0, 1.0, -1.0, 2.59982899755, -1.0, -1.0, -1.0, -1.0, -1.0, 1.0, 3.0, 2.0, -1.0, 0.0, 3.0, 1.0, 3.0, 1.0, 2.0, 0.0, -1.0, -1.0, 3.0, 0.0, 1.0, -1.0, 2.0, -1.0, -1.0, 1.00125827599, 95355.0, 493.0, 99515.0
0.0, 1.0, -1.0, -0.707705197264, 3.0, 3.0, 1.0, -1.0, 1.0, 0.0, -1.0, 0.0, 0.0, 3.0, 0.0, 0.0, 2.0, 0.0, -1.0, -1.0, -1.0, 1.0, 1.0, 0.0, -0.385016232496, -1.0, 1.0, 2.0, 1.0, 2.0, 3.0, -1.0, -1.0, -1.0, 2.3355669119, 1.0, 2.0, 2.0, 1.0, 0.0, -1.0, -1.0, -0.82711539247, -1.0, 2.0, -1.0, 1.0, 2.0, 1.0, 3.0, 95389.0, 476.0, 99556.0
1.0, 2.0, 0.0, -1.0, 1.0, 2.0, 0.122642247899, -1.0, 2.51229976162, 2.95354935988, -1.0, 0.0, -0.665246567908, -1.0, 2.0, 3.0, -1.0, 1.0, 1.0, -1.0, 1.0, -1.0, -1.0, -1.0, 3.0, 0.0, 0.0, -1.0, 3.0, 1.0, -0.996683477155, -0.443681801713, 0.0, 1.0, 1.0, 2.0, -0.0183126041397, 2.36808990038, 3.0, -1.0, 1.0, 0.0, 3.0, 3.0, 3.0, 0.0, 1.0, -1.0, 3.0, -1.0, 95440.0, 475.0, 99529.0
2.0, 2.0, 3.0, 0.0, 1.0, -1.0, 2.0, -1.0, 3.0, 3.0, -1.0, 3.0, -0.362485137967, 2.0, 1.13684782007, 0.95579181094, 3.0, 1.0, 2.52423244824, 2.0, 1.0, 2.0, 0.0, -1.0, 0.0, -1.0, 1.0, -1.0, 3.0, 2.0, -1.0, 3.0, 1.0, 0.0, 0.697108671813, 0.0, -0.972935632279, 0.0, -1.0, 0.0, 2.0, 2.0, 0.0, 0.0, -1.0, -1.0, -1.0, 1.19474014803, 3.0, 0.0, 94977.0, 518.0, 99480.0
-1.0, 2.0, -0.017719226648, 3.0, -1.0, -1.0, -0.981307246432, 2.0, 2.0, 0.0, -0.32930793235, 1.0, -1.0, -1.0, -1.0, -0.670392229284, 3.0, -1.0, 1.0, -1.0, -0.804758702816, 3.0, 1.0, 2.0, -1.0, 1.0, 3.0, 1.0, 0.0, 2.01891792108, 0.0, -1.0, -1.0, 0.0, 0.0, -1.0, 3.0, 0.0, 2.83085122369, 1.0, 3.0, 2.45148754544, 2.0, 3.0, 2.0, 1.0, -1.0, -1.0, 0.0, -0.120644070774, 95936.0, 454.0, 99592.0
0.0, 2.0, 1.0, 1.0, 2.0, 1.0, -1.0, 2.0, -1.0, 0.0, -1.0, 2.0, 0.0, -1.0, 2.0, 1.0, 2.0, 3.0, 2.0, 1.0, 0.0, -1.0, 2.0, 2.0, 1.0, -1.0, 1.0, 1.0, 2.0, 2.0, 0.0, 1.0, -1.0, 0.0, 0.0, -1.0, -1.0, 0.0, 3.0, 0.0, 3.0, 1.0, 1.0, 0.0, 3.0, 0.0, -1.0, 3.0, 3.0, -1.0, 94709.0, 526.0, 99469.0
-1.0, 2.0, -1.0, 3.0, -1.0, 3.0, -1.0, 2.0, 2.0, 0.0, -1.0, 1.0, -1.0, -1.0, -1.0, 2.0, 3.0, -1.0, 1.0, -1.0, 1.824902242, 3.0, 1.0, 2.0, -1.0, 1.0, 3.0, 1.0, 0.0, 1.0, 0.0, -1.0, -1.0, 0.0, 0.0, -1.0, 3.0, 0.0, 1.0, 1.0, 2.3655127154, 2.0, 2.0, 3.0, 2.0, 1.0, -1.0, -1.0, 0.0, 0.0, 95794.0, 466.0, 99578.0
0.0, 2.0, 1.0, 1.0, 2.0, 1.0, -1.0, 2.0, -1.0, 0.0, -1.0, 2.0, 0.0, -1.0, 2.0, 1.0, 2.0, 3.0, 2.04449802259, 1.0, 0.0, -1.0, 2.0, 2.0, 1.0, -1.0, 1.0, 1.0, 2.0, 2.0, 0.0, 1.0, -1.0, 0.0, -0.574094738146, -1.0, -1.0, 0.0, 2.06871485196, 0.0, 3.0, 1.0, 1.0, 0.0, 3.0, 0.0, -1.0, 3.0, 3.0, -1.0, 94913.0, 511.0, 99486.0
3.0, -1.0, 1.0, 0.0, 2.0, 3.0, 0.0, -1.0, 0.0, 0.0, 3.0, -1.0, 0.0, 3.0, 2.0, 2.0, 2.0, 1.0, 0.0, 1.0, 1.0, -1.0, 2.0, 0.0, 2.53350789289, -1.0, -1.0, 2.0, 1.0, 1.0, -1.0, -1.0, 0.0, 2.0, 1.0, 0.0, 1.0, 0.0, -1.0, 1.0, 0.601808650956, 1.0, -1.0, 2.0, 3.0, 2.94673165794, 0.0, -1.0, -1.0, 1.0, 94882.0, 519.0, 99496.0
3.0, -0.628029823532, 0.0, -1.0, 1.29964223604, 1.0, 2.0, -1.0, 3.0, -1.0, -0.23657527906, -1.0, 1.0, 2.0, 1.0, 3.0, 1.09514231928, 1.0, 2.51174436126, 0.0, 0.0, 2.0, -1.0, 1.0, 2.0, 0.0, -1.0, 2.0, 1.63218481539, -1.0, 2.0, 3.0, -1.0, -0.342662416514, -1.0, 2.0, 1.0, 0.0, 3.0, -1.0, 3.0, 1.0, 0.0, 3.0, -1.0, 2.0, -1.0, 0.0, 3.0, -1.0, 95335.0, 503.0, 99515.0
2.0, 2.0, 3.0, 0.0, 1.0, -1.0, 2.0, -1.0, 3.0, 3.0, -1.0, 3.0, 0.0, 2.0, -1.0, 3.0, 3.0, 1.0, -1.0, 2.0, 1.0, 2.0, 0.0, -1.0, 0.0, 3.0, 1.0, -0.935518635518, 3.0, 0.0, -1.0, 3.0, 1.0, 0.0, 1.0, 0.0, 1.0, 0.0, -1.0, 0.0, 2.72949480273, 2.0, 0.0, -0.872756634836, -1.0, -1.0, -1.0, 1.0, 3.0, 0.0, 95335.0, 504.0, 99509.0
1.0, 3.0, -1.0, 0.0, 1.0, -1.0, 3.0, 2.0, -1.0, 2.0, -1.0, -1.0, 2.0, 2.0, -1.0, 1.0, 0.0, 3.0, 3.0, 1.0, 0.0, 2.0, -1.0, 3.0, 0.0, 2.0, -1.0, 2.0, 0.0, -1.0, 0.0, 1.0, -1.0, 0.0, 0.0, 2.0, 3.0, -1.0, -1.0, 1.0, 3.0, 1.0, 3.0, -1.0, 0.0, 1.0, 0.0, 3.0, 0.0, 2.0, 95334.0, 509.0, 99509.0
0.59600723682, -0.8796980341, -1.0, 3.0, 2.0, 2.0, 2.0, 0.0, -1.0, 0.0, -1.0, 1.0, 3.0, -0.963909387317, 1.0, 3.0, 0.0, 3.0, 2.0, -1.0, -0.958628751233, 2.0, 1.0, -0.771916801531, 1.0, 1.0, -1.0, -1.0, 0.0, 0.0, -1.0, 3.0, 0.0307993670371, 3.0, 1.0, 1.0, -1.0, 2.0, -0.590199930971, 3.0, 1.0, 1.0, 0.0, -1.0, -1.0, 2.0, 0.0, 3.0, 2.0, 1.0, 95625.0, 478.0, 99520.0
1.83310661939, 2.0, 2.0, -1.0, -1.0, 0.0, 0.0, 0.0, 1.0, 2.0, 0.0, -1.0, 0.0, 3.0, 2.0, 3.0, -1.0, 1.0, 3.0, 3.0, 2.0, 3.0, -1.0, -0.68700275429, -1.0, 2.0, -1.0, -1.0, -1.0, -1.0, -1.0, 3.0, 2.0, 0.0, 1.0, 1.0, 1.0, 3.0, -1.0, 2.0, 1.11111206766, 3.0, 2.0, -1.0, 2.0, 2.89110193541, -0.29299398785, -1.0, 2.0, -1.0, 96137.0, 472.0, 99561.0
1.83310661939, 2.0, 2.0, -1.0, -1.0, 0.0, 0.0, 0.0, 1.0, 2.0, 0.0, -1.0, 0.0, 3.0, 2.45585251782, 3.0, -1.0, 1.0, 3.0, 3.0, 2.0, 3.0, -1.0, -0.68700275429, -1.0, 2.0, -1.0, -1.0, -1.0, -1.0, -1.0, 3.0, 2.0, 0.0, 1.0, 1.0, 1.0, 3.0, -1.0, 2.0, 1.11111206766, 3.0, 2.0, -1.0, 2.0, 2.89110193541, -0.29299398785, -1.0, 2.0, -1.0, 96137.0, 472.0, 99561.0
3.0, 0.0, 2.0, 0.0, 1.0, -1.0, 0.0, 2.0, 1.0, 2.0, 3.0, -1.0, 0.0, 1.0, 3.0, -1.0, 3.0, 1.0, 0.0, 3.0, 3.0, 3.0, 0.0, 0.0, 2.0, 1.0, 0.0, 3.0, 3.0, 1.0, -1.0, 1.0, -1.0, 2.0, 2.0, 3.0, 2.0, 0.0, -1.0, 2.0, 0.0, 1.0, 1.0, 3.0, 1.0, 2.0, -1.0, 2.0, 1.0, -1.0, 94662.0, 574.0, 99437.0
1.0, 2.0, 0.0, -1.0, 1.0, 2.0, -1.0, -1.0, 2.0, 2.0, -1.0, 0.0, 0.0, -1.0, 2.0, 3.0, -1.0, 1.0, 1.0, -1.0, 1.0, -1.0, -1.0, -1.0, 3.0, 0.0, 0.0, -1.0, 3.0, 1.0, 0.0, 2.0, 0.0, 1.0, 1.0, 2.0, 0.0, 3.0, 3.0, -1.0, 1.0, 0.0, 3.0, 3.0, 3.0, 0.0, 1.0, -1.0, 3.0, -1.0, 95479.0, 492.0, 99520.0
-1.0, 2.0, -1.0, 3.0, -1.0, 3.0, -0.981307246432, 2.0, 2.0, 0.0, 1.0, 1.0, -1.0, -1.0, -1.0, -0.670392229284, 3.0, -1.0, 1.0, -1.0, -0.804758702816, 3.0, 1.0, 2.0, -1.0, 1.0, 3.0, 1.0, 0.0, 1.0, 0.0, -1.0, -1.0, 0.0, 0.0, -1.0, 3.0, 0.0, 1.0, 1.0, 3.0, 2.0, 2.0, 3.0, 2.0, 1.0, -1.0, -1.0, 0.0, 0.0, 95952.0, 455.0, 99593.0
-1.0, 2.0, -1.0, 3.0, -1.0, 3.0, -1.0, 2.0, 2.42508796351, 0.0, 1.0, 1.0, -1.0, -1.0, -1.0, 2.0, 3.0, -1.0, 1.0, -1.0, -0.445276690746, 3.0, 1.0, 2.0, -1.0, 1.0, 3.0, 1.0, 0.0, -0.884269817895, 0.0, -1.0, -1.0, 0.0, 0.0, -1.0, 3.0, 0.0, 1.0, 1.0, 3.0, 2.0, 2.0, 3.0, 2.0, 1.0, -1.0, -1.0, 0.0, 0.0, 95916.0, 473.0, 99590.0
0.0, 1.0, -1.0, -1.0, 3.0, 3.0, 1.0, -1.0, 1.0, 0.0, -1.0, 0.0, 0.0, 3.0, 0.0, 0.0, 2.0, 0.0, -1.0, -1.0, -1.0, 1.0, 1.0, 0.0, 2.0, -1.0, 1.0, 2.0, 1.0, 2.0, 3.0, -1.0, -1.0, -1.0, 2.0, 1.0, 2.0, 2.0, 1.0, 0.0, -1.0, -1.0, 0.0, -1.0, 2.0, -1.0, 1.0, 2.0, 1.0, 3.0, 95248.0, 487.0, 99542.0
0.59600723682, -0.8796980341, -1.0, 3.0, 2.0, 2.0, 2.0, 0.0, -1.0, 0.0, -1.0, 1.0, 3.0, -0.963909387317, 1.0, 3.0, 0.0, 3.0, 2.0, -0.676018871027, -0.958628751233, 2.96013520652, 1.0, -0.771916801531, 2.80523079056, 1.0, -1.0, -1.0, 0.0, 0.0, -1.0, 3.0, 0.0307993670371, 3.0, 1.0, 1.0, -1.0, 2.0, -0.771231129488, 3.0, 1.0, 1.0, 0.0, -1.0, -1.0, 2.0, 0.0, 3.0, 1.74586721656, 1.0, 95708.0, 478.0, 99520.0
3.0, 0.0, 2.0, 0.0, 1.0, -1.0, 0.0, 2.0, 1.36718654655, 1.8638674001, 3.0, -1.0, 0.0, 1.0, 3.0, -1.0, 1.6290284726, 1.0, 0.0, 1.70507001887, 3.0, 3.0, 0.0, 0.0, -0.673271320369, 1.0, 0.0, 3.0, 3.0, 1.0, -0.958902289579, 1.0, -1.0, 2.0, 2.13491418076, 3.0, -0.722255544073, 0.0, -1.0, 2.0, 0.0, 1.0, 1.0, 3.0, 1.0, 2.0, -1.0, 1.94695280741, 1.15323063882, -1.0, 94764.0, 547.0, 99459.0
2.55910673122, 1.07912379091, 2.3844245811, -1.0, -0.208135082652, 0.0, 0.0, 0.0, 1.0, 2.0, -0.905899079927, -1.0, 0.0, 3.0, 2.0, 3.0, -1.0, 1.0, 3.0, 3.0, 2.0, 3.0, -1.0, 0.91290310376, -1.0, 2.0, -1.0, -1.0, -1.0, -1.0, -1.0, 3.0, 2.0, 0.0, 1.0, 1.0, 0.334641640888, 3.0, -1.0, 2.0, 1.11111206766, 1.26072113408, 2.0, -1.0, 2.0, 2.89110193541, 0.0, -1.0, 2.64376043274, -1.0, 95642.0, 481.0, 99530.0
