3.0, 2.0, 0.0, 1.0, 1.0, 3.0, 3.0, 2.0, -1.0, 0.0, -1.0, 2.0, 3.0, 0.0, 0.0, 0.0, 0.0, 1.0, 2.0, 2.0, 1.0, 1.0, -1.0, 2.0, -1.0, -1.0, -1.0, -1.0, -1.0, 1.0, 3.0, 2.0, -1.0, 0.0, 3.0, 1.0, 3.0, 1.0, 2.0, 0.0, -1.0, -1.0, 3.0, 0.0, 1.0, -1.0, 2.0, -1.0, -1.0, 2.0, 95234.0, 493.0, 99515.0
1.0, 2.30179208312, 0.0, -1.0, 1.0, 2.0, 1.9448276837, -1.0, 2.51229976162, 2.95354935988, -1.0, 0.0, -0.665246567908, -1.0, 2.0, -0.637760523102, -1.0, 0.0337876830837, 1.0, -1.0, 1.0, -1.0, -1.0, -1.0, 3.0, 0.0, 0.0, -1.0, 3.0, -0.13370659382, -0.996683477155, -0.443681801713, 0.0, 1.40785158051, 1.0, 2.0, 0.0971434198529, 2.36808990038, 3.0, -1.0, 1.0, 0.0, 3.0, 3.0, 3.0, 0.0, 1.0, -1.0, 3.0, -1.0, 95484.0, 458.0, 99539.0
3.0, 2.0, 0.0, 1.0, 1.0, 3.0, 3.0, 2.0, -1.0, 0.0, -1.0, 2.0, 3.0, 0.0, 0.0, 0.0, 0.0, 1.0, 2.0, 2.0, 1.0, -0.766827608185, -1.0, 2.0, -0.730689092662, -1.0, -1.0, -1.0, -1.0, 1.0, 3.0, 1.75179727419, -1.0, 0.0, 3.0, 1.0, 3.0, 1.0, 2.0, 0.0, -1.0, -1.0, 3.0, 0.0, 1.0, -1.0, 2.0, -1.0, -1.0, 2.0, 95340.0, 475.0, 99524.0
0.0, 2.0, 1.0, 1.9096850679, 1.25228573446, 1.59512067647, -1.0, 2.0, -1.0, -0.820438166397, -1.0, 2.49779184159, 0.0, -1.0, 2.0, 1.0, 2.0, 3.0, -0.325296484361, 0.0149620715235, 0.0, -1.0, 1.92350809198, 2.0, 1.0, -1.0, -0.716668603663, 0.500070709297, 2.0, 1.35000145631, 0.0, 1.0, 0.730559283984, 0.0, 1.47689885158, 0.208486699638, -1.0, 0.0, 3.0, -0.914149781744, 2.45532770206, 2.84025383686, 0.637749259975, 0.0, 0.667409185271, 0.0, -1.0, 3.0, 3.0, -1.0, 94601.0, 513.0, 99472.0
0.0, 2.0, 1.0, 1.9096850679, 0.926293768997, 1.59512067647, -1.0, 2.0, -1.0, -0.820438166397, -1.0, 2.0, 0.0, -1.0, 2.0, 1.0, 2.0, 3.0, -0.325296484361, 0.0149620715235, 0.0, -1.0, 2.0, 2.0, 1.0, -1.0, -0.716668603663, 0.500070709297, 2.0, 1.35000145631, 0.0, 1.0, -1.0, 0.0, 1.47689885158, 0.208486699638, -1.0, 0.0, 3.0, 0.0, 3.0, 2.84025383686, 1.0, 0.0, 3.0, 0.0, -1.0, 3.0, 3.0, -1.0, 94684.0, 509.0, 99471.0
2.0, 0.0, -1.0, 3.0, 1.61628068625, 2.0, 2.0, 0.0, -1.0, 0.0, -1.0, 1.0, 3.0, -1.0, 0.721622574242, 3.0, 0.0, 3.0, 2.0, -1.0, -0.737664208533, 2.0, 1.0, -1.0, 1.0, 1.0, -1.0, -1.0, 0.0, 0.0, -1.0, 3.0, -1.0, 3.0, 1.0, 1.23132964197, -1.0, 2.0, 1.0, 3.0, 1.0, 1.0, 0.0, -1.0, -1.0, 2.0, -0.29299398785, 3.0, 2.0, 2.49386929767, 95534.0, 486.0, 99511.0
2.0, 0.0, -1.0, 3.0, 0.285634646254, 2.0, 2.0, 2.0, -1.0, 0.0, -1.0, 1.0, -1.0, -1.0, 0.721622574242, 3.0, 0.0, 3.0, 2.0, -1.0, -0.737664208533, 2.0, 1.0, -1.0, 1.0, -0.785217319497, -1.0, -1.0, 0.0, 0.0, -1.0, 3.0, -1.0, 3.0, 1.0, 1.23132964197, -1.0, 2.0, 1.0, 3.0, 1.0, 1.0, 0.0, -1.0, -1.0, 2.0, -0.29299398785, 3.0, 1.75563048441, 2.49386929767, 95654.0, 457.0, 99539.0
0.0, 2.0, 1.0, 1.9096850679, 0.926293768997, 1.59512067647, -1.0, 2.0, -1.0, -0.820438166397, -1.0, 2.0, 0.0, -1.0, 2.0, 1.0, 2.0, 3.0, -0.325296484361, 0.0149620715235, 0.0, -1.0, 2.0, 2.0, 1.0, -1.0, -0.716668603663, 0.500070709297, 2.0, 1.35000145631, 0.0, 1.0, -1.0, 0.0, 1.47689885158, 0.208486699638, -1.0, 0.0, 3.0, -0.914149781744, 3.0, 2.84025383686, 1.0, 0.0, 0.667409185271, 0.0, -1.0, 3.0, 3.0, -1.0, 94777.0, 499.0, 99485.0
0.59600723682, 0.0, -1.0, 3.0, -0.0601198077774, 2.0, 2.0, 0.0, -1.0, 3.0, -1.0, 1.0, 3.0, -1.0, 1.0, 3.0, 0.0, 3.0, 2.0, -1.0, -0.146152239012, 2.0, 0.382404835346, -1.0, 1.0, 1.0, -1.0, -1.0, 0.0, 0.0, -1.0, 3.0, -1.0, 3.0, 1.0, 1.0, -1.0, 2.0, 1.0, 3.0, 1.0, 1.0, -0.46452707987, -1.0, -1.0, 2.0, -0.531547466717, 3.0, 2.0, 1.0, 95438.0, 480.0, 99513.0
0.59600723682, -0.8796980341, -1.0, 3.0, 2.0, 2.0, 0.337889802786, 0.0, -1.0, 0.0, -1.0, 1.0, 3.0, -0.963909387317, 1.0, 3.0, 0.0, 3.0, 2.0, -1.0, -0.958628751233, 2.0, 1.0, -0.771916801531, 1.0, 1.0, -1.0, -1.0, 0.0615250168925, 0.0, -1.0, 3.0, 0.0307993670371, 3.0, 1.0, 1.0, -1.0, 2.0, -0.590199930971, 3.0, 1.0, 1.0, 0.0, -1.0, -1.0, 2.0, 0.409181537713, 3.0, 2.0, -0.294884466866, 95522.0, 478.0, 99520.0
0.59600723682, 0.962422774701, -1.0, 3.0, 2.0, 2.0, 2.0, 0.0, -1.0, 0.0, -1.0, 1.0, 3.0, -0.963909387317, 1.0, 3.0, 0.0, 3.0, 2.0, -0.676018871027, -0.958628751233, -1.0, 1.26560981415, -0.771916801531, 2.80523079056, 1.0, -1.0, -1.0, 0.0, 0.0, -1.0, 3.0, 0.0307993670371, 3.0, 1.0, 1.0, -1.0, 2.0, -0.771231129488, 3.0, 1.0, 1.0, 0.0, -1.0, -1.0, 2.0, 0.0, 3.0, 1.74586721656, 1.0, 95640.0, 471.0, 99519.0
0.0, 0.0, 1.0, 0.0461058849303, -0.155667642441, 0.973123395056, -1.0, 1.30300621519, -1.0, 0.0, -1.0, 0.619541102266, 0.0, -1.0, 2.0, -0.917469427569, 2.0, 3.0, -0.366176539726, 1.38770769873, 1.8992839829, -1.0, 2.0, 2.17948878051, 1.0, -1.0, 1.0, -0.142154777887, 2.0, 2.39357623024, 1.79130481191, 1.0, -1.0, 0.0, 2.80217420437, -0.92724821263, -1.0, -0.784171491063, 3.0, 0.0, 3.0, 1.0, 3.0, 0.0, 3.0, 0.0, -1.0, 3.0, 3.0, -0.634139858315, 94989.0, 495.0, 99498.0
-1.0, 2.0, -1.0, 3.0, -1.0, -1.0, -0.981307246432, 2.0, 2.0, 0.0, 1.0, 1.0, -1.0, -1.0, -1.0, -0.670392229284, 3.0, -1.0, 1.0, -1.0, -0.804758702816, 3.0, 1.0, 2.0, -1.0, 1.0, 3.0, 1.0, 0.0, 2.01891792108, 0.0, -1.0, -1.0, 0.0, 0.0, -1.0, 3.0, 0.0, 1.0, 1.0, 3.0, 2.0, 2.0, 3.0, 2.0, 1.0, -1.0, -1.0, 0.0, -0.120644070774, 96045.0, 441.0, 99603.0
1.83310661939, 0.147724582914, 2.0, -1.0, -1.0, -0.0836939842063, 0.0, 0.0, 2.96556353148, 2.0, 0.0, -1.0, 0.0, 3.0, 2.0, 3.0, -1.0, 1.0, 3.0, 3.0, 2.0, 3.0, -1.0, -0.68700275429, -1.0, 0.565158660726, -1.0, -1.0, -1.0, -1.0, -1.0, 3.0, 2.0, 0.0, 1.0, 0.176864943397, 1.0, 3.0, -1.0, 2.0, 1.11111206766, 3.0, 2.0, -1.0, 2.0, 2.89110193541, -0.86244724071, -1.0, 2.0, -1.0, 96216.0, 453.0, 99573.0
-1.0, 2.0, -1.0, 3.0, -1.0, -1.0, -0.981307246432, 2.0, 2.29967601796, 0.0, 1.0, 1.0, -1.0, 1.54254001206, -1.0, -0.670392229284, 3.0, -1.0, 1.0, -1.0, -0.804758702816, 3.0, 1.0, 2.0, -1.0, 1.0, 3.0, 1.0, 0.0, 2.01891792108, 0.0, -1.0, -1.0, 0.0, 0.0, -1.0, 3.0, 0.0, 1.0, 1.0, 3.0, 2.0, 2.0, 3.0, 2.0, 1.0, -1.0, -1.0, 0.0, -1.0, 96082.0, 441.0, 99601.0
2.83703062398, 2.0, 2.3844245811, -1.0, -0.208135082652, 0.0, 0.0, 0.0, 1.0, 2.0, -0.905899079927, -1.0, 0.0, 3.0, 2.0, 3.0, -1.0, 1.0, 3.0, 3.0, 2.0, 3.0, -1.0, -1.0, -1.0, 2.0, -1.0, -1.0, -1.0, -1.0, -1.0, 3.0, 2.0, 0.0, 1.0, 1.0, 0.686558757602, 3.0, -1.0, 2.0, 1.11111206766, 3.0, 2.0, -1.0, 2.0, 2.89110193541, 0.0, -1.0, 2.0, -1.0, 95920.0, 466.0, 99546.0
0.0, 2.0, 1.0, 0.0461058849303, -0.155667642441, 1.0, -1.0, 1.30300621519, -1.0, 0.0, -1.0, 0.619541102266, 0.0, -1.0, 2.0, -0.917469427569, 2.0, 3.0, -0.366176539726, 1.38770769873, 1.8992839829, -1.0, 2.0, 2.17948878051, 1.0, -1.0, 1.0, 1.0, 2.0, 2.39357623024, 0.0, 1.0, -1.0, 0.0, 2.80217420437, -0.531100131317, -1.0, -0.784171491063, 3.0, 0.0, 3.0, 1.0, 3.0, 0.0, 3.0, 0.0, -1.0, 3.0, 3.0, -0.634139858315, 95077.0, 495.0, 99498.0
0.59600723682, -0.8796980341, -1.0, 3.0, 2.0, 2.0, 2.0, -0.329216415531, -1.0, 0.0, -1.0, 1.0, 2.0, -0.963909387317, 1.0, 3.0, 0.0, 2.197552056, 2.0, -1.0, -0.958628751233, 2.47386669857, 1.0, -0.771916801531, 2.34440678759, 1.0, -1.0, -1.0, 0.0, 0.0, -1.0, 3.0, 0.0307993670371, 3.0, 1.0, 1.0, -1.0, 2.0, -0.590199930971, 3.0, 1.0, 1.0, -0.989787368818, -1.0, -1.0, -0.338898975566, 0.0, 3.0, 2.0, 1.0, 95697.0, 467.0, 99534.0
0.0, 2.0, 1.0, 1.0, 2.0, 1.0, -1.0, 2.0, -1.0, 0.0, -1.0, 2.0, 0.0, -1.0, 2.0, 1.0, 2.0, 3.0, 2.04449802259, 1.0, 0.0, -1.0, 2.0, 2.0, 1.0, -1.0, 1.0, 1.0, 2.0, 2.0, 0.0, 1.0, -1.0, 0.0, -0.574094738146, -1.0, -1.0, 0.0, 2.06871485196, 0.0, 3.0, 1.0, 1.0, 0.0, 3.0, 0.0, -1.0, 3.0, 3.0, -1.0, 94913.0, 511.0, 99486.0
2.0, 2.0, 3.0, 0.0, 1.0, -1.0, 2.0, -1.0, 3.0, 3.0, -1.0, 3.0, -0.362485137967, 2.0, 1.13684782007, 0.95579181094, 3.0, 1.0, 2.52423244824, 2.0, 1.0, 2.0, 0.0, -1.0, 0.0, -1.0, 1.0, -1.0, 3.0, 2.0, -1.0, 3.0, 1.0, 0.0, 0.697108671813, 0.0, -0.972935632279, 0.0, -1.0, 0.0, 2.0, 2.0, 0.0, 0.0, -1.0, -1.0, -1.0, 1.19474014803, 3.0, 0.0, 94977.0, 518.0, 99480.0
3.0, 2.0, 1.0, 1.0, 2.39370985256, 3.0, 3.0, 2.0, -1.0, 0.0, -1.0, 2.0, 3.0, 0.0, 0.0, 0.0, 0.0, 1.0, 2.0, 2.0, 1.0, 1.0, -1.0, 2.59982899755, -1.0, -1.0, -1.0, -1.0, -1.0, 1.0, 3.0, 2.0, -1.0, 0.0, 3.0, 1.0, 3.0, 1.0, 2.0, 0.0, -1.0, -1.0, 3.0, 0.0, 1.0, -1.0, 2.0, -1.0, -1.0, 1.00125827599, 95355.0, 493.0, 99515.0
0.0, 1.0, -1.0, -0.707705197264, 3.0, 3.0, 1.0, -1.0, 1.0, 0.0, -1.0, 0.0, 0.0, 3.0, 0.0, 0.0, 2.0, 0.0, -1.0, -1.0, -1.0, 1.0, 1.0, 0.0, -0.385016232496, -1.0, 1.0, 2.0, 1.0, 2.0, 3.0, -1.0, -1.0, -1.0, 2.3355669119, 1.0, 2.0, 2.0, 1.0, 0.0, -1.0, -1.0, -0.82711539247, -1.0, 2.0, -1.0, 1.0, 2.0, 1.0, 3.0, 95389.0, 476.0, 99556.0
0.0, 1.0, -1.0, -1.0, 3.0, 2.52294427336, 0.259371978054, -1.0, 1.0, 0.0, -1.0, 0.0, 0.0, 3.0, 0.0, 0.0, 2.0, 0.0, -1.0, -1.0, -0.957493299048, 3.0, 1.0, 0.0, 0.850767274279, -1.0, -0.788075492512, 2.0, 1.0, 2.0, 3.0, -1.0, -1.0, -1.0, 2.0, -0.415963075656, 2.0, 2.0, 1.0, 0.0, -1.0, 1.94616950124, 0.0, -1.0, 2.0, -1.0, 1.0, 2.0, 1.0, 3.0, 95210.0, 484.0, 99537.0
1.0, 2.0, 0.0, -1.0, 1.0, 2.0, 0.122642247899, -1.0, 2.51229976162, 2.95354935988, -1.0, 0.0, -0.665246567908, -1.0, 2.0, 3.0, -1.0, 1.0, 1.0, -1.0, 1.0, -1.0, -1.0, -1.0, 3.0, 0.0, 0.0, -1.0, 3.0, 1.0, -0.996683477155, -0.443681801713, 0.0, 1.0, 1.0, 2.0, -0.0183126041397, 2.36808990038, 3.0, -1.0, 1.0, 0.0, 3.0, 3.0, 3.0, 0.0, 1.0, -1.0, 3.0, -1.0, 95440.0, 475.0, 99529.0
0.59600723682, -0.8796980341, -1.0, 3.0, 2.0, 2.0, 2.0, 0.0, -1.0, 0.0, -1.0, 1.0, 3.0, -0.963909387317, 1.0, 3.0, 0.0, 2.11442379046, 2.0, -0.676018871027, -0.958628751233, 2.0, 1.0, -0.771916801531, 1.25059246726, 1.0, -1.0, -1.0, 0.0, 0.0, -1.0, 3.0, 0.0307993670371, 3.0, 1.0, 1.0, -1.0, 2.0, -0.771231129488, 3.0, 1.0, 1.0, 0.0, -1.0, -1.0, 2.0, 0.0, 3.0, 2.0, 1.0, 95582.0, 478.0, 99520.0
1.0, -1.0, 0.955023303384, 0.970417611528, 1.0, -1.0, -1.0, 0.33895787996, 0.0, -0.341853912757, 0.0, 0.0, 1.0, 1.0, -0.610852740709, 1.10785366341, 0.0, 1.35457493643, 0.0, -1.0, 0.0, 2.0, -0.750115190257, 2.0, 1.55998241025, -1.0, -0.598597758066, -1.0, 1.0, 3.0, 3.0, -1.0, 1.0, 3.0, -0.465173839054, 2.0, 3.0, 2.06098567637, -1.0, -0.845899103346, -1.0, 2.74817062159, 1.0, -1.0, 0.0, 2.83728088332, -1.0, 0.0, 2.86229944155, 3.0, 95414.0, 482.0, 99545.0
0.59600723682, 0.0, -1.0, 3.0, 2.0, 2.0, -0.620321617548, 0.0, -1.0, 2.46622387346, -1.0, 1.55097437203, 3.0, -1.0, 1.0, 3.0, 2.18878817274, 3.0, 2.0, -1.0, 0.0, 2.0, 1.0, -1.0, 1.0, 1.0, -1.0, -1.0, 0.476566571841, 0.0, -1.0, 1.70360781503, -1.0, 3.0, 1.0, 1.0, -1.0, 2.0, 1.0, 3.0, 1.0, 1.0, 0.0, -1.0, -1.0, 2.0, 0.0, 3.0, 2.17697291061, 1.22154309369, 95574.0, 484.0, 99515.0
0.0, 2.0, 1.0, 1.0, 2.0, 1.0, -1.0, 2.0, -1.0, 0.0, -1.0, 2.0, 0.0, -1.0, 2.0, 1.0, 2.0, 3.0, 2.0, 1.0, 0.0, -1.0, 2.0, 2.0, 1.0, -1.0, 1.0, 1.0, 2.0, 2.0, 0.0, 1.0, -1.0, 0.0, 0.0, -1.0, -1.0, 0.0, 3.0, 0.0, 3.0, 1.0, 1.0, 0.0, 3.0, 0.0, -1.0, 3.0, 3.0, -1.0, 94709.0, 526.0, 99469.0
1.0, 3.0, -1.0, 0.0, 1.0, -1.0, 3.0, 2.0, -1.0, 2.0, -1.0, -1.0, 2.0, 2.0, -1.0, 1.0, 0.0, 2.37853577868, 3.0, 1.0, 0.0, -1.0, -1.0, 2.43338173601, 0.0, 1.72240122929, -1.0, 2.0, 3.0, -1.0, 0.0, 1.0, -1.0, 0.0, 0.0, 2.0, 3.0, -1.0, -0.643818694013, 1.0, 3.0, -0.0957755161763, 3.0, -1.0, 0.0, 1.0, 1.34922419663, 3.0, 0.0, 2.0, 95460.0, 491.0, 99518.0
