0.59600723682, 0.962422774701, -1.0, 3.0, 2.0, 2.0, 2.0, 0.0, -1.0, 0.0, -1.0, 1.0, 3.0, -0.963909387317, 1.0, 3.0, 0.0, 3.0, 2.0, -0.676018871027, -0.958628751233, -1.0, 1.26560981415, 0.0907119164437, 2.80523079056, 1.0, -1.0, -1.0, 0.0, 0.0, -1.0, 3.0, 0.0307993670371, 3.0, 1.0, 1.0, -1.0, 2.0, -0.556326584477, 3.0, 1.0, -0.57635097899, 0.0, -1.0, -1.0, 2.34258122153, 2.57312232737, 3.0, 1.74586721656, 1.0, 95572.0, 471.0, 99516.0
-1.0, 2.0, -0.017719226648, 1.78333323467, -1.0, -1.0, -0.981307246432, 2.0, -1.0, 0.0, 0.172364775153, 1.0, -1.0, -1.0, -1.0, -0.945193978996, 3.0, -1.0, 1.0, -1.0, -0.804758702816, 3.0, -0.83340597759, 2.0, -1.0, 1.0, 3.0, 1.0, 0.0, 2.01891792108, 0.0, -1.0, -1.0, 0.0, 0.0, -1.0, 3.0, 0.0, 2.83085122369, 1.0, 3.0, 2.45148754544, 2.0, -0.030053395201, 2.0, 1.0, -1.0, -1.0, 0.0, -0.566510804144, 96027.0, 408.0, 99617.0
0.59600723682, 0.962422774701, -1.0, 3.0, 2.0, 2.0, 2.0, 0.0, -1.0, 0.0, -1.0, 1.0, 3.0, -0.963909387317, 1.0, 3.0, 0.0, 3.0, 2.0, -0.676018871027, -0.958628751233, -1.0, 1.26560981415, 0.0907119164437, 2.80523079056, 1.0, -1.0, -1.0, 0.0, 0.0, -1.0, 3.0, 0.0307993670371, 3.0, 1.0, 1.0, -1.0, 2.0, -0.771231129488, 3.0, 1.0, 1.0, 0.0, -1.0, -1.0, 2.0, 0.0, 3.0, 1.74586721656, 1.0, 95382.0, 486.0, 99503.0
0.59600723682, -0.8796980341, -1.0, 3.0, 2.0, 2.0, 2.0, 0.0, -1.0, 0.0, -1.0, 1.53088992021, 2.05921133109, -0.980473719067, 1.0, 3.0, 0.0, 2.197552056, 2.0, -1.0, -0.958628751233, 0.946304506699, 1.0, -0.771916801531, 2.34440678759, 1.0, -1.0, -1.0, 0.0, 0.0, -0.600758610558, 3.0, 0.0307993670371, 3.0, 1.0, 1.0, -0.78187282058, 2.0, -0.590199930971, 3.0, 1.0, -0.57635097899, -0.989787368818, -1.0, -1.0, -0.338898975566, 0.0, 3.0, 2.0, 1.0, 95813.0, 452.0, 99547.0
0.0, 2.0, 1.0, 1.9096850679, 1.25228573446, 1.59512067647, -1.0, 2.0, -1.0, -0.820438166397, -1.0, 2.49779184159, 0.0, -1.0, 2.0, 1.0, 2.0, 3.0, -0.325296484361, 0.0149620715235, 0.0, -1.0, 1.92350809198, 2.0, 1.0, -1.0, -0.716668603663, 0.500070709297, 2.0, 1.35000145631, 0.0, 1.0, 0.730559283984, 0.0, 1.47689885158, 0.208486699638, -1.0, 0.0, 3.0, -0.914149781744, 2.45532770206, 2.84025383686, 0.637749259975, 0.0, 0.667409185271, 0.0, -1.0, 3.0, 3.0, -1.0, 94601.0, 513.0, 99472.0
0.0, 2.74492734899, -1.0, -1.0, 2.27399013861, 3.0, 2.74200963048, -1.0, -1.0, 0.444177273737, -1.0, 0.0, 0.781164984666, 3.0, 0.0, 2.29120992098, 2.0, -0.561582359685, -1.0, 1.11618192495, -1.0, 2.21182404657, -1.0, 0.0, 0.0, -1.0, 1.0, 0.645023930701, 1.0, 2.0, 3.0, -1.0, -0.0322885751816, 0.573588361762, 2.0, 2.0, 2.99590443198, -0.758272726317, 1.0, 0.0, -1.0, -1.0, 0.0, -0.29105161466, -0.52335852513, -1.0, 2.4000213294, 0.326454282961, 2.64376043274, 1.0, 95230.0, 475.0, 99540.0
0.0, 2.0, 1.0, 1.9096850679, 0.926293768997, 1.59512067647, -1.0, 2.0, -1.0, -0.820438166397, -1.0, 2.0, 0.0, -1.0, 2.0, 1.0, 2.0, 3.0, -0.325296484361, 0.0149620715235, 0.0, -1.0, 2.0, 2.0, 1.0, -1.0, -0.716668603663, 0.500070709297, 2.0, 1.35000145631, 0.0, 1.0, -1.0, 0.0, 1.47689885158, 0.208486699638, -1.0, 0.0, 3.0, 0.0, 3.0, 2.84025383686, 1.0, 0.0, 3.0, 0.0, -1.0, 3.0, 3.0, -1.0, 94684.0, 509.0, 99471.0
0.0, 2.0, 1.0, 1.9096850679, 0.926293768997, 1.59512067647, -1.0, 2.0, -1.0, -0.820438166397, -1.0, 2.0, 0.0, -1.0, 2.0, 1.0, 2.0, 3.0, -0.325296484361, 0.0149620715235, 0.0, -1.0, 2.0, 2.0, 1.0, -1.0, -0.716668603663, 0.500070709297, 2.0, 1.35000145631, 0.0, 1.0, -1.0, 0.0, 1.47689885158, 0.208486699638, -1.0, -0.476338841007, 3.0, 0.0, 3.0, 2.84025383686, 1.0, 0.0, 3.0, 0.0, -1.0, 3.0, 3.0, -1.0, 94684.0, 509.0, 99471.0
0.59600723682, -0.8796980341, -0.780090615895, 2.46859998126, -0.0594904528644, 2.0, 2.0, -0.329216415531, -1.0, 0.0, -1.0, 1.0, 2.0, -0.963909387317, 0.91358737822, 3.0, 1.25771941174, 2.197552056, 0.162887937324, -1.0, -0.958628751233, 2.47386669857, 1.0, -0.771916801531, 2.34440678759, 1.0, -1.0, -1.0, 0.0, -0.610467551634, -1.0, 3.0, 0.0307993670371, 3.0, 1.0, -0.742231363646, -1.0, 2.0, 2.08261192565, 3.0, 1.0, 1.0, -0.989787368818, -1.0, -1.0, -0.338898975566, 0.0, 3.0, 2.0, -0.627285213029, 95823.0, 439.0, 99563.0
0.0, 2.0, 1.0, 1.0, 2.89520180475, 1.0, -1.0, 2.0, -1.0, 0.0, -1.0, 2.0, 0.0, -1.0, 2.0, 1.0, 2.0, 3.0, 2.04449802259, 1.0, 0.0, -1.0, -0.750115190257, 2.0, 1.0, -1.0, 1.0, -1.0, 1.72093525735, 2.0, 0.0, 1.0, -1.0, 0.0, -0.574094738146, -1.0, -1.0, 0.0, 2.06871485196, 0.0, 3.0, 1.0, 1.0, 0.0, 3.0, 0.0, -1.0, 3.0, 3.0, -1.0, 95200.0, 482.0, 99505.0
0.0, 2.0, 1.0, 1.9096850679, 0.926293768997, 1.59512067647, -1.0, 2.0, -1.0, -0.820438166397, -1.0, 2.0, 0.0, -1.0, 2.0, 1.0, 2.0, 3.0, -0.325296484361, 0.0149620715235, 0.0, -1.0, 2.0, 2.0, 1.0, -1.0, -0.716668603663, 0.500070709297, 2.0, 1.35000145631, 0.0, 1.0, -1.0, 0.0, 1.47689885158, 0.208486699638, -1.0, 0.0, 3.0, -0.914149781744, 3.0, 2.84025383686, 1.0, 0.0, 0.667409185271, 0.0, -1.0, 3.0, 3.0, -1.0, 94777.0, 499.0, 99485.0
3.0, 2.0, 0.0, 1.0, 1.0, 3.0, 3.0, 2.0, -1.0, 0.0, -1.0, 2.0, 3.0, 0.0, 0.0, 0.0, 0.0, 1.0, 2.0, 2.0, 1.0, -0.897285328112, -1.0, 2.0, -0.730689092662, -1.0, -1.0, -1.0, -1.0, 1.0, 3.0, 1.75179727419, -1.0, 0.0, 3.0, 1.81673718748, 3.0, 1.0, 2.0, 0.0, -1.0, -1.0, 3.0, 0.0, 1.0, -1.0, 2.0, 0.343759567107, -1.0, 2.0, 95077.0, 493.0, 99503.0
0.0, -0.76966734712, 1.0, 0.0461058849303, -0.155667642441, 0.973123395056, -1.0, 0.866757163622, -1.0, 0.0, -1.0, 0.619541102266, 0.0, -1.0, 2.0, -0.917469427569, 2.0, 3.0, 2.0, 1.38770769873, 0.0, -1.0, 2.0, 2.17948878051, 1.0, -1.0, 1.0, -0.654810541884, -0.0586109668582, 2.39357623024, 1.79130481191, 1.0, -1.0, 0.0, 2.80217420437, -0.92724821263, -1.0, -0.894166033534, 3.0, 0.0, 3.0, 1.0, 3.0, 0.0, 3.0, -0.235023073449, -1.0, 3.0, 3.0, -0.634139858315, 95296.0, 470.0, 99521.0
0.59600723682, -0.8796980341, -0.780090615895, 2.46859998126, -0.0594904528644, 2.0, 2.42030487929, -0.329216415531, -1.0, 0.0, -1.0, 1.0, 2.0, -0.963909387317, 0.91358737822, 3.0, 1.25771941174, 2.197552056, 0.162887937324, -1.0, -0.958628751233, 2.47386669857, 2.38879156151, -0.771916801531, 2.34440678759, -0.281286954326, -1.0, -1.0, 0.0, -0.351069446527, -1.0, 3.0, 0.0307993670371, 3.0, 1.0, -0.742231363646, 1.00612297587, 2.0, 2.08261192565, 3.0, 1.0, 1.0, -0.989787368818, -1.0, -1.0, -0.338898975566, 0.0, 3.0, 2.0, -0.627285213029, 95461.0, 464.0, 99535.0
0.0, -0.512697145787, 1.0, 1.9096850679, 0.926293768997, 1.59512067647, -1.0, 2.0, -1.0, -0.820438166397, -1.0, 1.76253217678, 0.0, -1.0, 2.0, 1.0, 2.0, 3.0, 2.71718764468, 0.0149620715235, 0.0, -1.0, 2.05196921188, 2.0, 1.0, -1.0, -0.716668603663, 0.500070709297, 2.0, 1.35000145631, 0.0, 1.0, -1.0, 0.0, 1.47689885158, 0.208486699638, -1.0, 0.0, 3.0, 0.0, 3.0, 2.84025383686, 1.0, 0.0, 3.0, 0.0, -1.0, 3.0, 3.0, -1.0, 94887.0, 498.0, 99481.0
2.9882277553, 2.30179208312, 0.0, -1.0, 1.0, 2.0, -1.0, -1.0, 2.51229976162, 2.95354935988, -1.0, 0.0, -0.665246567908, -1.0, 2.0, -0.637760523102, -1.0, 0.0337876830837, 1.0, -1.0, 1.0, -1.0, -1.0, -1.0, 3.0, 0.0, 0.0, -1.0, 3.0, -0.13370659382, -0.999130335447, -0.443681801713, 0.0, 1.40785158051, 1.0, 2.0, 0.0971434198529, 2.5861363047, 3.0, -1.0, -0.0359385954317, -0.750953191494, 3.0, 1.74926022085, 3.0, 0.0, 1.0, -1.0, 3.0, -1.0, 95744.0, 428.0, 99566.0
3.0, -0.8796980341, 1.88596553263, 3.0, 2.0, 1.40662988371, 2.0, -0.73660590288, -1.0, 0.0, -1.0, 0.634003404471, 3.0, -0.963909387317, -0.621117177116, 3.0, 0.0, 1.16052340583, 0.437774837236, -0.676018871027, -0.958628751233, 2.0, 2.80325309206, -0.788478197212, 1.79958493582, 1.0, -1.0, -1.0, 0.0, -0.547300731064, -1.0, 3.0, 1.88287825413, 1.09013866828, 1.61429350913, 1.0, -1.0, 2.0, -0.771231129488, 3.0, 1.0, -0.572451245383, -0.763147441547, -1.0, -1.0, 2.0, 0.0, 3.0, 2.49335764143, 0.349281220162, 96305.0, 422.0, 99583.0
0.59600723682, 0.962422774701, -1.0, 3.0, 2.0, 2.0, 2.0, 0.0, -1.0, 0.0, -1.0, 1.0, 1.14611698502, -0.963909387317, 1.0, 3.0, 0.0, 3.0, 2.9288158352, -0.958686539973, -0.958628751233, -1.0, 1.26560981415, -0.771916801531, 2.80523079056, 1.0, -1.0, -1.0, 0.0, 0.0, -1.0, 3.0, 0.0307993670371, 3.0, 1.0, 1.0, -1.0, 2.0, -0.771231129488, 3.0, 0.428475024563, -0.35513535611, 0.0, -1.0, -1.0, 2.0, 0.0, 3.0, 1.74586721656, 1.0, 95535.0, 471.0, 99519.0
0.59600723682, -0.8796980341, -1.0, 0.0, 2.0, 2.0, 2.0, -0.5035437553, -1.0, 0.0, -1.0, 1.0, 2.0, -0.963909387317, 1.0, 3.0, 1.93851116633, 2.197552056, 2.0, -1.0, -0.958628751233, 0.946304506699, 1.0, -0.771916801531, 2.34440678759, 2.60582268692, -1.0, -1.0, 0.0, 0.308907832216, -1.0, 3.0, 0.0307993670371, 3.0, 2.58551361908, 1.0, -1.0, 2.0, -0.18028982464, 3.0, 1.0, -0.332303196849, -0.99476892932, -1.0, 0.622410848917, -0.338898975566, 0.0, 3.0, 2.0, 1.0, 95497.0, 478.0, 99515.0
1.0, 2.30179208312, 0.0, -1.0, 0.654064693098, 2.0, 1.9448276837, -1.0, 2.51229976162, 2.95354935988, -1.0, 0.0, -0.830734679275, -1.0, 2.0, -0.637760523102, -1.0, 0.0337876830837, 1.0, -1.0, 1.0, -1.0, -1.0, -1.0, 3.0, -1.0, 0.0, -1.0, 3.0, -0.13370659382, -0.996683477155, -0.443681801713, -0.160809437186, 1.40785158051, 1.0, -0.0850947537303, 0.0971434198529, 2.36808990038, 3.0, -1.0, 1.0, 0.0, 3.0, 3.0, 3.0, 0.0, 1.0, -1.0, 3.0, -1.0, 95547.0, 442.0, 99550.0
3.0, 2.0, 2.44207827434, 1.0, 2.0, 1.0, 0.0, 2.0, -1.0, 0.0, -1.0, 2.0, 0.0, -1.0, 2.0, 0.973678328326, 2.0, 3.0, -0.325296484361, 0.0149620715235, 0.0, -1.0, 2.0, 2.0, 1.0, -1.0, -1.0, 0.500070709297, -1.0, 1.35000145631, 0.0, 1.0, -1.0, 0.0, 1.47689885158, -1.0, -1.0, 0.0, 3.0, 0.0, 3.0, 1.0, -0.786081190686, -0.919267275766, 3.0, 0.0, -1.0, 0.534283024302, 3.0, -1.0, 94995.0, 486.0, 99510.0
-1.0, 2.0, -0.017719226648, 1.78333323467, -1.0, -1.0, -0.981307246432, 2.0, -1.0, 0.0, 0.172364775153, 1.0, -1.0, -1.0, -1.0, -0.945193978996, 3.0, -1.0, 1.0, -1.0, -0.804758702816, 3.0, -0.83340597759, 2.0, -1.0, 1.0, 3.0, 1.0, 0.0, 2.01891792108, 0.0, -1.0, -1.0, 0.0, 0.0, -1.0, 3.0, 1.01130923041, 2.83085122369, 1.0, 3.0, 2.45148754544, 2.0, -0.030053395201, 2.0, 1.0, -1.0, -1.0, 0.0, -0.566510804144, 96080.0, 408.0, 99617.0
0.59600723682, -0.8796980341, -1.0, 3.0, 2.0, 1.40662988371, 2.0, -0.73660590288, -1.0, 0.0, -1.0, 1.0, 3.0, -0.963909387317, -0.621117177116, 3.0, 0.0, 1.16052340583, 0.437774837236, -0.676018871027, -0.958628751233, 2.0, 1.0, -0.788478197212, 1.79958493582, 1.0, -1.0, -1.0, 0.0, -0.547300731064, -1.0, 3.0, 1.88287825413, 3.0, 1.61429350913, 1.0, -1.0, 2.0, -0.771231129488, 3.0, 1.0, -0.137337574998, 0.0, -1.0, -1.0, 2.0, 0.0, 3.0, 2.49335764143, 1.0, 96145.0, 435.0, 99567.0
0.59600723682, 2.0, -1.0, 0.0, 2.0, 2.0, 2.0, -0.5035437553, -1.0, 0.0, -1.0, 1.0, 2.0, -0.963909387317, 1.0, 3.0, 1.93851116633, 2.197552056, 2.0, -1.0, -0.958628751233, 0.946304506699, 1.0, -0.771916801531, 2.34440678759, 2.60582268692, -1.0, -1.0, 0.0, 0.308907832216, -1.0, 3.0, 0.0307993670371, 3.0, 2.58551361908, 1.0, -1.0, 2.0, -0.18028982464, 3.0, 1.0, -0.332303196849, -0.99476892932, -1.0, 0.622410848917, -0.338898975566, 0.0, 3.0, 2.0, 1.0, 95408.0, 489.0, 99505.0
