0.616282869823, 0.873710037654, 2.00351919749, 0.253527269628, 21.0737231186, 45.0928963364, 3.43561161306, 1.21597404514, 31.1449098353, 0.449160501908, 0.359570661896
0.566352894405, 0.950920634753, 3.50787876212, 0.419088837445, 33.0383185843, 42.4906021412, 3.78600839609, 1.58969124376, 42.022768279, 0.424303155689, 0.359832635983
0.58658039006, 0.948112144641, 2.76889315047, 0.422656790573, 44.1490164727, 43.6622261794, 3.91094970478, 4.95066272476, 28.4351929017, 0.539581439787, 0.0
0.597547556096, 1.24880432656, 5.66716102287, 0.213752854236, 39.2222504863, 46.3017085385, 2.19005735199, 1.48150569277, 41.1124374341, 0.41239538432, 0.561452513966
0.500571030727, 1.06552247331, 2.34996063453, 0.334244905016, 10.8686701837, 42.3464490336, 3.70939340424, 0.0585139370124, 26.943068958, 0.504376483559, 0.008
0.560414736342, 0.903261057522, 6.77945850645, 0.492717562817, 42.7204720099, 40.4049841194, 3.92253512381, 1.80088345648, 23.0679427242, 0.44981269369, 0.0194174757282
0.567211317178, 0.954779394371, 4.83312310793, 0.2967274313, 8.9391729645, 45.6571160663, 2.38924104915, 1.68576998429, 28.4633734217, 0.387305614828, 0.598326359833
0.512947236713, 0.820890546144, 5.70278331132, 0.364298053263, 8.03556234094, 46.1644558339, 2.13953363816, 1.73050332261, 20.2864222124, 0.429500919807, 0.511848341232
0.878555746771, 0.820890546144, 5.70278331132, 0.364298053263, 8.03556234094, 46.1644558339, 2.13953363816, 1.73050332261, 20.2864222124, 0.437416177232, 0.460732984293
0.567211317178, 0.954779394371, 4.83312310793, 0.2967274313, 13.8815238013, 45.6571160663, 2.38924104915, 1.68576998429, 28.4633734217, 0.449068105968, 0.411764705882
0.531851959226, 1.14045623761, 7.64035848978, 0.42897199696, 17.0729964773, 43.9936511245, 3.24145408561, 4.7304754784, 34.7450695317, 0.557417560274, 0.0
0.566352894405, 0.950920634753, 2.34996063453, 0.419088837445, 10.8686701837, 42.4906021412, 3.78600839609, 1.58969124376, 36.4405587305, 0.42214082632, 0.589225589226
0.636229842993, 1.14901142588, 2.88283619441, 0.333614186951, 24.5986439976, 42.2640093364, 2.26182747144, 1.207146044, 41.6781294302, 0.539700595962, 0.00826446280992
0.507293145849, 1.07978967176, 3.33462746079, 0.373935234844, 9.5132313145, 47.5809963739, 3.07516774567, 3.25555897591, 27.4556650428, 0.519976601109, 0.0233918128655
0.542522577251, 0.873705972132, 6.78739662423, 0.435557733913, 11.0458308913, 49.3131853377, 2.88161981294, 2.93136213635, 29.3556575534, 0.484304173588, 0.0272727272727
0.566352894405, 0.950920634753, 3.50787876212, 0.419088837445, 33.0383185843, 42.4906021412, 3.78600839609, 1.58969124376, 36.4405587305, 0.472091850559, 0.263366336634
0.597547556096, 0.950536099756, 5.66716102287, 0.213752854236, 39.2222504863, 46.3017085385, 2.19005735199, 1.48150569277, 41.1124374341, 0.418932924356, 0.654462242563
0.664671750152, 1.02382028729, 6.9242487059, 0.256149425039, 39.8640812453, 46.9092886127, 2.82226728826, 1.86709373109, 23.6000248388, 0.43098888477, 0.571984435798
0.5580657082, 1.00063125627, 5.82236102262, 0.204119383512, 29.75507306, 48.692168607, 3.09032953731, 1.69818667715, 30.8319734926, 0.435352038922, 0.564516129032
0.566352894405, 0.873377625451, 2.74107862232, 0.419088837445, 33.0383185843, 42.4906021412, 3.78600839609, 1.58969124376, 42.022768279, 0.437618662344, 0.552808988764
0.5580657082, 0.963235501239, 4.11186503734, 0.460446819653, 47.8081838563, 48.692168607, 3.09032953731, 1.71132839371, 38.4169471857, 0.454762282498, 0.42090784044
0.672338091615, 0.977079603198, 5.04856113389, 0.232357296679, 4.44819762603, 46.2311666034, 3.08314890965, 1.43916122616, 43.8717759877, 0.451136142114, 0.533073929961
0.637660837678, 1.01316678642, 7.80520170019, 0.478309845864, 28.3906230808, 40.7052074802, 2.52759029531, 1.00582904478, 43.1824711879, 0.563246122893, 0.0
0.506695606191, 0.943688742116, 7.80520170019, 0.241951745094, 5.2146343461, 49.6497166816, 3.56840239392, 1.5869959166, 30.8542641216, 0.425763308473, 0.63456577816
0.600943390188, 1.04342676551, 7.97616530368, 0.384053457671, 5.7288051138, 40.377278569, 2.03313824901, 2.67492258803, 26.9681273183, 0.543551113482, 0.0181818181818
0.515476503188, 0.874682193965, 7.43950519396, 0.221633146474, 35.9357433634, 47.8079878024, 2.58032610009, 4.70630255499, 41.5969474635, 0.550509227662, 0.0106382978723
0.542522577251, 0.972273871135, 3.48400735949, 0.435557733913, 4.2869458753, 48.4531401619, 2.06572747603, 3.68782321286, 27.7743620327, 0.544684002657, 0.0119047619048
0.636229842993, 1.14901142588, 2.88283619441, 0.34909361387, 24.5986439976, 42.2640093364, 3.07044926371, 1.207146044, 41.0021263178, 0.525685101334, 0.0244565217391
0.500759654527, 1.05329978241, 7.05031739299, 0.403741529355, 43.2460183414, 46.1637396807, 2.03321803294, 3.60617165722, 22.1408762651, 0.49059379952, 0.178082191781
0.529441229458, 0.973735777743, 7.80520170019, 0.241951745094, 5.2146343461, 46.9763090835, 3.56840239392, 0.990747014501, 22.1408762651, 0.502172350848, 0.0643564356436
0.557115792251, 0.939623423892, 5.04023567416, 0.210149046033, 35.8469178679, 41.8059213145, 3.16909908848, 0.0703686231783, 33.9634437709, 0.518184646943, 0.0401891252955
0.896550580931, 0.866964407659, 3.85160456535, 0.49998302145, 34.8399032218, 48.8346421218, 2.04972249069, 1.54935496294, 37.4630374137, 0.522667927526, 0.0315789473684
0.529441229458, 0.943688742116, 7.80520170019, 0.241951745094, 5.2146343461, 46.9763090835, 3.56840239392, 1.5869959166, 32.5088722614, 0.484373451253, 0.241666666667
0.535940501291, 1.1407160133, 6.15495636635, 0.218284582419, 23.5298025776, 45.9288626776, 2.5496174097, 1.99565514756, 32.5100263018, 0.475057450405, 0.274074074074
0.637660837678, 1.01316678642, 7.58384368174, 0.478309845864, 28.3906230808, 40.7052074802, 2.52759029531, 1.00582904478, 43.1824711879, 0.472755859501, 0.358333333333
0.636229842993, 1.14901142588, 2.88283619441, 0.34909361387, 24.5986439976, 42.2640093364, 2.26182747144, 1.207146044, 41.0021263178, 0.438309934696, 0.5625
0.881250531905, 0.959372043636, 7.81787169068, 0.320588228416, 37.2347061801, 40.8327730068, 3.5586052691, 1.47181285144, 23.4143731765, 0.461190031879, 0.482843137255
0.716711420433, 1.13706088404, 5.28652713238, 0.270317896499, 22.4298398119, 48.8346421218, 2.28836559182, 1.77692590563, 29.8302571058, 0.452680242202, 0.545064377682
0.745856237328, 1.25708306455, 5.6648138382, 0.325949766871, 49.3392196602, 49.9661627075, 2.84286881931, 2.16493476129, 32.6076359543, 0.569443316627, 0.0
0.745824856877, 1.21120310415, 5.28645803851, 0.414579334888, 11.6316897277, 43.903287446, 2.88751599422, 4.66797364237, 24.5629611653, 0.561098348143, 0.0108695652174
0.719903482437, 1.23599588723, 3.23783918349, 0.478291362165, 2.51572287181, 40.1680654765, 3.99967420915, 0.336786191638, 27.3554919824, 0.546070054762, 0.0196850393701
0.567211317178, 0.954779394371, 4.83312310793, 0.2967274313, 13.8815238013, 45.6571160663, 2.38924104915, 1.68576998429, 28.4633734217, 0.496994102697, 0.182608695652
0.535940501291, 1.1407160133, 6.15495636635, 0.480509686186, 23.5298025776, 45.9288626776, 2.5496174097, 1.99565514756, 32.5100263018, 0.51187450527, 0.177966101695
0.57935188787, 1.08015847125, 3.35086780712, 0.385057168684, 44.2946514983, 48.7750129143, 3.65796999942, 3.53550295131, 38.6144552007, 0.516876026798, 0.170212765957
0.541173405466, 1.22187319333, 7.36991090941, 0.41604171981, 33.7268383379, 43.542742854, 3.1685407036, 4.6566066969, 30.4743838053, 0.517772707765, 0.115646258503
0.544518502398, 1.1045714992, 4.23304492, 0.23468504919, 20.4346345572, 46.0094242014, 2.86163722182, 0.456404792052, 25.3671296013, 0.519915655556, 0.0760869565217
0.520508934799, 0.897258978234, 4.13255703447, 0.397533340673, 38.5784883527, 49.474220961, 2.38451404143, 2.21860401023, 23.1973069441, 0.537382341764, 0.0490196078431
0.500759654527, 1.05329978241, 7.05031739299, 0.403741529355, 43.2460183414, 46.1637396807, 2.03321803294, 2.53401531207, 32.5088722614, 0.530689582343, 0.0566037735849
0.503797852032, 1.07978967176, 3.33462746079, 0.373935234844, 42.0202434891, 47.5809963739, 3.07516774567, 3.25555897591, 30.3502472274, 0.486395333063, 0.266903914591
0.682046185731, 0.963235501239, 5.69061342036, 0.498053448069, 1.70051053376, 41.8924383734, 2.72291878993, 2.90134219235, 33.4106940506, 0.478603243385, 0.298245614035
0.5580657082, 1.08857440319, 4.11186503734, 0.460446819653, 47.8081838563, 48.692168607, 3.09032953731, 1.71132839371, 30.8319734926, 0.476773381277, 0.354066985646
0.526928996168, 1.25861917991, 5.82236102262, 0.231556605254, 29.75507306, 46.0698664557, 2.64285232302, 1.69818667715, 21.1875494108, 0.473128693057, 0.401234567901
0.560414736342, 0.930010923434, 6.28924476518, 0.260609882781, 0.736036837256, 47.4845698108, 3.88495314809, 1.80088345648, 27.7756107207, 0.445037186329, 0.626898047722
0.506695606191, 0.943688742116, 7.58384368174, 0.241951745094, 5.2146343461, 49.6497166816, 3.56840239392, 1.5869959166, 30.8542641216, 0.445202879908, 0.569128787879
0.871009169744, 0.852945597844, 4.69526375394, 0.238438196498, 22.0154201524, 45.0928963364, 3.89254645206, 1.21597404514, 33.3833392916, 0.439941881689, 0.656574394464
0.526928996168, 1.1139411162, 5.82236102262, 0.231556605254, 29.75507306, 46.0698664557, 2.64285232302, 1.69818667715, 32.8338573772, 0.44009585367, 0.642458100559
0.728329802412, 1.1344891495, 4.92108892297, 0.215480868576, 46.2053694609, 47.2951803808, 2.82444249908, 1.31241164388, 30.5160355163, 0.466637026907, 0.485232067511
0.725964199135, 0.905776856934, 4.39948431915, 0.213752854236, 37.6629408773, 46.3017085385, 2.19005735199, 1.48150569277, 41.1124374341, 0.463081649145, 0.485981308411
0.728329802412, 1.1344891495, 4.92108892297, 0.320588228416, 46.2053694609, 47.2951803808, 2.82444249908, 1.31241164388, 30.5160355163, 0.45521854685, 0.560606060606
0.779866163154, 1.08402347697, 2.67485647515, 0.473868277756, 46.3768509024, 45.2572281107, 3.44213340935, 4.73302467543, 31.7366702177, 0.575473575803, 0.0
0.54843915593, 0.972273871135, 3.48400735949, 0.352222518015, 4.2869458753, 48.4531401619, 2.06572747603, 3.68782321286, 27.7743620327, 0.562083230174, 0.0178571428571
0.515476503188, 0.874682193965, 7.43950519396, 0.221633146474, 35.9357433634, 47.8079878024, 2.58032610009, 4.70630255499, 32.9860509296, 0.552854911563, 0.020979020979
0.560414736342, 0.984702122421, 6.28924476518, 0.260609882781, 0.736036837256, 47.4845698108, 3.88495314809, 1.80088345648, 27.7756107207, 0.498357742109, 0.189427312775
0.727982865353, 0.826681910901, 6.15495636635, 0.366500039195, 23.5298025776, 43.4967556126, 2.5496174097, 1.99565514756, 32.5100263018, 0.530305128245, 0.0810810810811
0.58658039006, 0.948112144641, 2.76889315047, 0.422656790573, 44.1490164727, 43.6622261794, 3.91094970478, 4.95066272476, 28.4351929017, 0.527840546885, 0.109278350515
0.745824856877, 1.21120310415, 5.28645803851, 0.414579334888, 11.6316897277, 43.903287446, 2.88751599422, 4.66797364237, 23.8428835722, 0.521748986331, 0.125
0.732543423301, 0.832832467692, 5.36372719445, 0.204227959568, 2.92159673042, 44.7818432412, 2.76574046503, 0.00455897195407, 32.6491495736, 0.533123732861, 0.0719424460432
0.664671750152, 1.02382028729, 6.9242487059, 0.256149425039, 40.2317778558, 46.9092886127, 2.82226728826, 1.86709373109, 21.4688933414, 0.495090783753, 0.391509433962
0.526928996168, 1.1139411162, 4.11186503734, 0.231556605254, 47.8081838563, 46.0698664557, 2.64285232302, 1.71132839371, 32.8338573772, 0.487349818511, 0.423913043478
0.876385760921, 0.903261057522, 6.77945850645, 0.492717562817, 40.2317778558, 40.4049841194, 3.92253512381, 1.38379503036, 21.4688933414, 0.474170209002, 0.441320293399
0.664671750152, 1.02382028729, 6.9242487059, 0.256149425039, 39.8640812453, 46.9092886127, 2.82226728826, 1.86709373109, 23.6000248388, 0.440690235781, 0.655384615385
0.751747804098, 0.835819726511, 3.65836032815, 0.367543413588, 46.3907195454, 45.8998981144, 2.96465553155, 1.14025853419, 32.9873112329, 0.465468677241, 0.489177489177
0.5580657082, 1.00063125627, 4.11186503734, 0.230703210205, 47.8081838563, 48.692168607, 3.09032953731, 1.71132839371, 30.8319734926, 0.455843692889, 0.611111111111
0.876689235552, 1.22433156199, 3.85160456535, 0.46004892057, 45.239169716, 42.2716518072, 3.42529472236, 3.09949353113, 42.9174880141, 0.579685745502, 0.00361010830325
0.637660837678, 1.01316678642, 7.58384368174, 0.492003436051, 45.651280548, 48.4171763914, 2.52759029531, 1.00582904478, 43.1824711879, 0.581417320753, 0.0
0.600943390188, 1.04342676551, 7.97616530368, 0.384053457671, 5.7288051138, 40.6456560344, 2.03313824901, 2.67492258803, 20.1885917691, 0.564751593062, 0.0229885057471
0.505994315793, 1.07978967176, 3.33462746079, 0.429028976778, 9.5132313145, 47.5809963739, 3.07516774567, 3.25555897591, 27.4556650428, 0.557619834142, 0.04
0.501041672471, 1.20711758126, 3.88032551064, 0.249376799763, 34.89672588, 40.5274583316, 2.84136276822, 2.66422717191, 36.7327250142, 0.502220735314, 0.356828193833
0.560414736342, 0.930010923434, 6.28924476518, 0.260609882781, 0.736036837256, 47.4845698108, 3.88495314809, 1.80088345648, 31.4208683726, 0.519902864821, 0.199481865285
0.876385760921, 0.903261057522, 6.77945850645, 0.492717562817, 40.2317778558, 40.4049841194, 3.92253512381, 1.38379503036, 23.0679427242, 0.51222055586, 0.287425149701
0.725948085784, 1.10234020671, 5.03356970735, 0.289685876782, 15.3223064365, 48.6356621057, 2.36053320721, 1.41419435061, 30.0924723813, 0.504068100344, 0.317880794702
0.563266400361, 1.1045178569, 3.72630961081, 0.243075057995, 12.8255640217, 41.7243402818, 3.27529071511, 3.67779917706, 39.0344479857, 0.513023101697, 0.278310940499
0.716711420433, 1.13706088404, 5.28652713238, 0.270317896499, 22.4298398119, 48.8346421218, 2.28836559182, 1.77692590563, 29.8302571058, 0.532079233053, 0.141666666667
0.61565578154, 0.873710037654, 2.00176331448, 0.230992757101, 21.0737231186, 45.0928963364, 3.43561161306, 1.21597404514, 31.1449098353, 0.522470113636, 0.171837708831
0.563571804576, 1.1045178569, 2.42035124267, 0.218485954605, 38.9248804561, 44.6661750902, 2.04253098692, 3.48786747032, 40.5921366883, 0.530311384013, 0.147887323944
0.628066516634, 1.23599588723, 3.23783918349, 0.478291362165, 2.51572287181, 40.1680654765, 3.99967420915, 0.336786191638, 27.3554919824, 0.549870875557, 0.0851581508516
0.572990061188, 1.20726711243, 7.40925981042, 0.337215587786, 46.4362891158, 43.6122078439, 3.66237842498, 4.19328661817, 29.1284689921, 0.533646470565, 0.108786610879
0.637660837678, 1.01316678642, 7.58384368174, 0.492003436051, 45.651280548, 48.4171763914, 2.52759029531, 1.00582904478, 43.1824711879, 0.49468876073, 0.426315789474
0.751747804098, 0.835819726511, 3.65836032815, 0.367543413588, 46.3907195454, 45.8998981144, 2.96465553155, 1.14025853419, 33.8278696427, 0.45907353265, 0.673151750973
0.896550580931, 0.866964407659, 3.18220988453, 0.49998302145, 34.8399032218, 48.8346421218, 2.04972249069, 4.61540485749, 37.4630374137, 0.626046215587, 0.0
0.54843915593, 1.25861917991, 5.82236102262, 0.231556605254, 29.75507306, 47.6319007617, 2.64285232302, 1.69818667715, 21.1875494108, 0.500060018474, 0.467661691542
0.725964199135, 0.905776856934, 4.39948431915, 0.213752854236, 39.2222504863, 46.3017085385, 2.19005735199, 1.48150569277, 41.1124374341, 0.519538237909, 0.3
0.881250531905, 0.959372043636, 7.81787169068, 0.320588228416, 37.2347061801, 40.8327730068, 3.74320554678, 1.47181285144, 23.4143731765, 0.465961672848, 0.566978193146
0.662557086765, 0.889802944628, 6.0756285147, 0.364066509972, 8.74159537872, 41.5649772821, 3.50445632389, 3.72053159517, 25.8136108869, 0.587158887679, 0.030959752322
0.841571274978, 1.08011886014, 6.42418834484, 0.469174898679, 39.5739665934, 44.2197542341, 3.40800430964, 2.3240232116, 25.8938056253, 0.60619510984, 0.00369003690037
0.881250531905, 0.959372043636, 7.81787169068, 0.405331961767, 46.3768509024, 40.8327730068, 3.5586052691, 1.47181285144, 23.4143731765, 0.52994237512, 0.18648018648
0.745856237328, 1.02382028729, 6.9242487059, 0.256149425039, 49.3392196602, 46.9092886127, 3.31744726005, 1.86709373109, 23.6000248388, 0.486779208523, 0.500651890482
0.504667877505, 1.1189411849, 6.55209064333, 0.397533340673, 1.20604280667, 49.474220961, 2.78300346492, 2.39250986743, 30.8542641216, 0.521349651693, 0.25786163522
0.636229842993, 1.14901142588, 2.88283619441, 0.34909361387, 24.5986439976, 42.2640093364, 3.07044926371, 1.207146044, 41.0021263178, 0.534257710997, 0.132394366197
0.884616806178, 1.03633739358, 7.61960504617, 0.460446819653, 10.35925745, 43.6903144858, 2.29460712771, 0.180623905184, 41.5394637459, 0.566568496096, 0.0325203252033
