2.31336929477, 1.16419130281, 1.36528877263, 1.00000043831, 4.87558670048, 1.04312061986, 4.85427283826, 1.26000056877, 1.0000005176, 6.18765668723, 5.10015553488, 1.08671093656, 1.89316021321, 1.00061393863, 1.04421842686, 1.399073415, 1.03870586472, 1.06433603154, 7.12249709118, 1.00000014347, 1.00000024585, 89.7193703576, 0.983745716397, 5.4425855228, 1.02043616432, 3.66943321122, 0.870000756766, 11.582228615, 60.8767468651
2.90839739684, 1.16419130281, 1.36528877263, 1.00000041116, 5.73571791381, 1.12825779941, 4.77239637923, 1.26000056877, 1.0000005176, 6.18765668723, 5.10015553488, 1.03600961083, 1.02395772553, 1.01558717247, 1.03671421941, 1.34180431598, 1.03870586472, 1.06905312074, 7.12249709118, 1.00000014347, 1.00000024585, 89.7193703576, 0.983745716397, 5.4425855228, 1.02043616432, 3.66943321122, 0.870000751679, 13.6519200552, 25.6446580276
5.97351570045, 1.17137714892, 1.47586341711, 1.00000041696, 7.0461193682, 1.06662987229, 5.30439882119, 1.26000051477, 1.0000008084, 5.59647852713, 3.38429220848, 1.00680275236, 3.177804508, 1.04539440818, 1.02929406394, 1.12113219409, 1.12505000799, 1.06953310486, 5.61003849682, 1.00000029617, 1.00000055417, 85.0447140928, 1.01204240517, 1.0863922657, 0.999884164848, 4.29088571787, 0.870000096668, 8.32963848514, 426.752922848
2.54921012023, 1.1913752491, 1.51841379223, 1.00000025209, 6.81778520184, 1.13256496818, 4.27317527865, 1.26000033967, 1.00000084377, 6.13680476335, 5.65351876645, 1.07053350439, 1.44073203767, 1.04871762846, 1.07747526545, 1.32408281083, 1.02195898548, 1.08694727858, 8.06534287588, 1.00000058559, 1.0000007992, 104.102288761, 0.934279392994, 4.17275981491, 0.978227040348, 3.35448908751, 0.870000979476, 9.58318064212, 64.9739866427
3.67764104126, 1.13300961717, 1.61739898508, 1.00000051604, 5.91638921111, 1.01841593265, 1.67625352463, 1.2600004706, 1.00000074226, 5.46872583817, 6.47668559717, 1.04295355729, 3.5398036219, 1.11439662298, 1.03220182537, 1.09786497312, 1.03048241705, 0.933334638791, 7.09778351246, 1.00000012725, 1.00000061762, 120.041197399, 0.984224384557, 3.64793000779, 1.01511157314, 3.57788099453, 0.870000570613, 12.3385171483, 143.28462575
3.90699455876, 1.08259667926, 1.72031975239, 1.00000056207, 4.90479729924, 1.15630285759, 1.62887765903, 1.26000023553, 1.00000086879, 5.76101143743, 7.1534540287, 1.05452437445, 2.49417666551, 1.06701729909, 1.00911793911, 1.49575998157, 1.08142439839, 0.912437524635, 6.10883795429, 1.00000064919, 1.00000081662, 90.5039784496, 1.02514160101, 4.59510073735, 1.06424400226, 3.95406737342, 0.870000296609, 10.4120058726, 575.721479885
4.32526003144, 1.34324544658, 1.34617256456, 1.00000078533, 6.63434152054, 1.00748027578, 2.98939823236, 1.26000038424, 1.00000043488, 5.0495107004, 7.15940922726, 1.09145280678, 2.1073491837, 1.04789467135, 1.05288898316, 1.10600986885, 1.02023222328, 0.920871184961, 3.73704521323, 1.00000099954, 1.0000006938, 117.519496934, 1.02211001182, 5.92820907731, 1.02875512271, 3.94465100528, 0.870000014367, 13.2048681654, 160.915246632
2.19544993227, 1.20332541788, 1.42780567417, 1.00000013806, 5.33493780692, 1.15049185735, 1.36057979295, 1.26000037334, 1.00000026653, 5.85963804222, 7.34369673216, 1.01897334637, 2.59899329717, 1.07272018762, 1.03812471295, 1.50378263536, 1.15984818155, 1.09925430824, 5.00792503013, 1.00000062028, 1.00000027106, 88.8220514847, 0.956554404711, 1.38353996156, 1.01365420639, 3.44326852266, 0.870000153447, 11.6305164094, 927.639446472
5.12141113819, 1.22317702956, 1.51289589805, 1.00000080473, 5.95782178426, 1.16133558832, 5.289243051, 1.26000055617, 1.0000008885, 6.01390029886, 7.21050015211, 1.05476734352, 2.25522565129, 1.06290020017, 1.01975454242, 1.38558243489, 1.10346615364, 1.10930225968, 4.117271827, 1.00000015474, 1.00000084467, 110.523268031, 1.06782235951, 5.10214119209, 0.965864105913, 3.92081662463, 0.870000953615, 13.691232084, 444.111737952
3.19760658657, 1.22567668713, 1.60993842482, 1.00000080232, 4.85317092506, 1.00979197528, 1.48154840033, 1.26000088268, 1.00000031319, 5.48781609844, 7.33402273953, 1.06738745853, 3.6146632933, 1.02171201613, 1.07723516556, 1.24300307419, 1.16050163369, 0.937240360363, 6.27364719005, 1.00000026146, 1.00000032745, 115.712666981, 1.04736705548, 5.92439912756, 1.05694544502, 4.19804449568, 0.870000532164, 16.1260675811, 345.942886399
4.90588730529, 1.03070816598, 1.40646922625, 1.00000052118, 6.55537387642, 1.05208577885, 1.48668823647, 1.26000019302, 1.00000010826, 5.27759919083, 5.57670228198, 1.05819077161, 3.06310224566, 1.0787970818, 1.08802541759, 1.07117715168, 1.08975459625, 0.966790719776, 6.61386884933, 1.00000004289, 1.00000074015, 75.7453355543, 0.959517669827, 5.07762889422, 0.991009354624, 4.10116544335, 0.870000120532, 11.9089379337, 1076.9916166
4.01285347763, 1.27817085614, 1.71391309517, 1.00000072424, 6.82671304714, 1.18517697172, 5.05753621298, 1.26000053792, 1.00000097403, 6.07275914428, 6.57835826916, 1.09203906201, 2.56778771573, 1.11357120486, 1.02928251836, 1.51401704806, 1.05576815169, 1.08193580311, 7.6016210322, 1.00000011037, 1.00000070217, 102.114514933, 0.933999205968, 3.25412451731, 0.957748380647, 3.44888958027, 0.87000080178, 14.2434912973, 591.037036448
5.47402592119, 1.42975619445, 1.4387098934, 1.00000078454, 5.83755877284, 1.12694309881, 2.76137970361, 1.26000082318, 1.00000015806, 6.19054857538, 4.18350828921, 1.04830116463, 1.40826225618, 1.08403584624, 1.03277965286, 1.23386416312, 1.0841781994, 1.090737835, 5.11491225666, 1.00000049001, 1.00000006727, 94.9687710943, 1.03861995068, 3.36322763167, 1.03917239263, 3.49653540937, 0.870000928023, 14.0361313835, 794.780218658
1.9113766188, 1.42080120797, 1.47320619291, 1.00000013127, 4.2966006054, 1.17066712599, 2.59776082656, 1.26000041914, 1.00000046162, 5.74237296825, 7.02252216249, 1.07200596515, 3.06855832504, 1.04641795412, 1.04096449549, 1.16888216392, 1.05450224078, 1.00882952719, 6.65287431106, 1.00000005655, 1.00000041147, 101.581861213, 0.946331030748, 4.44418617721, 1.03166368351, 4.35075323621, 0.870000232539, 21.7024544462, 464.558287757
1.62420658097, 1.16272955613, 1.71577678771, 1.00000043352, 4.86241291356, 1.18596061664, 2.80219580449, 1.26000048003, 1.00000081963, 5.95122765889, 4.54095879942, 1.01578532528, 3.35113307262, 1.0322095432, 1.01253182853, 1.60384404535, 1.06767650398, 0.988748833849, 3.88573944705, 1.00000079007, 1.0000001853, 123.171781462, 1.0300093711, 3.89571295827, 1.04937467655, 3.54422055947, 0.870000381243, 17.6716334575, 517.269761361
1.34743815438, 1.36701629973, 1.72520953634, 1.00000071946, 5.86738308596, 1.17851758013, 5.08443960807, 1.26000028702, 1.0000006752, 5.32123731335, 5.33041003694, 1.03535541504, 1.85451119062, 1.002910702, 1.0454011326, 1.38061128658, 1.05558306419, 1.03739190362, 7.41741281348, 1.00000033193, 1.00000012123, 93.6045538833, 1.0037193756, 1.13792891235, 0.970614996594, 4.1101548148, 0.870000956177, 13.1792338747, 1308.31374665
2.95791927502, 1.34641606009, 1.42320170556, 1.00000015967, 6.29977895784, 1.0712259593, 4.99310514094, 1.26000055023, 1.00000080736, 4.9989525741, 7.14065898472, 1.06095344315, 3.64620634385, 1.08742848018, 1.06743246484, 1.06965990902, 1.02258951094, 1.02810222923, 5.07986186471, 1.00000039143, 1.00000047363, 104.102288761, 0.960975267471, 1.35804060157, 0.959260101381, 3.61803607301, 0.870000126296, 13.9171836472, 1267.95905383
4.26624730351, 1.23755777137, 1.43373597491, 1.00000025246, 6.12308956558, 1.03224104932, 2.98196890392, 1.26000002243, 1.00000055072, 5.36607684387, 5.65677910785, 1.07011439238, 4.00035285979, 1.11543625166, 1.06133465328, 1.29584020053, 1.0336253427, 1.09401392299, 8.99071381236, 1.00000089366, 1.00000037435, 88.0501769453, 1.06264579547, 2.17605869581, 1.02027649175, 4.02773967865, 0.870000526488, 16.754970504, 747.817626924
3.41089262388, 1.25250484492, 1.54806482649, 1.00000057403, 6.70982261296, 1.08914198944, 4.70971870334, 1.26000020084, 1.00000077085, 4.98712105793, 4.86108060421, 1.05947856553, 2.07799890539, 1.0242035678, 1.02578544325, 1.04591799081, 1.08322464039, 0.915839189289, 3.95203237446, 1.00000099115, 1.00000027695, 84.8623879488, 1.02754341756, 2.64829688484, 1.0179451413, 4.11230450546, 0.870000611276, 32.0849426762, 518.177529832
3.55783603835, 1.34391676832, 1.54276728122, 1.00000041902, 5.48795908616, 1.02564362213, 3.1469302474, 1.26000098614, 1.00000065176, 5.80124552129, 5.92515604845, 1.09623257473, 1.87832510959, 1.04168996222, 1.01451238536, 1.27016469243, 1.15717525335, 0.96988016472, 8.41798516411, 1.00000015961, 1.00000058044, 83.0518576819, 1.04330913313, 1.01381767497, 1.05925453733, 3.73439355824, 0.870000787742, 22.82961153, 634.830195197
1.91181719965, 1.07871195476, 1.35810982943, 1.00000074563, 4.52835196462, 1.04557184408, 1.53283129457, 1.26000022245, 1.0000002558, 6.12401392141, 5.9026568061, 1.06957834436, 1.02193349216, 1.0634889743, 1.0076864283, 1.26668974041, 1.06315758547, 1.052984792, 9.91224762164, 1.00000013969, 1.00000048154, 85.2902223731, 0.965918084032, 5.32052401609, 0.952124339296, 3.44214395226, 0.870000499457, 13.3377914344, 3103.77959821
1.91181719965, 1.07871195476, 1.35810982943, 1.00000074563, 4.52835196462, 1.04557184408, 1.53283129457, 1.26000022245, 1.0000002558, 6.12401392141, 5.9026568061, 1.06957834436, 1.02193349216, 1.0634889743, 1.0076864283, 1.26668974041, 1.06315758547, 1.052984792, 9.91224762164, 1.00000013969, 1.00000048154, 85.2902223731, 0.965918084032, 5.32052401609, 0.952124339296, 3.44214395226, 0.870000499457, 16.1668799296, 2769.3109243
2.23550243649, 1.25064326989, 1.50414727926, 1.00000045291, 5.37330270778, 1.17964906145, 3.45590149168, 1.26000091125, 1.00000081246, 5.49071485065, 4.41888745449, 1.00040361467, 1.9723970748, 1.01558717247, 1.04338243117, 1.3509419974, 1.02546088497, 0.972312354584, 4.24209459505, 1.00000079325, 1.00000098514, 76.6596135597, 1.05174817366, 4.10644549041, 1.05867373749, 4.20259545896, 0.870000118101, 17.8787417838, 893.313897738
5.26315779843, 1.39753945418, 1.72210348012, 1.00000061042, 6.83914714961, 1.11599913017, 4.40449498903, 1.26000057696, 1.00000013749, 5.46872583817, 4.91198313267, 1.01331728811, 3.28303219942, 1.10375991008, 1.05474016307, 1.23389837927, 1.00260579965, 0.973521833995, 5.85149422673, 1.0000008097, 1.00000047092, 99.2279958449, 1.06077932666, 5.60910527091, 1.00729334887, 3.49675517369, 0.870000790204, 17.5306237927, 1092.08672263
3.65069813172, 1.31823335093, 1.64753103008, 1.00000000992, 4.68982361866, 1.06950434835, 1.67178172218, 1.26000081968, 1.00000094864, 5.40810696044, 6.41941269716, 1.08045276351, 3.5808076226, 1.04963852386, 1.02228691665, 1.52286365971, 1.07117969655, 1.01684179278, 6.36043271725, 1.00000057915, 1.00000005577, 82.9743310524, 0.97190880478, 3.31620116528, 0.984831006366, 3.52129323795, 0.870000864927, 16.7923678871, 1372.33340181
3.08788996868, 1.33855029515, 1.40998579658, 1.00000024893, 4.82750268061, 1.12273278207, 3.77101120122, 1.26000089919, 1.0000006276, 5.65842904315, 6.16046417162, 1.01459986729, 3.03042211297, 1.00627154095, 1.07815274893, 1.58289496243, 1.14569271172, 1.08969047074, 8.5709204792, 1.00000057637, 1.00000094776, 109.12133517, 0.974002985668, 3.75960529936, 1.03035060744, 3.84064514245, 0.870000067867, 30.0958355941, 660.790244121
2.88375725659, 1.37045679407, 1.58064591323, 1.0000008405, 5.23611564261, 1.06327087762, 3.59719346181, 1.26000022927, 1.00000047663, 5.75693484898, 3.7800182538, 1.04490605829, 1.47574623079, 1.10635426379, 1.00456098613, 1.54649413626, 1.00074853548, 1.08760377652, 3.65528577511, 1.00000051109, 1.0000003384, 112.110500601, 1.08893402481, 2.31630544772, 0.969609189137, 3.89839930104, 0.870000842046, 24.8685807699, 811.960144875
3.78117831986, 1.06453571446, 1.52682796127, 1.00000008488, 4.71291144535, 1.04269713349, 1.01621382048, 1.26000089001, 1.00000032059, 5.41167999675, 6.43317330095, 1.07144525523, 2.34327041619, 1.11002348567, 1.06768969405, 1.27283926619, 1.12171618225, 0.959089611632, 6.31997837717, 1.00000088714, 1.00000015004, 79.4389919749, 1.07124143103, 2.8853990028, 1.01484623983, 3.69280676912, 0.870000288686, 13.9829357799, 3579.82955793
1.91909799235, 1.13741800882, 1.62651625832, 1.00000074506, 7.05349587553, 1.06204762592, 2.10463482087, 1.26000075394, 1.00000082021, 6.1762631638, 7.34655472134, 1.01087479773, 1.48078639657, 1.03463189185, 1.01142297203, 1.62833542208, 1.02433962519, 1.00127716596, 4.88645982848, 1.0000003638, 1.00000075835, 80.6136837792, 0.941941211189, 2.70542502909, 1.01621509557, 3.43452310764, 0.870000473363, 22.1645104986, 1079.20242392
3.90699455876, 1.08259667926, 1.72031975239, 1.00000056207, 4.90479729924, 1.15630285759, 1.62887765903, 1.26000045018, 1.00000086879, 5.76101143743, 7.1534540287, 1.05452437445, 2.49417666551, 1.06701729909, 1.00911793911, 1.49575998157, 1.08142439839, 0.912437524635, 6.10883795429, 1.00000064919, 1.00000081662, 90.5039784496, 0.986197507235, 4.59510073735, 1.06424400226, 3.95406737342, 0.870000296609, 23.5296241502, 988.507677068
1.34743815438, 1.36701629973, 1.72520953634, 1.00000071946, 5.86738308596, 1.15404947526, 5.08443960807, 1.26000028702, 1.0000006752, 5.32123731335, 5.33041003694, 1.06690108963, 2.56432375932, 1.002910702, 1.0454011326, 1.38061128658, 1.05558306419, 1.03123009115, 6.74102038104, 1.00000033193, 1.00000012123, 93.6045538833, 1.00199193633, 1.13792891235, 0.970614996594, 4.1101548148, 0.870000956177, 17.6403366643, 1159.42136555
3.70864277271, 1.26401719191, 1.37714998724, 1.00000084263, 4.40704533239, 1.0967953832, 1.92576399573, 1.26000089384, 1.00000081963, 5.37831190843, 6.49900289336, 1.04726199902, 1.84071414707, 1.02468858423, 1.08103086547, 1.24154411484, 1.09189138213, 1.09006760572, 6.75677858128, 1.00000077267, 1.00000018875, 119.653078189, 1.05243675859, 5.88196803666, 1.05833606175, 4.08320391931, 0.870000702719, 17.0815919903, 3490.86746153
4.54147320506, 1.00105305821, 1.55052742863, 1.0000007356, 5.72657349828, 1.03124095699, 1.36877555536, 1.26000035873, 1.00000065511, 6.01777226226, 4.04294776862, 1.06039637056, 1.60560904683, 1.10945693894, 1.06812070201, 1.4167523234, 1.07726944765, 0.983353151081, 5.13389012162, 1.00000054663, 1.00000018122, 100.654787228, 0.986617493645, 4.26822211162, 1.04337105358, 3.96274118595, 0.870000352441, 17.3864689413, 1882.78460517
2.62412403901, 1.2655873176, 1.43758522485, 1.00000093579, 5.90543093149, 1.16049298675, 1.45142900237, 1.26000071789, 1.00000051451, 5.617110579, 5.34807298826, 1.00229071603, 1.27617194984, 1.02190286732, 1.0220349703, 1.05281418975, 1.16044697923, 1.02629746301, 8.7907775889, 1.00000010027, 1.00000072181, 121.181207086, 1.05853605305, 1.72539979406, 0.951103591918, 3.8726402125, 0.870000301449, 17.2946654323, 2109.25307987
3.53335822321, 1.42975619445, 1.4387098934, 1.00000051416, 5.83755877284, 1.12694309881, 2.76137970361, 1.26000082318, 1.00000015806, 6.19054857538, 5.25163388273, 1.00656300264, 3.71223157306, 1.08403584624, 1.03277965286, 1.23386416312, 1.0841781994, 1.090737835, 5.11491225666, 1.00000049001, 1.00000006727, 94.9687710943, 1.03861995068, 3.36322763167, 1.03917239263, 3.30010433552, 0.870000928023, 27.6335461825, 944.618334535
1.87697559489, 1.08545898959, 1.38483499548, 1.00000017112, 6.08411632741, 1.0574150446, 1.84802911561, 1.26000005169, 1.00000085319, 5.98420422688, 6.50429009225, 1.04906128216, 1.85897580798, 1.11788628284, 1.01655515399, 1.56110215172, 1.07200062975, 0.995178590848, 4.66217321968, 1.00000021806, 1.00000000893, 124.309079512, 0.97888507404, 5.22203870159, 1.04908348411, 3.95901127327, 0.870000696549, 15.4090176057, 4231.01294066
1.35849465671, 1.41052316159, 1.62926302685, 1.00000002308, 4.32487292016, 1.16776788473, 4.51289288118, 1.26000045468, 1.0000002524, 6.05042080992, 4.59501079999, 1.01993236553, 3.08818396789, 1.05507920808, 1.08029468501, 1.07367951764, 1.00251767499, 1.09248252088, 4.02701045812, 1.00000096676, 1.00000037869, 105.924159626, 0.971740544522, 3.43247979992, 1.05834856577, 4.09028969423, 0.870000306385, 24.5567360109, 1105.33499267
1.04383765279, 1.381134474, 1.36236527071, 1.00000051769, 5.63949688082, 1.00565030028, 2.98794135307, 1.26000028355, 1.00000096, 5.8112253701, 5.50347370803, 1.01714388177, 3.07174643869, 1.08598930919, 1.06087817334, 1.51657402958, 1.06390541022, 1.10874965107, 9.50544257739, 1.00000024671, 1.00000073077, 98.6939326568, 0.920333308081, 3.8651020587, 0.988695304594, 3.5267439009, 0.87000062261, 18.3546654377, 1656.91605142
1.16028715505, 1.10169770038, 1.57418806983, 1.000000617, 4.44912296363, 1.10873493997, 4.70785149919, 1.26000076107, 1.00000057794, 5.57761383323, 5.85246488755, 1.03838032072, 1.3268418076, 1.07982139393, 1.06718071267, 1.0658975129, 1.1177460847, 0.98350205124, 4.17117631918, 1.00000096323, 1.00000022995, 103.863577668, 1.08328331194, 3.25965434229, 1.05833606175, 4.20802486547, 0.870000067867, 19.3921046637, 1234.95184285
2.00304142241, 1.11730381817, 1.36981167844, 1.00000042348, 5.8271939844, 1.00313704887, 3.50407407171, 1.26000034528, 1.00000038972, 6.07086438896, 7.73475880663, 1.08185374894, 3.10194813867, 1.03527375454, 1.0434787957, 1.62867043966, 1.11406355278, 0.956523933592, 6.32516748505, 1.00000003324, 1.00000076539, 119.728250338, 1.07420505873, 1.68260874664, 0.959229598896, 4.24415309253, 0.870000446251, 19.064224907, 1250.07262825
2.88375725659, 1.37045679407, 1.58064591323, 1.00000022706, 5.23611564261, 1.06327087762, 3.59719346181, 1.26000022927, 1.00000060819, 5.75693484898, 3.7800182538, 1.04490605829, 1.47574623079, 1.10635426379, 1.00456098613, 1.54649413626, 1.00074853548, 1.08513382376, 3.65528577511, 1.00000051109, 1.0000003384, 112.110500601, 1.08893402481, 3.5601614772, 0.969609189137, 3.89839930104, 0.870000842046, 16.8473971898, 4357.4019442
5.26315779843, 1.39753945418, 1.72210348012, 1.00000061042, 6.83914714961, 1.11599913017, 4.40449498903, 1.26000057696, 1.00000013749, 5.79904291829, 4.91198313267, 1.01331728811, 3.28303219942, 1.10375991008, 1.05474016307, 1.36044143522, 1.03793107665, 0.973521833995, 5.85149422673, 1.0000008097, 1.00000047092, 99.2279958449, 0.950276122466, 5.60910527091, 1.00729334887, 3.49675517369, 0.870000790204, 31.2054960187, 1155.97288088
2.6690714961, 1.02500120369, 1.68302269721, 1.00000030392, 4.87074317363, 1.14471065496, 3.67509463335, 1.26000094742, 1.00000000896, 4.9768552278, 5.61311367821, 1.09673343404, 1.10454998321, 1.08616946166, 1.01510007358, 1.32030671158, 1.00250401274, 1.03799255526, 3.73092139749, 1.00000085272, 1.00000062108, 114.9425777, 1.00197549208, 1.81602597392, 1.00478229583, 4.31038415973, 0.870000763863, 19.137850673, 2044.8634517
2.95791927502, 1.34641606009, 1.42320170556, 1.00000015967, 6.29977895784, 1.09664214546, 5.29008053898, 1.26000055023, 1.00000080736, 4.9989525741, 7.14065898472, 1.06095344315, 3.64620634385, 1.08742848018, 1.0549984044, 1.06965990902, 1.02258951094, 1.02810222923, 5.07986186471, 1.00000039143, 1.00000047363, 86.7176826086, 0.982738631765, 1.35804060157, 0.970215746914, 3.61803607301, 0.870000126296, 19.1484119217, 1872.86362155
2.31336929477, 1.16419130281, 1.36528877263, 1.00000008208, 4.87558670048, 1.13481727054, 1.96498538531, 1.26000056877, 1.0000005176, 6.18765668723, 5.10015553488, 1.03600961083, 1.02395772553, 1.01558717247, 1.03671421941, 1.34180431598, 1.04439258182, 1.06433603154, 3.65528577511, 1.00000014347, 1.00000024585, 89.7193703576, 0.983745716397, 5.4425855228, 1.02043616432, 3.66943321122, 0.870000922765, 19.1807756584, 1487.53157437
4.31279405123, 1.01023483316, 1.34111078597, 1.00000013691, 6.97889475183, 1.06662987229, 1.02869285184, 1.26000056572, 1.0000008271, 5.59647852713, 5.36428668489, 1.08775707677, 3.83947931117, 1.04138832359, 1.07483403402, 1.32624114535, 1.14539242605, 1.09327911937, 8.40847297839, 1.00000084302, 1.00000089379, 88.4724018931, 1.04554469103, 4.82984426217, 0.96080477876, 3.34514069234, 0.870000684571, 20.7124625862, 1464.76683984
1.1734150692, 1.05672785251, 1.71542646271, 1.00000099469, 5.56709094794, 1.17290632646, 1.59831481541, 1.26000090097, 1.0000004665, 5.26710508297, 5.46439845194, 1.07231785905, 1.85451119062, 1.05535588835, 1.0597088634, 1.38375624194, 1.16029941833, 1.03739190362, 4.62919209715, 1.00000054373, 1.00000013814, 76.0931933515, 1.04823169074, 3.42760640033, 0.96367103372, 3.42506268608, 0.870000241748, 20.8079780896, 1403.95976137
2.31336929477, 1.16419130281, 1.36528877263, 1.00000008208, 4.87558670048, 1.08668688873, 3.45590149168, 1.26000056877, 1.0000005176, 6.18765668723, 5.10015553488, 1.03600961083, 1.02395772553, 1.01558717247, 1.03671421941, 1.34180431598, 1.03870586472, 1.06433603154, 7.12249709118, 1.00000014347, 1.00000024585, 89.7193703576, 0.983745716397, 5.4425855228, 1.02043616432, 3.66943321122, 0.870000756766, 20.8571834766, 1290.34353472
2.87827744203, 1.29767522351, 1.69567569823, 1.00000020004, 5.43173605731, 1.12825779941, 1.64308589186, 1.26000030627, 1.0000009093, 5.13616629433, 4.84085499928, 1.07696493646, 1.82384838835, 1.06287949096, 1.0076778362, 1.55193346269, 1.1543021029, 0.952617488346, 7.82432728234, 1.00000075964, 1.00000021813, 87.0009585791, 0.961622101361, 3.48034631347, 0.959640622258, 4.09883282121, 0.870000751679, 17.1767206886, 4816.72246046
2.62412403901, 1.2655873176, 1.51808736018, 1.00000093579, 5.90543093149, 1.16049298675, 1.45142900237, 1.26000071789, 1.00000051451, 5.617110579, 5.34807298826, 1.00229071603, 1.27617194984, 1.02190286732, 1.0220349703, 1.05281418975, 1.0910991854, 1.10448440783, 8.7907775889, 1.00000010027, 1.00000072181, 121.181207086, 0.927555555166, 1.72539979406, 0.951103591918, 3.8726402125, 0.870000301449, 19.5285676758, 1953.08717467
3.19760658657, 1.22567668713, 1.60993842482, 1.00000020004, 5.6622468392, 1.00979197528, 3.33182820516, 1.26000088268, 1.00000031319, 5.48781609844, 6.30261229049, 1.06738745853, 3.6146632933, 1.02171201613, 1.08808917138, 1.24300307419, 1.16050163369, 1.01173741686, 6.27364719005, 1.00000026146, 1.00000032745, 116.679143514, 1.04736705548, 5.92439912756, 1.01811228345, 4.19804449568, 0.870000532164, 23.5855411046, 1564.25045688
2.88375725659, 1.37045679407, 1.58064591323, 1.00000022706, 5.23611564261, 1.06327087762, 3.59719346181, 1.26000022927, 1.00000047166, 5.75693484898, 3.7800182538, 1.04490605829, 2.20662566929, 1.10635426379, 1.00456098613, 1.54649413626, 1.00074853548, 1.08513382376, 3.65528577511, 1.00000051109, 1.0000003384, 112.110500601, 1.08711537743, 3.5601614772, 0.969609189137, 3.89839930104, 0.870000842046, 26.3220790096, 1312.14908475
4.13150709812, 1.19198166044, 1.66376207259, 1.00000048265, 5.56481860286, 1.14068966432, 3.59790666164, 1.26000000609, 1.0000000689, 5.54436942625, 3.20381162902, 1.08606320918, 1.35572017264, 1.01593483469, 1.00365113223, 1.00575559628, 1.12743415143, 0.93756825165, 4.40609574735, 1.00000044472, 1.00000026549, 83.9891375198, 1.04070657777, 1.25324555633, 1.04657904916, 4.04037591266, 0.870000572018, 18.0294653984, 5643.45605523
3.67764104126, 1.13300961717, 1.61739898508, 1.00000051604, 5.91638921111, 1.01841593265, 1.67625352463, 1.26000094014, 1.00000074226, 5.46872583817, 6.47668559717, 1.04295355729, 3.5398036219, 1.11439662298, 1.03220182537, 1.09786497312, 1.03048241705, 0.933334638791, 4.2067462327, 1.00000012725, 1.00000061762, 120.041197399, 1.04400677839, 2.25672529378, 1.01511157314, 3.57788099453, 0.870000570613, 19.7339565471, 3466.26261517
4.22281936993, 1.33818477873, 1.35172294781, 1.0000007054, 5.9126204926, 1.05401249085, 2.06381273079, 1.26000017235, 1.00000091993, 6.01533752754, 4.74829733606, 1.08156233365, 4.04899864762, 1.01265721211, 1.0810511839, 1.16635035887, 1.00744923558, 1.07826704183, 4.1835593181, 1.00000069834, 1.00000090456, 102.45110702, 0.923904945066, 1.4606719833, 0.962507769815, 4.15417940444, 0.870000525399, 20.6726569362, 3415.51237578
1.04383765279, 1.11730381817, 1.36236527071, 1.00000051769, 5.63949688082, 1.00565030028, 4.82133200517, 1.26000028355, 1.00000096, 5.8112253701, 5.50347370803, 1.01714388177, 3.07174643869, 1.08598930919, 1.06087817334, 1.51657402958, 1.06390541022, 1.10874965107, 7.73025475613, 1.00000024671, 1.00000073077, 98.6939326568, 1.07420505873, 3.8651020587, 0.988695304594, 3.5267439009, 0.87000062261, 20.9244208821, 2690.87135092
5.34787120133, 1.08507250492, 1.42386948895, 1.00000029562, 6.06134655876, 1.113723573, 1.16971914623, 1.26000017009, 1.00000007115, 5.80053804285, 4.65000515781, 1.09895812769, 1.02026419336, 1.08149915459, 1.02351357445, 1.17646787073, 1.01803872446, 1.04108003408, 8.63940426502, 1.00000098152, 1.00000086272, 86.9205274641, 1.07368663306, 3.13345749376, 1.04161025539, 3.84477481881, 0.870000561748, 22.4019397758, 2189.11435663
4.33944574524, 1.32762637559, 1.4231297892, 1.00000028631, 5.27295258666, 1.18026184057, 5.67850166038, 1.26000015347, 1.00000015586, 5.70218030706, 4.74829733606, 1.0898155544, 1.83209168647, 1.06673208104, 1.03740201266, 1.54088649448, 1.13379141389, 0.918356408054, 4.37750209304, 1.000000017, 1.00000078566, 104.668682594, 0.932301345299, 1.81496581536, 1.04143485191, 3.88513345298, 0.870000124099, 20.8433681109, 3032.94332557
4.87525053748, 1.01128306992, 1.55318932512, 1.0000008214, 4.86975356661, 1.17340494924, 4.01767080041, 1.2600000503, 1.00000066298, 5.73517515435, 3.33779227981, 1.00600593109, 2.26816308273, 1.00195826711, 1.08635486064, 1.02961819111, 1.01067805523, 1.02924492805, 6.83538607341, 1.0000002124, 1.00000079607, 97.5730301594, 0.938515662996, 4.03964675574, 0.973773690522, 4.37457380219, 0.870000503026, 24.9396212417, 2056.56402189
3.66271086845, 1.25533294357, 1.54089853151, 1.00000018309, 6.67922492355, 1.16334702404, 4.89096903955, 1.26000074473, 1.00000093797, 6.07645406114, 4.35452258021, 1.03456500144, 2.58576174723, 1.02607079182, 1.08330139786, 1.02497876865, 1.0060800596, 0.973802637412, 8.42993539393, 1.00000056434, 1.00000058014, 115.475537022, 0.94541157741, 2.58644694921, 0.976608859316, 4.12215614522, 0.870000265292, 24.9141173914, 2162.91042556
2.87827744203, 1.29767522351, 1.69567569823, 1.00000080232, 5.43173605731, 1.12825779941, 1.64308589186, 1.26000030627, 1.0000009093, 5.13616629433, 4.84085499928, 1.07696493646, 1.82384838835, 1.06287949096, 1.0076778362, 1.55193346269, 1.1543021029, 0.952617488346, 7.82432728234, 1.00000075964, 1.00000021813, 87.9505002074, 0.961622101361, 3.48034631347, 0.959640622258, 4.09883282121, 0.870000751679, 37.1195148946, 1320.21476839
4.64256794655, 1.18041961406, 1.69658401691, 1.000000349, 5.6474887063, 1.15863230058, 3.11303628434, 1.26000006449, 1.00000022466, 5.06452595245, 6.43543139053, 1.09252868051, 2.18290949496, 1.02290806164, 1.0043009966, 1.50830428703, 1.13861293792, 1.02943826847, 4.73930510594, 1.00000030547, 1.00000002163, 100.167195718, 1.06107115267, 5.22973564851, 0.980643645291, 3.74096967723, 0.870000537129, 31.5481148755, 1461.54909132
5.9632168996, 1.28466984738, 1.3760574659, 1.00000003789, 6.59125636412, 1.01634350353, 3.85877724937, 1.26000071139, 1.00000041795, 5.26402105958, 7.34354982797, 1.07292631437, 3.47368947814, 1.00393810916, 1.03005904569, 1.26342296455, 1.08873222621, 1.10067887584, 5.62801388642, 1.00000086647, 1.00000086306, 87.2341033384, 1.0341173655, 5.2927187421, 1.03104348325, 3.71515396738, 0.870000069341, 26.965000449, 1853.20430389
2.95010610444, 1.31192871966, 1.56830568488, 1.00000054279, 6.61274759379, 1.10093169703, 1.34537333389, 1.26000074189, 1.00000038333, 6.01011473553, 5.50606944618, 1.07227687481, 1.37115772922, 1.07719624991, 1.08414223519, 1.17295277327, 1.0087613711, 0.988470584995, 3.96022013912, 1.00000093143, 1.00000009359, 111.250450181, 0.960270481216, 2.32852388517, 1.05919258382, 3.56707552968, 0.870000333149, 31.9681804942, 1352.4899684
1.34743815438, 1.36701629973, 1.72520953634, 1.00000071946, 5.86738308596, 1.15404947526, 5.08443960807, 1.26000028702, 1.0000006752, 5.32123731335, 5.33041003694, 1.03535541504, 1.85451119062, 1.002910702, 1.0454011326, 1.38061128658, 1.05558306419, 1.03739190362, 7.41741281348, 1.00000033193, 1.00000012123, 93.6045538833, 1.0037193756, 1.13792891235, 0.970614996594, 4.1101548148, 0.870000956177, 29.6188571703, 1742.74050877
1.16209216838, 1.39180255452, 1.5978983357, 1.00000014487, 5.14621938972, 1.0731756996, 5.45490619862, 1.26000016891, 1.00000067418, 5.06560817779, 6.56615432375, 1.01092504774, 2.60953718905, 1.02370277278, 1.03388256894, 1.41563787376, 1.10382446079, 1.03824635293, 4.29928806851, 1.00000040857, 1.00000001359, 95.1888827112, 0.960975267471, 4.3743229119, 0.974016254602, 3.84996893787, 0.870000364563, 19.7493956138, 5011.44831246
1.99216886176, 1.26570214387, 1.44619369284, 1.00000085034, 6.18290355485, 1.14796533227, 1.95220957383, 1.26000039747, 1.00000026226, 5.28348855658, 6.40418174259, 1.09972314547, 3.39721355786, 1.10874214742, 1.03310650282, 1.62679988317, 1.12144311928, 1.10097769564, 3.14114229703, 1.00000057637, 1.0000007629, 118.977163535, 0.922231828033, 3.3476771462, 1.06430381775, 4.04483685784, 0.870000611276, 24.1225261165, 2226.27964419
2.95010610444, 1.31192871966, 1.64850536209, 1.00000072459, 6.61274759379, 1.10093169703, 1.34537333389, 1.26000074189, 1.00000038333, 6.01011473553, 5.50606944618, 1.07227687481, 1.37115772922, 1.07719624991, 1.08414223519, 1.17295277327, 1.0087613711, 0.988470584995, 3.96022013912, 1.00000093143, 1.00000009359, 111.250450181, 0.960270481216, 2.32852388517, 1.05919258382, 3.56707552968, 0.870000333149, 23.2646007708, 2914.62501288
3.90699455876, 1.08259667926, 1.4231297892, 1.00000006851, 5.34590727637, 1.15630285759, 2.00984948159, 1.26000045018, 1.00000086879, 5.11965329142, 7.1534540287, 1.06421638313, 2.49417666551, 1.07292879666, 1.0208168708, 1.61563458853, 1.08142439839, 0.918645497466, 6.10883795429, 1.00000064919, 1.00000097224, 78.1661480319, 0.910146042249, 4.59510073735, 1.06424400226, 3.95406737342, 0.870000296609, 21.6548850829, 4033.18879544
3.19760658657, 1.22567668713, 1.60993842482, 1.00000020004, 4.85317092506, 1.00979197528, 1.48154840033, 1.26000088268, 1.00000031319, 5.48781609844, 6.30261229049, 1.06738745853, 3.6146632933, 1.02171201613, 1.07723516556, 1.24300307419, 1.16050163369, 0.937240360363, 6.27364719005, 1.00000026146, 1.00000032745, 115.712666981, 1.04736705548, 5.92439912756, 1.05694544502, 4.19804449568, 0.870000532164, 20.9080001743, 4234.20412629
1.16028715505, 1.10169770038, 1.57418806983, 1.000000617, 4.44912296363, 1.10873493997, 4.70785149919, 1.26000076107, 1.00000057794, 5.57761383323, 5.85246488755, 1.01091011861, 1.3268418076, 1.07982139393, 1.06718071267, 1.0658975129, 1.1177460847, 0.98350205124, 4.17117631918, 1.00000096323, 1.00000022995, 103.863577668, 1.08328331194, 2.44468705986, 1.05833606175, 4.20802486547, 0.870000140152, 26.7593969022, 2068.4033901
2.87827744203, 1.29767522351, 1.69567569823, 1.00000080232, 5.43173605731, 1.12825779941, 1.64308589186, 1.26000030627, 1.0000009093, 5.13616629433, 4.84085499928, 1.07696493646, 1.82384838835, 1.06287949096, 1.0076778362, 1.55193346269, 1.1543021029, 0.952617488346, 4.24021417214, 1.00000075964, 1.00000021813, 87.9505002074, 1.06107115267, 3.48034631347, 0.959640622258, 4.09883282121, 0.870000751679, 33.9704642253, 1767.94160055
4.64256794655, 1.18041961406, 1.69658401691, 1.000000349, 5.6474887063, 1.15863230058, 3.11303628434, 1.26000003549, 1.00000022466, 5.06452595245, 6.43543139053, 1.09252868051, 2.18290949496, 1.02290806164, 1.0043009966, 1.1978381003, 1.09489867966, 1.02943826847, 4.73930510594, 1.00000030547, 1.00000002163, 100.167195718, 1.05161600846, 5.22973564851, 0.980643645291, 3.74096967723, 0.870000537129, 35.6398332397, 1744.72637401
4.54147320506, 1.00105305821, 1.55052742863, 1.00000006721, 5.72657349828, 1.03124095699, 1.19741912618, 1.26000035873, 1.00000065511, 6.01777226226, 4.04294776862, 1.06039637056, 1.60560904683, 1.10945693894, 1.06812070201, 1.4167523234, 1.07726944765, 0.983353151081, 5.13389012162, 1.00000054663, 1.00000018122, 100.654787228, 0.986617493645, 4.26822211162, 1.04337105358, 3.96274118595, 0.870000352441, 24.3288198283, 2309.83614406
3.08788996868, 1.33855029515, 1.40998579658, 1.00000024893, 4.82750268061, 1.12273278207, 3.77101120122, 1.26000089919, 1.0000006276, 5.65842904315, 6.16046417162, 1.01459986729, 3.03042211297, 1.00627154095, 1.07815274893, 1.58289496243, 1.14569271172, 1.08969047074, 8.5709204792, 1.00000051721, 1.00000094776, 109.12133517, 0.974002985668, 3.75960529936, 1.03035060744, 3.84064514245, 0.870000067867, 23.2976219463, 3214.41917469
4.19640357483, 1.26734003687, 1.72535877743, 1.00000064339, 5.6622468392, 1.05855303161, 3.95869005553, 1.26000023654, 1.0000007242, 5.04720773072, 4.06364653842, 1.06818792372, 1.75880111184, 1.01446094297, 1.06805367042, 1.14134942443, 1.04583586673, 0.984423072887, 7.56754855373, 1.00000051075, 1.00000024527, 76.8795074509, 0.939868134573, 3.74176560347, 0.970112605246, 3.47205989397, 0.870000938982, 22.7154977496, 4073.63902316
1.34743815438, 1.36701629973, 1.72520953634, 1.00000064916, 6.8576310391, 1.17851758013, 5.08443960807, 1.26000028702, 1.0000006752, 5.32123731335, 4.86108060421, 1.03535541504, 1.85451119062, 1.002910702, 1.0454011326, 1.38061128658, 1.05558306419, 1.03739190362, 7.41741281348, 1.00000033193, 1.00000012123, 93.6045538833, 1.0037193756, 1.13792891235, 0.970614996594, 4.1101548148, 0.870000956177, 21.1792637781, 5364.78828964
4.13699855527, 1.21356655163, 1.567245392, 1.00000034809, 4.48523116764, 1.14295089674, 1.11701756039, 1.26000047256, 1.00000039724, 5.35255863639, 7.37313321863, 1.03772614755, 1.20303995588, 1.00912087849, 1.0071473799, 1.07817791735, 1.10505543703, 1.10092614424, 3.48171084135, 1.00000060777, 1.00000045161, 106.458635136, 1.03101685057, 1.33653244158, 1.00262178633, 4.17821736836, 0.870000304708, 27.0029064512, 2191.75751656
3.54621783117, 1.27817085614, 1.71391309517, 1.00000072424, 6.82671304714, 1.16707219785, 5.05753621298, 1.26000053792, 1.00000097403, 5.90222902406, 6.57835826916, 1.09203906201, 2.56778771573, 1.11357120486, 1.02928251836, 1.51401704806, 1.05576815169, 1.08193580311, 7.6016210322, 1.00000011037, 1.00000070217, 102.114514933, 0.946331030748, 3.25412451731, 0.957748380647, 3.99213601997, 0.87000080178, 25.4132513798, 2879.2448542
4.51306556072, 1.1913752491, 1.51841379223, 1.00000025209, 6.81778520184, 1.13256496818, 4.27317527865, 1.26000033967, 1.00000084377, 6.13680476335, 5.65351876645, 1.07053350439, 1.44073203767, 1.05923191898, 1.07747526545, 1.17568137343, 1.02195898548, 1.08694727858, 9.30422223634, 1.00000058559, 1.0000007992, 104.102288761, 0.934279392994, 4.17275981491, 0.978227040348, 3.35448908751, 0.870000979476, 24.9255230349, 3125.58299623
4.13699855527, 1.21356655163, 1.567245392, 1.00000034809, 4.48523116764, 1.14295089674, 1.11701756039, 1.26000047256, 1.00000039724, 5.84411969782, 7.37313321863, 1.03772614755, 1.20303995588, 1.00912087849, 1.0071473799, 1.6048868013, 1.10505543703, 1.0983497261, 3.48171084135, 1.00000060777, 1.00000045161, 106.458635136, 1.03101685057, 1.33653244158, 1.00262178633, 4.17821736836, 0.870000304708, 24.6390679226, 4367.78460463
5.80635357784, 1.11195964106, 1.71765657375, 1.00000023747, 4.85176168939, 1.13768381774, 3.12517206569, 1.26000021474, 1.00000011035, 5.35255863639, 7.30319188116, 1.06578161184, 1.89865772393, 1.11049061391, 1.06078960859, 1.07817791735, 1.06191629691, 1.00268951462, 9.20201907944, 1.00000032287, 1.00000028951, 115.085095026, 1.01104600334, 5.01056574336, 1.05792511768, 4.3165726727, 0.870000156661, 22.924350865, 5098.68715277
2.33198170661, 1.40122813608, 1.62003763563, 1.00000024271, 4.49705423839, 1.00336138604, 3.59790666164, 1.26000051548, 1.00000083553, 5.15964067282, 7.2900326827, 1.0127975532, 1.67943723782, 1.11387298595, 1.03081343162, 1.21859705513, 1.02618597208, 1.08690493318, 4.5934897535, 1.0000009017, 1.00000041038, 87.1374203512, 0.935226863219, 5.48546159462, 1.0179451413, 4.20820260937, 0.87000099312, 23.151730238, 4848.68929594
2.62412403901, 1.2655873176, 1.43758522485, 1.00000093579, 5.90543093149, 1.16049298675, 4.40449498903, 1.26000071789, 1.00000051451, 5.617110579, 5.34807298826, 1.00229071603, 1.27617194984, 1.05178800261, 1.0220349703, 1.05281418975, 1.16044697923, 0.973521833995, 8.7907775889, 1.00000010027, 1.00000072181, 121.181207086, 1.05853605305, 1.72539979406, 0.956116986172, 3.8726402125, 0.870000301449, 22.4489985748, 5420.81518023
3.53335822321, 1.42975619445, 1.4387098934, 1.00000078454, 5.83755877284, 1.12694309881, 2.76137970361, 1.26000082318, 1.00000015806, 6.19054857538, 5.25163388273, 1.00656300264, 1.40826225618, 1.08403584624, 1.03277965286, 1.23386416312, 1.0841781994, 1.090737835, 5.11491225666, 1.00000049001, 1.00000006727, 94.9687710943, 1.03861995068, 3.36322763167, 0.975687739994, 3.49653540937, 0.870000928023, 21.3087907912, 8144.90369584
5.23097205428, 1.1887056329, 1.67383207672, 1.00000016469, 5.9674597906, 1.00520274062, 5.3896586336, 1.26000099805, 1.00000091434, 5.92895918908, 3.79761885574, 1.06907531473, 3.99515522093, 1.08917135365, 1.06420594177, 1.41422355601, 1.07680868267, 0.992969216795, 7.30980526429, 1.00000001731, 1.00000015257, 96.2720125357, 1.01908324491, 3.51914863173, 1.00909479644, 3.35436809165, 0.870000315189, 21.5331122289, 6276.08449415
2.31336929477, 1.16419130281, 1.36528877263, 1.00000008208, 4.87558670048, 1.13481727054, 1.96498538531, 1.26000056877, 1.00000011981, 6.18765668723, 7.14065898472, 1.03600961083, 1.02395772553, 1.07171247808, 1.03671421941, 1.34180431598, 1.04439258182, 1.06433603154, 3.65528577511, 1.00000014347, 1.00000007502, 89.7193703576, 0.983745716397, 5.4425855228, 1.02043616432, 4.27665990992, 0.870000922765, 27.0543563471, 2525.33958622
3.41089262388, 1.25250484492, 1.5406081215, 1.00000057403, 5.5094061752, 1.08398000852, 3.61771110777, 1.260000721, 1.0000000689, 4.98712105793, 4.86108060421, 1.05947856553, 2.07799890539, 1.0242035678, 1.0754625621, 1.01574267606, 1.08322464039, 0.915839189289, 4.40609574735, 1.00000099115, 1.00000027695, 84.8623879488, 1.02754341756, 2.64829688484, 1.00477592762, 3.85913576685, 0.870000611276, 26.2485517466, 3067.78850633
1.55532531045, 1.13741800882, 1.62651625832, 1.00000093551, 7.05349587553, 1.06204762592, 3.15948367016, 1.26000075394, 1.00000082021, 6.1762631638, 7.34655472134, 1.01087479773, 1.48078639657, 1.02895832565, 1.01142297203, 1.62833542208, 1.02433962519, 1.00127716596, 4.88645982848, 1.0000003638, 1.00000075835, 99.2279958449, 0.941941211189, 2.70542502909, 1.05562786153, 3.89510797112, 0.870000688496, 25.5539547537, 3378.01696309
4.77865149981, 1.02956047101, 1.56163744634, 1.00000039026, 6.02359110943, 1.10319636646, 1.71157891552, 1.26000074962, 1.00000080176, 6.18245345486, 4.31395289511, 1.0273387323, 3.00969434327, 1.07735329461, 1.07692868607, 1.24247945624, 1.03281289493, 1.09776323267, 4.63100709783, 1.00000048983, 1.00000073922, 87.1323202281, 1.05829279143, 3.13306925683, 0.962641692898, 3.58773561804, 0.870000021367, 25.4329380635, 4208.56985555
4.33944574524, 1.32762637559, 1.4231297892, 1.00000028631, 5.27295258666, 1.18026184057, 5.67850166038, 1.26000015347, 1.00000015586, 5.70218030706, 4.74829733606, 1.0898155544, 2.44962712979, 1.06673208104, 1.03740201266, 1.54088649448, 1.13460420574, 0.918356408054, 4.37750209304, 1.000000017, 1.00000078566, 104.668682594, 0.932301345299, 1.81496581536, 0.980453413601, 3.88513345298, 0.870000124099, 24.7393393595, 4731.89339706
4.64080934097, 1.31488840932, 1.52109289291, 1.0000003821, 4.66718775988, 1.17668892752, 3.09971236529, 1.26000004127, 1.00000017202, 5.63376308965, 4.4631322491, 1.0522333473, 1.79391915011, 1.11566177785, 1.06084601642, 1.31341880811, 1.08749805966, 0.969999720369, 7.81779261403, 1.00000031182, 1.0000007574, 113.562499718, 1.05271506401, 5.7224041428, 0.999878272052, 3.30225960035, 0.870000445351, 22.4757259109, 5769.90235097
2.6690714961, 1.02500120369, 1.68302269721, 1.00000005624, 4.5774966399, 1.14471065496, 3.67509463335, 1.26000094742, 1.00000000896, 4.9768552278, 5.61311367821, 1.09673343404, 1.10454998321, 1.08616946166, 1.01510007358, 1.32030671158, 1.00250401274, 1.03799255526, 3.73092139749, 1.00000096698, 1.00000062108, 114.9425777, 1.00197549208, 1.81602597392, 1.00478229583, 4.31038415973, 0.870000763863, 22.3970603542, 7941.76213579
1.91909799235, 1.13741800882, 1.62651625832, 1.00000074506, 7.05349587553, 1.06204762592, 2.10463482087, 1.26000075394, 1.00000082021, 6.1762631638, 7.34655472134, 1.01087479773, 1.48078639657, 1.03463189185, 1.01142297203, 1.62833542208, 1.02433962519, 1.00127716596, 4.88645982848, 1.0000003638, 1.00000075835, 99.2279958449, 0.941941211189, 2.70542502909, 1.01621509557, 3.89510797112, 0.870000688496, 22.3789489978, 8927.64031933
4.33944574524, 1.32762637559, 1.4231297892, 1.00000028631, 5.27295258666, 1.18026184057, 5.67850166038, 1.26000015347, 1.00000015586, 5.70218030706, 4.74829733606, 1.0898155544, 2.44962712979, 1.06673208104, 1.03740201266, 1.54088649448, 1.13379141389, 0.918356408054, 4.37750209304, 1.000000017, 1.00000078566, 104.668682594, 0.932301345299, 1.81496581536, 1.03785339337, 3.88513345298, 0.870000124099, 21.6795451685, 13181.4653128
1.87697559489, 1.08545898959, 1.38483499548, 1.00000017112, 4.87074317363, 1.0574150446, 1.83741875507, 1.26000017956, 1.00000085319, 5.98420422688, 6.50429009225, 1.04906128216, 1.85897580798, 1.11788628284, 1.01655515399, 1.56110215172, 1.00231835784, 0.995178590848, 4.66217321968, 1.00000021806, 1.00000021299, 124.309079512, 0.97888507404, 5.22203870159, 1.00478229583, 3.95901127327, 0.870000696549, 31.762080787, 2772.72628029
3.55783603835, 1.34391676832, 1.69061986694, 1.00000041902, 5.48795908616, 1.02564362213, 3.1469302474, 1.26000098614, 1.00000065176, 5.80124552129, 5.92515604845, 1.09623257473, 1.87832510959, 1.04168996222, 1.01451238536, 1.27016469243, 1.15717525335, 0.96988016472, 8.41798516411, 1.00000013877, 1.00000058044, 83.0518576819, 1.04330913313, 1.01381767497, 1.05925453733, 4.2309534923, 0.870000916113, 43.9421386029, 2565.38618323
5.48104753399, 1.31003516819, 1.36846669969, 1.00000001594, 4.30615496763, 1.07069128649, 5.40394984529, 1.26000017903, 1.0000003287, 5.37593307627, 4.09052078312, 1.01389296914, 3.53645882143, 1.0574923521, 1.07603369918, 1.28197148299, 1.04801697199, 0.964194934611, 7.94938578878, 1.00000026935, 1.00000006454, 80.8548201491, 1.050117413, 3.13716993624, 1.02783996373, 3.93312594451, 0.870000978632, 29.559359027, 2942.39891688
3.90699455876, 1.08259667926, 1.72031975239, 1.00000006851, 4.90479729924, 1.15630285759, 2.00984948159, 1.26000045018, 1.00000086879, 5.11965329142, 7.1534540287, 1.06421638313, 2.49417666551, 1.06555487796, 1.0208168708, 1.49575998157, 1.08142439839, 0.918645497466, 6.10883795429, 1.00000064919, 1.00000081662, 90.5039784496, 0.910146042249, 4.59510073735, 1.06424400226, 3.95406737342, 0.870000296609, 35.7648509194, 2569.81767599
4.22281936993, 1.33818477873, 1.35172294781, 1.0000007054, 5.9126204926, 1.05401249085, 2.06381273079, 1.26000017235, 1.00000091993, 6.01533752754, 4.1619188504, 1.08156233365, 4.04899864762, 1.03363387271, 1.0810511839, 1.16635035887, 1.00744923558, 1.07826704183, 4.37412188353, 1.00000069834, 1.00000090456, 102.45110702, 0.923904945066, 1.4606719833, 0.962507769815, 4.15417940444, 0.870000525399, 22.7224767608, 8765.14477143
