2.19129464745, 1.35102644153, 1.03828753479, 1.16630395114, 2.22405463525, 0.732037870327, 4.50010668542, 0.845102170512, 0.970101971817, 5.8020457686, 7.51989775955, 1.01224872838, 3.2099599097, 1.2817414063, 0.835926960269, 1.27744602227, 1.07533328941, 0.99930786359, 6.47680607081, 1.01113597696, 0.991554033958, 411.926440817, 1.0162259782, 5.73103784153, 0.999002320158, 2.7108325417, 1.22209176533, 14.0878852567, 8.24062255203
3.48768058005, 1.31080730779, 1.73411207927, 1.06456704873, 4.45514957455, 0.892997531849, 1.1556055151, 1.01904141637, 1.01111383134, 4.66323418968, 2.41574250287, 0.843094495947, 2.56770317675, 1.07445500072, 0.898649329452, 1.27423809717, 1.07025521491, 1.21624983504, 4.41858571008, 0.991672008102, 0.982757788683, 57.4110186782, 1.1992296743, 4.97853725042, 1.00900985777, 4.62310650182, 1.12002281016, 27.5766213081, 13.9277034664
2.41628804479, 1.27246236339, 1.48590026524, 1.04224723493, 4.90803509931, 0.833428923352, 4.32911913941, 1.14409827914, 1.07609568357, 1.72820603573, 7.33654464374, 1.17479375105, 4.61613486307, 1.2664843595, 0.825153424744, 1.40076259453, 1.05172060208, 0.961007831035, 4.90902262579, 1.04762973411, 0.925458720314, 298.162034618, 0.962067153717, 4.18968625802, 1.16275900649, 2.91558221259, 0.880049067982, 43.4156431987, 9.76157110423
1.40555320254, 1.03405641737, 1.36237708093, 0.928764341592, 2.82935544535, 1.18948710287, 2.32045365304, 0.978995885612, 1.03118868551, 3.16639335417, 1.60893192192, 1.00167437004, 1.71412919043, 0.995834459386, 0.785252621117, 1.24939119212, 1.01168980018, 1.1590635105, 8.88890714077, 1.00582069336, 0.861668118061, 231.166118884, 1.17830315587, 5.41986543516, 1.10127083012, 5.12661371365, 1.02503798116, 42.3920767112, 15.4938041071
3.87466832717, 1.18161193635, 1.68670944612, 1.18131750494, 6.71105792193, 0.766670345262, 1.67849076975, 1.09189655579, 1.00230842454, 5.75458717906, 1.58951681805, 0.844816786016, 2.75100883306, 0.811481739035, 1.03711604505, 1.47193644585, 1.04575596609, 0.838458162281, 3.76936131284, 0.98837201031, 0.930373305443, 117.355184535, 0.963938149123, 5.56999938082, 1.03906675575, 5.05217328376, 1.0315963568, 57.3044152547, 12.7935462575
3.48768058005, 1.31450641255, 1.73411207927, 0.954215535861, 4.45514957455, 0.892997531849, 1.1556055151, 1.01904141637, 1.01111383134, 4.66323418968, 2.41574250287, 0.843094495947, 1.59658380576, 1.07445500072, 0.898649329452, 1.27423809717, 1.07025521491, 1.21624983504, 4.41858571008, 0.991672008102, 0.982757788683, 57.4110186782, 1.1992296743, 4.97853725042, 1.00900985777, 4.62310650182, 1.12756883978, 72.259879752, 11.3262934035
1.11743526417, 1.41630179507, 1.51234660102, 0.859861182412, 2.6900064483, 1.04032032166, 1.2893934727, 0.848352446423, 1.05507930038, 3.3669192663, 7.78397085557, 0.89275537668, 3.34585913137, 1.01947686318, 0.933269724276, 1.10946699568, 1.0405767115, 1.1346439005, 5.83013157462, 1.00867460763, 0.834310353128, 90.8080658669, 1.16521762024, 5.13261189276, 1.1598057971, 1.53589936008, 1.29204396739, 69.1908590876, 13.3406482869
5.33283376886, 1.04715370107, 1.62640051714, 1.05214547331, 4.83182589777, 0.722448353321, 4.17244793057, 0.945021538414, 1.03073357818, 3.31293811822, 5.67362853592, 0.840069771516, 2.53165121294, 1.12364203182, 0.932129915577, 1.39098380245, 1.08778168925, 0.91114627778, 9.25948677163, 0.981983698378, 0.881218094061, 208.459464165, 0.916042856823, 1.75431117039, 1.08308657774, 2.52130811369, 1.16106724822, 189.81958302, 12.4848731345
5.53033325215, 1.32822096378, 1.06621555875, 0.971943333971, 2.00484762205, 0.937296000063, 3.147328139, 0.862583144998, 0.90938320918, 5.25797326723, 5.24951656517, 1.19387770134, 4.5499352828, 1.02316646106, 1.00856651174, 1.33799696625, 1.0116684179, 1.09242541841, 7.74854069831, 1.12623700499, 0.901035239357, 299.16528923, 1.02152154256, 3.19912982363, 1.13709697465, 3.27081198858, 1.12432382894, 205.726174073, 13.1351214485
2.64152430569, 1.21452220384, 0.778643393192, 0.961124210103, 4.8774802082, 1.04619606845, 1.5551513986, 1.11218717652, 1.0406547899, 5.54923474052, 6.70324020898, 1.03433210221, 2.43034897242, 1.02679553632, 0.83533888505, 1.1630101146, 1.01501282284, 0.81844285785, 8.25698892406, 1.1724582773, 0.946789240994, 193.648345797, 0.923263104359, 1.3591713817, 1.00767170617, 4.26811175977, 0.965097774913, 169.488299338, 14.7134584534
2.20257062164, 1.07800882244, 1.08654794535, 1.11692996218, 1.55063134698, 0.97179686931, 5.7156601011, 1.10821754143, 0.909758313568, 3.09511276392, 2.80135250784, 0.890699113369, 1.43233723276, 0.856561832629, 0.875058911546, 1.51902707216, 1.08375782675, 1.1386495302, 4.34102699238, 1.03472894148, 0.922852264336, 30.0020697111, 1.19617131873, 2.12104769408, 1.06460222573, 4.6639870403, 1.27314317212, 109.706291346, 20.7070018272
3.24099811668, 1.37746316551, 0.836054267338, 0.965342049632, 6.77136377692, 0.994418514298, 2.4452792934, 0.844483606638, 0.927945292889, 5.7085633494, 2.91674648447, 0.816782654732, 2.29088339167, 0.989350710406, 0.838468516209, 1.01556247884, 1.0952852669, 1.14986909032, 3.31780374901, 1.15200455104, 0.815803768679, 391.269672218, 1.00297955303, 5.10669433641, 1.10016561708, 4.26892326875, 0.978650132031, 150.401889152, 16.6848556779
4.08700154085, 1.19176637204, 1.6848737601, 1.18015981017, 5.2967248707, 0.764161175875, 5.15490929991, 0.999956833831, 1.06166918284, 1.67989780701, 2.02049897647, 0.885396110992, 3.47503410273, 1.22405843261, 0.920210491127, 1.26636659344, 1.04797980587, 1.16628582883, 8.74775134928, 0.954011817011, 0.965363426575, 128.36457435, 1.1222116402, 5.65293162643, 1.2126604319, 3.11781919675, 1.04159040428, 178.102303691, 14.9785466224
1.65379244687, 1.40025508082, 1.57452505416, 0.932290673895, 4.27645409946, 0.825257876671, 3.37317251796, 1.19150653414, 1.05619616041, 2.01639094379, 5.04458240314, 0.936345333458, 4.00595063668, 1.21834195715, 0.883455833945, 1.53019303922, 1.1397008281, 1.01961234465, 7.30778304515, 0.971103037383, 0.871492378519, 130.365863814, 1.15997932551, 5.767674361, 1.09176362746, 1.13799898629, 0.970965083668, 296.478427188, 14.8413261339
5.77140485212, 1.04715370107, 1.62640051714, 1.05214547331, 4.83182589777, 0.792845395215, 4.17244793057, 0.945021538414, 1.03073357818, 3.31293811822, 5.67362853592, 0.840069771516, 2.53165121294, 1.12364203182, 0.932129915577, 1.39098380245, 1.08778168925, 0.91114627778, 7.74854069831, 0.981983698378, 0.881218094061, 208.459464165, 0.916042856823, 1.75431117039, 1.08308657774, 2.52130811369, 0.930982256133, 395.352546195, 15.48100046
4.08700154085, 1.19176637204, 1.6848737601, 1.18015981017, 5.2967248707, 1.0187178211, 5.15490929991, 0.999956833831, 1.06166918284, 2.28638200341, 2.02049897647, 0.885396110992, 3.47503410273, 1.22405843261, 0.920210491127, 1.18062991586, 1.04797980587, 1.16628582883, 8.74775134928, 1.00268799738, 0.965363426575, 128.36457435, 1.1222116402, 5.65293162643, 1.2126604319, 3.11781919675, 1.04159040428, 209.639784539, 15.6466279996
1.59011672996, 1.1938017157, 1.507931225, 0.842065974773, 6.55525645302, 0.764161175875, 1.45897808736, 1.20192486112, 0.92518664429, 2.4500189973, 5.85115506236, 0.891893415256, 3.72134454926, 1.28291965205, 0.809346662227, 1.62555442956, 1.08628608014, 0.948051983698, 6.74360228464, 1.14823020019, 0.92348118209, 336.231132109, 1.02157407641, 3.63332934209, 0.954404007633, 2.75716888997, 1.19301179458, 333.869541785, 15.5188739197
4.59964630257, 1.06850112754, 1.14810692023, 1.00274131795, 4.85890388929, 0.812706538233, 5.14705506483, 0.950669223498, 1.0640353983, 4.1249611151, 5.5424172477, 0.979090490057, 3.65912813991, 1.24058812652, 0.935227934961, 1.35340250864, 1.06088206135, 1.07998021902, 8.92713513626, 0.91094418957, 0.819023256443, 66.7537120062, 0.893441445159, 2.91696409939, 1.14542942372, 1.53615297009, 1.03352548739, 287.621792775, 20.3453903726
1.21266171684, 1.41582213004, 0.963902965998, 0.923314643566, 5.43120759811, 1.09985851402, 3.25221467328, 0.8431926783, 0.942383760982, 4.32203086992, 3.2593782349, 1.13801926396, 4.03016684502, 1.24269479105, 0.922385995051, 1.19136697944, 1.16488645724, 1.01961234465, 4.13571741285, 1.09903521224, 0.871492378519, 406.273918926, 1.18389810105, 3.59989319314, 1.1657555849, 3.55120269738, 1.03691125109, 225.281936721, 25.6506598131
2.41628804479, 1.27246236339, 1.48590026524, 1.04224723493, 4.90803509931, 0.833428923352, 4.32911913941, 1.14409827914, 1.07609568357, 1.72820603573, 7.33654464374, 1.17479375105, 4.61613486307, 1.2664843595, 0.825153424744, 1.40076259453, 1.05172060208, 0.961007831035, 4.90902262579, 1.04762973411, 0.925458720314, 298.162034618, 0.962067153717, 4.18968625802, 1.16275900649, 2.91558221259, 0.880049067982, 362.19032087, 16.3226814551
3.01106788088, 1.41265860853, 1.65223758118, 0.858607300281, 4.32921751413, 0.804807661982, 2.91436813235, 1.10956618612, 1.07982622388, 1.49443980204, 6.77182703683, 0.883504962022, 4.87597240797, 1.1476684892, 0.925885225642, 1.19539431259, 1.10921802935, 1.18557429193, 8.96807430416, 1.02174028418, 0.778903153156, 413.975884802, 0.962327152578, 3.16463866939, 1.06401781484, 2.27239360778, 0.885147240852, 366.043697154, 15.7952780162
3.87434111047, 1.23736742677, 1.06168939573, 0.954215535861, 6.10913320895, 0.876864372384, 4.64405755665, 1.04907838433, 1.09169356558, 5.8429342038, 5.27323897073, 1.02217881722, 4.99376050149, 1.08140196809, 1.04780490104, 1.2457330668, 1.06738986226, 0.924054454999, 3.88262998762, 1.04164424352, 0.878663443388, 177.105235874, 1.02374927891, 1.78163634213, 0.990567599028, 3.85703764771, 1.1568236791, 230.759521572, 27.5639852948
5.30822612644, 1.24431818936, 1.0925082515, 0.830347653998, 1.93426116744, 0.905524581068, 4.78934536878, 0.896016024107, 1.0240431022, 5.57702795932, 3.07549294086, 0.979949923885, 1.62140621494, 0.988819540361, 0.92148392583, 1.13189075113, 1.14633290603, 0.918941468676, 9.90617917185, 1.01387403328, 0.969807483049, 251.764252752, 0.932623819204, 5.47768131747, 0.979912031674, 5.07027599701, 1.09267437325, 237.852089986, 26.3394877108
4.42928015645, 1.40887922702, 1.22527915346, 0.845661244479, 2.78852431131, 0.939366951344, 2.71100977396, 1.21630875494, 0.98470138598, 3.21070686605, 6.59596469707, 0.947423399722, 2.8713305968, 1.02704996851, 0.836159523339, 1.11466351286, 1.06062704567, 1.03553186479, 7.98713181549, 1.13681460686, 0.880221021829, 415.360325868, 0.850354009416, 1.6119062528, 1.23533105853, 3.42819103682, 0.979692316675, 378.443122077, 15.8327794601
5.33283376886, 1.32822096378, 1.62640051714, 0.884556922263, 4.83182589777, 0.937296000063, 4.17244793057, 0.945021538414, 1.11744268073, 2.93491320944, 5.67362853592, 0.827598581885, 2.53165121294, 1.12364203182, 0.932129915577, 1.39098380245, 1.08778168925, 0.91114627778, 9.25948677163, 0.981983698378, 0.881218094061, 208.459464165, 0.916042856823, 1.75431117039, 1.08308657774, 2.52130811369, 1.16106724822, 353.572555613, 18.0149271654
4.61788471634, 1.00619168082, 1.53144525627, 1.09166017074, 5.28042707393, 1.14031920837, 3.16506470405, 1.1662152788, 1.06051571057, 2.76641774659, 6.41732053756, 1.13340108311, 3.89857108679, 1.20980023406, 0.987063047333, 1.33460048076, 1.16838179693, 0.904893877545, 9.54274894704, 0.979550647258, 0.973923401764, 142.040825035, 1.15182413877, 3.91813545335, 1.19874506732, 1.83213912206, 0.944258525265, 323.333674495, 22.2137913859
4.09540980643, 1.24464873472, 1.25751080437, 1.20613133753, 5.37876768284, 0.852961070006, 3.89508106883, 1.06631892889, 1.06374019504, 1.27680883026, 7.51731619091, 0.962350527066, 4.51439985892, 1.25389695635, 1.07702209842, 1.34112037307, 1.06720164463, 0.889521716123, 3.76855163478, 1.09956768181, 0.783695076737, 357.190360305, 1.08747367846, 3.73412537262, 1.23104252259, 4.47079945537, 1.29206955654, 260.277333658, 27.567712684
5.61573742646, 1.36340026621, 1.24955645434, 1.05275052132, 3.48857071866, 1.16631432103, 2.86667274197, 1.04420066211, 1.12061122071, 2.48747231144, 5.51433879668, 0.969409391273, 4.38474181623, 1.22320531276, 0.797742939247, 1.44652417476, 1.0208556578, 0.860439197673, 7.97759990915, 1.04878823125, 0.872815967125, 338.709715245, 1.03255705183, 2.55887131794, 1.1366413561, 4.12791271574, 1.120840506, 370.960307583, 16.4382509942
4.26173057557, 1.39383250287, 0.965539251625, 0.812851315691, 4.13706735638, 1.00065304395, 1.69564423394, 0.855473159256, 1.08585495277, 4.26016876099, 2.5153679805, 1.03765247212, 2.82477354957, 0.947550455589, 1.06923410952, 1.54823172561, 1.14618585075, 0.853835375719, 4.7310078605, 1.16445911132, 0.894655488502, 92.3821434465, 0.893650477925, 1.14945902772, 1.07031613609, 1.02288725391, 0.989771184926, 311.177437381, 28.7498708377
1.9159885408, 1.05994106422, 0.826807162579, 0.84174350211, 2.39390011965, 1.11581952241, 1.96129297834, 1.04757930447, 1.13044906406, 4.03951772934, 5.25661183047, 0.829956049592, 2.73177407474, 1.01054454357, 0.912124513402, 1.26264071048, 1.00916552084, 1.20372951755, 8.69655275637, 1.17514540953, 0.81574994676, 324.516610187, 0.939436493059, 1.61004460781, 1.14010417147, 3.93334033279, 0.936022404088, 389.492014663, 18.5911166202
5.53033325215, 1.32822096378, 1.06621555875, 0.971943333971, 6.74339998913, 0.937296000063, 3.147328139, 0.862583144998, 0.90938320918, 5.50400076972, 5.24951656517, 1.19387770134, 4.87067591871, 1.02316646106, 1.00856651174, 1.33799696625, 1.0116684179, 1.09242541841, 7.74854069831, 1.12623700499, 0.901035239357, 299.16528923, 1.02152154256, 3.19912982363, 1.13709697465, 3.27081198858, 1.12432382894, 493.420038814, 17.4834649178
2.20256633126, 1.08182164375, 0.766596910646, 1.03554100955, 2.13636654525, 1.13342402371, 1.78831355275, 0.93154517516, 0.999260342567, 4.98527987179, 5.62016639749, 1.09994372422, 2.18673776271, 1.26279791839, 0.936599851878, 1.45592510965, 1.123677763, 1.00075721532, 3.50541957916, 1.09150496159, 0.824085230831, 288.848951333, 0.848708514821, 4.96881644898, 1.0640661693, 2.31412349903, 1.17448416418, 581.071356704, 17.6416164878
4.49551039188, 1.24399780941, 1.72586801115, 1.18388629749, 4.81942352973, 1.17563978835, 1.20950613626, 1.19568041066, 0.908503008886, 5.94455884981, 2.84766077623, 0.943980603781, 2.81329010868, 1.21491642333, 1.08862456082, 1.49340086514, 1.1056105926, 1.0629116456, 7.21146564851, 1.05132580965, 0.971878149061, 390.390203104, 0.860626445322, 4.57712176049, 1.20576855191, 3.59586369398, 0.917212234178, 587.320323494, 17.6172822842
4.59964630257, 1.06850112754, 1.14810692023, 1.00274131795, 4.85890388929, 0.812706538233, 5.14705506483, 0.950669223498, 1.0640353983, 4.1249611151, 5.5424172477, 0.979090490057, 3.65912813991, 0.8610735653, 0.935227934961, 1.35340250864, 1.06088206135, 1.07998021902, 8.92713513626, 0.91094418957, 0.819023256443, 66.7537120062, 0.893441445159, 2.91696409939, 1.14542942372, 1.53615297009, 1.03352548739, 498.285547712, 18.1630310022
3.42128932339, 1.36062260328, 1.52210671224, 1.00262865266, 5.48844280555, 0.735395016855, 3.83430716662, 1.01236598059, 0.947307124736, 3.20214900499, 6.23184659534, 0.936301268911, 3.74784269738, 0.912326604029, 0.974065715259, 1.38742073618, 1.06403377201, 1.1791677964, 4.22084921686, 0.973303547915, 0.912020067426, 223.636605328, 0.867434339181, 5.79669437622, 0.987388340795, 2.34281581374, 1.2181608266, 442.484008266, 19.5262717488
3.4918718888, 1.32353031188, 1.20944960716, 0.839662895574, 2.30912639841, 0.79199623748, 3.31464686958, 1.07066606041, 0.986831441036, 4.98074344932, 4.70271212699, 1.04768845775, 1.54738944514, 0.847388428416, 0.866517168288, 1.17897694713, 1.03429465602, 1.08533113301, 4.9682687677, 1.01541261502, 0.883321515619, 223.670131753, 1.05789990822, 3.56561817977, 1.1289321672, 2.35587987674, 1.22333536607, 395.293255208, 22.115995933
2.19129464745, 1.21782719536, 1.03828753479, 0.823763394005, 2.22405463525, 0.732037870327, 4.50010668542, 0.845102170512, 0.970101971817, 5.24192281465, 7.51989775955, 1.18150774064, 2.34791802408, 1.15627240484, 1.03705347794, 1.27744602227, 1.07524563258, 0.99930786359, 5.50786249832, 1.01113597696, 0.991554033958, 322.982323126, 1.0162259782, 5.15655813755, 0.999002320158, 2.7108325417, 1.22209176533, 460.175296271, 20.1578052462
4.69227271375, 1.26882058367, 0.855826999568, 1.07342153156, 5.41766114806, 0.805943665238, 4.71462114017, 1.02399524106, 1.0960994852, 4.85740450218, 4.14235919517, 0.913500451856, 3.2099599097, 1.2817414063, 0.976226305972, 1.06008330923, 1.03042651898, 0.915741997057, 3.19833341262, 1.07047016464, 0.852367877687, 78.7363862647, 1.15454784493, 2.84559480975, 1.159199018, 1.41065513332, 0.944624070784, 665.991949598, 18.5806929612
4.1415568528, 1.33832308532, 1.28976790588, 1.00985575512, 1.95734151113, 1.15021581943, 3.36957049747, 0.95704683177, 1.08910288371, 3.71129038466, 7.23269950985, 0.825883204012, 4.50140957358, 1.23089302909, 1.01932695891, 1.01629900575, 1.08114370031, 1.08295247403, 9.184229298, 0.911849230865, 0.999006843875, 149.958488691, 0.933696837352, 3.15556814496, 1.0432395066, 4.21409142113, 0.872531479253, 729.484233258, 18.5603813419
3.61877531955, 1.09443170517, 1.22536439171, 1.07579631925, 2.89416007758, 0.98834990353, 4.91914855697, 1.25207497756, 0.950107356956, 3.8406726364, 7.29893823704, 0.818754302228, 2.77307155687, 0.999070983239, 1.00695858315, 1.27066761876, 1.16870909436, 1.11209864141, 5.76838691955, 1.16734345362, 0.799817706075, 380.582630025, 1.15130197584, 2.5747723227, 1.04662314234, 3.20798307854, 1.28833224161, 641.415785341, 18.5959270139
3.06002882178, 1.38478707329, 1.46880058306, 0.993709553163, 2.09299739996, 1.04173742022, 2.54172741633, 0.866610101386, 1.11027281742, 5.31168854112, 2.46726545388, 0.851903596475, 2.58036505732, 1.2666883598, 1.01859494659, 1.35291713242, 1.05468309733, 0.846286894969, 4.99078369808, 1.12034409097, 0.977298876498, 404.521022186, 1.06516923678, 5.20814664247, 0.993449540562, 1.22306734651, 1.25147887077, 530.865729248, 20.4412883505
5.53033325215, 1.32822096378, 0.842535906372, 0.971943333971, 6.74339998913, 0.937296000063, 3.147328139, 1.22754334282, 0.90938320918, 3.49615885012, 5.24951656517, 1.19387770134, 3.91903400286, 1.02316646106, 1.00856651174, 1.45069194475, 1.0116684179, 0.939995799126, 7.74854069831, 1.12623700499, 0.901035239357, 299.16528923, 0.842478914322, 3.19912982363, 1.13709697465, 2.67800145939, 1.12432382894, 462.089648263, 24.1415188805
2.76296110282, 1.13585264445, 1.28409983766, 1.05050232357, 4.66440053101, 1.17717614515, 4.82719008021, 1.04617726254, 0.920092975372, 3.99898508284, 4.51808476207, 1.04188064473, 2.71607448166, 1.07629660748, 0.982351086257, 1.2088254396, 1.12442353647, 1.15805282947, 9.19618452455, 1.14390846597, 0.792326727596, 72.5740031612, 0.876385461174, 5.42758088515, 1.01687495233, 3.82795707298, 1.20116734187, 398.872551012, 32.1939748716
3.18630803557, 1.38478707329, 1.46880058306, 0.993709553163, 2.09299739996, 1.04173742022, 2.54172741633, 0.866610101386, 1.11027281742, 5.31168854112, 2.46726545388, 0.851903596475, 2.75037125972, 1.2666883598, 1.01859494659, 1.35291713242, 1.05468309733, 0.846286894969, 4.99078369808, 1.12034409097, 0.977298876498, 404.521022186, 1.06516923678, 5.20814664247, 0.993449540562, 3.82795707298, 1.25147887077, 429.653247932, 33.8174056229
4.17862944784, 1.40722128346, 1.71787223225, 1.19216522642, 6.38234484808, 1.08728300905, 5.14265957316, 1.12062526135, 0.933673937511, 1.39262586821, 6.40865948672, 1.2141319331, 2.95021512388, 1.24632289721, 0.847425589831, 1.35075764214, 1.11853972992, 1.00303188005, 7.43630697252, 0.950422047388, 0.973069442058, 140.161950714, 1.03827916869, 3.82324315179, 0.951803247596, 1.31392533574, 1.27256989089, 625.03855473, 21.4161515104
2.64152430569, 1.21452220384, 0.742541646348, 0.961124210103, 4.8774802082, 1.04619606845, 1.5551513986, 1.11218717652, 1.0406547899, 5.54923474052, 6.06213620513, 1.03433210221, 2.43034897242, 0.994144456798, 0.83533888505, 1.1630101146, 1.01501282284, 0.81844285785, 8.25698892406, 1.1724582773, 0.946789240994, 193.648345797, 0.923263104359, 1.3591713817, 1.00767170617, 4.26811175977, 0.921398753616, 546.255666437, 25.5627694489
4.81927988857, 1.28315586742, 1.3668088056, 1.20037411968, 4.69580718403, 1.11014741729, 2.77475349418, 1.10149795785, 1.1246649114, 4.31323578484, 3.75277823642, 1.10230453811, 2.20150455196, 1.16468391043, 0.999063645265, 1.29218777032, 1.05377116965, 1.11529240517, 6.33272888181, 1.06157708464, 0.972443304581, 236.235431812, 0.965114916737, 2.48189539826, 1.15352588187, 3.77191249628, 0.884074830741, 1065.90637096, 20.5071148948
3.06002882178, 1.38478707329, 1.46880058306, 0.993709553163, 2.09299739996, 1.04173742022, 3.90230944913, 0.866610101386, 1.07982622388, 5.31168854112, 2.46726545388, 0.851903596475, 2.58036505732, 1.2666883598, 1.01859494659, 1.35291713242, 1.05468309733, 0.846286894969, 8.96807430416, 1.12034409097, 0.977298876498, 404.521022186, 1.06516923678, 5.20814664247, 0.993449540562, 1.22306734651, 1.25147887077, 738.916347289, 20.509187552
3.01106788088, 1.41265860853, 1.65223758118, 0.858607300281, 4.32921751413, 0.804807661982, 3.10033113828, 1.10956618612, 1.11027281742, 1.49443980204, 6.77182703683, 1.01667370152, 4.73624922928, 1.23194681528, 0.925885225642, 1.21817877288, 1.10921802935, 1.18557429193, 4.99078369808, 1.10987523995, 0.778903153156, 402.994604298, 0.962327152578, 3.16463866939, 1.06401781484, 2.27239360778, 0.887215611205, 657.284668573, 21.9017709277
5.79941806249, 1.40472060411, 0.944658792365, 0.82909801703, 5.36248437388, 0.919169273534, 3.44060195089, 0.887865499471, 1.09594365558, 3.44022292958, 2.19960173387, 0.986632212736, 1.94773715284, 0.863237037855, 0.799263063389, 1.38138958441, 1.16919077085, 1.18719138869, 3.15873363882, 1.00416357787, 0.882644041329, 208.143518805, 1.0986414754, 5.47876748249, 1.1390848186, 2.76779348065, 1.05585973162, 565.237838551, 26.0726972784
3.64483208611, 1.42499988568, 1.17802360713, 1.15561955422, 1.86684091014, 0.777173342564, 5.672042629, 1.22754334282, 0.948044637883, 5.50400076972, 2.53316842724, 0.932860101225, 4.87067591871, 0.92941476523, 0.887625687931, 1.32164650742, 1.01790352993, 0.939995799126, 4.39069969094, 1.18400038536, 0.849410099532, 67.9697149506, 0.842478914322, 4.53828387556, 1.16745252998, 3.478655073, 1.03794009359, 596.849232793, 25.8851859837
1.85047880019, 1.06312294815, 1.14810692023, 1.00274131795, 4.85890388929, 0.812706538233, 5.14705506483, 0.950669223498, 1.0640353983, 4.1249611151, 5.5424172477, 0.979090490057, 3.65912813991, 0.8610735653, 0.963273417284, 1.62873334364, 1.06088206135, 1.07998021902, 9.26760969531, 0.91094418957, 0.819023256443, 66.7537120062, 0.893441445159, 2.91696409939, 1.19943445556, 1.53615297009, 1.20638984756, 1153.56411697, 21.2780476068
4.72628349183, 1.16613468096, 1.39097373313, 0.965265628452, 6.75992131835, 0.871945167188, 2.09704464194, 1.22262672458, 0.954504065201, 3.4476625337, 6.19763828812, 1.17479375105, 4.61613486307, 0.979159136959, 0.993701475638, 1.06221833025, 1.05605704526, 1.18920622286, 8.34051316585, 0.983564854022, 0.925458720314, 175.024135695, 1.10354660788, 3.71519645682, 1.16275900649, 1.99078487988, 1.24169936793, 1013.21370087, 21.521685759
4.69227271375, 1.26882058367, 0.855826999568, 1.07342153156, 5.41766114806, 0.805943665238, 5.4415825131, 1.02399524106, 1.0960994852, 4.85740450218, 4.14235919517, 0.913500451856, 2.34791802408, 1.15627240484, 0.976226305972, 1.06008330923, 1.03042651898, 0.915741997057, 3.19833341262, 1.07047016464, 0.852367877687, 78.7363862647, 1.15454784493, 2.84559480975, 1.159199018, 1.41065513332, 0.944624070784, 538.113275027, 33.3121910635
1.04552132224, 1.42449751059, 1.0858963791, 1.18015981017, 6.16376670663, 0.91620252287, 2.53230903173, 0.996162698056, 1.11311458722, 2.50312568803, 3.41572731089, 1.03742729456, 1.90036683926, 1.23747279463, 0.856406169106, 1.16610185281, 1.00645399509, 0.978089552789, 3.07848426905, 0.941530767196, 0.956292914154, 61.6483657006, 1.09864371459, 5.73862543774, 1.1185640635, 3.02921648202, 1.18790864517, 531.716209607, 34.6329771506
5.53033325215, 1.32822096378, 0.842535906372, 0.971943333971, 6.74339998913, 0.937296000063, 3.147328139, 0.862583144998, 0.90938320918, 3.49615885012, 5.24951656517, 1.19387770134, 4.87067591871, 1.02316646106, 1.00856651174, 1.45069194475, 1.0116684179, 1.09242541841, 7.74854069831, 1.12623700499, 0.901035239357, 299.16528923, 1.18201384558, 3.19912982363, 1.13709697465, 2.67800145939, 1.12432382894, 1032.29803252, 21.525257601
1.40555320254, 1.03405641737, 1.36237708093, 0.928764341592, 2.82935544535, 1.17011268455, 2.32045365304, 1.12282176653, 1.03118868551, 1.86877418888, 1.60893192192, 1.00167437004, 1.26683149278, 0.995834459386, 0.785252621117, 1.24939119212, 1.01168980018, 1.1590635105, 8.88890714077, 1.00582069336, 0.982757788683, 231.166118884, 1.17830315587, 5.41986543516, 1.10127083012, 5.12661371365, 1.02503798116, 1000.05956116, 21.9903493059
1.0885679879, 1.42083929815, 1.61694635377, 1.05887711115, 2.22236237518, 1.13134872975, 3.14707635397, 1.17507899253, 0.926964555414, 4.89773249057, 6.07682792908, 1.10233658348, 4.76809011537, 1.09278174331, 1.04555285318, 1.45105337395, 1.16453471618, 1.1590526813, 3.76391745375, 1.18114410715, 0.79245672573, 321.324698805, 1.01174879688, 2.18587072419, 1.09400833924, 2.76088212034, 1.04431747829, 703.71181839, 22.4389749549
3.56621699691, 1.31368678029, 0.820767769615, 1.19236999964, 3.57430753336, 1.01051780341, 1.61624717537, 0.887707518243, 1.13109401273, 3.32453302088, 4.14679288395, 1.13388018104, 2.68847122294, 0.944194743613, 0.821697700102, 1.40938527886, 1.14302855054, 1.20926173749, 8.08012753361, 0.937136148991, 0.912010627739, 269.120688357, 1.10693461842, 4.16038145922, 0.993391909446, 3.828112628, 0.997570634325, 1243.49178315, 21.4396271724
1.0885679879, 1.42083929815, 1.61694635377, 1.05887711115, 2.22236237518, 1.13134872975, 3.14707635397, 1.1400787161, 0.926964555414, 4.89773249057, 6.07682792908, 1.10233658348, 4.76809011537, 1.16037102737, 1.04555285318, 1.45105337395, 1.03541000271, 1.09893471008, 3.76391745375, 1.18114410715, 0.79245672573, 401.718373031, 0.974698468456, 2.18587072419, 1.09400833924, 3.99834606933, 1.09077279659, 1050.9665757, 21.7375555096
2.96557721387, 1.22878310592, 1.06908791538, 1.14774944309, 2.93016518814, 0.886489664512, 5.20468919471, 1.16256960203, 0.962059970368, 5.98688426406, 3.66103241665, 0.932862421146, 3.82566770691, 1.0568034751, 1.03856784392, 1.14762851371, 1.1626538254, 0.855846296499, 8.12237922328, 1.14605359687, 0.868489903471, 86.9549870931, 0.910359321397, 4.82289223764, 1.13622779973, 5.18308555699, 1.29157760117, 550.475567737, 35.433813804
2.56024147002, 1.12568201525, 1.27083212276, 0.866761080684, 6.56519691497, 1.01879481448, 1.41621926141, 0.936756914573, 1.11675970572, 1.72919747126, 5.59792149533, 0.902729416109, 1.92464216486, 0.964103581061, 0.961863581886, 1.49612841109, 1.01196787117, 0.886885807843, 6.68441418327, 0.942774128777, 0.919690889748, 273.968900962, 0.928855163353, 3.17468454255, 1.07189250124, 2.89216081924, 1.06438505559, 979.506577951, 22.4915668603
5.80471530295, 1.22596113114, 0.78943477835, 0.945201140119, 6.42918414744, 0.714300267143, 2.53618851475, 0.957194470804, 1.09210926644, 4.96236652583, 6.08349469225, 1.1051203636, 1.17344864534, 1.20725676765, 1.02542131125, 1.54770152748, 1.08161829666, 1.04954845646, 4.47322433563, 1.10537241873, 0.822318771673, 164.429007111, 0.877485691308, 4.97245129913, 1.06044686596, 4.45782638473, 1.09888489138, 759.642317017, 22.6243351438
2.94613276329, 1.1655846059, 1.33734188555, 0.867873349835, 3.96228436829, 0.977545490091, 5.57357575366, 0.946150988475, 1.03621193293, 3.82508112638, 6.13572592104, 0.920270067881, 3.99684629775, 0.89124900036, 1.01653398345, 1.54267494304, 1.07764815527, 1.00815344951, 8.93957949849, 1.17620429989, 0.931647562316, 298.043637604, 0.895120494, 4.16949682625, 1.0761316702, 5.40006426562, 1.05173762214, 1085.1890541, 22.1061742016
2.59360295856, 1.05393381132, 1.12526585301, 0.927741171165, 6.8061797661, 1.01111728499, 5.11847700682, 1.01056416177, 0.960097105685, 1.70672880992, 6.41863988455, 0.988236471382, 4.06094700599, 0.89687978157, 1.07972300051, 1.47872969299, 1.05480999577, 1.14228424641, 6.7827695965, 1.021522605, 0.770161203291, 139.723544495, 0.973156664984, 3.48715735815, 0.980901413982, 1.37111508469, 0.952422565216, 770.971638489, 23.0659743771
4.96988274674, 1.23855223502, 1.60669199599, 0.895320417865, 1.8485921407, 1.13252120949, 3.95331062552, 0.972375224043, 0.914989015331, 2.19732255808, 4.01404600666, 1.13517557904, 3.72390180718, 1.06922548801, 0.931368554328, 1.15941651036, 1.16034757066, 0.983976252291, 9.71261161837, 1.01832347879, 0.82845828791, 394.729364701, 1.09189201984, 3.37572337683, 1.04770246239, 5.38571750512, 1.1671435051, 872.645174056, 22.7712469333
4.36066345546, 1.03276471667, 1.39212207123, 1.21176856146, 1.91852268571, 0.753655660997, 4.19322534395, 1.02174094476, 1.11598707405, 5.62252633025, 6.47704741898, 1.10436478114, 2.19071448053, 0.856449980837, 0.870645357262, 1.18587884064, 1.13252274998, 0.908756835352, 9.36794837545, 1.03769419136, 0.919697397667, 142.022190663, 1.13492259688, 5.3260616773, 1.17886156801, 3.47641336753, 1.0477864086, 788.821143623, 23.0678824306
3.4918718888, 1.3070623505, 1.20944960716, 0.839662895574, 2.30912639841, 0.79199623748, 3.18923955125, 1.07066606041, 0.986831441036, 4.98074344932, 4.70271212699, 1.04768845775, 1.54738944514, 0.847388428416, 0.866517168288, 1.17897694713, 1.03429465602, 1.08533113301, 3.45107719514, 1.01541261502, 0.883321515619, 223.670131753, 1.05789990822, 3.56561817977, 1.1289321672, 2.35587987674, 1.22333536607, 672.380589077, 26.5697208982
4.61788471634, 1.00619168082, 1.53144525627, 1.02705618112, 5.28042707393, 1.14031920837, 3.16506470405, 1.1662152788, 1.0761810889, 2.76641774659, 6.41732053756, 1.13340108311, 3.89857108679, 1.2894316129, 0.987063047333, 1.33460048076, 1.04317796702, 0.904893877545, 9.54274894704, 0.979550647258, 0.973923401764, 142.040825035, 1.15182413877, 3.91813545335, 1.19874506732, 1.83213912206, 1.03787212854, 607.375271451, 37.686292763
4.81927988857, 1.28315586742, 1.3668088056, 1.20037411968, 4.69580718403, 1.11014741729, 2.77475349418, 1.10149795785, 1.07982622388, 4.31323578484, 3.75277823642, 1.10230453811, 1.50043747891, 1.16468391043, 0.999063645265, 1.29218777032, 1.05377116965, 1.11529240517, 6.33272888181, 1.06157708464, 0.972443304581, 236.235431812, 0.965114916737, 2.48189539826, 1.15352588187, 3.77191249628, 0.884074830741, 844.743566663, 23.7787665519
2.59360295856, 1.05393381132, 1.12526585301, 0.927741171165, 6.97349785052, 1.01111728499, 5.11847700682, 1.01056416177, 0.914989015331, 1.70672880992, 6.41863988455, 0.988236471382, 4.06094700599, 0.89687978157, 1.01932695891, 1.47872969299, 1.05480999577, 1.14228424641, 6.7827695965, 1.021522605, 0.770161203291, 139.723544495, 1.01440360587, 3.48715735815, 0.980901413982, 1.37111508469, 0.890656764607, 863.140274658, 23.3594009983
1.47400029138, 1.09673536012, 1.63654128224, 1.19712971977, 3.03663562481, 1.13581716276, 3.31464686958, 1.00636584717, 1.13821290404, 2.5802620678, 2.23207748557, 1.03263982806, 1.86257058516, 1.11943159877, 1.06153314269, 1.57138027913, 1.07814911773, 0.828974375392, 4.9682687677, 1.17745320017, 0.897066059524, 10.7814975069, 0.916889035751, 2.10281525498, 1.01639470862, 4.03099239354, 1.28367403015, 1114.18472884, 22.2825078691
4.08700154085, 1.19176637204, 1.6848737601, 1.18015981017, 4.45061881687, 0.994418514298, 5.15490929991, 0.844483606638, 1.06166918284, 1.67989780701, 2.91674648447, 0.816782654732, 3.47503410273, 1.22405843261, 0.920210491127, 1.26636659344, 1.04797980587, 1.16628582883, 8.74775134928, 0.954011817011, 0.965363426575, 128.36457435, 1.1222116402, 5.72219214858, 1.2126604319, 3.11781919675, 1.04159040428, 1135.66448412, 22.293371647
2.96557721387, 1.42189175363, 1.06908791538, 1.14774944309, 3.57430753336, 1.01051780341, 5.20468919471, 1.16256960203, 0.962059970368, 5.98688426406, 3.66103241665, 0.932862421146, 3.82566770691, 0.944194743613, 1.03856784392, 1.14762851371, 1.1626538254, 0.855846296499, 8.12237922328, 1.14605359687, 0.868489903471, 67.4159343349, 0.910359321397, 4.82289223764, 1.13622779973, 5.18308555699, 1.29157760117, 980.252183531, 23.3306579632
4.59964630257, 1.06850112754, 1.14810692023, 1.00274131795, 4.85890388929, 0.812706538233, 5.14705506483, 0.950669223498, 1.0640353983, 4.1249611151, 5.5424172477, 0.979090490057, 3.65912813991, 0.8610735653, 0.963273417284, 1.62873334364, 1.06088206135, 1.07998021902, 8.92713513626, 0.91094418957, 0.819023256443, 66.7537120062, 0.893441445159, 2.91696409939, 1.14542942372, 1.53615297009, 1.03352548739, 738.105361904, 26.9089350616
5.98496056201, 1.38356892466, 1.72361443645, 1.04216664141, 3.12395931444, 0.727337754505, 1.35663193046, 0.856069377997, 0.92010647557, 2.06718455189, 6.50084639135, 0.836667921993, 4.23458176554, 1.15597187933, 1.05102975256, 1.36057830107, 1.08413809704, 0.841587888155, 8.09171810444, 1.13176263354, 0.880335903612, 58.0614757178, 0.86305726848, 2.13040245629, 1.17731210726, 4.40686270292, 1.08408075741, 725.74521315, 28.5594923975
1.85048953295, 1.05393381132, 1.12526585301, 0.927741171165, 6.8061797661, 1.01111728499, 5.11847700682, 1.01056416177, 1.10223096753, 1.70672880992, 4.72028598026, 0.988236471382, 4.06094700599, 0.89687978157, 1.07972300051, 1.47872969299, 1.05480999577, 1.14228424641, 6.7827695965, 1.021522605, 0.770161203291, 139.723544495, 0.973156664984, 3.48715735815, 0.980901413982, 1.37111508469, 0.952422565216, 938.23025054, 24.2379473276
4.72628349183, 1.16613468096, 1.39097373313, 0.881166996009, 6.75992131835, 0.871945167188, 2.09704464194, 1.22262672458, 0.954504065201, 3.4476625337, 6.19763828812, 1.13299177289, 1.32448580304, 0.979159136959, 0.993701475638, 1.06221833025, 1.05605704526, 1.18920622286, 8.34051316585, 0.983564854022, 0.787871066158, 175.024135695, 1.10354660788, 3.71519645682, 1.10729945905, 1.99078487988, 1.24169936793, 667.326803449, 36.4543265015
1.85047880019, 1.30355421676, 1.29703855539, 1.06336849747, 2.28552185433, 0.769367953994, 5.77780443981, 1.06663089065, 0.940734451456, 2.09063212202, 7.63577902615, 0.810462309158, 1.61838476904, 1.02704996851, 0.926967717155, 1.42397001332, 1.08085774221, 1.12560035552, 9.35121858878, 1.0771377049, 0.793063636191, 101.157120372, 1.09167412469, 2.96197510917, 1.061742378, 4.24179106668, 1.05316244235, 1093.8746336, 22.8187963765
4.61788471634, 1.00619168082, 1.53144525627, 1.02705618112, 5.28042707393, 1.14031920837, 3.16506470405, 1.1662152788, 1.0761810889, 2.76641774659, 6.41732053756, 1.13340108311, 3.89857108679, 1.2894316129, 0.987063047333, 1.33460048076, 1.04352018075, 0.904893877545, 9.54274894704, 0.979550647258, 0.973923401764, 142.040825035, 1.15182413877, 3.91813545335, 1.19874506732, 1.83213912206, 1.03787212854, 969.101497213, 25.1826135365
2.19129464745, 1.21782719536, 1.03828753479, 0.823763394005, 2.22405463525, 0.732037870327, 4.50010668542, 0.845102170512, 0.970101971817, 5.8020457686, 7.51989775955, 1.18150774064, 3.2099599097, 1.2817414063, 1.03705347794, 1.27744602227, 1.07533328941, 0.99930786359, 6.47680607081, 1.01113597696, 0.991554033958, 322.982323126, 1.0162259782, 5.15655813755, 0.999002320158, 2.7108325417, 1.22209176533, 754.853452198, 27.8077425065
5.54495364849, 1.28137910276, 1.30396051195, 1.16630395114, 3.74037287709, 1.09889766463, 1.07416816199, 1.19061361872, 1.09169356558, 3.94918711547, 6.94341016104, 1.01224872838, 1.5930867239, 1.23956578313, 1.06409748515, 1.37026580412, 1.04974006509, 1.12585154987, 7.4732277016, 0.993867980735, 0.871172667089, 411.926440817, 1.00197116125, 2.13387177146, 1.230739403, 1.88711831747, 1.21078864071, 834.122656224, 26.9729901015
3.01106788088, 1.41265860853, 1.65223758118, 0.858607300281, 4.32921751413, 0.804807661982, 2.91436813235, 1.10956618612, 1.07982622388, 1.49443980204, 6.77182703683, 1.01667370152, 4.87597240797, 1.1476684892, 0.925885225642, 1.19539431259, 1.10921802935, 1.18557429193, 8.96807430416, 1.10987523995, 0.778903153156, 402.994604298, 0.962327152578, 3.16463866939, 1.06401781484, 2.27239360778, 0.885147240852, 1025.02329704, 25.4504007908
2.41628804479, 1.27246236339, 1.27083212276, 0.89097059821, 5.16048404405, 0.833428923352, 4.32911913941, 1.14409827914, 1.07609568357, 1.72820603573, 6.48599589213, 1.17479375105, 4.61613486307, 1.2664843595, 0.825153424744, 1.40076259453, 1.05172060208, 0.961007831035, 4.90902262579, 1.04762973411, 0.925458720314, 147.456687202, 0.962067153717, 4.18968625802, 1.16275900649, 2.91558221259, 0.880049067982, 976.629659073, 26.1102025089
2.94613276329, 1.1655846059, 1.10868251457, 0.867873349835, 3.96228436829, 0.977545490091, 5.57357575366, 0.946150988475, 1.0761224073, 3.82508112638, 6.13572592104, 0.920270067881, 3.60488341684, 0.89124900036, 1.01653398345, 1.54267494304, 1.07764815527, 1.00815344951, 8.93957949849, 1.17620429989, 0.960067527548, 298.043637604, 0.895120494, 4.16949682625, 1.0761316702, 5.40006426562, 1.05173762214, 814.729871161, 28.520816398
1.22173500635, 1.33832308532, 1.28976790588, 1.00985575512, 1.92839527219, 1.18243143002, 3.36957049747, 0.95704683177, 1.08910288371, 2.30468758993, 7.40003846597, 0.825883204012, 1.68139048296, 1.23089302909, 1.07972300051, 1.1005658695, 1.08114370031, 1.05754378073, 9.184229298, 1.02879884117, 0.999006843875, 7.64437876274, 1.04030389923, 3.15556814496, 1.0432395066, 2.19276395362, 0.87675983657, 1475.50523917, 23.1734406964
1.43250510235, 1.00619168082, 1.53144525627, 1.09166017074, 5.28042707393, 1.14031920837, 3.16506470405, 1.17686107456, 1.06051571057, 2.76641774659, 6.41732053756, 1.13340108311, 3.89857108679, 1.20980023406, 0.987063047333, 1.33460048076, 1.16838179693, 0.961306048194, 9.54274894704, 0.979550647258, 0.973923401764, 142.040825035, 1.15182413877, 3.91813545335, 1.19874506732, 1.83213912206, 0.944258525265, 777.391985437, 29.1108696165
1.09560481878, 1.06698034521, 1.14477445035, 0.899296545027, 4.72658529481, 1.08141363451, 1.62517114726, 1.02175128375, 1.05275054178, 1.5360127139, 5.34164154794, 0.815260343068, 1.11680385168, 1.10895374513, 0.958210802326, 1.57054854192, 1.01451413014, 0.958737173495, 5.61253349391, 0.994782087828, 0.98485898141, 136.591341005, 0.995593582999, 2.95120012786, 0.96478177749, 2.19004262123, 0.962385087164, 1168.25792369, 23.6882290292
4.96988274674, 1.23855223502, 1.60669199599, 0.895320417865, 1.8485921407, 1.13252120949, 3.95331062552, 0.972375224043, 0.914989015331, 2.19732255808, 4.01404600666, 1.13517557904, 3.72390180718, 1.06922548801, 0.931368554328, 1.15941651036, 1.16034757066, 0.983976252291, 5.80815018134, 1.01832347879, 0.82845828791, 373.785937778, 1.09189201984, 3.37572337683, 1.04770246239, 5.38571750512, 1.21447327029, 833.106323802, 28.8042193303
1.21266171684, 1.18161193635, 1.68670944612, 1.18131750494, 6.71105792193, 0.977655452648, 3.26892023851, 1.09189655579, 1.00230842454, 5.75458717906, 1.58951681805, 0.844816786016, 2.75100883306, 0.811481739035, 1.03711604505, 1.47193644585, 1.04575596609, 0.838458162281, 3.76936131284, 0.98837201031, 0.930373305443, 117.355184535, 0.963938149123, 5.56999938082, 1.03906675575, 3.55120269738, 1.0315963568, 788.066680656, 36.8735485494
1.40555320254, 1.03405641737, 1.36237708093, 0.928764341592, 2.82935544535, 1.17011268455, 2.32045365304, 0.88566487147, 0.926964555414, 1.86877418888, 1.60893192192, 1.00167437004, 1.26683149278, 0.995834459386, 0.785252621117, 1.24939119212, 1.01168980018, 1.1590635105, 3.76391745375, 1.00582069336, 0.982757788683, 231.166118884, 1.0083285086, 5.41986543516, 1.10127083012, 5.12661371365, 1.02503798116, 858.673373935, 28.9659265074
4.96988274674, 1.23855223502, 1.60669199599, 0.895320417865, 1.8485921407, 1.14103062545, 3.95331062552, 0.961655972845, 0.960097105685, 2.19732255808, 4.01404600666, 1.13517557904, 3.72390180718, 1.06922548801, 0.931368554328, 1.15941651036, 1.16034757066, 0.983976252291, 5.80815018134, 1.01832347879, 0.82845828791, 373.785937778, 0.973156664984, 3.37572337683, 1.04770246239, 5.38571750512, 1.21447327029, 1465.38441589, 24.7227963291
3.56621699691, 1.41161852727, 0.731440535475, 1.19236999964, 2.93016518814, 0.886489664512, 1.61624717537, 0.887707518243, 1.13532139379, 3.32453302088, 4.14679288395, 1.13388018104, 2.68847122294, 0.956281508072, 0.821697700102, 1.54012162345, 1.14302855054, 1.20926173749, 8.08012753361, 0.937136148991, 0.912010627739, 269.120688357, 1.10693461842, 4.16038145922, 0.993391909446, 3.828112628, 0.997570634325, 882.070272648, 28.8648622482
4.26173057557, 1.39383250287, 0.965539251625, 0.812851315691, 4.13706735638, 1.00065304395, 1.69564423394, 0.855473159256, 1.08585495277, 4.26016876099, 2.5153679805, 1.03765247212, 2.82477354957, 0.947550455589, 1.06923410952, 1.54823172561, 1.14618585075, 0.853835375719, 4.7310078605, 1.16445911132, 0.894655488502, 92.3821434465, 0.893650477925, 1.14945902772, 1.07031613609, 1.02288725391, 0.989771184926, 1090.78355576, 26.0921037908
1.85047880019, 1.30355421676, 1.29703855539, 1.06336849747, 2.28552185433, 0.739864518494, 5.77780443981, 1.08846635739, 0.940734451456, 2.09063212202, 7.63577902615, 0.810462309158, 1.61838476904, 1.02704996851, 0.926967717155, 1.42397001332, 1.08085774221, 1.12560035552, 6.96022687671, 1.0771377049, 0.793063636191, 58.0614757178, 1.09167412469, 2.13040245629, 1.061742378, 4.24179106668, 1.05316244235, 1561.70568917, 24.7271371744
2.66865580732, 1.16613468096, 1.39097373313, 0.881166996009, 6.75992131835, 0.871945167188, 2.09704464194, 1.22262672458, 0.954504065201, 3.4476625337, 6.19763828812, 1.13299177289, 1.32448580304, 0.979159136959, 0.993701475638, 1.06221833025, 1.05605704526, 1.13490150318, 8.34051316585, 0.983564854022, 0.787871066158, 149.958488691, 1.10354660788, 3.71519645682, 1.10729945905, 1.99078487988, 1.24169936793, 818.14117934, 39.1725369325
3.48768058005, 1.31080730779, 1.73411207927, 1.06456704873, 4.45514957455, 0.892997531849, 1.1556055151, 1.01904141637, 1.01111383134, 4.66323418968, 7.78397085557, 0.843094495947, 2.56770317675, 1.07445500072, 0.790328336658, 1.27423809717, 1.07025521491, 1.21624983504, 3.91606591554, 0.991672008102, 0.982757788683, 57.4110186782, 1.1992296743, 4.97853725042, 1.00900985777, 4.925668168, 1.12002281016, 1734.86426019, 24.9651797067
3.13060006128, 1.25084146739, 1.35467705068, 1.06769524391, 2.9192085905, 0.811873618214, 1.54559163279, 0.964584799836, 1.02216173152, 1.52829765132, 2.85954469164, 1.11450811598, 1.93079183488, 0.923805028535, 0.984275168638, 1.38949343054, 1.07047525739, 0.851725136763, 9.71261161837, 1.01092968406, 0.977362281648, 408.534652409, 0.977046353657, 1.8826026842, 1.05096762124, 2.95636983456, 1.1671435051, 1077.64097259, 26.5269744689
1.22173500635, 1.33832308532, 1.28976790588, 1.00985575512, 1.92839527219, 1.15021581943, 3.36957049747, 0.95704683177, 1.08910288371, 2.30468758993, 7.40003846597, 0.825883204012, 4.50140957358, 1.23089302909, 1.01932695891, 1.1005658695, 1.08114370031, 1.05754378073, 9.184229298, 1.02879884117, 0.999006843875, 7.64437876274, 1.04030389923, 3.15556814496, 1.0432395066, 2.19276395362, 0.87675983657, 1488.85266188, 25.4265191019
2.59360295856, 1.05393381132, 1.12526585301, 0.927741171165, 6.8061797661, 1.01111728499, 5.11847700682, 1.01056416177, 0.914989015331, 1.70672880992, 6.41863988455, 0.988236471382, 4.06094700599, 0.89687978157, 1.07972300051, 1.47872969299, 1.05480999577, 1.14228424641, 6.7827695965, 1.021522605, 0.770161203291, 139.723544495, 1.01440360587, 3.48715735815, 0.980901413982, 1.37111508469, 0.952422565216, 2137.59821622, 25.1219023124
