3.7583826748, 1.04971482723, 1.64370260284, 0.896053347599, 2.83000088813, 1.1583016164, 5.88547051636, 1.26000034754, 1.14000037416, 3.53924101713, 1.6580520895, 0.966432858339, 3.04000088487, 1.11306755863, 0.938483086252, 1.00000012165, 1.00000087437, 1.00972367133, 9.69264928664, 0.991818489867, 1.00000050628, 76.0143600454, 0.841241830379, 4.51299481881, 0.966375417205, 3.29000054308, 1.0000002141, 34.1843830542, 7.78765862154
1.5602932454, 1.1028543882, 1.34050242125, 0.828417709892, 2.83000099378, 1.12267238471, 2.13353247799, 1.26000091277, 1.14000034491, 2.1346210056, 1.57930927399, 0.988574394515, 3.04000019702, 1.06228196153, 0.883390265349, 1.00000057896, 1.0000003881, 1.02810550162, 8.23953134318, 0.915632512262, 1.00000003712, 85.5302408664, 1.05229713057, 3.3075668219, 0.951149093995, 3.29000063587, 1.00000011164, 68.3655387619, 9.68976333811
2.93994813417, 1.10380791397, 1.67092409465, 0.822869350175, 2.83000055589, 0.968957857717, 3.67256549337, 1.26000047217, 1.14000081, 2.84384201467, 2.05779264521, 1.08087254929, 3.04000092555, 1.09435623695, 1.0448656135, 1.00000044725, 1.00000070997, 1.07997736714, 9.97012201102, 0.927241775627, 1.00000074016, 81.9455243187, 1.0296645482, 1.5939934113, 1.01088979533, 3.29000076507, 1.00000076359, 66.0633826899, 13.1653431987
4.23476917735, 1.07134244611, 1.36931708149, 0.905284303227, 2.83000052876, 1.14648200965, 2.05049189301, 1.26000002504, 1.14000073976, 2.43728561952, 2.60275184877, 0.926036262886, 3.04000035837, 1.05836540707, 0.903335437575, 1.00000073201, 1.00000060063, 1.00823613686, 7.65268273998, 0.933512439293, 1.00000003926, 88.7902684593, 1.05433898918, 4.06102921314, 0.954505108774, 3.29000011702, 1.00000075831, 70.9667090161, 11.0227255871
1.1641945378, 1.10221700331, 1.4549191912, 0.84384722413, 2.83000083154, 0.939897793978, 1.57704284856, 1.26000065389, 1.14000031986, 3.06141119146, 2.29565308598, 1.03858853886, 3.04000063705, 1.05245012579, 0.894250417014, 1.00000008498, 1.00000022876, 1.06890295977, 4.17870176191, 0.963788144239, 1.0000005305, 120.393115108, 1.04596963922, 3.20013585928, 0.984117764576, 3.29000095257, 1.00000089143, 70.0239136917, 14.1748259794
4.12990270346, 1.10536667372, 1.59687530738, 0.830385609628, 2.83000001721, 1.00590324312, 3.74139923689, 1.26000022711, 1.14000094447, 2.99926425332, 2.67257036594, 0.976564259135, 3.04000065496, 1.04174213523, 1.01384293037, 1.00000000913, 1.00000025438, 1.01075443478, 7.16295480098, 0.963183082551, 1.00000081023, 103.514921732, 1.08189094387, 4.70430421186, 0.981746965135, 3.29000042595, 1.00000025537, 79.964751887, 11.1257368498
5.73985339207, 1.01296979758, 1.5259826638, 0.812408360079, 2.83000073161, 1.17102461448, 3.37058912778, 1.26000007868, 1.14000062919, 1.78311172008, 2.94633978206, 0.935487621991, 3.04000044405, 1.02774802193, 0.786094514166, 1.00000026626, 1.00000081283, 1.02716725261, 9.46156560471, 0.93394076495, 1.00000039639, 96.0476422874, 0.891428453021, 2.91856551359, 0.966375417205, 3.29000064569, 1.00000085985, 94.6906115116, 11.9848365207
2.93994813417, 1.10380791397, 1.67092409465, 0.822869350175, 2.83000028143, 1.0026728348, 3.67256549337, 1.26000047217, 1.14000081, 2.84384201467, 2.05779264521, 1.08087254929, 3.04000092555, 1.09435623695, 0.840442155952, 1.00000044725, 1.00000070997, 1.07997736714, 9.93942522338, 0.934232818316, 1.00000074016, 81.9455243187, 1.0296645482, 1.5939934113, 1.01088979533, 3.29000076507, 1.00000076359, 95.2474745158, 20.5091468721
2.06332810802, 1.06755383203, 1.47828621113, 0.850891757021, 2.83000027199, 0.988586639093, 5.64279317579, 1.2600001198, 1.14000079515, 1.51972361541, 1.78622059986, 0.941465116152, 3.04000047199, 1.02949033152, 0.877541395167, 1.00000080882, 1.00000091989, 1.06650008199, 5.03053588454, 0.98718328549, 1.00000070602, 79.7391023103, 0.93742071656, 5.14435374533, 0.982281487336, 3.29000031862, 1.00000021921, 99.5324470059, 12.0715705145
5.16623514864, 1.01615144514, 1.3859645896, 0.874920223097, 2.83000058285, 0.910353881094, 2.82704630686, 1.26000051283, 1.14000083532, 3.10821406695, 2.03256607826, 0.95542591627, 3.04000080911, 1.05407030121, 0.996268678132, 1.00000029821, 1.00000050694, 1.09533438629, 9.53932748913, 0.96792920875, 1.00000041758, 85.0248761185, 0.873067778151, 2.01064935307, 1.01412973282, 3.29000000562, 1.00000093018, 179.794878009, 12.9335369056
4.60896615543, 1.01750350589, 1.69944240403, 0.8336707861, 2.83000091073, 1.15895794707, 2.08672017092, 1.26000039125, 1.14000050215, 1.47328510602, 1.87181668008, 0.892032316948, 3.04000050097, 1.05374362868, 0.901561700636, 1.00000036079, 1.00000074639, 1.01834543835, 9.59214603497, 0.952640305154, 1.00000093236, 83.3879115506, 0.879081916061, 3.99924404254, 1.04538044463, 3.29000062204, 1.00000096948, 122.280001727, 21.8750728978
5.72709069749, 1.10332647132, 1.48732094872, 0.801683027657, 2.83000055589, 0.968957857717, 3.17839217307, 1.26000060853, 1.14000077515, 2.60469622689, 2.46838270531, 0.982650947746, 3.04000099252, 1.086051976, 1.0448656135, 1.00000058247, 1.00000033817, 1.06653657361, 6.16241911658, 0.910131773908, 1.00000091533, 101.540089926, 1.04540801164, 2.89825846606, 0.993193180846, 3.29000045825, 1.00000031729, 171.686024509, 14.6074005698
2.93994813417, 1.10380791397, 1.67092409465, 0.986289188872, 2.83000028143, 1.0026728348, 3.67256549337, 1.26000047217, 1.14000090441, 2.84384201467, 1.7725509208, 1.08087254929, 3.04000092555, 1.09435623695, 0.840442155952, 1.00000044725, 1.00000070997, 1.07997736714, 9.93942522338, 0.934232818316, 1.00000074016, 81.9455243187, 1.0296645482, 1.5939934113, 1.01088979533, 3.29000076507, 1.00000076359, 240.742265242, 14.0300768446
4.15970007875, 1.01474095632, 1.46881128316, 0.914465072854, 2.83000008885, 0.967067235121, 3.82265538127, 1.26000088952, 1.14000015735, 1.41503725731, 2.86635969434, 0.917381340211, 3.04000043238, 1.09127633774, 0.804655827395, 1.00000065446, 1.00000097727, 1.03414622486, 3.55234345477, 0.952234687012, 1.00000029128, 123.47752379, 1.05992986599, 3.96059657281, 1.00143884115, 3.29000075563, 1.00000071769, 128.261304322, 21.9361978522
2.72329607855, 1.02963021131, 1.46791781364, 0.861573153243, 2.83000091614, 0.943286047296, 1.13416143162, 1.2600001913, 1.14000005255, 2.07120630074, 2.49710145742, 1.07827005042, 3.0400009399, 1.07834878062, 0.94622211237, 1.00000055469, 1.00000053111, 1.10253841338, 3.88769588154, 0.929906087258, 1.0000009597, 103.814927667, 0.843043483596, 1.68356548796, 0.977168481487, 3.29000007559, 1.00000036289, 198.31636361, 17.7291761109
3.44509932424, 1.0214486883, 1.53478658556, 0.85439143688, 2.83000081664, 0.882322174922, 4.57194143903, 1.26000035803, 1.14000042873, 1.60064672547, 2.1668105594, 1.04904383291, 3.0400006163, 1.069138237, 0.819400205731, 1.00000009757, 1.00000090381, 1.09455253479, 4.59336493059, 0.958128476098, 1.00000008559, 98.1603400667, 1.06460639794, 3.24499041569, 0.957482184723, 3.29000060319, 1.00000019623, 279.660851978, 16.9726373508
3.42393868603, 1.09400189895, 1.41571732134, 0.919567973985, 2.83000050714, 1.17650274234, 3.62814155682, 1.26000090233, 1.14000053204, 2.50821538711, 2.70041515275, 1.06530385114, 3.04000098587, 1.06381263109, 0.85932429109, 1.0000000454, 1.0000001122, 1.03125195744, 6.78910650702, 0.9845203565, 1.00000045663, 117.495880233, 1.020771632, 1.16322051058, 0.978353044728, 3.29000007678, 1.00000024287, 129.082544029, 22.0647935994
5.88044193414, 1.00424643925, 1.54260285085, 0.885280949569, 2.83000022342, 1.11807717951, 4.67731520775, 1.26000070425, 1.14000000416, 3.3087245858, 1.88637686899, 0.96480563658, 3.04000038482, 1.05539209349, 0.900935080383, 1.00000046805, 1.00000096043, 1.10282316669, 7.6152773355, 0.963290409781, 1.00000081577, 105.008816826, 1.04753291974, 5.55997208381, 1.04408946361, 3.29000024446, 1.00000087682, 636.846122639, 17.6032277333
3.62106237448, 1.08660714064, 1.60466785397, 0.862841130658, 2.83000040372, 0.962713386638, 2.42347268582, 1.26000062038, 1.14000015073, 2.17613290476, 2.99697255632, 1.06923961645, 3.04000041192, 1.07059486363, 0.854649081241, 1.0000008588, 1.00000071943, 1.04166062238, 3.81102671856, 0.979999097024, 1.00000008266, 95.364331835, 0.944164907376, 5.179281793, 1.00040852723, 3.29000099827, 1.00000065826, 289.399280757, 18.6001900866
2.25929285843, 1.12249611782, 1.59115944929, 0.817668515159, 2.83000022455, 1.1273785042, 2.984373345, 1.26000096024, 1.14000091677, 3.28757573456, 2.87024430058, 0.950553265454, 3.04000097342, 1.07172430813, 0.796987292988, 1.00000061116, 1.00000008913, 1.0252269523, 9.77321633093, 0.978652590291, 1.00000066137, 117.945252101, 0.928263019812, 1.03434717523, 0.974098392598, 3.29000065933, 1.00000016642, 330.936231619, 17.8888859709
4.04915726448, 1.00434011913, 1.48837263476, 0.972380421587, 2.8300002056, 0.938675817922, 3.01285068759, 1.26000007736, 1.14000047877, 2.09862499831, 1.69743814972, 1.00712843088, 3.04000004393, 1.11526214656, 0.819619905537, 1.00000094324, 1.00000098258, 1.05602571353, 9.8811240136, 0.972056945862, 1.00000021405, 123.720031664, 0.880932366424, 1.92414063446, 1.00943955059, 3.29000079318, 1.00000074235, 159.732822885, 23.2982359131
3.54389766624, 1.01118505978, 1.50019421743, 0.954924617451, 2.83000028362, 1.05844917069, 2.82684128777, 1.26000041598, 1.14000029604, 2.21366325467, 2.38854637492, 0.90705105184, 3.04000014645, 1.00537129523, 0.833212247491, 1.00000022584, 1.00000032621, 1.08900200533, 5.81429228088, 0.985908803567, 1.00000012295, 112.248888634, 1.05163086188, 5.44003377446, 1.05378747228, 3.29000024384, 1.00000019931, 290.721107972, 21.3042031064
1.93546539391, 1.10500898308, 1.64609875007, 0.835881570008, 2.83000018647, 1.08332344298, 3.24997540893, 1.26000097262, 1.14000030561, 1.57464639671, 2.77844077463, 0.892174171221, 3.040000795, 1.0601864132, 0.82854770464, 1.00000083278, 1.00000022519, 1.00831752194, 6.28186008044, 0.94444832897, 1.00000018708, 96.2137255595, 1.07942735003, 1.2896543214, 1.03653406391, 3.29000041337, 1.00000009119, 388.767552125, 19.3445348131
3.08902072066, 1.02206545472, 1.67729481556, 0.805446755028, 2.8300006942, 0.906245966498, 2.94931031172, 1.26000077491, 1.14000023581, 1.92417986603, 1.59665589122, 1.09721564144, 3.04000060965, 1.08259849645, 0.999364590749, 1.00000008978, 1.00000032025, 1.01538092257, 7.45365351448, 0.951585793926, 1.00000086451, 90.9407604388, 0.871390816428, 1.65877047868, 0.993969572982, 3.29000021525, 1.00000089387, 651.375898121, 18.7345777583
4.42736350994, 1.08404725174, 1.60158618083, 0.966927413342, 2.83000029727, 0.958662257765, 2.94117151434, 1.26000053934, 1.14000045374, 3.56427343218, 2.95178939729, 1.00470870083, 3.04000011201, 1.02977718441, 0.838704796245, 1.00000004007, 1.00000096389, 1.08926871176, 4.13816500861, 0.922125722615, 1.00000002122, 83.7501197979, 0.929378930474, 1.58340159468, 1.01420430885, 3.29000063373, 1.00000019904, 230.947530176, 25.5016858714
4.38132151281, 1.09541155597, 1.63698331682, 0.867480231816, 2.83000043245, 1.18339150793, 4.78306141959, 1.26000041825, 1.140000077, 1.51636488317, 2.20990828249, 1.06923961645, 3.04000012622, 1.10246288107, 1.0261203043, 1.00000018661, 1.00000083729, 1.1039515166, 4.12440071828, 0.944932153436, 1.00000067743, 105.299675998, 0.951566150552, 5.179281793, 0.994500948119, 3.29000084165, 1.00000030189, 335.031115001, 22.2390234839
2.25929285843, 1.06366004299, 1.59115944929, 0.817668515159, 2.83000022455, 1.1273785042, 1.84139240106, 1.26000096024, 1.14000091677, 3.28757573456, 2.87024430058, 0.950553265454, 3.04000097342, 1.07172430813, 0.796987292988, 1.00000061116, 1.00000008913, 1.0252269523, 9.77321633093, 0.917572041762, 1.00000066137, 117.945252101, 0.928263019812, 1.03434717523, 0.974098392598, 3.29000089033, 1.00000016642, 351.554529355, 21.6215928308
4.04915726448, 1.00434011913, 1.49328479358, 0.972380421587, 2.8300002056, 0.938675817922, 1.79635806562, 1.26000007736, 1.14000047877, 2.09862499831, 1.69743814972, 1.00712843088, 3.04000080748, 1.11526214656, 0.819619905537, 1.00000094324, 1.00000099854, 1.05602571353, 9.8811240136, 0.93902443783, 1.00000021405, 123.720031664, 0.880932366424, 1.92414063446, 1.00943955059, 3.29000079318, 1.00000074235, 494.666958111, 19.7441663827
2.96018646077, 1.11332818095, 1.35251706805, 0.982522324411, 2.83000064734, 0.978676687344, 5.24142063703, 1.26000068918, 1.14000043127, 2.05038541494, 2.60818692582, 0.892029203901, 3.04000021949, 1.01421304513, 0.851222943084, 1.00000033833, 1.00000055667, 1.00028093581, 8.27572761981, 0.94220298744, 1.00000090591, 90.947404305, 0.945345635764, 5.02084826089, 1.00170249233, 3.29000047142, 1.00000096592, 746.949062758, 19.3468680731
3.97820682805, 1.03917811048, 1.59949878831, 0.807003812112, 2.83000015722, 1.04216943033, 4.70862069697, 1.26000048584, 1.140000803, 2.39356040066, 3.09157002637, 0.924727803252, 3.04000055487, 1.0469409587, 0.933416394587, 1.00000038614, 1.00000051367, 1.08555812019, 3.17325247085, 0.911128785425, 1.00000017276, 76.0789150001, 0.845844603133, 2.9492976824, 1.01495584168, 3.29000098366, 1.00000039714, 240.59114449, 26.0358812859
5.22324884989, 1.04862332968, 1.40726800964, 0.809494158965, 2.83000043342, 1.15631878484, 3.67022703448, 1.26000049638, 1.1400008939, 1.31489324011, 1.74234524764, 0.925989037166, 3.04000030002, 1.06710052089, 0.894722133614, 1.00000098261, 1.00000048059, 1.00794987534, 9.16768117027, 0.928345834727, 1.00000075998, 75.5458686317, 0.883217611544, 5.08788461639, 0.954241525494, 3.29000088484, 1.00000087067, 366.224446658, 22.7134002645
1.93658301376, 1.02630470759, 1.56454876662, 0.978163163498, 2.83000012427, 0.899054886319, 3.28958547638, 1.26000014573, 1.14000098266, 1.51264360692, 2.99910814082, 1.0749094776, 3.04000075903, 1.10089764035, 0.913884481187, 1.00000058156, 1.00000023033, 1.10268961512, 3.63455561144, 0.951287364455, 1.00000055904, 96.1222938203, 0.883678923563, 3.69638754745, 1.00251550756, 3.29000051182, 1.00000042007, 551.619709923, 21.0540929142
5.8477012793, 1.02792600324, 1.49029397895, 0.926828398123, 2.83000008558, 1.13106098816, 4.92366431993, 1.26000010721, 1.14000098893, 3.15847659877, 2.79502686063, 0.992382735743, 3.04000055435, 1.11455588524, 1.03208066257, 1.00000057102, 1.00000033575, 1.02917310513, 5.6206539487, 0.929058050644, 1.00000012172, 84.20770543, 0.86899096556, 3.13829403542, 1.06691292174, 3.29000031555, 1.00000012578, 783.194065523, 19.6249486079
4.10985807082, 1.01408266348, 1.66350450157, 0.917660775413, 2.83000019107, 0.914392167581, 3.17410082592, 1.2600009208, 1.14000079452, 3.15833905469, 2.90401361353, 1.09968932827, 3.04000030263, 1.01998966969, 0.825403130532, 1.00000088191, 1.00000037802, 1.09308379911, 4.61359499706, 0.96714014042, 1.00000080764, 85.1578532311, 1.08900333923, 1.07142660108, 1.00418967513, 3.29000046916, 1.00000032496, 250.342812935, 26.9905320138
5.72709069749, 1.10332647132, 1.48732094872, 0.801683027657, 2.83000028143, 1.0026728348, 3.17839217307, 1.26000060853, 1.14000077515, 2.60469622689, 2.46838270531, 1.00434259927, 3.04000099252, 1.086051976, 0.840442155952, 1.00000058247, 1.00000033817, 1.06653657361, 6.16241911658, 0.910131773908, 1.00000091533, 101.540089926, 1.04540801164, 2.89825846606, 0.993193180846, 3.29000045825, 1.00000031729, 502.97695767, 24.0503657033
1.562879026, 1.01692680804, 1.38643374897, 0.833517453354, 2.83000091805, 0.992345918099, 4.85572114166, 1.26000021351, 1.14000056687, 3.33237605382, 2.57361092678, 1.0753579285, 3.04000030258, 1.02066678994, 0.800355747322, 1.00000086073, 1.00000080993, 1.09499711905, 4.58957623762, 0.950312661799, 1.00000036841, 97.1679410259, 0.996621402956, 1.80634857906, 1.03276987132, 3.29000049497, 1.00000051262, 515.722472847, 23.9386441559
3.39786770048, 1.00878449081, 1.63648296926, 0.929583727933, 2.83000072418, 1.0552849566, 3.26605381101, 1.2600007767, 1.14000095185, 3.30418941044, 3.00296875438, 1.05332330049, 3.04000014582, 1.08316124519, 0.785076501395, 1.00000000772, 1.00000058164, 1.08291908768, 4.58501177199, 0.967669028539, 1.00000013606, 91.3914102366, 1.0552795326, 2.5545190258, 1.01069130479, 3.29000075461, 1.00000090504, 443.825383276, 24.3204247119
4.40829560463, 1.02350428232, 1.54559194154, 0.915884877824, 2.83000033111, 0.896937498849, 2.74132966484, 1.2600004404, 1.1400003564, 2.09611580052, 2.06866902133, 1.01973377352, 3.04000023244, 1.01460034273, 0.812473991916, 1.00000030557, 1.00000068476, 1.02502976428, 3.30323350937, 0.911294993332, 1.00000016876, 97.7610534065, 1.01534262569, 5.5875193319, 0.975331517985, 3.29000026648, 1.00000080655, 691.371847687, 22.5911598945
5.02793012851, 1.06198357202, 1.49486904683, 0.927542168551, 2.83000036518, 0.871334312921, 2.32714507622, 1.26000095699, 1.1400005229, 1.5588010266, 2.50114105655, 1.04904281569, 3.04000090657, 1.03397047899, 0.883834346729, 1.0000002876, 1.00000056778, 1.0121094373, 4.57487932876, 0.99572822428, 1.00000044921, 94.1376197382, 0.842422036402, 5.29894427083, 1.06243606142, 3.29000015456, 1.00000062365, 950.730796904, 19.9088934814
2.6858936248, 1.05518728448, 1.70399002168, 0.99397222316, 2.83000036354, 1.12003568946, 4.53772319894, 1.26000001929, 1.14000033994, 1.31845549118, 3.08214972569, 1.0918164898, 3.04000087162, 1.10944092311, 0.945376820761, 1.00000016651, 1.00000004228, 1.0936684178, 7.6527914913, 0.995977141503, 1.00000012405, 92.828906439, 1.02156420835, 2.89133876719, 0.996233710003, 3.29000025304, 1.00000068402, 795.033568566, 20.4085640026
5.54281088363, 1.11199831701, 1.49802504558, 0.807690350178, 2.83000059719, 0.928953152916, 2.19866093965, 1.26000025627, 1.14000085778, 1.80314819155, 1.62627817161, 1.00525470447, 3.0400001881, 1.05564575971, 1.08316478744, 1.00000022576, 1.00000019043, 1.04945650772, 6.89507256937, 0.975926701835, 1.00000084108, 123.662686666, 0.936792938962, 1.17843492452, 0.954505108774, 3.29000045102, 1.00000015037, 321.309459344, 29.5117702611
3.51562065911, 1.01594237413, 1.36974836341, 0.800476376379, 2.83000096642, 1.18681680241, 5.33961310031, 1.26000033834, 1.14000065625, 3.29851902519, 2.32915790942, 0.992680841368, 3.04000058262, 1.05094554964, 1.04748567721, 1.00000078032, 1.00000041129, 1.0891697963, 8.05153769926, 0.988373395838, 1.00000035417, 114.00417552, 0.885319779007, 5.68069983855, 0.963724745168, 3.29000052392, 1.00000029995, 530.902002117, 24.7699440485
5.84762654399, 1.03917811048, 1.59949878831, 0.920019866864, 2.83000015722, 1.04216943033, 5.00877361242, 1.26000048584, 1.140000803, 2.39356040066, 2.28536186301, 0.924727803252, 3.04000050309, 1.0469409587, 0.933416394587, 1.00000038614, 1.00000051367, 1.08555812019, 3.17325247085, 0.911128785425, 1.00000086451, 76.0789150001, 0.845844603133, 1.65877047868, 1.01495584168, 3.29000098366, 1.00000028822, 762.032022369, 23.6170960093
1.57309640415, 1.0227259629, 1.46889515719, 0.835652895747, 2.83000070121, 1.13596322785, 3.28827932575, 1.26000024324, 1.14000011875, 2.47219043851, 1.91994568026, 0.9011276821, 3.04000053801, 1.01245090508, 0.812448822494, 1.00000051372, 1.00000097567, 1.03952420202, 7.954246844, 0.92845761078, 1.000000799, 79.0095347671, 0.960376462643, 5.85465439994, 1.05094387972, 3.29000030662, 1.00000035726, 823.325556033, 21.523708852
2.93994813417, 1.10380791397, 1.67092409465, 0.986289188872, 2.83000028143, 1.0026728348, 3.67256549337, 1.26000047217, 1.14000090441, 2.84384201467, 1.7725509208, 1.08087254929, 3.04000092555, 1.09435623695, 0.804845573431, 1.00000044725, 1.00000070997, 1.07997736714, 9.96964780882, 0.952234687012, 1.00000074016, 81.9455243187, 1.0296645482, 1.5939934113, 1.01088979533, 3.29000076507, 1.00000076359, 915.756189459, 21.4313080528
2.6858936248, 1.08782593405, 1.70399002168, 0.972289087237, 2.83000036354, 1.12003568946, 4.53772319894, 1.26000001929, 1.14000033994, 1.51636488317, 3.08214972569, 1.0918164898, 3.04000087162, 1.09244830351, 0.945376820761, 1.00000016651, 1.00000004228, 1.0936684178, 7.6527914913, 0.995977141503, 1.00000012405, 92.828906439, 1.02156420835, 2.89133876719, 1.00049107749, 3.29000025304, 1.00000068402, 391.982020997, 30.425690299
5.54081638047, 1.02890590827, 1.50277293028, 0.993953775437, 2.83000038786, 0.873400752827, 5.68816160459, 1.26000048058, 1.14000016545, 2.98256396231, 1.71394767234, 0.996209597663, 3.04000004406, 1.04155937235, 0.789026097004, 1.00000064881, 1.0000002034, 1.01768820485, 6.14881561116, 0.956949131659, 1.00000080475, 97.2596592426, 0.858076359939, 1.49554890486, 1.03293171878, 3.29000090074, 1.00000031236, 594.769911415, 25.9747702703
5.72709069749, 1.10332647132, 1.48732094872, 0.801537251528, 2.83000055589, 0.968957857717, 3.17839217307, 1.26000060853, 1.14000077515, 2.60469622689, 2.46838270531, 0.974146122241, 3.04000099252, 1.08558098482, 1.0448656135, 1.00000058247, 1.00000033817, 1.06653657361, 6.16241911658, 0.910131773908, 1.00000091533, 116.512465219, 1.04540801164, 2.89825846606, 0.993193180846, 3.29000045825, 1.00000031729, 560.970454966, 26.0448946189
4.96699956482, 1.04740983256, 1.46791781364, 0.89178953084, 2.83000091614, 1.07489617564, 3.86924664776, 1.26000093005, 1.1400006516, 2.96773516062, 1.87535937518, 0.921561679304, 3.04000087123, 1.08123281459, 0.896644187459, 1.00000072803, 1.00000007665, 1.01256581295, 4.34929421135, 0.939490587887, 1.00000072323, 115.439209924, 1.04958231701, 1.85918674495, 1.03718734738, 3.29000051721, 1.00000005379, 814.800692222, 25.2961370326
3.52622941721, 1.10748636, 1.65981746326, 0.822067902339, 2.83000073309, 0.944172981384, 3.68082794145, 1.26000056286, 1.14000008032, 2.90324460037, 1.92934283169, 0.900907450336, 3.0400001146, 1.022054053, 0.781141380166, 1.00000017513, 1.00000072255, 1.07153149627, 8.76669043237, 0.918381031228, 1.00000085654, 81.4677390811, 0.922163814231, 1.84833665245, 0.957164227114, 3.29000089635, 1.00000097403, 850.740262913, 22.3940804718
2.76196435651, 1.04062760631, 1.57131318131, 0.918158205987, 2.83000034034, 1.07726196688, 1.46017488851, 1.26000060648, 1.14000070832, 1.84389545353, 1.60945618295, 0.973462997112, 3.04000093476, 1.10816374648, 0.785775149189, 1.00000093286, 1.00000021674, 1.03997859703, 5.14980663089, 0.965057560145, 1.00000036298, 124.553992734, 1.02113114605, 1.87220726233, 1.04275081333, 3.29000070065, 1.0000002207, 950.502098119, 22.0345371647
1.57309640415, 1.0227259629, 1.46889515719, 0.835652895747, 2.83000070121, 1.13596322785, 3.28827932575, 1.26000024324, 1.14000011875, 1.51382131978, 1.91994568026, 0.9011276821, 3.04000053801, 1.01245090508, 0.812448822494, 1.00000051372, 1.00000097567, 1.03952420202, 7.954246844, 0.92845761078, 1.000000799, 79.0095347671, 0.960376462643, 5.85465439994, 1.05094387972, 3.29000007383, 1.00000000211, 414.724735316, 31.9012262818
2.85154463997, 1.09020811477, 1.40424226518, 0.926305733753, 2.83000014069, 0.983114431575, 4.29820354965, 1.26000050786, 1.1400007924, 2.83890365064, 3.0551080866, 0.929942000127, 3.04000034922, 1.10236813644, 0.897674454802, 1.00000080763, 1.0000003766, 1.0904226094, 9.26977216341, 0.91976594632, 1.00000068765, 98.5027675009, 0.99506073262, 5.33496029953, 0.983828392211, 3.29000098035, 1.00000027945, 435.16470643, 31.7694112075
3.63196513484, 1.08271926903, 1.60353924891, 0.908849675038, 2.83000005105, 0.86518579887, 1.6121576724, 1.26000045908, 1.1400008475, 1.6812636124, 2.27875150718, 0.9517002178, 3.04000046785, 1.04420543059, 0.901886138906, 1.00000059618, 1.00000091733, 1.04955214228, 6.35840843414, 0.919788400114, 1.00000063456, 90.9370406003, 0.946141452933, 1.65913074432, 0.999557019576, 3.29000053542, 1.00000012021, 441.755285702, 30.6611975344
1.1641945378, 1.10221700331, 1.48040942827, 0.84384722413, 2.83000060659, 0.939897793978, 3.95737398774, 1.26000065389, 1.14000031986, 3.06141119146, 2.29565308598, 1.03858853886, 3.04000063705, 1.05245012579, 0.894250417014, 1.00000039119, 1.00000022876, 1.06890295977, 4.17870176191, 0.969012830195, 1.0000006555, 97.8196008507, 1.04596963922, 3.20013585928, 1.01269403471, 3.29000031862, 1.00000093502, 623.623354126, 26.5669832684
1.35838340012, 1.10600896593, 1.6771427903, 0.857766083144, 2.8300004891, 1.03425838127, 4.58837346109, 1.26000046045, 1.1400004405, 1.68203244009, 1.62841105819, 1.04200747267, 3.04000033727, 1.05593840943, 0.947851570706, 1.00000064913, 1.00000081011, 1.03699045394, 7.78643863496, 0.997032755453, 1.00000036501, 77.446451831, 0.896667047823, 3.70527432833, 0.971353643889, 3.29000038647, 1.00000067297, 1171.06671941, 22.0665207374
1.85273599102, 1.03917811048, 1.35251706805, 0.982522324411, 2.83000064734, 1.08443729859, 5.24142063703, 1.26000068918, 1.140000803, 2.05038541494, 2.60818692582, 0.892029203901, 3.04000021949, 1.0050399494, 0.817598554788, 1.00000033833, 1.00000055667, 1.00028093581, 8.27572761981, 0.966860825504, 1.00000090591, 94.149795607, 0.945345635764, 5.02084826089, 1.00170249233, 3.29000047142, 1.00000042396, 1088.72315944, 24.2504210509
5.8477012793, 1.03637982549, 1.49029397895, 0.926828398123, 2.83000008558, 1.13106098816, 4.01999040451, 1.26000016215, 1.14000088133, 2.90324460037, 2.79502686063, 0.992382735743, 3.04000055435, 1.11455588524, 1.0271655274, 1.00000057102, 1.00000033575, 1.07153149627, 5.6206539487, 0.929058050644, 1.00000012172, 75.774794935, 0.86899096556, 4.75390541192, 1.06202843503, 3.29000031555, 1.00000012578, 1037.83140845, 25.9232777196
1.93546539391, 1.10500898308, 1.64609875007, 0.835881570008, 2.83000018647, 1.08332344298, 3.24997540893, 1.26000097262, 1.14000030561, 1.57464639671, 2.77844077463, 0.892174171221, 3.04000079668, 1.0601864132, 0.82854770464, 1.00000083278, 1.00000022519, 1.00831752194, 6.28186008044, 0.94444832897, 1.00000018708, 96.2137255595, 1.07942735003, 3.31400240483, 0.984117764576, 3.29000041337, 1.0000001443, 447.954669147, 32.1956745886
2.71136482362, 1.08526854511, 1.60267155104, 0.978208559917, 2.83000000031, 0.934028134131, 5.94124829206, 1.26000090505, 1.14000065996, 3.25491243904, 2.1884229059, 1.05854833829, 3.04000022608, 1.07149728933, 0.797101810422, 1.00000039208, 1.00000055859, 1.05031468482, 5.23921890379, 0.972376051427, 1.00000018478, 89.1343823163, 0.866862398426, 1.27503049485, 1.01747577354, 3.29000026828, 1.00000029068, 778.829677902, 28.4388019815
5.65955277088, 1.02275818741, 1.34361420582, 0.868925524585, 2.83000029324, 0.883034292227, 1.60032179774, 1.26000019035, 1.14000003999, 2.25101339996, 1.80729334241, 1.0984956965, 3.04000015373, 1.05155843571, 0.983217755206, 1.00000089996, 1.00000065985, 1.09191199296, 4.62605525402, 0.956933953893, 1.000000735, 114.938504541, 1.0300750413, 3.28176271158, 1.00997012499, 3.29000025461, 1.00000093479, 1221.64206865, 22.3856724446
2.20328233922, 1.05693461171, 1.71561946417, 0.966692837671, 2.83000025283, 1.0713930663, 1.31924995056, 1.26000085894, 1.14000020144, 2.16855090896, 2.02716093005, 0.947665322296, 3.0400000297, 1.06059032469, 0.990707907023, 1.00000004707, 1.00000003993, 1.05859681044, 3.10087772889, 0.945292277271, 1.00000022662, 119.630696856, 0.978662006393, 3.48734715939, 0.967084910907, 3.29000029287, 1.00000014897, 1217.53481025, 26.4288149124
1.35838340012, 1.10600896593, 1.5499823622, 0.857766083144, 2.8300004891, 1.03425838127, 4.58837346109, 1.26000046045, 1.1400004405, 1.68203244009, 1.62841105819, 1.04200747267, 3.04000033727, 1.05593840943, 0.804501702703, 1.00000064913, 1.00000081011, 1.03699045394, 7.78643863496, 0.997032755453, 1.00000036501, 77.446451831, 0.896667047823, 3.70527432833, 1.03276987132, 3.29000038647, 1.00000081771, 474.239838018, 33.0401304193
3.70104516114, 1.0770853983, 1.53039971139, 0.854358669929, 2.83000007279, 1.10435325589, 1.20030979217, 1.26000040783, 1.14000098549, 3.12772697186, 2.44550783095, 0.889918465645, 3.04000071649, 1.116202429, 1.08803909313, 1.00000036842, 1.00000082307, 1.00947039692, 3.79039005413, 0.922157708172, 1.00000066937, 110.52841146, 0.914229419263, 1.12860816437, 1.03275061115, 3.29000039701, 1.0000000147, 564.307094556, 32.4436466171
3.08902072066, 1.02206545472, 1.67729481556, 0.805446755028, 2.8300006942, 0.906245966498, 2.54972068404, 1.26000077491, 1.14000023581, 1.92417986603, 1.95393994155, 1.09721564144, 3.04000060965, 1.08259849645, 0.999364590749, 1.00000008978, 1.00000032025, 1.01538092257, 7.45365351448, 0.951585793926, 1.00000086451, 90.9407604388, 0.871390816428, 1.65877047868, 0.993969572982, 3.29000021525, 1.00000089387, 524.179664672, 33.0326887981
1.93658301376, 1.0862942236, 1.56454876662, 0.978163163498, 2.83000012427, 0.899054886319, 3.28958547638, 1.26000014573, 1.14000098266, 1.51264360692, 2.99910814082, 1.0749094776, 3.04000075903, 1.10089764035, 0.913884481187, 1.00000058156, 1.00000079233, 1.09382335329, 3.63455561144, 0.951287364455, 1.00000055904, 96.1222938203, 0.883678923563, 3.69638754745, 1.00251550756, 3.29000051182, 1.00000042007, 939.973615683, 29.3212319909
4.10985807082, 1.01408266348, 1.66350450157, 0.917660775413, 2.83000019107, 1.03755076883, 3.17410082592, 1.2600009208, 1.1400008922, 3.15833905469, 2.90401361353, 1.07714845999, 3.04000030263, 1.01998966969, 0.825403130532, 1.00000088191, 1.00000037802, 1.09308379911, 4.61359499706, 0.96714014042, 1.00000080764, 85.1578532311, 1.06044075031, 1.07142660108, 1.00418967513, 3.29000046916, 1.00000032496, 875.385198258, 29.8321983805
3.51562065911, 1.01594237413, 1.36974836341, 0.92781821536, 2.83000096642, 1.18681680241, 5.33961310031, 1.26000045854, 1.14000065625, 3.29851902519, 2.32915790942, 0.992680841368, 3.04000025931, 1.08755028859, 1.04748567721, 1.00000078032, 1.00000056231, 1.0891697963, 8.05153769926, 0.988373395838, 1.00000035417, 114.00417552, 0.885319779007, 5.68069983855, 1.05039818574, 3.29000055812, 1.00000029995, 1263.29172713, 23.5920803319
1.15830899563, 1.00702021005, 1.48966657024, 0.974799269767, 2.83000034969, 1.00546451689, 5.96028408555, 1.2600003996, 1.14000051865, 3.70124831504, 2.76614225846, 0.998847937291, 3.04000017782, 1.10400507764, 0.979193655515, 1.00000013857, 1.00000026487, 1.01818701639, 4.90951004704, 0.979385008193, 1.00000047807, 113.270383595, 0.891358442807, 1.36302094401, 0.957363716416, 3.29000084813, 1.0000000875, 1244.85660682, 23.6040416118
4.12990270346, 1.10536667372, 1.59687530738, 0.830385609628, 2.83000001721, 1.01663368562, 3.74139923689, 1.26000022711, 1.14000096213, 2.99926425332, 2.76101746462, 0.976564259135, 3.04000065496, 1.04174213523, 1.05999805753, 1.00000000913, 1.00000025438, 1.01075443478, 7.16295480098, 0.963183082551, 1.00000041758, 103.514921732, 1.08189094387, 4.70430421186, 0.981746965135, 3.29000042595, 1.00000093018, 1354.47793189, 23.0798444728
1.1641945378, 1.10221700331, 1.4549191912, 0.84384722413, 2.83000060659, 0.939897793978, 3.95737398774, 1.26000065389, 1.14000031986, 3.06141119146, 2.29565308598, 1.03858853886, 3.04000063705, 1.05245012579, 0.894250417014, 1.00000039119, 1.00000022876, 1.06890295977, 4.17870176191, 0.963788144239, 1.0000005305, 120.393115108, 1.04596963922, 3.20013585928, 1.01269403471, 3.29000095257, 1.00000089143, 1276.56163162, 23.1106119628
4.91967066531, 1.04717400326, 1.69142757888, 0.967174541123, 2.83000042663, 0.885872362679, 3.36150176261, 1.26000062769, 1.14000063446, 3.50147887233, 1.58829773711, 0.974714453785, 3.04000033742, 1.02927668573, 0.841766252659, 1.00000006568, 1.00000065431, 1.05324849361, 7.71801170468, 0.912815418317, 1.0000002256, 109.619427333, 0.871280377271, 1.62717940834, 0.954553400728, 3.29000096419, 1.00000074821, 1219.44223876, 26.5453166182
1.93203350386, 1.08640368482, 1.51323819669, 0.887253474265, 2.83000034762, 0.862797595722, 2.3341353732, 1.26000061315, 1.14000032094, 1.54807639069, 2.76984469344, 0.935567918664, 3.04000037034, 1.04840633265, 1.07232400828, 1.00000034882, 1.00000024131, 1.07333004525, 6.13168660004, 0.986470394923, 1.00000088901, 93.2877668825, 0.95042103197, 1.77334366969, 1.02639073924, 3.29000017532, 1.0000003173, 550.474688475, 33.3573990119
2.84358667302, 1.11555171271, 1.51323819669, 0.887253474265, 2.83000034762, 0.862797595722, 2.3341353732, 1.26000061315, 1.14000032094, 1.54807639069, 2.76984469344, 0.935567918664, 3.04000037034, 1.06804658283, 1.07232400828, 1.00000033116, 1.00000024131, 1.07333004525, 3.59463171039, 0.986470394923, 1.00000088901, 86.0208525081, 0.95042103197, 1.77334366969, 0.957482184723, 3.29000060319, 1.0000003173, 547.721944757, 35.5193385821
4.23476917735, 1.07134244611, 1.36931708149, 0.905284303227, 2.83000052876, 1.14648200965, 2.05049189301, 1.26000002504, 1.14000073976, 2.43728561952, 2.60275184877, 0.944971351085, 3.04000035837, 1.05836540707, 0.903335437575, 1.00000073201, 1.00000060063, 1.00823613686, 7.65268273998, 0.915895300045, 1.00000003926, 88.7902684593, 1.05433898918, 4.06102921314, 0.954505108774, 3.29000011702, 1.00000075831, 1003.94862244, 30.1535966569
1.562879026, 1.00878449081, 1.60118215522, 0.937583193415, 2.83000072418, 1.0552849566, 3.26605381101, 1.2600007767, 1.14000095185, 3.30418941044, 2.33311074331, 0.947299919684, 3.04000014582, 1.08316124519, 0.785076501395, 1.00000000772, 1.00000058164, 1.08291908768, 4.58501177199, 0.967669028539, 1.00000013606, 91.3914102366, 1.0552795326, 2.5545190258, 1.01069130479, 3.29000075461, 1.00000073302, 985.277391509, 30.6855355475
4.96699956482, 1.04740983256, 1.38813176958, 0.89178953084, 2.83000083648, 1.07489617564, 3.86924664776, 1.26000093005, 1.1400007439, 2.96773516062, 1.87535937518, 0.921561679304, 3.04000087123, 1.08123281459, 0.896644187459, 1.00000082256, 1.00000007665, 1.09517077698, 4.34929421135, 0.939490587887, 1.00000072323, 115.439209924, 1.04958231701, 1.85918674495, 1.03718734738, 3.29000051721, 1.00000005379, 989.068562669, 30.3400905645
4.04915726448, 1.00434011913, 1.48837263476, 0.972380421587, 2.8300002056, 0.938675817922, 3.01285068759, 1.26000007736, 1.14000063477, 2.09862499831, 1.69743814972, 1.00712843088, 3.04000004393, 1.11526214656, 0.819619905537, 1.00000094324, 1.00000098258, 1.05602571353, 9.8811240136, 0.972056945862, 1.00000021405, 123.720031664, 0.880932366424, 1.92414063446, 1.00943955059, 3.29000079318, 1.00000074235, 1557.3720578, 25.0609062404
4.91967066531, 1.04717400326, 1.69142757888, 0.967174541123, 2.83000042663, 0.885872362679, 2.3346675666, 1.26000080726, 1.14000063446, 3.50147887233, 1.58829773711, 0.974714453785, 3.04000033742, 1.02927668573, 0.841766252659, 1.00000006568, 1.00000065431, 1.05324849361, 7.71801170468, 0.912815418317, 1.0000002256, 109.619427333, 0.886637491701, 1.62717940834, 0.954553400728, 3.29000096419, 1.00000058031, 1735.46185878, 24.2785975325
5.19184920042, 1.06198357202, 1.49486904683, 0.927542168551, 2.83000036518, 0.871334312921, 2.32714507622, 1.26000095699, 1.1400005229, 1.5588010266, 2.50114105655, 1.04904281569, 3.04000090657, 1.02708598899, 0.883834346729, 1.00000026412, 1.00000056778, 1.0121094373, 4.57487932876, 0.99572822428, 1.00000044921, 94.1376197382, 0.842422036402, 5.29894427083, 1.06243606142, 3.29000015456, 1.00000062365, 1693.00196258, 24.5808303378
3.47043372645, 1.03606863463, 1.39721595277, 0.891433726606, 2.83000063043, 0.976007600967, 5.0731528376, 1.26000090283, 1.14000010086, 2.25900193052, 1.77515442149, 0.924083851315, 3.04000024454, 1.04651664025, 0.857453244726, 1.0000002548, 1.00000059176, 1.08586929164, 6.13554949942, 0.910808633393, 1.00000062278, 107.878206838, 0.92600845932, 4.77354074884, 0.996358531809, 3.29000028836, 1.00000047525, 1593.41776505, 24.700857408
5.85690175336, 1.07910340439, 1.60543315088, 0.892716455959, 2.8300002669, 1.18840105134, 5.10136229653, 1.26000076956, 1.14000029076, 2.86177000644, 2.06895881354, 0.984944020658, 3.0400003697, 1.09109323445, 0.997521472565, 1.00000080175, 1.0000007103, 1.07230090815, 6.50551806191, 0.92330463795, 1.00000016205, 92.4435486739, 1.06141519535, 2.29336294333, 1.03622899263, 3.29000093164, 1.00000027027, 1553.24207505, 25.1037701472
2.76196435651, 1.04062760631, 1.57131318131, 0.918158205987, 2.83000034034, 1.07726196688, 1.46017488851, 1.26000060648, 1.14000070832, 1.61546330479, 1.60945618295, 0.973462997112, 3.04000093476, 1.10816374648, 0.832390716004, 1.00000093286, 1.00000021674, 1.03997859703, 5.28858632537, 0.965057560145, 1.00000036298, 124.553992734, 1.02113114605, 1.87220726233, 1.04275081333, 3.29000070065, 1.0000002207, 1283.04113652, 25.525828306
3.44509932424, 1.0214486883, 1.53478658556, 0.85439143688, 2.83000081664, 0.882322174922, 4.57194143903, 1.2600000099, 1.14000042873, 1.60064672547, 1.95618967157, 1.04904383291, 3.0400006163, 1.069138237, 0.819400205731, 1.00000009757, 1.00000090381, 1.09455253479, 4.59336493059, 0.958128476098, 1.00000015737, 98.1603400667, 1.02368937949, 3.24499041569, 0.957482184723, 3.29000060319, 1.00000019623, 702.588652108, 34.8033886251
3.75916182412, 1.08814470519, 1.71671383866, 0.994431694171, 2.83000012112, 1.01031288833, 3.36150176261, 1.26000064364, 1.1400007655, 1.30141496396, 2.99141446091, 1.03827594732, 3.04000086977, 1.04359380193, 0.943553053092, 1.00000047167, 1.00000095127, 1.01290817209, 4.39612445987, 0.947062959514, 1.00000055763, 94.5971195335, 1.06434191581, 1.16695039736, 1.05456701713, 3.29000013078, 1.00000041221, 663.59846836, 34.9184933183
5.54840080152, 1.1392396095, 1.41781613294, 0.913657558026, 2.8300007308, 0.989544870845, 2.95915063518, 1.26000015044, 1.14000008166, 1.38225442505, 2.79868348249, 0.940503964684, 3.04000080385, 1.10566215194, 1.07927975364, 1.0000008825, 1.00000018934, 1.03780641427, 8.21430926964, 0.952050836801, 1.00000087158, 91.8922055046, 0.958570998368, 2.80601865944, 1.05559994271, 3.29000047895, 1.00000034001, 590.669116669, 36.342370508
4.12990270346, 1.10536667372, 1.59687530738, 0.830385609628, 2.83000001721, 1.00590324312, 3.74139923689, 1.26000022711, 1.14000094447, 2.99926425332, 2.67257036594, 0.976564259135, 3.04000065496, 1.04174213523, 1.01384293037, 1.00000000913, 1.00000025438, 1.01075443478, 7.16295480098, 0.963183082551, 1.00000081023, 103.514921732, 1.08189094387, 4.70430421186, 0.981746965135, 3.29000024653, 1.00000025537, 1145.51824488, 30.7002074621
5.16623514864, 1.01615144514, 1.3859645896, 0.874920223097, 2.83000058285, 0.910353881094, 2.82704630686, 1.26000051283, 1.14000083532, 3.10821406695, 2.03256607826, 0.95542591627, 3.0400008821, 1.05407030121, 0.996268678132, 1.00000029821, 1.00000050694, 1.09533438629, 5.81332409136, 0.96792920875, 1.00000081023, 85.0248761185, 0.873067778151, 2.01064935307, 1.01412973282, 3.29000000562, 1.00000025537, 1107.66072283, 30.7374676018
2.00599266135, 1.05094567558, 1.46441134482, 0.914236616357, 2.83000078649, 0.955556929634, 1.04056531431, 1.26000086663, 1.14000062928, 2.92119637076, 2.04734386239, 0.916624570034, 3.04000005328, 1.11975578053, 1.03924968575, 1.00000075659, 1.00000096358, 1.08547806436, 3.1544271235, 0.912507532098, 1.0000002393, 84.7605097181, 1.07073942812, 4.78799177604, 1.03774208027, 3.29000015744, 1.00000059188, 1203.40675052, 30.6323572718
5.65955277088, 1.02275818741, 1.34561387354, 0.868925524585, 2.83000029324, 0.883034292227, 1.60032179774, 1.26000019035, 1.14000003999, 2.27913723861, 1.7905868215, 1.0984956965, 3.04000015373, 1.05155843571, 0.983217755206, 1.00000089996, 1.00000065985, 1.09191199296, 4.62605525402, 0.956933953893, 1.000000735, 114.938504541, 1.0300750413, 3.28176271158, 1.03290249187, 3.29000025461, 1.00000093479, 1094.07739958, 32.9231196198
4.38132151281, 1.12782659211, 1.63698331682, 0.867480231816, 2.83000043245, 1.18339150793, 4.78306141959, 1.26000041825, 1.140000077, 1.51636488317, 2.20990828249, 0.961253911672, 3.0400002105, 1.10246288107, 1.0261203043, 1.00000018661, 1.00000083729, 1.1039515166, 4.12440071828, 0.944932153436, 1.00000067743, 105.299675998, 0.951566150552, 3.43899035348, 0.994500948119, 3.29000084165, 1.00000030189, 1681.55728091, 24.9302825247
3.62106237448, 1.13607224427, 1.60466785397, 0.862841130658, 2.83000040372, 0.962713386638, 2.42347268582, 1.26000062038, 1.14000015073, 2.17613290476, 2.99697255632, 1.06923961645, 3.04000041192, 1.07059486363, 0.854649081241, 1.0000008588, 1.00000071943, 1.04166062238, 3.81102671856, 0.979999097024, 1.00000008266, 95.364331835, 0.944164907376, 5.179281793, 1.00040852723, 3.29000099827, 1.00000065826, 1315.92838642, 25.6565378159
1.35838340012, 1.10600896593, 1.5499823622, 0.857766083144, 2.8300006942, 1.03425838127, 4.58837346109, 1.26000046045, 1.1400004405, 1.68203244009, 1.62841105819, 0.928235538943, 3.04000033727, 1.05593840943, 0.804501702703, 1.00000064913, 1.00000032025, 1.00378434662, 7.78643863496, 0.997032755453, 1.00000036501, 77.446451831, 0.896667047823, 3.70527432833, 1.03276987132, 3.29000038647, 1.00000081771, 632.948756891, 36.416431056
5.73985339207, 1.01296979758, 1.5259826638, 0.812408360079, 2.83000073161, 1.17102461448, 3.37058912778, 1.26000031525, 1.14000062919, 1.46383909029, 2.94633978206, 0.935487621991, 3.04000044405, 1.02774802193, 0.786094514166, 1.00000026626, 1.00000081283, 1.02716725261, 9.18379796495, 0.93394076495, 1.00000059516, 96.0476422874, 0.891428453021, 2.91856551359, 0.966375417205, 3.29000064569, 1.00000085985, 822.866152132, 36.3805449483
2.96018646077, 1.11332818095, 1.35251706805, 0.982522324411, 2.83000064734, 0.978676687344, 5.59390744156, 1.26000068918, 1.14000043127, 2.05038541494, 2.60818692582, 0.892029203901, 3.04000021949, 1.01421304513, 0.851222943084, 1.00000033833, 1.00000055667, 1.00028093581, 8.27572761981, 0.974625337654, 1.00000090591, 93.9009723544, 0.945345635764, 5.02084826089, 1.00170249233, 3.29000047142, 1.00000096592, 1971.79113495, 25.1491300151
1.82873765135, 1.02890590827, 1.50277293028, 0.993953775437, 2.83000038786, 0.873400752827, 5.68816160459, 1.26000048058, 1.14000016545, 2.98256396231, 1.71394767234, 0.996209597663, 3.04000004406, 1.04155937235, 0.789026097004, 1.00000064881, 1.0000002034, 1.01768820485, 6.14881561116, 0.956949131659, 1.00000080475, 97.2596592426, 0.858076359939, 1.49554890486, 1.03293171878, 3.2900009244, 1.00000038201, 689.093992479, 37.335966289
5.90630168123, 1.03976627828, 1.57873201896, 0.91038137737, 2.83000095995, 1.13206731433, 2.05246072429, 1.26000090951, 1.14000054423, 2.30607332783, 2.63434428131, 1.07274691306, 3.04000015603, 1.04225964065, 0.958547476293, 1.00000082822, 1.0000008906, 1.02875802363, 3.66809479718, 0.962357301775, 1.00000032236, 121.178499875, 0.862486380899, 3.67513088591, 0.99021409959, 3.29000007823, 1.00000022177, 1121.36700981, 30.9415578058
4.42736350994, 1.08404725174, 1.60158618083, 0.966927413342, 2.83000029727, 0.958662257765, 2.94117151434, 1.26000053934, 1.14000045374, 3.56427343218, 2.83935151655, 1.00470870083, 3.04000011201, 1.02977718441, 0.838704796245, 1.00000004007, 1.00000096389, 1.08926871176, 4.13816500861, 0.922125722615, 1.00000002122, 83.7501197979, 0.929378930474, 1.58340159468, 1.01420430885, 3.29000063373, 1.00000019904, 841.337029855, 36.6186924443
5.54281088363, 1.11187356123, 1.49802504558, 0.807690350178, 2.83000059719, 0.854645440116, 2.19866093965, 1.26000025627, 1.14000085778, 1.80314819155, 2.06866902133, 1.00525470447, 3.0400001881, 1.05564575971, 1.08316478744, 1.00000022576, 1.00000019043, 1.04945650772, 6.89507256937, 0.975926701835, 1.00000084108, 123.662686666, 0.936792938962, 1.17843492452, 0.954505108774, 3.29000045102, 1.00000015037, 1332.84846993, 27.7201191529
2.84358667302, 1.08640368482, 1.51323819669, 0.887253474265, 2.83000034762, 0.862797595722, 2.3341353732, 1.26000061315, 1.14000032094, 1.54807639069, 2.76984469344, 0.935567918664, 3.04000037034, 1.06804658283, 1.07232400828, 1.00000034882, 1.00000024131, 1.07333004525, 3.59463171039, 0.986470394923, 1.00000088901, 86.0208525081, 0.95042103197, 1.77334366969, 1.02639073924, 3.29000017532, 1.0000003173, 1683.72875816, 25.7945384494
