0.214539770805, 0.874467189828, 90.6614407959, 0.686709651242, 60.6140358697, 11.5181161022, 0.728828953518, 1.05684963849, 14.0002131565, 1926.82391889, 0.181237185839
0.198386333676, 0.851163520842, 86.0264063987, 0.46641312185, 45.4167427693, 16.2966788946, 0.906105149976, 3.39388986565, 13.1177777178, 2691.16523722, 0.0947097694769
0.285126491395, 0.858579432969, 80.6663656811, 0.66621623887, 59.7182509017, 5.13251041553, 1.30388617493, 1.65338682236, 14.023833949, 4130.92052305, 0.083993433755
0.206304100633, 0.904100458396, 85.133293966, 0.56959997054, 52.5823745807, 1.25170532937, 1.64517738259, 0.625879240781, 4.70768856222, 4360.40045202, 0.0102842307942
0.285126491395, 0.858579432969, 80.6663656811, 0.699511586119, 68.6954855206, 5.13251041553, 1.798962486, 1.65338682236, 12.2966205431, 3772.96588342, 0.0909896296496
0.775730057747, 1.03899140956, 89.0778098983, 0.659219747006, 75.2829735985, 31.1004687102, 0.990190433246, 3.18479959635, 1.33062954939, 1239.4993906, 0.247951741085
0.476762819295, 0.84778623602, 89.8906084646, 0.412152909392, 94.3635881285, 26.5605855142, 0.479146962558, 3.89790274512, 3.50496496775, 1881.08898249, 0.341808435475
0.413455937074, 0.822385534326, 87.3755504864, 0.625094782643, 58.5464951273, 24.8476450699, 0.534118888601, 3.52617765026, 3.23577532546, 1850.26822198, 0.368522673528
0.206304100633, 0.904100458396, 85.133293966, 0.684756029204, 52.5823745807, 1.25170532937, 1.64517738259, 0.625879240781, 4.70768856222, 4704.38245013, 0.0260239834123
0.261503136777, 0.862316760164, 87.23068988, 0.628153585312, 40.8640439101, 12.5189818295, 0.765839423353, 4.01156946568, 6.38187684801, 2477.64462784, 0.204718001684
0.807613752675, 0.868728935727, 80.0307071537, 0.471379103831, 10.0737983304, 4.49370137505, 0.555483866454, 2.32930727809, 5.06194351058, 2305.76475008, 0.231923002556
0.748812761523, 0.868728935727, 80.5182899213, 0.471379103831, 10.0737983304, 4.49370137505, 0.555483866454, 2.32930727809, 6.63782730639, 2708.29191095, 0.147018492604
0.261503136777, 0.862316760164, 87.23068988, 0.628153585312, 19.0469184756, 12.5189818295, 0.765839423353, 2.72026998408, 6.38187684801, 3024.71194124, 0.130026871216
0.102654321367, 0.909730161658, 88.6487844005, 0.680477532834, 27.1013542109, 14.0624417003, 0.201828141321, 1.85893660903, 19.6640279642, 3634.09262146, 0.116441188863
0.48207393567, 1.24615275853, 91.2956659958, 0.555144652219, 51.4510436755, 1.89205972272, 0.0481474164514, 2.1247033422, 14.0202833242, 17530.9434815, 0.0617491885583
0.169073582673, 0.895369127939, 81.6608248337, 0.642750984394, 50.0414818641, 5.00167378559, 1.32260811622, 1.13684163007, 8.42289639631, 5977.22526958, 0.0621182722753
0.48207393567, 1.24615275853, 85.0597994332, 0.555144652219, 51.4510436755, 1.89205972272, 0.0481474164514, 2.1247033422, 14.0202833242, 17785.7119292, 0.0374212336195
0.189035133116, 0.837781170723, 80.3246266459, 0.60956508701, 44.6322914819, 45.4180819037, 0.30187538399, 0.852890469136, 16.8376226228, 2244.51576479, 0.311766527385
0.670855790228, 0.843546995551, 83.7540239156, 0.674658242309, 84.6609836883, 46.3989645864, 0.827578781937, 1.6362763603, 7.20653504639, 2067.96870405, 0.315006498325
0.198386333676, 0.851163520842, 86.0264063987, 0.46641312185, 45.4167427693, 16.2966788946, 0.906105149976, 0.0350691659885, 13.1177777178, 2858.15330326, 0.154385477561
0.476762819295, 0.862715284559, 81.2828219005, 0.412152909392, 94.3635881285, 26.5605855142, 0.479146962558, 3.89790274512, 3.50496496775, 2360.078114, 0.307915772204
0.478048436637, 0.858727277572, 88.1405383666, 0.678700801658, 47.6059072669, 22.5999394026, 0.378284712422, 2.23892701478, 10.6962943905, 2085.91428087, 0.385445911502
0.871530823842, 0.82652655774, 84.066192802, 0.566066767956, 66.8883419059, 16.7210151561, 0.548139149499, 3.93233193904, 17.6357764703, 2141.60280815, 0.432564955924
0.863445615772, 0.822270617055, 81.4861781403, 0.664286516992, 21.0185247165, 45.0330295277, 0.842335119688, 2.40190148759, 4.34535872701, 2130.62970232, 0.480810008383
0.478048436637, 0.858727277572, 88.1405383666, 0.586024865861, 47.6059072669, 11.8646716526, 0.378284712422, 2.23892701478, 10.6962943905, 2387.88237713, 0.339642068467
0.212349416977, 0.918547729273, 91.094905622, 0.444087627166, 91.1489806412, 8.81812862012, 0.936195151705, 4.67567449343, 5.91059142361, 3060.75783584, 0.186206733746
0.169073582673, 0.992518663896, 81.6608248337, 0.642750984394, 50.0414818641, 5.00167378559, 1.32260811622, 1.86641973528, 8.42289639631, 6366.02616374, 0.096817558211
0.787817787848, 0.988867818509, 89.5333231751, 0.422114582952, 29.2310802495, 9.72981234282, 0.595703967886, 4.27953428405, 8.06609323358, 5035.81890313, 0.127355963473
0.116119328808, 1.23849908818, 80.6150058473, 0.650701980494, 20.5922249772, 13.8277073446, 1.1603014371, 2.48412745575, 18.5579424206, 18246.8318607, 0.101656847174
0.172856572891, 1.02733173019, 92.2441045601, 0.67028087119, 37.2353636033, 27.3891047019, 0.475095609657, 0.17883086542, 5.28535136806, 4923.32129017, 0.149953954359
0.478019600482, 1.06693175303, 83.1488781496, 0.599061932518, 14.6363820031, 4.67372038766, 0.0651284337339, 2.14969705524, 7.91290074093, 3532.60725103, 0.244714843813
0.528306047198, 1.25087789517, 90.7214395839, 0.615261926756, 46.03282074, 6.52830987979, 1.1119476525, 4.56060953892, 8.99620116623, 27114.8781952, 0.129703942219
0.214539770805, 0.874467189828, 92.6445314282, 0.686709651242, 60.6140358697, 11.5181161022, 1.39927758443, 1.05684963849, 14.0002131565, 4705.45837027, 0.177449707612
0.862316671436, 0.822385534326, 87.3755504864, 0.625094782643, 58.5464951273, 24.8476450699, 0.534118888601, 3.97979263114, 8.15007553508, 2667.7283467, 0.441696010187
0.882893493414, 1.14278776359, 84.5768090513, 0.475284468387, 43.2241153973, 2.68592916695, 0.37123237562, 1.8745993206, 10.1671114283, 9521.94872314, 0.141462787273
0.251140354454, 0.94016384764, 80.2347769858, 0.680477532834, 27.1013542109, 14.0624417003, 0.201828141321, 1.85893660903, 19.6640279642, 3897.48016098, 0.224040034854
0.261742186154, 0.884180361312, 81.7810368382, 0.451448930219, 45.4598230245, 12.2895940067, 1.56029882156, 4.84931003345, 7.99212498659, 3993.11063131, 0.206102291002
0.281919247235, 1.17786694715, 93.5428494208, 0.537038940662, 95.7836853293, 6.37115656433, 1.45736567918, 3.38387355206, 15.7903477657, 17647.2541831, 0.139000307152
0.670855790228, 0.843546995551, 83.7540239156, 0.602408553121, 84.6609836883, 46.3989645864, 0.905387909008, 1.6362763603, 7.45878677299, 2506.58919188, 0.482689574696
0.116119328808, 1.25021484873, 82.2611412418, 0.650701980494, 20.5922249772, 34.5204234568, 1.1603014371, 2.48412745575, 18.5579424206, 26090.618135, 0.136696000336
0.455559683575, 1.17786694715, 85.2404465886, 0.537038940662, 95.7836853293, 6.37115656433, 1.45736567918, 3.38387355206, 15.7903477657, 22307.4418946, 0.13818551795
0.793360973374, 1.17057168077, 84.8176994321, 0.669121643824, 71.0657354745, 7.61498638176, 1.34025613443, 4.84112285226, 17.8292948041, 16788.7043623, 0.142093620465
0.41280724613, 1.14976014743, 81.9875532639, 0.596176874462, 23.7948472279, 10.3973338336, 1.16849430254, 4.64307847422, 7.98931610239, 10566.9324178, 0.142260656195
0.863445615772, 0.822270617055, 81.4861781403, 0.664286516992, 21.0185247165, 45.0330295277, 0.842335119688, 2.40190148759, 4.34535872701, 2520.83698114, 0.597520766635
0.62563917478, 0.880370703004, 84.955688498, 0.462374424788, 80.9703248674, 5.78065686489, 1.88871908489, 0.677182070074, 16.4669507243, 4591.58422192, 0.192292006414
0.218175332166, 0.859295253487, 93.6963964187, 0.663330421494, 74.5383427719, 36.8896961665, 0.241089458422, 1.50884189246, 11.0892706607, 3003.22262645, 0.356042778218
0.189035133116, 0.837781170723, 83.4486951329, 0.60956508701, 44.6322914819, 37.0220060326, 0.30187538399, 0.852890469136, 16.8376226228, 2780.90811414, 0.38592197632
0.335463364266, 1.11002138755, 85.1403415551, 0.549732899146, 28.8069515634, 9.66014857249, 1.68486640841, 3.53597032871, 14.7058607746, 11371.188423, 0.148409979321
0.287641046093, 0.951001982813, 94.4992449337, 0.690534769076, 55.5029153087, 26.8501496623, 0.158441416366, 2.05988016722, 15.8860230667, 2902.60350938, 0.371776444027
0.457342706921, 0.877800056277, 80.5976565384, 0.501457496608, 80.4447597509, 12.4358484638, 1.87426113937, 1.80845880386, 16.3056116118, 3807.04523105, 0.263272666689
0.212349416977, 0.918547729273, 91.094905622, 0.630493629824, 91.1489806412, 8.81812862012, 1.55662789702, 2.23263471748, 5.91059142361, 4730.39521513, 0.186885886199
0.867767775057, 0.900814023427, 89.2058297881, 0.444307580292, 98.7914285784, 41.0246670047, 0.467031688731, 1.05772676307, 8.71751979233, 2778.65446125, 0.51749735038
0.867767775057, 0.900814023427, 89.2058297881, 0.444307580292, 98.7914285784, 41.0246670047, 0.467031688731, 1.05772676307, 8.71751979233, 2844.36284339, 0.591920293673
0.499814795817, 0.947574143719, 80.8079387455, 0.619120690818, 29.5345498497, 15.4274776095, 0.452602544495, 0.451069259199, 2.50027257341, 2946.00355528, 0.426188192977
0.131975659815, 1.12262747219, 85.9676364, 0.439368702065, 95.9453473714, 27.9999991494, 1.73911332811, 4.02565487569, 12.4749997787, 13082.7014128, 0.176499096217
0.335463364266, 1.11002138755, 85.1403415551, 0.549732899146, 28.8069515634, 9.66014857249, 0.0498209530807, 3.53597032871, 14.7058607746, 6327.39012869, 0.185997456131
0.540904206665, 0.966416049399, 88.0287592475, 0.678700801658, 52.0805523062, 12.4974977593, 1.77008553648, 0.181873110003, 6.64741901555, 4822.49739745, 0.204042765696
0.197804155162, 1.22529934411, 94.3014261688, 0.638262510282, 46.03282074, 8.42344627982, 1.1119476525, 2.22821736719, 8.99620116623, 20225.9572957, 0.163231313214
0.346191078346, 0.984267201741, 85.9803874832, 0.47879076379, 31.2203136733, 24.5571886086, 0.382035662515, 2.3447909136, 2.31921886204, 3576.41030472, 0.356134923308
0.75498436772, 0.854493972728, 84.0475204392, 0.646605322433, 59.9070656767, 19.5173782925, 1.17594017793, 2.08995317033, 12.5663891661, 3058.42612098, 0.399453999956
0.610005762312, 0.854493972728, 82.0152881322, 0.422779002989, 10.2127535984, 47.947848911, 1.6415965232, 3.01161631677, 4.21093390267, 2909.95476376, 0.599917485732
0.15544994441, 1.10222150774, 94.0957607818, 0.638092368819, 29.5664726845, 40.629493485, 1.37784692141, 4.71624276691, 1.10690457071, 11402.5222059, 0.185285933006
0.218175332166, 0.859295253487, 91.0468043635, 0.663330421494, 74.5383427719, 36.8896961665, 0.101278018204, 1.50884189246, 11.0892706607, 2973.75022615, 0.744130016544
0.499814795817, 0.940848885362, 83.8496597183, 0.619120690818, 28.4839835754, 15.4274776095, 0.894952325822, 0.451069259199, 2.50027257341, 5076.75742715, 0.197539114079
0.587495647618, 0.894714608087, 90.9413494929, 0.606166916035, 87.2060051425, 26.7447213553, 0.301580154259, 4.47072285608, 14.5642273285, 3417.50041894, 0.387264979587
0.248094058769, 1.02175849009, 83.6318511991, 0.633725298035, 58.0655092493, 25.1481416053, 0.816431057319, 3.40218839271, 1.31604833236, 5381.35784737, 0.203780046471
0.894195418795, 0.959848142956, 94.2476464821, 0.612193254736, 0.452380006388, 13.6652641793, 0.247203322568, 0.0350691659885, 17.229352063, 4453.15294262, 0.291134215791
0.882893493414, 1.14278776359, 84.5768090513, 0.475284468387, 43.2241153973, 2.68592916695, 0.37123237562, 1.8745993206, 10.1671114283, 9137.71132152, 0.18849218483
0.775730057747, 1.03899140956, 88.2581689033, 0.659219747006, 75.2829735985, 31.1004687102, 0.990190433246, 3.18479959635, 1.33062954939, 4675.7516333, 0.283644352099
0.405811655095, 0.952753417086, 80.6862628927, 0.447212960996, 4.59850978331, 41.7536211664, 0.587073253332, 2.29880673484, 13.4566006954, 3494.38487161, 0.478106673183
0.672176892928, 0.920245590452, 92.6404632138, 0.438900898404, 96.5335932579, 21.4160642937, 0.719618292579, 2.89874415568, 19.2985823067, 3208.9181826, 0.512354686551
0.261742186154, 0.884180361312, 92.7369214408, 0.451448930219, 45.4598230245, 12.2895940067, 1.56029882156, 4.84931003345, 7.99212498659, 4881.99356223, 0.232482621461
0.522660490637, 0.953609584693, 93.7791114192, 0.523401876253, 51.9463675475, 24.8573741133, 0.181426444342, 1.95319543669, 8.81878859141, 3974.85778789, 0.36607987684
0.610005762312, 0.909983373322, 82.0152881322, 0.422779002989, 81.8154665641, 49.3777676619, 1.6415965232, 3.01161631677, 4.21093390267, 3288.18334632, 0.51782035616
0.307649632624, 0.884092188938, 81.8996716961, 0.564671914769, 56.6373522546, 15.184250874, 1.09826503462, 0.873225840155, 16.63671673, 5212.99053345, 0.209545241054
0.871530823842, 0.82652655774, 84.066192802, 0.566066767956, 66.8883419059, 16.7210151561, 0.548139149499, 3.93233193904, 17.6357764703, 3445.39177047, 0.54477881604
0.322102529485, 1.01325275875, 89.9307633936, 0.657045238474, 55.8295989117, 49.5782121431, 0.955342989387, 4.21051625439, 9.92738492042, 3705.01008639, 0.428544006346
0.248094058769, 1.02175849009, 83.6318511991, 0.633725298035, 58.0655092493, 25.1481416053, 0.816431057319, 3.75333180855, 7.25212396677, 5822.33747514, 0.210668342141
0.41280724613, 0.877799872192, 82.6044542763, 0.596176874462, 36.3034192803, 44.1080767553, 1.16849430254, 0.270375004883, 4.35377712657, 3680.83201235, 0.442024331394
0.676304458669, 0.894714608087, 91.0132065169, 0.463540751013, 17.7605018359, 34.7094390776, 0.488694561909, 3.51291342776, 13.7425548659, 3568.68657315, 0.673374899238
0.587495647618, 1.03260612224, 90.9413494929, 0.606166916035, 87.2060051425, 26.7447213553, 0.301580154259, 4.47072285608, 14.5642273285, 3682.11857318, 0.509096929205
0.413455937074, 0.936883928802, 94.8226776641, 0.613442578328, 2.87764289216, 11.5019321405, 1.15738575856, 3.52617765026, 10.2317208205, 5319.18630834, 0.235527372842
0.62563917478, 0.880370703004, 84.955688498, 0.462374424788, 80.9703248674, 5.78065686489, 1.88871908489, 0.677182070074, 16.4669507243, 4978.394281, 0.281702225866
0.405811655095, 0.952753417086, 92.4777642992, 0.414533102972, 4.59850978331, 41.7536211664, 0.587073253332, 2.29880673484, 13.4566006954, 3853.49891242, 0.472385435043
0.105874404887, 1.10222150774, 92.6404632138, 0.638092368819, 29.5664726845, 40.629493485, 0.719618292579, 4.71624276691, 1.10690457071, 7156.77888054, 0.222853454208
0.346191078346, 0.984267201741, 85.9803874832, 0.47879076379, 31.2203136733, 24.5571886086, 0.382035662515, 2.3447909136, 2.31921886204, 4193.0665771, 0.399090866758
0.708348478968, 1.15168628073, 92.4777642992, 0.401036305456, 78.6835713461, 4.02068231266, 1.84835130844, 3.83169171636, 1.84134806719, 14131.4963731, 0.209262518251
0.457342706921, 1.12253503022, 80.5976565384, 0.501457496608, 88.8202719333, 12.4358484638, 0.180957979852, 1.80845880386, 16.3056116118, 10730.3705779, 0.217056263813
0.304593981909, 1.23849908818, 86.6592668895, 0.585841954996, 44.6503176159, 13.8277073446, 1.6270456846, 1.45820260965, 16.5995169484, 20874.0290559, 0.209250978718
0.452520374911, 1.18744021074, 92.3255076669, 0.468863400955, 19.9503758903, 37.3940996283, 0.0674666425026, 3.28605468981, 13.977214337, 10013.7959341, 0.230764240828
0.802535352899, 1.05428745977, 91.9504882697, 0.402366112447, 61.7498770914, 9.75932449398, 0.338974656417, 2.54709146678, 1.33984765729, 5879.73494947, 0.2587547226
0.416309982196, 0.877799872192, 82.6044542763, 0.403851389553, 36.3034192803, 44.1080767553, 1.33072839987, 0.270375004883, 4.35377712657, 3998.14511686, 0.492961874429
0.522660490637, 0.953609584693, 93.7791114192, 0.425182001606, 51.9463675475, 24.8573741133, 0.181426444342, 1.95319543669, 8.81878859141, 4286.61133988, 0.474184579323
0.102654321367, 0.972675428451, 88.6487844005, 0.663007058207, 98.8945588937, 33.0196470293, 1.2151198951, 4.41499317843, 10.7601298199, 6038.12298047, 0.25279378764
0.528306047198, 1.25087789517, 90.7214395839, 0.615261926756, 76.8441131158, 6.52830987979, 1.03690781565, 4.56060953892, 8.24987603289, 25022.8987092, 0.223042784092
0.223945029023, 1.15168628073, 80.6862628927, 0.498482078336, 78.6835713461, 19.9417384312, 1.84835130844, 3.83169171636, 1.84134806719, 10682.769302, 0.232192915106
0.653591458918, 0.901920224628, 93.3190197554, 0.48874646002, 20.6643059311, 12.1877568054, 1.99441877207, 1.6886131968, 3.31835612266, 5378.89563273, 0.306333944871
0.287641046093, 1.02825906869, 89.8944038009, 0.432421655345, 55.5029153087, 29.0903566853, 0.725980703099, 2.48581682926, 17.3506096761, 4951.32654436, 0.351066307896
0.251140354454, 0.972675428451, 80.2347769858, 0.663007058207, 98.8945588937, 33.0196470293, 1.2151198951, 4.41499317843, 10.7601298199, 7223.20871451, 0.247811950855
0.247089077207, 1.06708906959, 93.1882503835, 0.674159932412, 33.5648541477, 14.6010703365, 0.343715993337, 2.9782821664, 16.9935261869, 7732.17509209, 0.247679604665
