0.214539770805, 0.874467189828, 90.6614407959, 0.686709651242, 60.6140358697, 11.5181161022, 0.728828953518, 1.05684963849, 14.0002131565, 1926.82391889, 0.181237185839
0.206304100633, 0.904100458396, 85.133293966, 0.56959997054, 52.5823745807, 1.25170532937, 1.64517738259, 0.625879240781, 4.70768856222, 4360.40045202, 0.0102842307942
0.775730057747, 1.03899140956, 89.0778098983, 0.659219747006, 75.2829735985, 31.1004687102, 0.990190433246, 3.18479959635, 1.33062954939, 1239.4993906, 0.247951741085
0.206304100633, 0.846105716399, 94.11134855, 0.628153585312, 40.8640439101, 1.25170532937, 0.765839423353, 4.01156946568, 2.66455856981, 2528.14197613, 0.0228182465189
0.169073582673, 0.855786904534, 81.6608248337, 0.498517160856, 50.0414818641, 1.31946182203, 1.33381638003, 1.86641973528, 19.5866528941, 3679.94280593, 0.0137892880271
0.413455937074, 0.822385534326, 87.3755504864, 0.625094782643, 58.5464951273, 24.8476450699, 0.534118888601, 3.52617765026, 3.23577532546, 1850.26822198, 0.368522673528
0.476762819295, 0.84778623602, 89.8906084646, 0.412152909392, 94.3635881285, 26.5605855142, 0.479146962558, 3.89790274512, 3.50496496775, 1881.08898249, 0.341808435475
0.261503136777, 0.862316760164, 87.23068988, 0.628153585312, 40.8640439101, 12.5189818295, 0.765839423353, 4.01156946568, 6.38187684801, 2477.64462784, 0.204718001684
0.807613752675, 0.868728935727, 80.0307071537, 0.471379103831, 9.09347049718, 4.49370137505, 0.555483866454, 2.32930727809, 6.63782730639, 2003.42942139, 0.214999847865
0.862316671436, 0.822385534326, 84.7415229511, 0.625094782643, 58.5464951273, 24.8476450699, 0.534118888601, 3.97979263114, 8.15007553508, 1863.42791374, 0.607128522742
0.198386333676, 0.851163520842, 86.0264063987, 0.46641312185, 45.4167427693, 16.2966788946, 0.906105149976, 3.39388986565, 13.1177777178, 2691.16523722, 0.0947097694769
0.285126491395, 0.858579432969, 80.6663656811, 0.66621623887, 59.7182509017, 5.13251041553, 1.30388617493, 1.65338682236, 14.023833949, 2964.48004108, 0.047224555828
0.189035133116, 1.24615275853, 80.3246266459, 0.555144652219, 51.4510436755, 1.89205972272, 0.30187538399, 2.1247033422, 14.0202833242, 10544.0404433, 0.01941330255
0.198386333676, 0.851163520842, 86.0264063987, 0.46641312185, 60.6140358697, 11.5181161022, 0.906105149976, 3.39388986565, 13.1177777178, 2325.80365985, 0.219083055744
0.748812761523, 0.868728935727, 80.5182899213, 0.471379103831, 10.0737983304, 4.49370137505, 0.555483866454, 2.32930727809, 5.06194351058, 2081.37142261, 0.224156881144
0.131641432923, 0.904100458396, 85.133293966, 0.56959997054, 52.5823745807, 1.25170532937, 1.64517738259, 0.625879240781, 4.70768856222, 4031.48931829, 0.0297570524063
0.218175332166, 0.859295253487, 90.5318776599, 0.641075452192, 80.9703248674, 5.78065686489, 0.241089458422, 0.677182070074, 16.4669507243, 2551.68802318, 0.195263804847
0.748812761523, 0.868728935727, 80.5182899213, 0.471379103831, 10.0737983304, 4.49370137505, 0.555483866454, 2.32930727809, 6.63782730639, 2708.29191095, 0.147018492604
0.670855790228, 0.843546995551, 83.7540239156, 0.674658242309, 84.6609836883, 46.3989645864, 0.827578781937, 1.6362763603, 7.20653504639, 2067.96870405, 0.315006498325
0.807613752675, 0.868728935727, 80.0307071537, 0.471379103831, 10.0737983304, 4.49370137505, 0.555483866454, 2.32930727809, 5.06194351058, 2305.76475008, 0.231923002556
0.77740613656, 0.822385534326, 87.3755504864, 0.625094782643, 58.5464951273, 44.6741274773, 0.534118888601, 3.52617765026, 3.23577532546, 1985.23700271, 0.477735549207
0.206304100633, 0.904100458396, 85.133293966, 0.684756029204, 52.5823745807, 1.25170532937, 1.64517738259, 0.625879240781, 4.70768856222, 4704.38245013, 0.0260239834123
0.285126491395, 0.858579432969, 80.6663656811, 0.699511586119, 68.6954855206, 5.13251041553, 1.798962486, 1.65338682236, 12.2966205431, 3772.96588342, 0.0909896296496
0.198386333676, 0.851163520842, 86.0264063987, 0.46641312185, 45.4167427693, 16.2966788946, 0.906105149976, 0.0350691659885, 13.1177777178, 2858.15330326, 0.154385477561
0.261503136777, 0.862316760164, 87.23068988, 0.628153585312, 19.0469184756, 12.5189818295, 0.765839423353, 2.72026998408, 6.38187684801, 3024.71194124, 0.130026871216
0.102654321367, 0.909730161658, 88.6487844005, 0.680477532834, 27.1013542109, 14.0624417003, 0.201828141321, 1.85893660903, 19.6640279642, 3634.09262146, 0.116441188863
0.212349416977, 0.918547729273, 91.094905622, 0.444087627166, 91.1489806412, 8.81812862012, 0.936195151705, 4.67567449343, 4.04886918069, 3623.83693749, 0.118678840906
0.189035133116, 0.837781170723, 80.3246266459, 0.60956508701, 44.6322914819, 45.4180819037, 0.30187538399, 0.852890469136, 16.8376226228, 2244.51576479, 0.311766527385
0.346191078346, 0.84742374436, 84.3125328667, 0.47879076379, 31.2203136733, 24.5571886086, 0.719618292579, 2.3447909136, 1.69102041025, 2554.1017542, 0.212405380443
0.285126491395, 0.858579432969, 80.6663656811, 0.66621623887, 59.7182509017, 5.13251041553, 1.30388617493, 1.65338682236, 14.023833949, 4130.92052305, 0.083993433755
0.48207393567, 1.24615275853, 85.0597994332, 0.555144652219, 51.4510436755, 1.89205972272, 0.0481474164514, 2.1247033422, 14.0202833242, 17785.7119292, 0.0374212336195
0.169073582673, 0.895369127939, 81.6608248337, 0.642750984394, 96.6953851785, 5.00167378559, 1.32260811622, 0.607558620148, 8.42289639631, 4664.05820474, 0.0661894668175
0.476762819295, 0.862715284559, 81.2828219005, 0.412152909392, 94.3635881285, 26.5605855142, 0.479146962558, 3.89790274512, 3.50496496775, 2360.078114, 0.307915772204
0.478048436637, 0.858727277572, 88.1405383666, 0.678700801658, 47.6059072669, 22.5999394026, 0.378284712422, 2.23892701478, 10.6962943905, 2085.91428087, 0.385445911502
0.476762819295, 0.862715284559, 81.2828219005, 0.412152909392, 94.3635881285, 26.5605855142, 0.479146962558, 3.89790274512, 3.50496496775, 2082.42186529, 0.43727507153
0.169073582673, 0.895369127939, 81.6608248337, 0.642750984394, 50.0414818641, 5.00167378559, 1.32260811622, 1.13684163007, 8.42289639631, 5977.22526958, 0.0621182722753
0.251140354454, 1.14278776359, 80.2347769858, 0.680477532834, 27.1013542109, 2.68592916695, 0.990333804186, 1.85893660903, 19.6640279642, 9518.62332172, 0.048361850789
0.212349416977, 0.918547729273, 89.2058297881, 0.630493629824, 98.7914285784, 8.81812862012, 1.55662789702, 2.23263471748, 5.91059142361, 5342.0959782, 0.0647184189716
0.871530823842, 0.822270617055, 81.4861781403, 0.664286516992, 66.8883419059, 21.7413140759, 0.842335119688, 2.40190148759, 4.34535872701, 2115.93570438, 0.420587632602
0.369138767971, 1.24615275853, 91.2956659958, 0.555144652219, 51.4510436755, 1.89205972272, 0.0481474164514, 2.1247033422, 14.0202833242, 14130.5133047, 0.0482353834414
0.871530823842, 0.82652655774, 84.066192802, 0.566066767956, 66.8883419059, 16.7210151561, 0.548139149499, 3.93233193904, 17.6357764703, 2141.60280815, 0.432564955924
0.287641046093, 0.951001982813, 94.4992449337, 0.690534769076, 55.5029153087, 26.8501496623, 0.158441416366, 2.05988016722, 15.8860230667, 3510.05558403, 0.179818311563
0.457342706921, 0.877800056277, 80.5976565384, 0.501457496608, 80.4447597509, 12.4358484638, 1.87426113937, 1.80845880386, 17.0432740401, 3606.51644174, 0.163582921725
0.48207393567, 1.24615275853, 91.2956659958, 0.555144652219, 51.4510436755, 1.89205972272, 0.0481474164514, 2.1247033422, 14.0202833242, 17530.9434815, 0.0617491885583
0.863445615772, 0.822270617055, 81.4861781403, 0.664286516992, 21.0185247165, 45.0330295277, 0.842335119688, 2.40190148759, 4.34535872701, 2130.62970232, 0.480810008383
0.670855790228, 0.843546995551, 83.7540239156, 0.674658242309, 84.6609836883, 46.3989645864, 0.827578781937, 1.6362763603, 7.20653504639, 2164.54966001, 0.477147530052
0.478048436637, 0.858727277572, 88.1405383666, 0.586024865861, 47.6059072669, 11.8646716526, 0.378284712422, 2.23892701478, 10.6962943905, 2387.88237713, 0.339642068467
0.189035133116, 0.837781170723, 83.4486951329, 0.60956508701, 44.6322914819, 37.0220060326, 0.30187538399, 0.852890469136, 16.8376226228, 2455.65570313, 0.324004449562
0.281919247235, 1.17786694715, 93.9919925876, 0.537038940662, 99.36191305, 3.91551970693, 1.45736567918, 2.285537977, 15.7903477657, 17230.2858083, 0.0661092235484
0.212349416977, 0.918547729273, 91.094905622, 0.444087627166, 91.1489806412, 8.81812862012, 0.936195151705, 4.67567449343, 5.91059142361, 3060.75783584, 0.186206733746
0.198386333676, 0.851163520842, 86.0264063987, 0.46641312185, 45.4167427693, 16.2966788946, 0.906105149976, 0.0350691659885, 13.1177777178, 2541.89299744, 0.258366792163
0.116119328808, 1.23849908818, 80.6150058473, 0.650701980494, 20.5922249772, 13.8277073446, 1.7065955506, 4.04913580656, 18.5579424206, 19231.9739723, 0.0649916997626
0.114655084301, 0.909730161658, 88.6487844005, 0.562055555499, 24.2366138521, 12.5189818295, 0.201828141321, 1.85893660903, 19.6640279642, 4515.78175957, 0.110540010852
0.528306047198, 1.25087789517, 90.7214395839, 0.611891652452, 76.8441131158, 2.19862306605, 1.03690781565, 4.56060953892, 1.11988171136, 21958.4357199, 0.0725675022958
0.116119328808, 1.0797552079, 83.7540239156, 0.602408553121, 84.6609836883, 34.5204234568, 0.905387909008, 1.6362763603, 7.45878677299, 7439.39669119, 0.0933678026919
0.105874404887, 1.10222150774, 92.6404632138, 0.638092368819, 29.5664726845, 40.629493485, 0.382035662515, 4.71624276691, 1.10690457071, 4423.286947, 0.122222453485
0.478048436637, 0.858727277572, 88.1405383666, 0.678700801658, 47.6059072669, 37.321765891, 0.378284712422, 2.23892701478, 10.6962943905, 2328.14139051, 0.617767872439
0.169073582673, 0.992518663896, 81.6608248337, 0.642750984394, 50.0414818641, 5.00167378559, 1.32260811622, 1.86641973528, 8.42289639631, 6366.02616374, 0.096817558211
0.261503136777, 0.904100458396, 87.23068988, 0.684756029204, 52.5823745807, 12.5189818295, 1.66239203073, 0.625879240781, 10.5116194722, 5490.64540844, 0.111324930128
0.48207393567, 0.837781170723, 85.0597994332, 0.60956508701, 44.6322914819, 45.4180819037, 0.0481474164514, 0.852890469136, 16.8376226228, 2375.50522969, 0.607013827233
0.587495647618, 0.894714608087, 90.9413494929, 0.433990482656, 87.2060051425, 36.3057866021, 0.816431057319, 4.47072285608, 14.5642273285, 2372.37009691, 0.762802072951
0.214539770805, 0.874467189828, 90.6614407959, 0.686709651242, 45.4167427693, 16.2966788946, 0.728828953518, 1.05684963849, 14.0002131565, 2705.71728861, 0.277668382715
0.499814795817, 0.940848885362, 91.0468043635, 0.663330421494, 28.4839835754, 15.4274776095, 0.894952325822, 0.451069259199, 2.50027257341, 2856.68069877, 0.25401861456
0.62563917478, 0.880370703004, 84.955688498, 0.462374424788, 80.9703248674, 5.78065686489, 0.587073253332, 0.677182070074, 16.4669507243, 2610.56351319, 0.323978133281
0.116119328808, 1.23849908818, 80.6150058473, 0.650701980494, 20.5922249772, 13.8277073446, 1.1603014371, 2.48412745575, 18.5579424206, 18246.8318607, 0.101656847174
0.787817787848, 0.988867818509, 89.5333231751, 0.422114582952, 29.2310802495, 9.72981234282, 0.595703967886, 4.27953428405, 8.06609323358, 5035.81890313, 0.127355963473
0.670855790228, 0.843546995551, 83.7540239156, 0.602408553121, 84.6609836883, 46.3989645864, 0.905387909008, 1.6362763603, 7.45878677299, 2506.58919188, 0.482689574696
0.863445615772, 0.822270617055, 81.4861781403, 0.664286516992, 21.0185247165, 45.0330295277, 0.842335119688, 2.40190148759, 4.34535872701, 2520.83698114, 0.597520766635
0.346191078346, 0.89999481846, 85.9803874832, 0.562787752688, 31.2203136733, 24.5571886086, 0.00454102104998, 2.3447909136, 2.31921886204, 2814.80576312, 0.283232635599
0.676304458669, 0.894714608087, 91.0132065169, 0.463540751013, 17.7605018359, 9.28016067232, 0.488694561909, 3.51291342776, 13.7425548659, 2744.24791504, 0.307764099773
0.217622624941, 0.874467189828, 92.6445314282, 0.686709651242, 58.5869251946, 11.5181161022, 1.18789775587, 1.05684963849, 14.0002131565, 4792.70139808, 0.140836271673
0.172856572891, 1.02733173019, 92.2441045601, 0.67028087119, 37.2353636033, 9.02238505189, 0.475095609657, 0.17883086542, 1.65781929531, 4393.82975243, 0.174448037764
0.261503136777, 0.862316760164, 87.23068988, 0.628153585312, 19.0469184756, 14.0624417003, 0.765839423353, 0.106243043847, 6.38187684801, 3035.27308629, 0.248634681991
0.172856572891, 1.02733173019, 92.2441045601, 0.67028087119, 37.2353636033, 27.3891047019, 0.475095609657, 0.17883086542, 5.28535136806, 4923.32129017, 0.149953954359
0.863445615772, 0.82652655774, 84.066192802, 0.566066767956, 21.0185247165, 45.0330295277, 0.548139149499, 3.93233193904, 17.6357764703, 2616.99156336, 0.395830453191
0.504571068096, 0.854493972728, 82.0152881322, 0.422779002989, 10.2127535984, 3.44392032369, 1.6415965232, 3.01161631677, 4.21093390267, 4144.48102717, 0.192779871202
0.261742186154, 0.884180361312, 81.7810368382, 0.451448930219, 45.4598230245, 12.2895940067, 1.56029882156, 4.84931003345, 7.99212498659, 3993.11063131, 0.206102291002
0.478019600482, 1.06693175303, 83.1488781496, 0.599061932518, 14.6363820031, 4.67372038766, 0.0651284337339, 2.14969705524, 7.91290074093, 3532.60725103, 0.244714843813
0.457342706921, 1.12253503022, 80.5976565384, 0.501457496608, 88.8202719333, 12.4358484638, 0.180957979852, 1.80845880386, 16.3056116118, 8555.04843352, 0.139466045333
0.528306047198, 1.25087789517, 90.7214395839, 0.615261926756, 46.03282074, 6.52830987979, 1.1119476525, 4.56060953892, 8.99620116623, 27114.8781952, 0.129703942219
0.862316671436, 0.822385534326, 87.3755504864, 0.625094782643, 58.5464951273, 24.8476450699, 0.534118888601, 3.97979263114, 8.15007553508, 2667.7283467, 0.441696010187
0.214539770805, 0.874467189828, 92.6445314282, 0.686709651242, 60.6140358697, 11.5181161022, 1.39927758443, 1.05684963849, 14.0002131565, 4705.45837027, 0.177449707612
0.287641046093, 0.901920224628, 89.8944038009, 0.48874646002, 20.6643059311, 29.0903566853, 0.725980703099, 2.48581682926, 17.3506096761, 2689.96540902, 0.465202500258
0.416309982196, 1.05428745977, 91.9504882697, 0.402366112447, 61.7498770914, 9.75932449398, 0.338974656417, 0.270375004883, 1.33984765729, 5563.36342427, 0.153279829763
0.281919247235, 1.17786694715, 93.5428494208, 0.537038940662, 95.7836853293, 6.37115656433, 1.45736567918, 3.38387355206, 15.7903477657, 17647.2541831, 0.139000307152
0.882893493414, 1.14278776359, 84.5768090513, 0.475284468387, 43.2241153973, 2.68592916695, 0.37123237562, 1.8745993206, 10.1671114283, 9521.94872314, 0.141462787273
0.634210200318, 0.858579432969, 80.6663656811, 0.699511586119, 68.6954855206, 5.13251041553, 1.798962486, 2.155743949, 12.2966205431, 3134.72543149, 0.260627405089
0.116119328808, 1.25021484873, 82.2611412418, 0.650701980494, 20.5922249772, 34.5204234568, 1.1603014371, 2.48412745575, 18.5579424206, 26090.618135, 0.136696000336
0.455559683575, 1.17786694715, 85.2404465886, 0.537038940662, 95.7836853293, 6.37115656433, 1.45736567918, 3.38387355206, 15.7903477657, 22307.4418946, 0.13818551795
0.41280724613, 1.14976014743, 81.9875532639, 0.596176874462, 23.7948472279, 10.3973338336, 1.16849430254, 4.64307847422, 7.98931610239, 10566.9324178, 0.142260656195
0.247089077207, 1.06708906959, 93.1882503835, 0.674159932412, 33.5648541477, 14.6010703365, 0.343715993337, 2.9782821664, 10.7601298199, 6800.4702841, 0.150125371535
0.62563917478, 0.880370703004, 84.955688498, 0.462374424788, 80.9703248674, 5.78065686489, 1.88871908489, 0.677182070074, 16.4669507243, 4591.58422192, 0.192292006414
0.793360973374, 1.17057168077, 84.8176994321, 0.669121643824, 71.0657354745, 7.61498638176, 1.34025613443, 4.84112285226, 17.8292948041, 16788.7043623, 0.142093620465
0.251140354454, 0.94016384764, 80.2347769858, 0.680477532834, 27.1013542109, 14.0624417003, 0.201828141321, 1.85893660903, 19.6640279642, 3897.48016098, 0.224040034854
0.197690364872, 1.22529934411, 94.3014261688, 0.638262510282, 46.03282074, 8.42344627982, 1.1119476525, 2.22821736719, 8.99620116623, 22100.4819838, 0.141182133993
0.189035133116, 0.837781170723, 83.4486951329, 0.60956508701, 44.6322914819, 37.0220060326, 0.30187538399, 0.852890469136, 16.8376226228, 2780.90811414, 0.38592197632
0.335463364266, 1.11002138755, 85.1403415551, 0.549732899146, 28.8069515634, 9.66014857249, 1.68486640841, 3.53597032871, 14.7058607746, 11371.188423, 0.148409979321
0.212349416977, 0.918547729273, 91.094905622, 0.630493629824, 91.1489806412, 8.81812862012, 1.55662789702, 2.23263471748, 5.91059142361, 4730.39521513, 0.186885886199
0.287641046093, 0.951001982813, 94.4992449337, 0.690534769076, 55.5029153087, 26.8501496623, 0.158441416366, 2.05988016722, 15.8860230667, 2902.60350938, 0.371776444027
0.478048436637, 0.858727277572, 88.1405383666, 0.586024865861, 47.6059072669, 25.8147935594, 0.378284712422, 0.938320878908, 10.6962943905, 2885.323193, 0.374608112486
