0.775730057747, 1.03899140956, 89.0778098983, 0.659219747006, 75.2829735985, 31.1004687102, 0.990190433246, 3.18479959635, 1.33062954939, 1239.4993906, 0.247951741085
0.787612852538, 0.822385534326, 80.3152716188, 0.625094782643, 58.5464951273, 1.25170532937, 0.534118888601, 3.52617765026, 3.23577532546, 1775.18203764, 0.0445028154614
0.346191078346, 0.84742374436, 80.6663656811, 0.551730797611, 75.1990389888, 24.5571886086, 0.719618292579, 2.3447909136, 1.69102041025, 2105.29372598, 0.0
0.478048436637, 0.849802482163, 81.2828219005, 0.678700801658, 47.6059072669, 25.9347789494, 0.479146962558, 2.23892701478, 10.6962943905, 1524.72216241, 0.317286320737
0.810148393287, 0.843546995551, 83.7540239156, 0.674658242309, 84.6609836883, 46.3989645864, 0.827578781937, 2.32930727809, 7.20653504639, 1605.89511084, 0.535316435921
0.214539770805, 0.874467189828, 90.6614407959, 0.686709651242, 60.6140358697, 11.5181161022, 0.728828953518, 1.05684963849, 14.0002131565, 1926.82391889, 0.181237185839
0.206304100633, 0.846105716399, 94.11134855, 0.628153585312, 40.8640439101, 1.25170532937, 0.765839423353, 4.01156946568, 2.66455856981, 2528.14197613, 0.0228182465189
0.102654321367, 0.909730161658, 88.6487844005, 0.680477532834, 27.1013542109, 14.0624417003, 0.201828141321, 1.85893660903, 19.6640279642, 3544.6458973, 0.0
0.212349416977, 0.918547729273, 91.094905622, 0.444087627166, 91.1489806412, 8.81812862012, 0.936195151705, 4.67567449343, 4.04886918069, 2015.69045459, 0.17173238389
0.206304100633, 0.904100458396, 85.133293966, 0.56959997054, 52.5823745807, 1.25170532937, 1.64517738259, 0.625879240781, 4.70768856222, 4360.40045202, 0.0102842307942
0.169073582673, 0.855786904534, 81.6608248337, 0.498517160856, 50.0414818641, 1.31946182203, 1.33381638003, 1.86641973528, 19.5866528941, 3679.94280593, 0.0137892880271
0.807613752675, 0.868728935727, 80.0307071537, 0.471379103831, 9.09347049718, 4.49370137505, 0.555483866454, 2.32930727809, 6.63782730639, 2003.42942139, 0.214999847865
0.413455937074, 0.822385534326, 87.3755504864, 0.625094782643, 58.5464951273, 24.8476450699, 0.534118888601, 3.52617765026, 3.23577532546, 1850.26822198, 0.368522673528
0.476762819295, 0.84778623602, 89.8906084646, 0.412152909392, 94.3635881285, 26.5605855142, 0.479146962558, 3.89790274512, 3.50496496775, 1881.08898249, 0.341808435475
0.131641432923, 0.904100458396, 84.8245411886, 0.56959997054, 52.5823745807, 1.25170532937, 0.238496953896, 1.20333726794, 4.70768856222, 2894.82794674, 0.0232031688091
0.206304100633, 0.904100458396, 85.133293966, 0.56959997054, 52.5823745807, 11.5181161022, 0.14620627302, 0.625879240781, 4.70768856222, 2261.60796852, 0.0910263060995
0.862316671436, 0.822385534326, 84.7415229511, 0.625094782643, 58.5464951273, 24.8476450699, 0.534118888601, 3.97979263114, 8.15007553508, 1863.42791374, 0.607128522742
0.871530823842, 0.822270617055, 81.4861781403, 0.664286516992, 66.8883419059, 21.7413140759, 0.842335119688, 3.43558536716, 4.34535872701, 1886.42945073, 0.425359435738
0.169073582673, 0.855786904534, 81.6608248337, 0.498517160856, 50.0414818641, 1.31946182203, 1.33381638003, 1.86641973528, 3.23577532546, 2999.98110149, 0.033345194848
0.189035133116, 1.24615275853, 80.3246266459, 0.555144652219, 51.4510436755, 1.89205972272, 0.30187538399, 2.1247033422, 14.0202833242, 10544.0404433, 0.01941330255
0.206304100633, 1.16757341205, 94.11134855, 0.628153585312, 40.8640439101, 1.25170532937, 0.765839423353, 3.18479959635, 2.66455856981, 12316.3652442, 0.0152508116104
0.748812761523, 0.868728935727, 80.5182899213, 0.471379103831, 10.0737983304, 4.49370137505, 0.555483866454, 2.32930727809, 5.06194351058, 2081.37142261, 0.224156881144
0.214539770805, 0.822385534326, 89.5070733908, 0.625094782643, 58.5464951273, 24.8476450699, 0.534118888601, 3.97979263114, 8.15007553508, 2071.33313514, 0.23062481764
0.134907837278, 0.868728935727, 90.5318776599, 0.641075452192, 80.9703248674, 5.78065686489, 0.241089458422, 0.677182070074, 6.63782730639, 2843.27567438, 0.0774840384749
0.863445615772, 0.821693572174, 81.4861781403, 0.664286516992, 21.0185247165, 45.0330295277, 0.842335119688, 2.40190148759, 4.34535872701, 1980.28755927, 0.475621087871
0.77740613656, 0.822385534326, 87.3755504864, 0.625094782643, 58.5464951273, 44.6741274773, 0.534118888601, 3.52617765026, 3.23577532546, 1985.23700271, 0.477735549207
0.670855790228, 0.843546995551, 83.7540239156, 0.674658242309, 84.6609836883, 46.3989645864, 0.827578781937, 1.6362763603, 7.20653504639, 2067.96870405, 0.315006498325
0.198386333676, 0.851163520842, 86.0264063987, 0.650701980494, 45.4167427693, 16.2966788946, 0.906105149976, 0.0350691659885, 13.1177777178, 2115.40088377, 0.183577471289
0.285126491395, 0.858579432969, 80.6663656811, 0.66621623887, 59.7182509017, 5.13251041553, 1.30388617493, 1.65338682236, 14.023833949, 2964.48004108, 0.047224555828
0.131641432923, 0.904100458396, 85.133293966, 0.56959997054, 52.5823745807, 1.25170532937, 1.64517738259, 0.625879240781, 4.70768856222, 4031.48931829, 0.0297570524063
0.198386333676, 0.851163520842, 86.0264063987, 0.46641312185, 45.4167427693, 16.2966788946, 0.906105149976, 3.39388986565, 13.1177777178, 2691.16523722, 0.0947097694769
0.206304100633, 0.904100458396, 85.133293966, 0.684756029204, 52.5823745807, 1.25170532937, 1.64517738259, 0.625879240781, 4.70768856222, 4704.38245013, 0.0260239834123
0.748812761523, 0.868728935727, 80.5182899213, 0.471379103831, 10.0737983304, 4.49370137505, 0.555483866454, 2.32930727809, 6.63782730639, 2708.29191095, 0.147018492604
0.261503136777, 0.862316760164, 87.23068988, 0.628153585312, 40.8640439101, 12.5189818295, 0.765839423353, 4.01156946568, 6.38187684801, 2477.64462784, 0.204718001684
0.478048436637, 0.858727277572, 88.1405383666, 0.678700801658, 47.6059072669, 22.5999394026, 0.378284712422, 2.23892701478, 10.6962943905, 2085.91428087, 0.385445911502
0.261503136777, 0.862316760164, 87.23068988, 0.628153585312, 94.3635881285, 12.5189818295, 0.303456280255, 4.01156946568, 6.38187684801, 2460.93881659, 0.217459472213
0.748812761523, 0.859295253487, 80.5182899213, 0.471379103831, 37.0675849318, 4.49370137505, 0.555483866454, 2.32930727809, 16.4669507243, 2288.67366731, 0.218456779848
0.198386333676, 0.851163520842, 86.0264063987, 0.46641312185, 45.4167427693, 16.2966788946, 0.906105149976, 0.0350691659885, 13.1177777178, 2158.05009514, 0.233534564189
0.476762819295, 0.862715284559, 81.2828219005, 0.412152909392, 94.3635881285, 26.5605855142, 0.479146962558, 3.89790274512, 3.50496496775, 2082.42186529, 0.43727507153
0.476762819295, 0.84778623602, 89.8906084646, 0.412152909392, 40.8640439101, 26.5605855142, 0.479146962558, 3.89790274512, 3.50496496775, 2100.21225106, 0.400797337735
0.198386333676, 0.851163520842, 86.0264063987, 0.46641312185, 45.4167427693, 16.2966788946, 0.906105149976, 0.0350691659885, 13.1177777178, 2858.15330326, 0.154385477561
0.218175332166, 0.859295253487, 90.5318776599, 0.641075452192, 80.9703248674, 5.78065686489, 0.241089458422, 0.677182070074, 16.4669507243, 2551.68802318, 0.195263804847
0.198386333676, 0.851163520842, 86.0264063987, 0.46641312185, 60.6140358697, 11.5181161022, 0.906105149976, 3.39388986565, 13.1177777178, 2657.37393898, 0.190608629706
0.198386333676, 0.851163520842, 86.0264063987, 0.46641312185, 60.6140358697, 11.5181161022, 0.906105149976, 3.39388986565, 13.1177777178, 2325.80365985, 0.219083055744
0.346191078346, 0.870032018155, 85.9803874832, 0.562787752688, 31.2203136733, 9.18881178963, 0.00113751689802, 2.3447909136, 2.31921886204, 3190.66205651, 0.0838273151079
0.169073582673, 0.992518663896, 88.1405383666, 0.642750984394, 50.0414818641, 5.00167378559, 1.32260811622, 1.86641973528, 8.42289639631, 7446.93252435, 0.0380719098078
0.281919247235, 1.14278776359, 84.5768090513, 0.475284468387, 43.2241153973, 2.68592916695, 0.37123237562, 2.89094182332, 10.1671114283, 10724.4800844, 0.0367210623621
0.62563917478, 0.880370703004, 84.955688498, 0.462374424788, 28.4839835754, 5.78065686489, 0.587073253332, 0.677182070074, 16.4669507243, 2159.61788548, 0.256498325883
0.51471487801, 0.874467189828, 90.6614407959, 0.686709651242, 60.6140358697, 1.25170532937, 0.728828953518, 1.05684963849, 14.0002131565, 3460.3243081, 0.0853514296168
0.528306047198, 1.25087789517, 90.7214395839, 0.611891652452, 76.8441131158, 2.19862306605, 1.03690781565, 4.56060953892, 1.11988171136, 25666.3827337, 0.0334776634449
0.346191078346, 0.84742374436, 84.3125328667, 0.47879076379, 31.2203136733, 24.5571886086, 0.719618292579, 2.3447909136, 1.69102041025, 2554.1017542, 0.212405380443
0.48207393567, 1.24615275853, 85.0597994332, 0.555144652219, 51.4510436755, 1.89205972272, 0.0481474164514, 2.1247033422, 14.0202833242, 17785.7119292, 0.0374212336195
0.189035133116, 0.837781170723, 80.3246266459, 0.60956508701, 44.6322914819, 45.4180819037, 0.30187538399, 0.852890469136, 16.8376226228, 2244.51576479, 0.311766527385
0.48207393567, 1.24615275853, 85.0597994332, 0.555144652219, 51.4510436755, 1.89205972272, 1.14981581465, 2.1247033422, 14.0202833242, 20593.3695734, 0.0375576506925
0.807613752675, 0.868728935727, 80.0307071537, 0.471379103831, 10.0737983304, 4.49370137505, 0.555483866454, 2.32930727809, 5.06194351058, 2305.76475008, 0.231923002556
0.217622624941, 0.874467189828, 92.6445314282, 0.686709651242, 58.5869251946, 11.5181161022, 1.18789775587, 1.05684963849, 1.65781929531, 4336.26442379, 0.0689367057998
0.261503136777, 0.862316760164, 87.23068988, 0.628153585312, 19.0469184756, 12.5189818295, 0.765839423353, 2.72026998408, 6.38187684801, 3024.71194124, 0.130026871216
0.169073582673, 0.895369127939, 81.6608248337, 0.66427960486, 96.6953851785, 5.00167378559, 1.32260811622, 0.607558620148, 8.42289639631, 4538.29542876, 0.0550326064936
0.871530823842, 0.822270617055, 81.4861781403, 0.664286516992, 66.8883419059, 21.7413140759, 0.842335119688, 2.40190148759, 4.34535872701, 2115.93570438, 0.420587632602
0.169073582673, 0.895369127939, 81.6608248337, 0.642750984394, 96.6953851785, 5.00167378559, 1.32260811622, 0.607558620148, 8.42289639631, 4664.05820474, 0.0661894668175
0.871530823842, 0.82652655774, 84.066192802, 0.566066767956, 66.8883419059, 16.7210151561, 0.548139149499, 3.93233193904, 17.6357764703, 2141.60280815, 0.432564955924
0.251140354454, 1.14278776359, 80.2347769858, 0.680477532834, 27.1013542109, 2.68592916695, 0.990333804186, 1.85893660903, 19.6640279642, 9518.62332172, 0.048361850789
0.285126491395, 0.858579432969, 80.6663656811, 0.699511586119, 68.6954855206, 5.13251041553, 1.798962486, 1.65338682236, 12.2966205431, 3772.96588342, 0.0909896296496
0.285126491395, 0.858579432969, 80.6663656811, 0.66621623887, 59.7182509017, 5.13251041553, 1.30388617493, 1.65338682236, 14.023833949, 4130.92052305, 0.083993433755
0.169073582673, 0.895369127939, 81.6608248337, 0.642750984394, 50.0414818641, 5.00167378559, 1.32260811622, 1.13684163007, 8.42289639631, 5977.22526958, 0.0621182722753
0.212349416977, 0.918547729273, 89.2058297881, 0.630493629824, 98.7914285784, 8.81812862012, 1.55662789702, 2.23263471748, 5.91059142361, 5342.0959782, 0.0647184189716
0.863445615772, 0.822270617055, 81.4861781403, 0.664286516992, 21.0185247165, 45.0330295277, 0.842335119688, 2.40190148759, 4.34535872701, 2130.62970232, 0.480810008383
0.369138767971, 1.24615275853, 91.2956659958, 0.555144652219, 51.4510436755, 1.89205972272, 0.0481474164514, 2.1247033422, 14.0202833242, 14130.5133047, 0.0482353834414
0.476762819295, 0.862715284559, 81.2828219005, 0.412152909392, 94.3635881285, 26.5605855142, 0.479146962558, 3.89790274512, 3.50496496775, 2360.078114, 0.307915772204
0.261503136777, 0.862316760164, 87.23068988, 0.628153585312, 19.0469184756, 12.5189818295, 0.765839423353, 2.72026998408, 6.38187684801, 2528.33812407, 0.230708919298
0.189035133116, 0.837781170723, 83.4486951329, 0.586024865861, 44.6322914819, 37.0220060326, 0.30187538399, 2.23892701478, 16.8376226228, 3005.33227773, 0.181094612816
0.721843608436, 0.877800056277, 91.2956659958, 0.555144652219, 51.4510436755, 1.89205972272, 0.0481474164514, 2.1247033422, 14.0202833242, 3559.39843875, 0.0992186884207
0.670855790228, 0.843546995551, 83.7540239156, 0.674658242309, 84.6609836883, 46.3989645864, 0.827578781937, 1.6362763603, 7.20653504639, 2164.54966001, 0.477147530052
0.369138767971, 1.24615275853, 91.2956659958, 0.555144652219, 51.4510436755, 1.89205972272, 0.0481474164514, 2.1247033422, 17.6562505858, 18235.2145811, 0.0536734300417
0.748812761523, 0.868728935727, 80.5182899213, 0.471379103831, 58.4598074191, 4.49370137505, 1.64517738259, 0.625879240781, 5.06194351058, 3422.66535129, 0.167903668192
0.189035133116, 1.24615275853, 80.3246266459, 0.555144652219, 51.4510436755, 1.89205972272, 0.30187538399, 2.1247033422, 14.0202833242, 15664.0003599, 0.0578648461854
0.48207393567, 1.24615275853, 91.2956659958, 0.555144652219, 51.4510436755, 1.89205972272, 0.0481474164514, 2.1247033422, 14.0202833242, 17530.9434815, 0.0617491885583
0.863445615772, 0.822270617055, 83.7540239156, 0.674658242309, 84.6609836883, 45.0330295277, 0.827578781937, 2.40190148759, 7.20653504639, 2192.26897727, 0.668082108578
0.102654321367, 0.909730161658, 88.6487844005, 0.680477532834, 27.1013542109, 14.0624417003, 0.201828141321, 1.85893660903, 19.6640279642, 3634.09262146, 0.116441188863
0.212349416977, 0.918547729273, 91.094905622, 0.444087627166, 91.1489806412, 8.81812862012, 0.936195151705, 4.67567449343, 4.04886918069, 3623.83693749, 0.118678840906
0.478048436637, 0.858727277572, 88.1405383666, 0.586024865861, 47.6059072669, 11.8646716526, 0.378284712422, 2.23892701478, 10.6962943905, 2387.88237713, 0.339642068467
0.189035133116, 0.837781170723, 83.4486951329, 0.60956508701, 44.6322914819, 37.0220060326, 0.30187538399, 0.852890469136, 16.8376226228, 2455.65570313, 0.324004449562
0.863445615772, 0.82652655774, 84.066192802, 0.612698645516, 21.0185247165, 45.0330295277, 0.548139149499, 2.31293305053, 17.6357764703, 2426.151433, 0.331969210624
0.281919247235, 1.17786694715, 93.9919925876, 0.537038940662, 99.36191305, 3.91551970693, 1.45736567918, 2.285537977, 15.7903477657, 17230.2858083, 0.0661092235484
0.116119328808, 1.23849908818, 80.6150058473, 0.650701980494, 20.5922249772, 13.8277073446, 1.7065955506, 4.04913580656, 18.5579424206, 19231.9739723, 0.0649916997626
0.287641046093, 0.951001982813, 94.4992449337, 0.690534769076, 55.5029153087, 26.8501496623, 0.158441416366, 2.05988016722, 15.8860230667, 3510.05558403, 0.179818311563
0.198386333676, 0.851163520842, 86.0264063987, 0.46641312185, 45.4167427693, 16.2966788946, 0.906105149976, 0.0350691659885, 13.1177777178, 2541.89299744, 0.258366792163
0.457342706921, 0.877800056277, 80.5976565384, 0.501457496608, 80.4447597509, 12.4358484638, 1.87426113937, 1.80845880386, 17.0432740401, 3606.51644174, 0.163582921725
0.212349416977, 0.918547729273, 91.094905622, 0.444087627166, 91.1489806412, 8.81812862012, 0.936195151705, 4.67567449343, 5.91059142361, 3060.75783584, 0.186206733746
0.862316671436, 0.822385534326, 92.1180814677, 0.625094782643, 58.5464951273, 24.8476450699, 0.534118888601, 3.97979263114, 8.15007553508, 2291.72957505, 0.48095191839
0.807613752675, 0.868728935727, 80.0307071537, 0.471379103831, 9.09347049718, 4.49370137505, 0.411149488198, 2.62172503332, 6.63782730639, 2516.67667404, 0.341669246273
0.478048436637, 0.858727277572, 85.0782672042, 0.678700801658, 47.6059072669, 37.321765891, 0.378284712422, 2.23892701478, 10.6962943905, 2301.12236479, 0.55496763275
0.528306047198, 1.25087789517, 90.7214395839, 0.611891652452, 76.8441131158, 2.19862306605, 1.03690781565, 4.56060953892, 1.11988171136, 21958.4357199, 0.0725675022958
0.285126491395, 0.858579432969, 84.3125328667, 0.66621623887, 31.2203136733, 5.13251041553, 1.30388617493, 1.65338682236, 14.023833949, 3974.65272023, 0.127482338719
0.807613752675, 0.868728935727, 80.0307071537, 0.471379103831, 10.0737983304, 19.1076915793, 0.555483866454, 1.6362763603, 7.33291620864, 2332.62500842, 0.496154340177
0.478048436637, 0.858727277572, 88.1405383666, 0.678700801658, 47.6059072669, 37.321765891, 0.378284712422, 2.23892701478, 10.6962943905, 2328.14139051, 0.617767872439
0.197690364872, 0.837781170723, 90.5617847536, 0.638262510282, 46.03282074, 8.42344627982, 1.1119476525, 2.22821736719, 16.8376226228, 3733.04813407, 0.155854985855
0.48207393567, 0.837781170723, 85.0597994332, 0.60956508701, 44.6322914819, 45.4180819037, 0.0481474164514, 0.852890469136, 16.8376226228, 2375.50522969, 0.607013827233
0.587495647618, 0.894714608087, 90.9413494929, 0.433990482656, 87.2060051425, 36.3057866021, 0.816431057319, 4.47072285608, 14.5642273285, 2372.37009691, 0.762802072951
0.261503136777, 0.862316760164, 87.23068988, 0.628153585312, 19.0469184756, 14.0624417003, 1.11645915191, 0.106243043847, 6.38187684801, 3209.03885468, 0.196713516057
