5.70905992458, 1.30537443579, 0.88885188073, 1.00480312535, 3.53156497239, 0.911758489802, 5.84264202155, 1.05956677846, 1.06591404137, 5.97074338861, 3.8732064115, 0.920520531811, 4.08526924925, 0.996454873157, 1.01733275807, 1.60928461437, 1.09243111318, 0.943717280081, 7.46320951566, 1.0853279754, 0.96681455168, 234.75775552, 1.00312931271, 4.74839024829, 1.01650132232, 4.91658114272, 0.889369844181, 314.730126579, 0.536193029491
1.03335826552, 1.41232651408, 1.09309913634, 0.858993211539, 2.04955770459, 0.768958901043, 4.32262966525, 1.24581542489, 0.937921120598, 1.69570472835, 4.40273595806, 1.01467771464, 5.00874012471, 0.982506926302, 0.935560217564, 1.14287955626, 1.08635132851, 1.10589780685, 9.1140005411, 1.12683418888, 0.845523271401, 150.729153179, 0.84602567082, 2.13144098427, 1.17709890986, 2.25920156694, 1.27670936386, 801.920241297, 0.0
4.73637048428, 1.248234134, 0.802358304807, 1.02705965556, 4.34507313692, 0.895210247668, 3.1767240174, 1.10247497676, 1.05941880833, 4.96278660404, 2.92991150904, 1.06584163891, 2.55834085332, 1.07674804215, 0.979546039818, 1.40718628135, 1.08416173543, 0.94816431579, 3.35918611083, 0.936833639204, 0.969351666286, 20.4815556629, 1.12937609081, 5.47677231152, 1.01757478155, 2.29678426146, 0.908896132823, 28.5019986971, 2.41286863271
3.64386037467, 1.06868691884, 1.14913880565, 1.01484780353, 4.82937877821, 0.804390090554, 1.99764615697, 1.11427850654, 1.11065395469, 2.4575996553, 5.11826498182, 1.20385260268, 4.19949506473, 0.828548283589, 0.783532904863, 1.21615312646, 1.0007023956, 1.00784486158, 3.95126914174, 0.946269197377, 0.902458495073, 385.135928714, 0.871379379184, 1.4386898849, 1.05107363068, 2.37152607865, 0.957097771518, 521.110572502, 1.60857908847
2.04846614708, 1.3687160472, 1.38989707481, 1.10391247933, 5.01246239201, 0.846189684252, 2.29883575076, 1.25996662401, 0.907412254843, 1.27081818329, 3.47345050645, 0.97264467178, 2.10289786044, 1.1840538856, 0.97299973116, 1.04762098786, 1.08980265369, 0.978354123577, 4.12858293755, 0.999363788561, 0.881460930642, 244.286247214, 0.924210116286, 2.94827840181, 1.0861480981, 3.26512951827, 1.25913312287, 399.23896494, 1.87667560322
2.24463930164, 1.39393429113, 1.09309913634, 0.858993211539, 2.04955770459, 0.768958901043, 4.32262966525, 1.24581542489, 0.937921120598, 1.69570472835, 4.40273595806, 1.21297975774, 5.00874012471, 0.982506926302, 0.935560217564, 1.14287955626, 1.1571341447, 0.947366835169, 9.1140005411, 1.12683418888, 0.845523271401, 150.729153179, 0.84602567082, 2.13144098427, 1.17709890986, 2.25920156694, 1.27670936386, 539.43102474, 0.536193029491
1.52398052615, 1.17396471885, 1.00214920616, 1.07162537239, 6.74476241424, 1.00455093168, 1.23844420794, 1.14975288826, 0.970287973612, 1.91453961232, 4.38924773127, 0.969532949188, 2.05213771614, 1.25709679418, 0.84031146195, 1.37098317932, 1.00648419239, 0.947281575597, 4.58501384469, 0.981575402745, 0.898967737767, 133.00630482, 0.908767372144, 2.84433805539, 1.00668949619, 3.34582999966, 1.07838216292, 1320.1837909, 0.0
4.02217506794, 1.1882678167, 1.47791826418, 1.20462384916, 3.88994832457, 0.805219420171, 3.41204650585, 0.943143503962, 1.13926125335, 1.40494745513, 7.67723505269, 1.1934647707, 2.52237157006, 1.26548476409, 1.01867822957, 1.38621709794, 1.11668220458, 0.988303379332, 5.43498281988, 1.15046535594, 0.887789891699, 406.092619914, 0.867419931728, 4.71760547307, 1.01013608072, 3.84404136479, 1.23430946626, 185.19150495, 2.68096514745
2.99936533944, 1.01878790424, 1.60303420809, 0.98386137151, 5.34359710182, 1.01393322717, 1.55080054971, 1.04913205257, 0.940179127677, 2.41974043237, 6.21452828766, 0.8710130082, 1.60668431996, 0.999940939889, 1.04372663935, 1.02786106095, 1.08276916723, 0.969588448039, 7.17200835225, 1.14831841964, 0.934653318245, 303.952856786, 1.08864889233, 1.24411769738, 1.18168600009, 2.81187853478, 1.21067236382, 556.407889146, 0.536193029491
1.93450830563, 1.27319294832, 1.43387823628, 1.08049910798, 6.71707446847, 0.969024124793, 2.07360617347, 1.13533459128, 0.98215067007, 4.78148628024, 2.16081247921, 0.820884305212, 4.81146839895, 1.04358695549, 0.897875033804, 1.27091714473, 1.12083473529, 1.00931742922, 5.96934314164, 0.933776952165, 0.951810626069, 399.205914388, 0.862436638775, 5.59651019772, 0.988117201969, 3.43575913528, 1.00842138848, 1335.92773943, 0.268096514745
3.06075939564, 1.40788036835, 1.58965225144, 1.10728713108, 6.66683338342, 0.939406072445, 2.26812249599, 1.10729424769, 0.966597655444, 5.64211061869, 6.27536048187, 0.873298040796, 2.51697062336, 1.23349058812, 0.944582513889, 1.0830227201, 1.03721680594, 1.2281579719, 5.2361418964, 1.11590500169, 0.988722812479, 223.023309398, 1.04729272295, 2.04081180915, 1.23717261357, 1.94654958771, 1.17764122964, 1743.72505278, 0.0
2.98107317719, 1.03355015188, 1.4834329831, 0.899975652846, 3.40818152237, 0.799346763993, 1.11563080863, 0.969413528404, 1.11664372395, 3.03727620869, 6.31844494344, 1.16783195621, 4.67203041652, 1.16227809047, 1.03342789472, 1.57623082852, 1.07085167653, 1.10515861599, 8.58237508778, 1.13992686986, 0.771030941182, 19.2288536101, 1.01427102453, 3.24407702128, 1.17320991791, 2.81838166056, 0.931441158442, 207.887310052, 2.68096514745
1.58585088264, 1.34919454215, 0.731612512502, 0.809978499871, 5.89604229784, 0.968914063093, 2.34241944051, 0.964926938712, 1.00290524965, 5.10282043131, 3.28445739343, 1.15781897102, 2.50622812391, 1.23958828184, 0.854040552854, 1.246118477, 1.1588583247, 0.909241236756, 7.03392182092, 1.04624141044, 0.906731489644, 244.578025382, 0.993325219324, 3.26507459018, 1.03799640962, 4.08574177059, 1.16078530932, 984.270618779, 0.536193029491
1.93450830563, 1.27319294832, 1.43387823628, 1.08049910798, 6.71707446847, 0.973644916202, 2.07360617347, 1.13533459128, 0.98215067007, 4.78148628024, 2.16081247921, 0.820884305212, 4.10465279665, 1.04358695549, 0.897875033804, 1.27091714473, 1.12083473529, 1.00931742922, 5.96934314164, 0.933776952165, 0.951810626069, 399.205914388, 0.862436638775, 5.59651019772, 0.988117201969, 3.43575913528, 1.00842138848, 583.066074096, 1.34048257373
5.00018261981, 1.03607075443, 1.68943704026, 1.00106918241, 1.7016602724, 1.01932649404, 1.73888285268, 1.01105928343, 1.07054474779, 2.79704425741, 6.39927035454, 0.905077258168, 4.77290156919, 0.887006176632, 0.950888881907, 1.44119697056, 1.07625997265, 1.03728336529, 8.34505621057, 0.929073578622, 0.822028061972, 285.959909164, 1.15867301196, 3.17259924225, 1.16428305127, 1.41798537395, 1.03802024738, 686.081123573, 0.804289544236
2.20752329569, 1.28134416069, 1.27861303628, 1.1043710216, 6.77865741771, 1.11967697525, 2.28190215232, 1.23097264656, 0.915442069381, 1.44340436235, 5.66170026417, 1.05236261303, 2.36571681671, 1.19255150189, 0.931734852526, 1.32861687179, 1.07374292826, 1.10804557516, 8.09185700328, 0.973240603727, 0.82943269548, 368.886187703, 1.10694091988, 2.58416633347, 1.23265655566, 1.71461278778, 1.07997489972, 1559.16965736, 0.268096514745
2.12266144209, 1.16485130616, 1.71981591645, 0.816439624454, 4.37631017123, 0.87096006926, 2.37883096556, 1.24869295304, 1.06150759819, 3.94984917083, 2.52581773247, 0.929027253104, 2.48756090304, 1.17022196492, 0.95469849049, 1.16037520597, 1.11020881637, 0.944561215604, 8.67394863781, 1.04065586265, 0.864544985881, 14.3038311871, 1.1289208619, 2.03282651596, 1.07028793622, 2.89950729928, 1.17457204929, 2030.86244871, 0.0
2.69731678415, 1.29686148775, 1.45601556516, 0.802798147794, 7.0675440029, 0.799875323745, 2.36107835397, 1.09051941114, 1.13728889746, 2.36609171673, 1.66394606196, 0.936444239382, 3.19311995174, 1.08196610146, 0.991113585594, 1.32575981674, 1.03297842819, 0.810447675336, 7.40593973288, 1.12943529466, 0.937787450878, 417.1140712, 1.09133541814, 2.24200540398, 1.07921613798, 3.48896939908, 1.11938657458, 381.583736957, 4.02144772118
5.05126618765, 1.39490092803, 0.760173531621, 1.01657478579, 6.84890574654, 0.796652977642, 3.57681071677, 1.08219943954, 1.0398495549, 4.64372583453, 1.69626497686, 1.1728268633, 1.54518660412, 1.17239157773, 1.04419608156, 1.13776854523, 1.14747105304, 1.21182421851, 5.77059304664, 1.03747371391, 0.773243073673, 413.203452137, 1.16339231949, 3.78399118205, 0.957907790739, 2.97602624923, 0.930068673456, 214.294458487, 6.16621983914
4.07181786316, 1.2491259607, 0.864108444865, 0.90253854998, 1.46269616121, 0.740169952408, 3.9753295949, 0.95176669207, 1.12317321754, 4.94967602427, 7.10795875087, 1.02334566374, 2.57495342364, 1.10408867635, 0.949168477673, 1.12712706172, 1.10604159861, 0.94215300208, 6.50401011216, 0.945227681545, 0.93566625466, 217.210917822, 1.1750232303, 2.9944748413, 1.0839593416, 4.63281985303, 0.984684545165, 1477.12300771, 0.536193029491
1.54137735515, 1.41054427779, 1.25021070494, 0.967229840759, 3.18945961278, 0.829975514852, 2.11887225782, 1.21894635522, 1.0640522266, 5.69469375117, 6.56342288848, 0.993696094285, 4.56367298341, 1.15463919606, 1.047850926, 1.10175368019, 1.05813748687, 0.863112997487, 9.0861616966, 1.10599811122, 0.900611197438, 397.214743078, 0.867961051205, 4.57224379789, 1.18575978019, 5.17089177514, 1.08738027927, 643.534136084, 1.87667560322
5.32679720356, 1.24077265129, 1.1678568901, 1.1566241776, 2.82842455432, 1.01710849799, 5.40289097795, 1.23772411367, 1.03872769318, 3.55773696291, 1.8327687036, 0.924571063449, 4.56438340925, 0.912047087239, 0.878765133622, 1.2707204541, 1.00414181971, 1.09710835231, 3.7096461302, 0.981260873901, 0.861071517371, 371.969768145, 0.865753713272, 3.57158389788, 1.03113544527, 2.36101701592, 1.16107556253, 1240.37421168, 1.34048257373
5.00018261981, 1.00455400085, 1.71749267904, 1.00106918241, 1.7016602724, 1.01932649404, 1.73888285268, 1.01105928343, 1.07054474779, 2.79704425741, 6.39927035454, 0.905077258168, 4.77290156919, 0.887006176632, 0.950888881907, 1.44119697056, 1.16769659624, 1.03728336529, 8.34505621057, 0.929073578622, 0.822028061972, 285.959909164, 1.15867301196, 3.17259924225, 1.16428305127, 1.41798537395, 1.03802024738, 820.543986089, 1.60857908847
5.42131905112, 1.0706159762, 1.31310439998, 1.09138934519, 5.97818018202, 0.864880498153, 5.50856289593, 0.885898894207, 0.978667527724, 2.96829749439, 7.53684887412, 1.13263968474, 4.86276476753, 0.842572750674, 0.891664445102, 1.04068213344, 1.13420596649, 1.21144056608, 6.70746126819, 1.13731694932, 0.818184517775, 363.844916539, 0.841455102763, 2.0720126771, 1.15964836784, 5.05289797233, 1.16518986925, 1966.78465256, 0.268096514745
1.23265234773, 1.14476552062, 0.773471860405, 1.17433248626, 4.70350711358, 1.15379176952, 5.19531272777, 1.19125768215, 0.982020956698, 4.45414541641, 4.2971775815, 1.0876911225, 2.77850500363, 0.974954016486, 1.06156064531, 1.45505541059, 1.1611941975, 1.13719300153, 4.17817094568, 1.05818109304, 0.942721928252, 313.901352853, 1.11728850759, 4.05593328421, 1.12042503674, 1.41995726798, 1.22798613441, 2199.24737867, 0.0
2.12266144209, 1.16485130616, 1.71981591645, 0.816439624454, 4.37631017123, 0.788949127735, 2.70492336344, 1.22834368703, 1.06150759819, 3.94984917083, 2.52581773247, 0.929027253104, 3.12439887922, 1.15194661342, 1.07971536123, 1.16037520597, 1.11020881637, 0.944561215604, 8.67394863781, 1.04065586265, 0.879245972142, 14.3038311871, 1.1289208619, 2.03282651596, 1.07028793622, 2.89950729928, 1.17457204929, 583.637188311, 4.28954423592
1.43081709942, 1.10128738024, 1.07521492106, 1.04086549696, 6.07273834015, 1.05963143463, 1.84670465501, 0.971936505635, 1.00924711653, 3.49731900017, 2.18570687299, 0.836346039825, 4.74305849124, 0.96537973894, 0.811348307834, 1.42495069439, 1.15582762753, 0.955384719408, 6.14712518144, 1.03821635049, 0.796502770369, 61.8924195283, 0.972426522597, 3.1326165142, 0.98310236421, 3.74024766542, 1.28668550481, 393.13698181, 5.8981233244
4.07181786316, 1.2491259607, 0.864108444865, 0.90253854998, 1.46269616121, 0.740169952408, 3.9753295949, 0.95176669207, 1.07408845977, 4.94967602427, 7.10795875087, 1.02334566374, 2.57495342364, 1.10408867635, 0.949168477673, 1.12712706172, 1.10604159861, 0.94215300208, 6.50401011216, 0.945227681545, 0.93566625466, 217.210917822, 1.1750232303, 2.9944748413, 1.0839593416, 4.24739578088, 0.984684545165, 1511.65567182, 1.07238605898
2.20752329569, 1.28134416069, 1.27861303628, 1.1043710216, 6.77865741771, 1.11967697525, 2.28190215232, 1.18280658727, 0.915442069381, 1.44340436235, 5.66170026417, 0.816732786175, 2.36571681671, 1.19255150189, 0.931734852526, 1.32861687179, 1.13549912223, 1.10804557516, 8.09185700328, 0.973240603727, 0.82943269548, 368.886187703, 1.10694091988, 2.58416633347, 1.23265655566, 1.71461278778, 1.07997489972, 771.764675174, 2.14477211796
1.08895249563, 1.29093794977, 1.18327504354, 1.05840667666, 3.94952657242, 1.17835831626, 5.65559818227, 1.00348779487, 0.945429270738, 3.59315242809, 3.33113361439, 0.890977139855, 2.40601217794, 1.2186809327, 0.798964964686, 1.59999920173, 1.01248153911, 1.12545435534, 8.12086187294, 1.13247334794, 0.98622908396, 313.817877113, 0.941602902819, 2.20229307366, 0.995433310121, 3.92855591826, 0.908638959359, 1225.82859444, 1.87667560322
3.64386037467, 1.06516225103, 1.14913880565, 1.01484780353, 4.82937877821, 0.804390090554, 1.99764615697, 1.23080149133, 1.11065395469, 1.95390184102, 5.11826498182, 1.20385260268, 4.19949506473, 0.828548283589, 0.782883759984, 1.21615312646, 1.0007023956, 1.00784486158, 3.95126914174, 0.946269197377, 0.902458495073, 385.135928714, 0.871379379184, 1.4386898849, 1.05107363068, 2.37152607865, 1.10805432792, 2667.11777795, 0.0
4.95462562435, 1.39490092803, 0.760173531621, 0.89017365383, 6.84890574654, 0.875926075819, 3.57681071677, 1.08219943954, 1.0398495549, 4.64372583453, 1.69626497686, 1.1728268633, 1.54518660412, 1.13949349632, 1.04419608156, 1.49290988066, 1.14747105304, 1.18955175711, 3.58427690766, 1.03747371391, 0.773243073673, 413.203452137, 1.16339231949, 3.78399118205, 1.16458509636, 2.97602624923, 0.930068673456, 2642.8166613, 0.268096514745
2.39015133494, 1.37919311282, 1.63431429196, 0.991150208187, 1.56067940182, 1.06331588278, 3.32584082063, 1.06593140919, 0.9693134605, 5.87973301747, 1.89307416893, 0.899717919688, 4.504511867, 1.27672069931, 0.886296305412, 1.40390424218, 1.14553212153, 0.914253491113, 5.66467841562, 1.02418685576, 0.993275528886, 62.761935156, 1.03677839678, 3.36821795289, 1.22243386028, 5.33998493885, 0.886844921779, 2297.51538699, 0.536193029491
5.09533802772, 1.38140153636, 1.04603042531, 1.13127244547, 5.10218672603, 1.16943679161, 3.48857814506, 1.10441361463, 1.11689260688, 1.53162634789, 5.56597883656, 0.990325223929, 1.9139130897, 1.1477051459, 0.871900952145, 1.00708160692, 1.02884838226, 0.947661301255, 6.1519806921, 1.09548908145, 0.832943860963, 79.6589969868, 0.854782198278, 2.68907307572, 1.11546780313, 2.80130170937, 0.968502922689, 611.732927015, 5.09383378016
4.3710309827, 1.30512384868, 1.49770468548, 0.869093317478, 2.93668935682, 1.08892350643, 3.02177317226, 1.09626127071, 1.01331973932, 2.6502700618, 3.85612124807, 1.09831871408, 4.21734528968, 1.17022196492, 0.893505725409, 1.29743639902, 1.01791441179, 1.15969910955, 8.79018398001, 0.997815042145, 0.96377104301, 317.90242837, 0.943596748684, 1.38561921758, 1.19288944864, 1.48242236236, 1.14097117684, 1552.02135569, 1.07238605898
3.36418408556, 1.38568470842, 1.32157206265, 0.926334624995, 4.88139861451, 1.12943503106, 5.71717823792, 0.917027428564, 1.04335016645, 2.28660379565, 3.92078372147, 1.11816040283, 2.22919318571, 1.04360934248, 0.898296184598, 1.09292887421, 1.03931295306, 1.12972529406, 7.07218902556, 0.998280923788, 0.946200214443, 319.397105768, 0.981355233604, 1.49557560829, 1.05339475087, 1.93399831958, 1.18195406076, 797.128505701, 2.14477211796
5.45527601366, 1.0868271286, 1.49268571319, 1.11665830471, 6.50448789783, 0.979371533547, 2.14545695754, 1.0270233029, 0.97908615394, 1.31544678632, 7.68566703955, 1.14173347877, 3.77959555225, 1.27634492142, 0.882978013937, 1.20584606788, 1.0482619171, 1.06821906469, 3.10484918372, 1.00291282604, 0.958262445236, 20.8952634639, 1.05528712625, 5.32451011796, 1.16106443773, 3.55165120716, 1.08188195619, 782.919413807, 3.48525469169
5.3163539997, 1.26432889811, 1.10261286318, 1.14547845601, 2.49304611993, 0.877150735663, 4.30112312434, 0.862251964405, 1.02154186526, 2.59048138796, 6.52150596118, 1.13979644132, 2.16160860121, 1.15037914118, 0.941590487132, 1.56125998485, 1.06245044014, 0.839506598898, 7.99040921131, 1.06338645727, 0.912291512892, 135.929780944, 0.923845721986, 5.20672984202, 1.03706788269, 4.18745014962, 0.900542830538, 2898.37212319, 0.0
5.41426720116, 1.35498036756, 1.1779906479, 0.907947349921, 1.65181450518, 1.02126099257, 4.14235233233, 0.922120831233, 0.984920323376, 5.33995316081, 4.04399906651, 1.21769225862, 4.18877515761, 1.06027853403, 0.97071151881, 1.60559445173, 1.08247145398, 0.94380432484, 6.71546563424, 0.972840138904, 0.960034454419, 69.3515357628, 1.1330494519, 5.40614289978, 0.952291793871, 3.76930748435, 0.910449358375, 1555.78827181, 1.60857908847
1.02606582198, 1.02663961958, 0.768118448836, 1.07744224769, 1.4487375696, 1.12673358161, 2.64927546391, 1.23097264656, 1.07383966398, 1.43970236119, 6.4049411, 1.21692626141, 4.54061590435, 1.03098841831, 1.02307369078, 1.39585191309, 1.04924631074, 1.22937228091, 6.23877726526, 1.11722463648, 0.77067498283, 119.539220045, 1.18517100921, 3.07429899422, 1.10822317259, 1.21528900977, 1.24780377812, 1981.90540762, 1.07238605898
1.43081709942, 1.10128738024, 1.07521492106, 1.04086549696, 6.07273834015, 1.05963143463, 1.84670465501, 0.971936505635, 1.00924711653, 3.49731900017, 2.18570687299, 0.836346039825, 4.74305849124, 0.96537973894, 0.811348307834, 1.42495069439, 1.15582762753, 0.955384719408, 6.14712518144, 1.03821635049, 0.796502770369, 61.8924195283, 0.972426522597, 3.1326165142, 0.989436870781, 3.74024766542, 0.953332597192, 822.904488808, 2.68096514745
3.56424919674, 1.20025370849, 1.20632673473, 1.15041437347, 6.45417485471, 1.01783736764, 2.48500589961, 0.922555986359, 1.11043775857, 5.59953788628, 4.34223962859, 0.824126063655, 3.94004684921, 1.17177506516, 0.90582774357, 1.37515828097, 1.10109211085, 0.965722549827, 8.78733271794, 1.0913765448, 0.878964299322, 176.966354691, 1.11235590454, 1.84250841295, 1.19272570979, 3.90395955087, 1.25620204297, 796.53950794, 4.28954423592
3.36418408556, 1.38568470842, 1.49268571319, 0.926334624995, 4.88139861451, 1.12943503106, 5.71717823792, 0.909126728104, 1.04335016645, 2.28660379565, 3.92078372147, 1.11816040283, 2.22919318571, 1.04360934248, 0.898296184598, 1.09292887421, 1.01398485414, 1.12972529406, 3.62111426115, 0.998280923788, 0.946200214443, 319.397105768, 0.981355233604, 2.28966915684, 1.05339475087, 1.93399831958, 1.08188195619, 807.088644084, 3.75335120643
3.57917922609, 1.13401182485, 1.30923951507, 1.15731751969, 4.16543761781, 1.14440289196, 1.43373436271, 1.13110903198, 1.12915030821, 3.09770935021, 7.75392535228, 0.925305631376, 4.4259533863, 1.19471967223, 0.81695699238, 1.57280652527, 1.03347595808, 1.04103522999, 9.21035950161, 0.964861361736, 0.807139113935, 132.08313687, 1.09507169723, 4.84473161144, 1.15563321851, 2.78180685139, 1.22767508292, 7115.2159729, 0.0
1.03335826552, 1.41232651408, 1.09309913634, 0.858993211539, 2.04955770459, 0.768958901043, 4.32262966525, 1.24581542489, 0.937921120598, 1.69570472835, 4.40273595806, 1.01467771464, 5.00874012471, 0.982506926302, 0.935560217564, 1.14287955626, 1.08635132851, 1.10974605167, 9.1140005411, 1.12683418888, 0.845523271401, 150.729153179, 0.84602567082, 2.13144098427, 1.17709890986, 1.96922038697, 1.23196128801, 2957.99995765, 0.536193029491
1.83752863131, 1.10704024716, 0.980374941832, 1.16465509557, 3.56214693788, 1.18151528197, 4.44047935965, 1.04297483169, 1.11614743302, 4.76549730163, 4.46192161869, 0.826907021507, 4.00089257341, 1.27211712941, 1.08553263442, 1.36321144522, 1.07127903229, 1.12010767875, 9.16758413661, 1.17393714301, 0.947360086965, 285.959909164, 1.14377111016, 4.28926571964, 1.00133999498, 2.30313248304, 1.15569926379, 2964.05830125, 0.268096514745
4.73637048428, 1.248234134, 0.802358304807, 1.02705965556, 4.34507313692, 0.895210247668, 3.1767240174, 1.10247497676, 1.05941880833, 4.96278660404, 2.92991150904, 1.06584163891, 2.55834085332, 1.07674804215, 0.979546039818, 1.40718628135, 1.08416173543, 0.94816431579, 3.07191733193, 0.936833639204, 0.969351666286, 20.4815556629, 1.12937609081, 1.73881064018, 1.05107363068, 2.29678426146, 0.908896132823, 1621.43868713, 1.87667560322
1.08895249563, 1.29093794977, 1.18327504354, 1.05840667666, 3.94952657242, 1.17835831626, 5.65559818227, 1.00348779487, 0.945429270738, 3.59315242809, 3.33113361439, 0.852456354059, 2.40601217794, 1.2186809327, 0.798964964686, 1.59999920173, 1.01248153911, 1.12545435534, 8.12086187294, 1.13247334794, 0.98622908396, 338.875472781, 0.941602902819, 2.20229307366, 0.995433310121, 3.92855591826, 0.973941788088, 1799.91684777, 1.60857908847
1.93450830563, 1.27319294832, 1.43387823628, 1.08049910798, 6.71707446847, 0.973644916202, 2.07360617347, 1.13533459128, 0.985499538395, 4.78148628024, 2.16081247921, 0.995247654013, 4.77290156919, 1.04358695549, 0.897875033804, 1.27091714473, 1.12083473529, 1.00931742922, 5.96934314164, 0.933776952165, 0.951810626069, 399.205914388, 0.862436638775, 5.59651019772, 0.988117201969, 3.43575913528, 1.03802024738, 2188.34190494, 1.07238605898
5.34240010876, 1.30198376496, 1.57978415217, 0.812250622761, 5.37746047523, 1.16642565719, 4.57415686548, 1.01760851551, 1.02485600067, 4.90413046263, 6.6539940766, 1.2069120347, 4.6952728498, 1.16422198158, 0.802151738202, 1.1979167782, 1.05114048565, 1.13458733641, 5.6065013247, 0.957151688013, 0.983246724071, 184.402742125, 1.18714076345, 4.09352779991, 1.01591085891, 4.07671374529, 1.27306023188, 2078.03931395, 1.34048257373
4.1370616379, 1.25686789173, 0.734840421623, 1.11855379947, 3.52684494684, 0.800594509158, 3.82036842624, 1.1168582803, 1.11794380119, 5.47226326601, 3.29147679758, 1.07317639167, 4.10692181261, 1.28588389739, 0.872479928285, 1.17451312395, 1.11980289807, 0.87983744425, 6.12388906132, 1.16625201012, 0.864710398082, 289.99743057, 1.01230552949, 5.6869155163, 1.08723376934, 2.7951150884, 1.05977532532, 1354.50082879, 2.68096514745
2.83518604473, 1.15105345244, 1.72853972201, 1.03071650502, 6.21888757187, 1.08486686191, 1.78888831473, 0.957208392514, 0.91687159468, 4.83637208746, 6.23597328965, 0.834540275347, 3.83321046191, 1.04409379725, 0.919052332008, 1.10827033453, 1.10741199188, 1.15475085665, 3.87689968113, 1.0044432662, 0.892685965846, 326.478229929, 0.917368270733, 5.50760150069, 1.15694754552, 1.3183665662, 1.20364082384, 1119.03716142, 4.02144772118
5.92646845605, 1.23373128892, 1.4970410113, 1.04188187402, 3.83295050817, 1.04756337014, 3.83823353491, 0.843283394692, 1.00340581379, 1.63636846519, 1.63053765493, 1.07289798359, 1.46529131069, 1.27707584106, 0.904222524289, 1.51352033516, 1.05700439253, 1.20188462322, 5.90774307163, 0.927127825038, 0.768883138937, 157.770331726, 1.16150413219, 5.56219315588, 1.0230982802, 2.19559561654, 1.04427732234, 976.615197901, 5.63002680965
5.34240010876, 1.28401827204, 1.57978415217, 0.812250622761, 5.37746047523, 1.16642565719, 4.57415686548, 1.01760851551, 1.02485600067, 4.90413046263, 6.6539940766, 1.2069120347, 4.6952728498, 1.16422198158, 0.806129298117, 1.1979167782, 1.11763440937, 1.13458733641, 5.6065013247, 0.957151688013, 0.983246724071, 184.402742125, 1.18714076345, 4.09352779991, 1.01591085891, 4.07671374529, 1.27306023188, 7336.72299705, 0.0
4.02217506794, 1.1882678167, 1.47791826418, 1.20462384916, 3.88994832457, 0.805219420171, 1.17921692336, 0.872833528664, 1.13926125335, 1.40494745513, 7.67723505269, 1.1934647707, 2.52237157006, 1.26548476409, 1.01867822957, 1.49427013839, 1.11668220458, 0.988303379332, 5.43498281988, 1.15046535594, 0.887789891699, 406.092619914, 0.867419931728, 3.48319378188, 1.01013608072, 3.84404136479, 1.23430946626, 3164.09795156, 0.536193029491
4.24223232937, 1.26432889811, 1.10261286318, 1.14547845601, 4.1858176263, 0.877150735663, 5.92607722122, 0.862251964405, 1.02154186526, 2.09937411853, 6.52150596118, 1.13979644132, 2.16160860121, 1.17250864641, 0.830365779616, 1.19950317902, 1.06245044014, 0.839506598898, 7.99040921131, 1.06338645727, 0.912291512892, 135.929780944, 0.923845721986, 5.20672984202, 1.03706788269, 4.18745014962, 0.900542830538, 4406.72718837, 0.268096514745
1.18247539985, 1.32793466221, 0.828405104032, 1.12722044228, 1.68783269989, 0.941331442486, 1.30090383577, 0.923695343154, 0.951481861792, 4.79807467695, 2.44018795362, 1.01941047082, 1.0523870733, 0.834224808289, 1.04088999982, 1.53857079623, 1.06543760796, 0.884985111774, 8.51219470799, 1.02143434474, 0.92911095932, 273.238318322, 1.00265388562, 3.98907585354, 0.998704904482, 2.81454837609, 0.998541778778, 2076.39954603, 2.14477211796
1.06589847879, 1.15642108572, 1.01754585034, 0.943472921872, 3.87709531876, 1.09941207991, 5.48263416357, 1.16636500649, 1.08295786981, 2.43720684491, 6.55042191384, 0.988254546787, 4.59188997054, 0.898935970386, 1.07191947132, 1.62398610431, 1.07579051922, 1.01766726371, 3.26735374126, 1.0609713999, 0.868549770847, 331.754923547, 0.844737739443, 2.08157910829, 1.10638166554, 2.58195876162, 1.10241729415, 2079.97462049, 1.34048257373
5.45527601366, 1.0868271286, 1.49268571319, 1.11665830471, 6.50448789783, 0.979371533547, 2.14545695754, 1.0270233029, 0.97908615394, 1.31544678632, 7.7514138288, 1.14173347877, 3.77959555225, 1.27634492142, 0.882978013937, 1.20584606788, 1.0482619171, 1.06821906469, 3.10484918372, 1.00291282604, 0.958262445236, 20.8952634639, 1.05528712625, 2.40275986637, 1.16106443773, 3.55165120716, 1.08188195619, 2044.78798774, 2.68096514745
3.06075939564, 1.40788036835, 1.58965225144, 1.10728713108, 6.66683338342, 0.939406072445, 2.26812249599, 1.10729424769, 0.966597655444, 5.64211061869, 6.27536048187, 0.873298040796, 2.51697062336, 1.23349058812, 0.944582513889, 1.0830227201, 1.03721680594, 1.2281579719, 9.6135518731, 1.11590500169, 0.988722812479, 223.023309398, 1.04729272295, 1.04676632767, 1.23717261357, 1.94654958771, 1.07997489972, 1748.51107936, 3.75335120643
5.75512995949, 1.23611658364, 1.1250019099, 1.02417746233, 2.39261053529, 0.985894956584, 2.07124447343, 0.991580719627, 0.957156693761, 5.69963949353, 3.80165505004, 1.07440917237, 3.64250500613, 1.03373185205, 0.846435909498, 1.05521774893, 1.14700272545, 1.03579886144, 6.81446563616, 0.923263939997, 0.922036778781, 264.493284231, 0.851089540628, 3.54871045694, 1.16244436169, 2.61670072205, 0.991000043507, 2000.98212115, 3.21715817694
2.69731678415, 1.2491259607, 0.864108444865, 1.15919234282, 2.69721468583, 0.740169952408, 3.9753295949, 0.95176669207, 1.07408845977, 4.94967602427, 7.10795875087, 1.02334566374, 2.57495342364, 1.10408867635, 0.949168477673, 1.57816500121, 1.10604159861, 0.94215300208, 4.27412812207, 0.945227681545, 0.93566625466, 217.210917822, 1.1750232303, 2.9944748413, 1.0839593416, 4.24739578088, 0.984684545165, 1215.01707444, 4.02144772118
5.47526819236, 1.04946557159, 1.4427099647, 0.969220481748, 5.58740784167, 1.1509904057, 2.81444244598, 0.857811226658, 0.984927439872, 3.24828301224, 6.06807512224, 1.13167661545, 4.73465712091, 0.935903167671, 0.79992891962, 1.14370376807, 1.00547251929, 0.998441274117, 8.31995979517, 1.08785964654, 0.782092033586, 248.82849795, 1.05148030418, 3.18896280935, 1.21552539513, 4.98529814768, 1.29787686675, 1198.95645941, 5.09383378016
3.11865918229, 1.30326048765, 1.48246309101, 1.00489349831, 4.80960217057, 1.02163330627, 1.12898005012, 0.9670085259, 1.04900881503, 1.78895779949, 7.13372551617, 0.844858941609, 3.82062706933, 1.06233558522, 0.940002055112, 1.11537808081, 1.02237080443, 0.992410053532, 8.03329183457, 1.13855896253, 0.884072603866, 181.047519159, 1.12693194853, 5.8767437851, 1.22697483921, 2.30642533804, 1.17992875945, 8929.25872566, 0.0
4.58015567359, 1.21971898883, 0.897690919984, 1.02145109259, 4.20635808163, 0.842578021325, 1.92652524695, 0.968193866324, 0.984549727755, 6.020991413, 3.66820298351, 1.08669896984, 4.1393700432, 1.1390797483, 1.03134969839, 1.4512785423, 1.06099751192, 0.988524937375, 8.18759921625, 1.12645126173, 0.799137619247, 18.9367783612, 1.13078181763, 5.30441760591, 1.15331863107, 4.38231435148, 0.973229011134, 4075.13887275, 0.536193029491
5.05126618765, 1.39490092803, 0.760173531621, 1.01657478579, 6.84890574654, 0.796652977642, 3.57681071677, 1.08219943954, 1.0398495549, 4.64372583453, 1.68509133396, 1.1728268633, 1.54518660412, 1.13949349632, 0.920405295806, 1.2068882658, 1.16624227287, 1.17179559353, 3.58427690766, 1.03747371391, 0.773243073673, 290.587772937, 1.16339231949, 3.78399118205, 1.01378991262, 2.97602624923, 0.930068673456, 4761.51668449, 0.268096514745
4.40645153257, 1.05695379447, 0.987985913626, 1.02196971993, 6.37317524243, 0.82452910505, 5.27076914214, 1.02866737617, 1.12492152161, 6.0881543783, 7.38608044167, 1.11992152631, 4.64207678726, 1.19275236168, 0.911264583503, 1.23096626937, 1.07510439839, 1.11005636799, 4.75277138169, 1.01776881244, 0.891819968797, 345.70265906, 0.971745358985, 3.21351122638, 1.12250552346, 4.97823274928, 0.887727504301, 2128.90901327, 2.14477211796
2.99936533944, 1.01878790424, 1.56901266512, 0.98386137151, 5.34359710182, 1.01393322717, 1.55080054971, 1.04913205257, 0.940179127677, 2.41974043237, 6.21452828766, 0.8710130082, 1.60668431996, 1.13061310823, 1.04372663935, 1.02786106095, 1.08276916723, 0.969588448039, 9.18458130519, 1.14831841964, 0.934653318245, 303.952856786, 1.08864889233, 1.24411769738, 1.18168600009, 2.81187853478, 1.00455427791, 2402.27233724, 1.87667560322
3.24635058875, 1.31127614462, 1.12649532545, 1.07195316297, 3.7390479532, 0.853237905698, 4.58207765453, 1.12166829493, 0.961506430696, 1.88185993467, 6.33121892327, 1.21771359602, 4.40064258692, 0.910439403158, 0.954933242098, 1.1404275609, 1.02939249045, 0.971843772142, 8.6477644903, 0.92259506236, 0.990829305606, 349.261055146, 1.00300638879, 3.65733151338, 1.20978198393, 4.20793574414, 1.16222468569, 2472.78610153, 1.34048257373
4.40645153257, 1.05695379447, 0.987985913626, 0.927094582602, 6.69905391754, 0.810761186898, 5.27076914214, 1.02866737617, 1.13700165098, 4.8849482387, 7.38608044167, 1.11992152631, 4.64207678726, 1.19275236168, 0.911264583503, 1.23096626937, 1.07510439839, 1.1065558378, 4.75277138169, 1.01776881244, 0.854341185122, 319.698366529, 0.971745358985, 2.2980319055, 1.12250552346, 1.21528900977, 0.887727504301, 1677.48960804, 4.02144772118
4.3710309827, 1.30512384868, 1.49770468548, 0.869093317478, 5.10218672603, 1.08892350643, 3.02177317226, 1.09626127071, 0.91367952184, 4.71352682671, 3.85612124807, 1.09831871408, 4.21734528968, 1.17022196492, 0.893505725409, 1.29743639902, 1.01791441179, 1.15969910955, 8.79018398001, 0.997815042145, 0.96377104301, 317.90242837, 0.943596748684, 1.38561921758, 1.19288944864, 1.48242236236, 1.14097117684, 1573.15324829, 6.43431635389
3.64386037467, 1.06868691884, 1.14913880565, 1.01484780353, 4.82937877821, 0.804390090554, 1.99764615697, 1.11427850654, 1.11065395469, 1.95390184102, 5.11826498182, 1.20385260268, 4.19949506473, 0.828548283589, 0.783532904863, 1.21615312646, 1.0007023956, 1.00784486158, 3.95126914174, 0.946269197377, 0.902458495073, 385.135928714, 0.871379379184, 1.4386898849, 1.05107363068, 2.37152607865, 0.957097771518, 1314.09088266, 7.50670241287
3.75551166448, 1.05695379447, 0.987985913626, 0.927094582602, 6.69905391754, 0.810761186898, 5.48637443552, 1.02866737617, 1.13700165098, 4.8849482387, 7.38608044167, 1.11992152631, 4.64207678726, 1.19275236168, 0.911264583503, 1.23096626937, 1.07510439839, 1.1065558378, 4.75277138169, 0.98162383835, 0.854341185122, 319.698366529, 0.971745358985, 2.2980319055, 1.12250552346, 1.21528900977, 0.887727504301, 9628.39879394, 0.0
4.39283564005, 1.17673466021, 0.875965530688, 0.981682735655, 7.03636524245, 0.715593062471, 5.53583872029, 1.21287647112, 1.07487731721, 3.94734479035, 7.61749984775, 0.922303059901, 2.9564065151, 1.15634022139, 0.912950849799, 1.04573145797, 1.13334512741, 0.991603030292, 3.98648540851, 1.15124631073, 0.822627301691, 142.021829641, 0.996605026863, 1.37831032441, 1.1001459485, 4.69425039589, 0.870805215794, 4299.34516121, 0.536193029491
4.65496321869, 1.35498036756, 1.71732546525, 1.02092269232, 1.85771388819, 0.943003131774, 5.44063670053, 1.00570461955, 1.01310774318, 5.25848344307, 4.33549068484, 0.876783115575, 2.79138825475, 0.967848710125, 0.876754294566, 1.19634575149, 1.01984204785, 0.953619747993, 3.98160779555, 1.0632835198, 0.958057527749, 197.980723278, 1.1330494519, 2.71569261676, 1.13635057998, 5.31304148769, 1.06369891566, 9260.60763101, 0.268096514745
3.11865918229, 1.30326048765, 1.50825257586, 1.00489349831, 4.80960217057, 1.02163330627, 1.12898005012, 0.9670085259, 1.04900881503, 1.78895779949, 7.13372551617, 0.844858941609, 3.63199966348, 1.06233558522, 0.940002055112, 1.11537808081, 1.02237080443, 0.992410053532, 9.68155939254, 1.13855896253, 0.884072603866, 181.047519159, 1.12693194853, 5.8767437851, 1.16003660201, 2.30642533804, 1.17992875945, 2405.74283022, 3.21715817694
2.39015133494, 1.37919311282, 1.63431429196, 0.991150208187, 1.56067940182, 1.06331588278, 3.32584082063, 1.06593140919, 0.9693134605, 5.87973301747, 1.89307416893, 0.965652929717, 4.504511867, 1.27672069931, 0.886296305412, 1.40390424218, 1.14553212153, 0.914253491113, 5.66467841562, 1.02418685576, 0.993275528886, 62.761935156, 1.03677839678, 3.36821795289, 1.22243386028, 5.33998493885, 0.886844921779, 2569.57182203, 2.14477211796
2.20752329569, 1.28134416069, 1.27861303628, 1.1043710216, 6.80819437449, 1.11967697525, 2.28190215232, 1.18280658727, 0.915442069381, 1.44340436235, 5.66170026417, 0.816732786175, 2.36571681671, 1.19255150189, 0.931734852526, 1.14003732802, 1.13549912223, 1.10804557516, 8.09185700328, 0.958614713929, 0.82943269548, 368.886187703, 1.10579853672, 2.58416633347, 1.23265655566, 1.71461278778, 1.07997489972, 2634.40028705, 1.60857908847
5.49105909772, 1.26977195731, 1.48786892112, 1.17816862978, 1.78055601653, 0.998981448236, 1.56678274404, 1.15439257749, 0.923190338806, 5.79214942535, 6.25491071331, 0.950441166768, 3.05904808549, 0.879527099453, 1.02450565135, 1.33390062975, 1.15426753895, 1.19859964703, 7.07558693129, 0.952804747826, 0.844186689566, 311.068347556, 0.943826850082, 1.98860704371, 1.20430823137, 2.2244448764, 1.15085278227, 4281.02439888, 1.34048257373
2.69731678415, 1.2491259607, 0.864108444865, 0.90253854998, 1.46269616121, 0.740169952408, 3.9753295949, 0.95176669207, 1.07408845977, 4.94967602427, 7.10795875087, 1.02334566374, 2.57495342364, 1.10408867635, 0.949168477673, 1.57816500121, 1.10604159861, 0.94215300208, 6.50401011216, 0.945227681545, 0.93566625466, 217.210917822, 1.1750232303, 2.9944748413, 1.0839593416, 4.24739578088, 0.984684545165, 1887.20421603, 4.55764075067
3.74345560356, 1.05250959017, 1.0312207001, 1.02090871551, 4.68398292926, 0.973730504767, 3.03872105116, 1.01512446197, 0.967337251515, 1.7847197695, 5.19876424753, 1.10970918023, 2.12944767637, 1.23361956624, 1.01535849687, 1.28569214159, 1.12515541272, 1.14955383452, 7.94264990933, 1.18596593418, 0.85495643785, 372.788416121, 0.962805642269, 5.4463034797, 0.978268093817, 3.8810576859, 0.934554413048, 10157.8766739, 0.0
4.02217506794, 1.1882678167, 1.72586669875, 1.20462384916, 3.88994832457, 0.805219420171, 3.41204650585, 0.943143503962, 1.13926125335, 1.84542692337, 7.67723505269, 1.1934647707, 2.76519247207, 1.26548476409, 1.01867822957, 1.38621709794, 1.11668220458, 0.988303379332, 4.38981727636, 1.18962196379, 0.887789891699, 406.092619914, 0.867419931728, 4.71760547307, 1.01013608072, 3.84404136479, 1.23430946626, 4303.94152019, 1.07238605898
1.08895249563, 1.29093794977, 1.18327504354, 1.05840667666, 3.94952657242, 1.17835831626, 5.65559818227, 1.00348779487, 0.945429270738, 3.59315242809, 4.7023491116, 0.890977139855, 2.40601217794, 1.2186809327, 0.798964964686, 1.59999920173, 1.01248153911, 1.12545435534, 8.12086187294, 1.13247334794, 0.972517340353, 313.817877113, 0.941602902819, 1.439126771, 0.995433310121, 3.92855591826, 0.908638959359, 4434.06326075, 0.804289544236
4.75138039864, 1.39490092803, 0.760173531621, 1.01657478579, 6.84890574654, 0.875926075819, 3.57681071677, 1.08219943954, 1.0398495549, 4.64372583453, 1.69626497686, 1.1728268633, 1.54518660412, 1.13949349632, 1.04419608156, 1.13776854523, 1.14747105304, 1.17328042926, 3.58427690766, 1.03747371391, 0.773243073673, 413.203452137, 1.16339231949, 3.78399118205, 1.16458509636, 2.97602624923, 0.930068673456, 4832.50135308, 0.536193029491
1.18247539985, 1.32793466221, 0.828405104032, 1.12722044228, 1.68783269989, 0.941331442486, 2.06190699891, 0.923695343154, 0.951481861792, 4.79807467695, 2.44018795362, 0.904979341026, 1.0523870733, 0.834224808289, 1.04088999982, 1.53857079623, 1.06543760796, 0.884985111774, 8.51219470799, 1.02143434474, 0.92911095932, 273.238318322, 1.00265388562, 3.98907585354, 0.998704904482, 2.81454837609, 0.998541778778, 2558.22216499, 4.28954423592
1.96675513999, 1.29797978333, 1.09054518578, 1.05940164412, 1.86914403647, 0.825508735409, 3.2016795407, 1.0358914823, 1.06106539042, 5.35835102605, 2.72040093502, 1.16392994924, 2.2639773334, 0.839018515253, 0.809892563738, 1.50593908399, 1.0490163808, 0.856440021914, 9.60726053338, 1.15227628454, 0.881299370608, 125.612704696, 0.895675909563, 4.95734613497, 0.965874519159, 1.97911038202, 1.04894408292, 2616.42504111, 2.14477211796
3.74345560356, 1.05250959017, 1.0312207001, 1.02090871551, 6.87721122674, 0.973730504767, 3.03872105116, 1.01512446197, 0.967337251515, 1.7847197695, 5.10843266546, 1.03622008208, 3.89375645744, 1.23361956624, 1.01535849687, 1.28569214159, 1.12515541272, 1.14955383452, 7.94264990933, 1.18596593418, 0.85495643785, 372.788416121, 0.962805642269, 5.4463034797, 0.978268093817, 3.8810576859, 0.90035379365, 2914.38768281, 1.87667560322
5.2516910363, 1.02993026714, 1.29299911079, 1.17156841755, 4.88139861451, 0.79730113043, 5.83096623855, 1.20540932237, 1.12514141202, 3.41802583367, 7.61279008813, 1.13602843036, 3.22997319987, 1.19701436315, 0.920405295806, 1.20325718814, 1.05673301812, 1.07543894109, 7.39907911445, 1.04048974499, 0.943610548188, 185.963261951, 0.862107430138, 3.58476385782, 1.19931607727, 4.17134419492, 1.18195406076, 4063.16852722, 1.60857908847
2.99936533944, 1.01878790424, 1.54541876196, 0.98386137151, 5.34359710182, 1.01393322717, 1.55080054971, 1.04913205257, 0.940179127677, 2.41974043237, 6.21452828766, 0.8710130082, 1.60668431996, 0.820212163596, 1.04372663935, 1.04484039865, 1.08276916723, 0.969588448039, 9.18458130519, 1.14831841964, 0.934653318245, 303.952856786, 1.08864889233, 1.24411769738, 1.18168600009, 2.81187853478, 1.00455427791, 2007.94525956, 6.97050938338
4.75138039864, 1.39490092803, 0.760173531621, 1.01657478579, 6.84890574654, 0.875926075819, 3.57681071677, 1.08219943954, 1.0398495549, 4.64372583453, 1.69626497686, 1.1728268633, 1.54518660412, 1.13949349632, 1.04419608156, 1.13776854523, 1.14747105304, 1.17179559353, 3.58427690766, 1.03747371391, 0.773243073673, 413.203452137, 1.16339231949, 3.78399118205, 1.16458509636, 2.97602624923, 0.930068673456, 2453.97458943, 6.70241286863
4.1370616379, 1.25686789173, 0.734840421623, 1.11855379947, 3.52684494684, 0.800594509158, 4.65831225278, 1.1168582803, 1.11794380119, 5.47226326601, 3.29147679758, 1.07317639167, 4.10692181261, 1.28479067455, 0.872479928285, 1.17451312395, 1.11980289807, 0.87983744425, 6.12388906132, 1.16625201012, 0.864710398082, 289.99743057, 1.01230552949, 5.23336271448, 1.08723376934, 2.7951150884, 1.05977532532, 10714.340528, 0.0
5.70905992458, 1.30537443579, 0.88885188073, 1.00480312535, 3.53156497239, 0.944002493412, 5.84264202155, 1.05956677846, 1.11180849989, 5.97074338861, 3.8732064115, 0.920520531811, 4.08526924925, 0.996454873157, 1.01733275807, 1.60928461437, 1.09243111318, 0.943717280081, 7.46320951566, 1.0853279754, 0.822314947875, 234.75775552, 1.00312931271, 4.74839024829, 1.01650132232, 4.91658114272, 0.889369844181, 10283.9240739, 0.268096514745
4.58015567359, 1.21971898883, 0.897690919984, 1.02145109259, 4.20635808163, 0.842578021325, 1.92652524695, 0.968193866324, 0.984549727755, 6.020991413, 3.66820298351, 1.08669896984, 4.1393700432, 1.1390797483, 1.03134969839, 1.50122980694, 1.06099751192, 0.988524937375, 8.18759921625, 1.12645126173, 0.799137619247, 18.9367783612, 1.13078181763, 5.30441760591, 1.15331863107, 4.26270422919, 0.973229011134, 5236.38287404, 0.536193029491
5.0800900068, 1.3755503099, 1.20211846358, 1.0547537434, 2.82558951265, 0.922971476187, 2.79760511138, 0.906179744543, 1.07341919064, 5.17788222677, 7.54904698395, 1.06331049882, 1.29955091967, 1.02570277376, 0.897575830312, 1.54366994634, 1.13862880812, 1.07331998645, 4.37521842483, 1.11688923406, 0.908798552595, 328.66739994, 1.15548401982, 3.40192477257, 1.22843201425, 2.36101701592, 1.08316689593, 2498.60565174, 6.97050938338
3.56424919674, 1.20025370849, 1.20632673473, 1.15041437347, 6.45417485471, 1.01783736764, 2.00804100041, 0.922555986359, 1.11043775857, 5.59953788628, 1.65542156582, 0.836800552209, 3.94004684921, 1.17177506516, 0.90582774357, 1.37515828097, 1.10109211085, 0.965722549827, 6.40113866159, 1.0913765448, 0.878964299322, 176.966354691, 1.11235590454, 1.84250841295, 1.19272570979, 3.90395955087, 1.18256378591, 11362.1725189, 0.0
1.34969837209, 1.17746500286, 1.119811368, 0.874369304044, 5.93887266615, 0.723934034987, 3.42660078448, 0.998230431768, 0.917218532894, 2.72945897429, 3.29147679758, 0.825295529743, 2.77371270246, 0.967446307396, 1.0079629893, 1.17172836092, 1.0091875845, 0.958024981077, 9.77988298355, 0.952670816751, 0.890217015233, 218.524814697, 0.907532633264, 2.34891240451, 1.04078786397, 5.38002503793, 1.27443197114, 7152.43163083, 0.536193029491
5.92646845605, 1.23373128892, 1.4970410113, 1.04188187402, 3.83295050817, 1.06668508946, 3.83823353491, 0.843283394692, 1.00340581379, 1.63636846519, 1.63053765493, 1.18864131301, 1.46529131069, 1.27707584106, 0.904222524289, 1.51352033516, 1.05700439253, 1.20188462322, 5.90774307163, 0.927127825038, 0.768883138937, 157.770331726, 1.16150413219, 5.56219315588, 1.0230982802, 2.19559561654, 0.94904147691, 2666.63564253, 3.48525469169
4.07181786316, 1.2491259607, 0.864108444865, 0.825695714011, 1.46269616121, 0.740169952408, 3.9753295949, 0.95176669207, 1.12317321754, 4.94967602427, 7.10795875087, 1.02334566374, 2.57495342364, 1.16470556109, 0.949168477673, 1.12709218299, 1.10604159861, 0.94215300208, 6.50401011216, 0.945227681545, 0.93566625466, 217.210917822, 1.1750232303, 2.9944748413, 1.0839593416, 4.63281985303, 0.984684545165, 4934.73056449, 1.60857908847
5.9639349475, 1.2716250624, 1.46171711087, 1.12389011215, 3.58549022612, 1.14496953002, 5.87881855487, 1.08163774036, 1.11965201577, 4.99898819913, 5.33161012988, 1.17610151955, 2.73122857757, 1.25248497592, 0.939617213224, 1.20700692202, 1.10198342637, 0.902497054107, 8.83677719822, 1.0149813532, 0.873650997323, 336.323273433, 0.866843328997, 5.02810572153, 1.13629838183, 5.27480576596, 0.938552888676, 2933.37256089, 1.87667560322
3.01722896971, 1.35498036756, 0.773412617343, 0.907947349921, 1.65181450518, 1.02126099257, 4.14235233233, 0.922120831233, 0.984920323376, 5.33995316081, 4.04399906651, 1.21769225862, 4.18877515761, 1.06027853403, 0.97071151881, 1.60559445173, 1.08247145398, 0.94380432484, 6.71546563424, 0.972840138904, 0.960034454419, 69.3515357628, 1.1330494519, 5.40614289978, 0.952291793871, 3.76930748435, 0.910449358375, 5619.45000957, 1.07238605898
