4.77865149981, 1.02956047101, 1.61278655439, 1.00000081039, 6.02359110943, 1.04625938335, 1.71157891552, 1.26000074962, 1.00000080176, 6.19356012798, 7.10144765511, 1.0273387323, 3.00969434327, 1.07735329461, 1.07692868607, 1.50466835579, 1.12171618225, 1.09776323267, 7.12244237596, 1.00000048983, 1.0000002796, 87.1323202281, 1.05829279143, 2.63469469299, 0.962641692898, 4.3170184776, 0.870000021367, 10.733057551, 634.815093537
3.67475093049, 1.14385226793, 1.4082958276, 1.00000076033, 5.33533118223, 1.12189685335, 2.85742482985, 1.26000062146, 1.00000025664, 5.20414378232, 7.26334079063, 1.09090580836, 3.63261626813, 1.02363505187, 1.0803454135, 1.08754172845, 1.03417639722, 0.984115558769, 8.15230231091, 1.00000039788, 1.00000084222, 115.06853777, 1.06886370307, 3.8931676771, 0.988018236465, 3.58773561804, 0.870000287178, 10.3166660893, 918.615598138
4.31279405123, 1.01023483316, 1.34111078597, 1.00000013691, 6.97889475183, 1.06662987229, 1.0967040587, 1.26000056572, 1.00000063401, 5.59647852713, 5.36428668489, 1.08775707677, 3.83947931117, 1.01553039061, 1.07483403402, 1.32624114535, 1.10685463457, 0.994582607787, 5.38005066131, 1.00000084302, 1.00000089379, 88.4724018931, 1.04554469103, 2.93331877517, 0.96080477876, 3.9686478846, 0.870000684571, 11.0469496515, 113.837681624
1.51915087571, 1.10169770038, 1.57418806983, 1.000000617, 4.44912296363, 1.01088629093, 4.70785149919, 1.26000076107, 1.00000057794, 5.57761383323, 4.55853119266, 1.01091011861, 1.3268418076, 1.07982139393, 1.06718071267, 1.1696680048, 1.1177460847, 0.98350205124, 7.68263237647, 1.00000049559, 1.00000022995, 103.863577668, 1.07897550251, 2.44468705986, 0.977835001309, 4.20802486547, 0.870000388574, 13.0573494732, 32.6406519821
3.12307809082, 1.13152001745, 1.44938716578, 1.00000059211, 4.41610083642, 1.18549435779, 2.09902248461, 1.26000008736, 1.00000090309, 4.97125916847, 5.90236029864, 1.03891571778, 2.68057003421, 1.04142649674, 1.05098898181, 1.01648170376, 1.16988900183, 1.05186319404, 9.57378085013, 1.00000043588, 1.00000055434, 82.2429588394, 0.916134650843, 5.51887828512, 1.02433917688, 4.30987340703, 0.870000290098, 13.7335681277, 49.5103184148
5.58258649983, 1.37275843682, 1.59848656551, 1.00000060082, 5.10536435838, 1.01214711788, 1.21171725, 1.26000002438, 1.00000068249, 5.56501626976, 3.80032618294, 1.09673343404, 2.06138460473, 1.009701337, 1.00252876472, 1.47221470084, 1.06198692985, 0.919225918686, 3.13162099475, 1.00000029384, 1.00000018073, 111.249793213, 0.988423389023, 3.88695787152, 0.966787387553, 4.16151074708, 0.870000673954, 11.5151963941, 320.233231475
1.40947662686, 1.28882593254, 1.56309017701, 1.00000074506, 5.13846584378, 1.18885201615, 2.24786222012, 1.26000095912, 1.00000037377, 4.99598214167, 7.31394621836, 1.0578374185, 2.64747147784, 1.03540234621, 1.00876643408, 1.04686516539, 1.06146305, 1.00736388416, 6.45939035114, 1.00000055971, 1.00000062917, 75.3989998489, 1.08097173725, 4.48931488035, 1.00178948193, 4.29130833999, 0.870000944457, 12.7190163771, 280.289372072
5.96311347902, 1.200703371, 1.58199656191, 1.00000026829, 6.95633526513, 1.02558343838, 2.4394122091, 1.26000090131, 1.00000013746, 5.39491726949, 3.35852419918, 1.08474904765, 1.72171295289, 1.05914173462, 1.05478452444, 1.47853467639, 1.11716390662, 1.00547569946, 4.19506906748, 1.00000087101, 1.00000040259, 97.2807213607, 1.03829811333, 5.98302775331, 0.97384835007, 3.95876952432, 0.870000783437, 11.4186600455, 726.74682204
2.6690714961, 1.02500120369, 1.68286406848, 1.00000030392, 5.40835701844, 1.14471065496, 3.67509463335, 1.26000077299, 1.00000000896, 4.9768552278, 5.61311367821, 1.05926810049, 1.09277963887, 1.08616946166, 1.01510007358, 1.33179283141, 1.03516548738, 1.03799255526, 3.2780326005, 1.00000085272, 1.00000062108, 114.9425777, 1.00197549208, 3.21709711072, 0.96582766668, 4.31038415973, 0.870000763863, 16.1885179086, 95.5431252169
4.54147320506, 1.00105305821, 1.55052742863, 1.0000007356, 5.72657349828, 1.03124095699, 1.36877555536, 1.26000035873, 1.00000065511, 6.01777226226, 4.04294776862, 1.06039637056, 1.60560904683, 1.10945693894, 1.06812070201, 1.4167523234, 1.07726944765, 0.983353151081, 5.13389012162, 1.00000054663, 1.00000018122, 100.654787228, 0.986617493645, 4.26822211162, 1.04337105358, 3.96274118595, 0.870000352441, 12.9249760937, 409.453107818
5.96887155823, 1.19680062098, 1.71765657375, 1.00000023747, 4.85176168939, 1.13768381774, 3.12517206569, 1.26000021474, 1.00000011035, 5.35255863639, 7.22196280881, 1.06578161184, 2.28439170757, 1.11049061391, 1.06078960859, 1.07817791735, 1.06191629691, 1.01653750509, 9.20201907944, 1.00000032287, 1.00000028951, 115.085095026, 1.01104600334, 5.01056574336, 1.05792511768, 4.3165726727, 0.870000156661, 15.5139493524, 201.968966667
1.12289197647, 1.05672785251, 1.71542646271, 1.00000099469, 5.56709094794, 1.07189876359, 3.06089833046, 1.26000090097, 1.0000004665, 5.32123731335, 5.46439845194, 1.07984699653, 2.56432375932, 1.05535588835, 1.08350962271, 1.52822864205, 1.16029941833, 1.03123009115, 4.62919209715, 1.00000054373, 1.00000022173, 76.0931933515, 1.04823169074, 3.42760640033, 0.957406197852, 3.71909577977, 0.870000028564, 16.3475060281, 204.268945665
1.25851242396, 1.22087983343, 1.65021364668, 1.00000025443, 5.2515661176, 1.13602275632, 4.26623220213, 1.26000078946, 1.00000054883, 5.73925621778, 5.39659444273, 1.09497604017, 3.56849647908, 1.06850791984, 1.08720027049, 1.05782054959, 1.06326381191, 1.044473448, 8.47581976415, 1.00000064228, 1.0000002725, 100.754861094, 1.02048388587, 3.40725219031, 1.06696290245, 3.65499513319, 0.87000095628, 13.4146887755, 536.241695592
4.00143737491, 1.16514464737, 1.55761773864, 1.00000034523, 6.15228695598, 1.07406028251, 5.5615820239, 1.26000064076, 1.0000009218, 5.90684853371, 4.3117823887, 1.06059353934, 1.30363917797, 1.08156460534, 1.02624999891, 1.32074267021, 1.03736648883, 1.04798443852, 8.11891024695, 1.00000006544, 1.00000043481, 86.5449993928, 0.935768861068, 1.88301204856, 1.0142720051, 3.88758460734, 0.870000875519, 15.2938280515, 426.035574317
5.07481216774, 1.38047346743, 1.3800617365, 1.00000019151, 5.59241496378, 1.13246578122, 1.48154840033, 1.2600002259, 1.00000065668, 5.83445190001, 5.12429136966, 1.01412574873, 2.15518845717, 1.07857500279, 1.03289687904, 1.30801305406, 1.1195742559, 1.10049022422, 3.20643287834, 1.0000007834, 1.00000091873, 122.21356047, 0.92727053954, 4.85090756539, 1.01157063088, 3.7318858156, 0.870000968102, 14.3407890698, 458.776292409
1.40947662686, 1.28882593254, 1.56309017701, 1.00000088, 5.13846584378, 1.18892815905, 2.24786222012, 1.26000095912, 1.00000037377, 5.00473261198, 6.99440078228, 1.0578374185, 2.64747147784, 1.03540234621, 1.00876643408, 1.06382229684, 1.1094779878, 1.00736388416, 7.75550954379, 1.00000055971, 1.00000062917, 76.4629776252, 1.07115571622, 4.48931488035, 1.04679655334, 4.11952223927, 0.870000944457, 15.5309812681, 433.535165542
3.86773992855, 1.27966468379, 1.56406158464, 1.00000099271, 5.60860061067, 1.08503550455, 2.57324652863, 1.26000039758, 1.00000053814, 5.86472372978, 7.50551913077, 1.00567256277, 1.45012795985, 1.00410559864, 1.06033616238, 1.52154373258, 1.02376295441, 0.910507079505, 6.14237021925, 1.00000054947, 1.00000033108, 102.553634884, 1.06984570194, 3.41797181653, 1.05591602358, 4.06597228189, 0.870000177574, 14.1351066839, 1267.06808038
2.6690714961, 1.0654517016, 1.71542646271, 1.00000099469, 5.40835701844, 1.07189876359, 3.06089833046, 1.26000077299, 1.0000004665, 5.32123731335, 5.46439845194, 1.07984699653, 2.56432375932, 1.05535588835, 1.08350962271, 1.52822864205, 1.16029941833, 1.03123009115, 4.62919209715, 1.00000054373, 1.00000022173, 76.0931933515, 1.04823169074, 3.42760640033, 0.957406197852, 3.71909577977, 0.870000028564, 13.978276044, 3021.27711092
1.87697559489, 1.08545898959, 1.51289589805, 1.00000033165, 6.08411632741, 1.0574150446, 1.84802911561, 1.2600000319, 1.00000085319, 5.98420422688, 6.50429009225, 1.04906128216, 1.85897580798, 1.11743894211, 1.01728243477, 1.5265327022, 1.07200062975, 1.09410737107, 4.66217321968, 1.00000021806, 1.00000000893, 124.309079512, 0.97888507404, 5.22203870159, 1.03946981494, 3.95901127327, 0.870000696549, 17.0496319335, 433.117376736
4.33944574524, 1.32762637559, 1.4231297892, 1.00000028631, 5.27295258666, 1.18026184057, 5.67850166038, 1.26000015347, 1.00000015586, 5.70218030706, 4.74829733606, 1.0898155544, 2.44962712979, 1.06673208104, 1.03740201266, 1.54088649448, 1.13379141389, 0.918356408054, 4.37750209304, 1.000000017, 1.00000078566, 104.668682594, 0.932301345299, 1.81496581536, 1.03785339337, 3.88513345298, 0.870000124099, 15.0742423278, 997.105177727
3.78117831986, 1.06453571446, 1.52682796127, 1.00000008488, 5.41639559405, 1.17328852363, 1.01621382048, 1.26000089001, 1.00000032059, 5.41167999675, 4.66490743784, 1.07144525523, 2.34327041619, 1.11002348567, 1.05218300491, 1.43203241922, 1.12171618225, 0.959089611632, 3.53079875022, 1.00000088714, 1.00000073026, 79.4389919749, 1.07124143103, 2.8853990028, 1.01484623983, 3.69280676912, 0.870000288686, 16.6677509681, 504.90302275
1.35849465671, 1.41052316159, 1.53481186967, 1.00000002308, 4.32487292016, 1.16776788473, 4.51289288118, 1.26000045468, 1.0000002524, 6.05042080992, 4.59501079999, 1.02105694568, 3.08818396789, 1.05507920808, 1.08082353324, 1.21305518392, 1.00251767499, 1.09248252088, 6.5301660427, 1.00000096676, 1.00000037869, 105.924159626, 0.971740544522, 3.43247979992, 1.03197210594, 4.09028969423, 0.870000306385, 24.2943762433, 468.733859017
1.12289197647, 1.05672785251, 1.71542646271, 1.00000099469, 5.56709094794, 1.07189876359, 3.06089833046, 1.26000008736, 1.0000004665, 5.32123731335, 5.46439845194, 1.07984699653, 2.56432375932, 1.10173639824, 1.08350962271, 1.52822864205, 1.16029941833, 1.03123009115, 4.62919209715, 1.00000054373, 1.00000022173, 76.0931933515, 1.04823169074, 3.42760640033, 0.957406197852, 3.6778099941, 0.870000028564, 16.1240535934, 896.064023075
3.90699455876, 1.08259667926, 1.72031975239, 1.00000006851, 4.90479729924, 1.15630285759, 1.62887765903, 1.26000045018, 1.00000086879, 5.11965329142, 7.1534540287, 1.06421638313, 2.49417666551, 1.02259123647, 1.0208168708, 1.49575998157, 1.08142439839, 0.918645497466, 6.10883795429, 1.00000064919, 1.00000081662, 90.5039784496, 0.910146042249, 4.59510073735, 1.06424400226, 3.95406737342, 0.870000296609, 23.4218439101, 589.920094919
3.08788996868, 1.11948860529, 1.4921169415, 1.0000001365, 5.96919841008, 1.03759545171, 5.0359943956, 1.26000096421, 1.00000024234, 5.67135493469, 5.97130800919, 1.01030548049, 2.11034922636, 1.00084177033, 1.08046562451, 1.10489739316, 1.13737331623, 1.00353985148, 4.74759228872, 1.000000949, 1.00000016918, 101.332816026, 0.927555555166, 4.17671271827, 1.00315237814, 4.34160686952, 0.870000024737, 15.8316336728, 2923.4041861
2.51954009638, 1.21356655163, 1.567245392, 1.00000034809, 4.48523116764, 1.14295089674, 1.11701756039, 1.26000047256, 1.00000039724, 5.84411969782, 3.38429220848, 1.03772614755, 1.87832510959, 1.00328758221, 1.0071473799, 1.6048868013, 1.10505543703, 1.0983497261, 3.48171084135, 1.00000060777, 1.00000045161, 86.8579440446, 1.03101685057, 1.33653244158, 1.00262178633, 4.17821736836, 0.870000304708, 21.6859020134, 733.342039518
2.95791927502, 1.34641606009, 1.42320170556, 1.00000015967, 6.29977895784, 1.0712259593, 4.99310514094, 1.26000055023, 1.00000080736, 4.9989525741, 7.14065898472, 1.08606320918, 3.93582768303, 1.08742848018, 1.08997576915, 1.06965990902, 1.02258951094, 1.02810222923, 5.07986186471, 1.00000039143, 1.00000047363, 115.365237093, 0.960975267471, 1.35804060157, 0.959260101381, 4.23538712638, 0.870000126296, 17.1107943179, 757.407594505
2.23550243649, 1.25064326989, 1.50414727926, 1.00000045291, 5.37330270778, 1.17964906145, 4.85427283826, 1.26000088757, 1.00000081246, 5.49071485065, 4.41888745449, 1.00040361467, 2.62191358364, 1.00061393863, 1.04338243117, 1.3509419974, 1.02546088497, 0.972312354584, 4.24209459505, 1.00000079325, 1.00000098514, 85.0404962789, 1.05174817366, 4.10644549041, 1.05867373749, 4.20259545896, 0.870000118101, 29.1148104398, 715.752147821
5.80635357784, 1.11195964106, 1.71765657375, 1.00000023747, 4.85176168939, 1.13768381774, 3.12517206569, 1.26000021474, 1.00000011035, 5.35255863639, 7.30319188116, 1.06578161184, 1.89865772393, 1.11049061391, 1.06078960859, 1.07817791735, 1.06191629691, 1.00268951462, 9.20201907944, 1.00000032287, 1.00000028951, 115.085095026, 1.01104600334, 5.01056574336, 1.05792511768, 4.3165726727, 0.870000156661, 16.5157881299, 2199.93373005
3.78117831986, 1.06453571446, 1.52682796127, 1.00000008488, 5.41639559405, 1.17328852363, 1.01621382048, 1.26000089001, 1.00000032059, 5.41167999675, 4.66490743784, 1.07144525523, 2.34327041619, 1.11002348567, 1.05218300491, 1.43203241922, 1.12171618225, 0.959089611632, 6.31997837717, 1.00000088714, 1.00000073026, 79.4389919749, 1.07124143103, 2.8853990028, 1.01484623983, 3.69280676912, 0.870000288686, 23.5911187354, 782.515882271
5.34787120133, 1.08507250492, 1.42386948895, 1.00000029562, 5.75827118214, 1.12959960143, 1.16971914623, 1.26000017009, 1.00000040286, 5.80053804285, 4.65000515781, 1.03435483728, 1.9816974879, 1.08149915459, 1.02351357445, 1.21782531766, 1.01803872446, 1.04108003408, 9.59718928469, 1.00000098152, 1.00000086272, 86.9205274641, 1.07368663306, 3.13345749376, 1.04161025539, 3.97756374117, 0.870000607835, 17.2396840568, 946.955769871
3.19760658657, 1.22567668713, 1.53460154673, 1.00000020004, 4.85317092506, 1.00979197528, 1.48154840033, 1.26000088268, 1.00000031319, 5.48781609844, 6.30261229049, 1.06738745853, 3.6146632933, 1.02171201613, 1.07723516556, 1.24300307419, 1.16050163369, 0.937240360363, 6.27364719005, 1.00000026146, 1.00000032745, 115.712666981, 1.04736705548, 5.92439912756, 1.05694544502, 4.19804449568, 0.870000532164, 32.8249195896, 809.304858305
1.67497687368, 1.21072597734, 1.67660476411, 1.00000088858, 4.38127355837, 1.13311465837, 5.73421893224, 1.26000080887, 1.00000038623, 4.96742057615, 3.7699564595, 1.06690108963, 1.11905495764, 1.02001362574, 1.05998302454, 1.15975807473, 1.11921160045, 0.963967123812, 7.04703029501, 1.00000062103, 1.00000007144, 87.2341033384, 0.923231508152, 4.47341891124, 1.02687637846, 3.87627186486, 0.870000137173, 18.851724601, 1126.20130894
4.00143737491, 1.16514464737, 1.55761773864, 1.00000034523, 6.15228695598, 1.12810096787, 5.5615820239, 1.26000064076, 1.0000009218, 5.90684853371, 4.3117823887, 1.06254764329, 1.30363917797, 1.08156460534, 1.02624999891, 1.32074267021, 1.03736648883, 1.03917142479, 8.11891024695, 1.00000006544, 1.00000043481, 88.031868655, 0.960568468107, 1.88301204856, 1.00804911459, 3.88758460734, 0.870000875519, 17.2509285764, 1345.49553791
5.96887155823, 1.11195964106, 1.71765657375, 1.00000023747, 4.85176168939, 1.13768381774, 3.12517206569, 1.26000021474, 1.00000011035, 5.35255863639, 6.01945882332, 1.06578161184, 2.28439170757, 1.11049061391, 1.06078960859, 1.07817791735, 1.06191629691, 1.00268951462, 9.20201907944, 1.00000032287, 1.00000028951, 115.085095026, 1.01104600334, 5.01056574336, 1.05792511768, 4.3165726727, 0.870000156661, 24.7344251165, 920.639474966
1.34743815438, 1.36701629973, 1.72520953634, 1.00000071946, 5.86738308596, 1.15404947526, 5.08443960807, 1.26000028702, 1.0000006752, 4.97262138468, 5.33041003694, 1.00600593109, 1.85451119062, 1.002910702, 1.0454011326, 1.32821471424, 1.00559693736, 1.03739190362, 9.84395694345, 1.00000033193, 1.00000012123, 93.6045538833, 1.0037193756, 1.13792891235, 0.970614996594, 3.44082463503, 0.870000956177, 23.0204447788, 1180.64220417
2.62412403901, 1.2655873176, 1.51808736018, 1.00000093579, 5.90543093149, 1.17339998643, 1.45142900237, 1.26000071789, 1.00000047558, 5.617110579, 5.34807298826, 1.07784424315, 1.9536415274, 1.02190286732, 1.0220349703, 1.00366730155, 1.0910991854, 1.10448440783, 4.88645982848, 1.00000010027, 1.00000072181, 101.196556553, 0.930473085249, 1.72539979406, 1.01621509557, 3.8726402125, 0.870000301449, 17.9355323536, 2088.33994839
3.78263040008, 1.10911789409, 1.55617487002, 1.00000099128, 4.68216310141, 1.01639104708, 4.20470489325, 1.26000077938, 1.000000541, 5.90116165207, 5.38591392898, 1.0889353328, 1.80778084601, 1.1184299184, 1.0835317132, 1.05770681698, 1.16377444817, 0.992210937667, 4.01407493399, 1.00000064228, 1.0000002725, 114.732983261, 0.963041919304, 5.70066218189, 1.04759722918, 3.81152162246, 0.870000053036, 18.0591199801, 1917.92893398
3.53384610387, 1.41121688452, 1.45228406608, 1.00000028275, 4.57234860561, 1.07406028251, 1.38803762808, 1.26000068726, 1.00000043634, 5.4414536124, 7.22196280881, 1.03700725814, 3.06983971971, 1.03265115608, 1.02697575251, 1.01782512978, 1.04653259031, 1.04798443852, 8.99776983399, 1.00000037327, 1.00000070582, 114.185269531, 0.935768861068, 3.89160236096, 1.06625485673, 4.25500851224, 0.870000152025, 20.4308891292, 1277.48731534
3.55783603835, 1.40029157197, 1.54276728122, 1.00000041902, 4.50004864287, 1.02564362213, 2.1311559018, 1.26000098614, 1.00000023773, 5.80124552129, 5.92515604845, 1.0205222708, 1.20303995588, 1.04168996222, 1.01451238536, 1.27016469243, 1.01067805523, 0.980850724884, 8.41798516411, 1.00000015961, 1.00000058044, 83.0518576819, 1.06788998217, 1.01381767497, 1.05925453733, 3.44594264865, 0.870000985858, 20.4312439837, 1277.18484647
4.81886723175, 1.33749194745, 1.42856216001, 1.00000064345, 5.07739341608, 1.01088629093, 5.81429643535, 1.26000035881, 1.00000060898, 6.19105838902, 6.12663413605, 1.09579304158, 2.5653768364, 1.07263367856, 1.08197187222, 1.5516210568, 1.06611773264, 1.03114895147, 3.08509321466, 1.00000095743, 1.00000011184, 94.8868745749, 0.981700410477, 2.28637940568, 1.06328586593, 4.25741169634, 0.870000909825, 17.1514762385, 7835.0927076
5.9632168996, 1.41744491532, 1.3760574659, 1.00000003789, 6.59125636412, 1.01634350353, 3.85877724937, 1.2600006074, 1.00000041795, 5.26402105958, 7.34354982797, 1.09602132828, 3.47368947814, 1.00318780788, 1.03005904569, 1.605165674, 1.08873222621, 1.10067887584, 5.62801388642, 1.00000086647, 1.00000086306, 91.6392149106, 1.0341173655, 5.2927187421, 1.03104348325, 3.82984459526, 0.870000069341, 19.7968063384, 1351.53857491
1.52873186025, 1.1187968, 1.62238468606, 1.00000078342, 5.98074302141, 1.16069451728, 2.75440343814, 1.2600002259, 1.00000063401, 5.03127992388, 4.97213531637, 1.01792535703, 2.1335975336, 1.03441332658, 1.05707995374, 1.04259214071, 1.10685463457, 1.05923153368, 8.53992213463, 1.00000066831, 1.00000035855, 93.9612129119, 0.955977672264, 2.08883123365, 1.05866572925, 3.66080746552, 0.870000505499, 24.636278381, 1121.59263829
3.08788996868, 1.11948860529, 1.4921169415, 1.0000001365, 5.96919841008, 1.03759545171, 5.0359943956, 1.26000092311, 1.00000059297, 5.87339025248, 5.76981737342, 1.01030548049, 2.11034922636, 1.11604075686, 1.08046562451, 1.51997639048, 1.06605473089, 1.00353985148, 4.74759228872, 1.00000087101, 1.00000011306, 101.332816026, 0.930473085249, 4.17671271827, 1.00315237814, 4.34160686952, 0.870000024737, 47.4806223314, 981.562666947
4.00143737491, 1.16514464737, 1.55761773864, 1.00000034523, 5.77650791296, 1.17614819445, 5.5615820239, 1.26000064076, 1.0000009218, 5.90684853371, 4.3117823887, 1.06059353934, 1.30363917797, 1.08156460534, 1.02624999891, 1.32074267021, 1.00518628446, 1.04798443852, 8.11891024695, 1.00000031547, 1.00000043481, 86.5449993928, 0.935768861068, 2.02806400934, 1.0142720051, 3.88758460734, 0.870000875519, 25.1311082917, 1113.38433928
3.41089262388, 1.25250484492, 1.54806482649, 1.00000057403, 5.2099695912, 1.08914198944, 3.59790666164, 1.26000051548, 1.0000000689, 4.98712105793, 4.86108060421, 1.05947856553, 2.86579893609, 1.0242035678, 1.03081343162, 1.04591799081, 1.08322464039, 0.915839189289, 4.40609574735, 1.00000099115, 1.00000027695, 84.8623879488, 1.02754341756, 2.64829688484, 1.0179451413, 4.11230450546, 0.870000598297, 17.2963457978, 5030.61463405
1.25851242396, 1.22087983343, 1.65021364668, 1.00000025443, 5.2515661176, 1.13602275632, 4.26623220213, 1.26000078946, 1.00000054883, 5.73925621778, 5.39659444273, 1.09738269086, 1.83654052874, 1.06850791984, 1.0772911791, 1.05782054959, 1.06326381191, 1.044473448, 8.47581976415, 1.00000064228, 1.0000002725, 100.754861094, 1.02048388587, 3.40725219031, 1.06696290245, 3.65499513319, 0.87000095628, 32.4810994639, 1084.46251635
1.52873186025, 1.1187968, 1.62238468606, 1.00000078342, 5.98074302141, 1.16069451728, 2.75440343814, 1.2600002259, 1.00000063401, 5.03127992388, 4.97213531637, 1.01792535703, 2.1335975336, 1.03441332658, 1.05707995374, 1.04259214071, 1.06686566278, 1.05923153368, 4.1451747713, 1.00000066831, 1.00000035855, 96.4316783582, 0.919251694671, 2.08883123365, 1.05866572925, 3.66080746552, 0.870000505499, 21.3570883485, 1662.17186899
3.08788996868, 1.11948860529, 1.4921169415, 1.0000001365, 5.96919841008, 1.03759545171, 5.0359943956, 1.26000096421, 1.00000059297, 5.67135493469, 5.76981737342, 1.01030548049, 2.11034922636, 1.00084177033, 1.08046562451, 1.10489739316, 1.13737331623, 1.00353985148, 4.74759228872, 1.000000949, 1.00000016918, 101.332816026, 0.930473085249, 4.17671271827, 1.00315237814, 4.34160686952, 0.870000024737, 27.6458529122, 1129.32174492
3.78729823157, 1.200703371, 1.58199656191, 1.00000026829, 6.95633526513, 1.02558343838, 2.4394122091, 1.26000090131, 1.00000013746, 5.39491726949, 3.35852419918, 1.08474904765, 1.72171295289, 1.03662205474, 1.05478452444, 1.47853467639, 1.11716390662, 1.00547569946, 4.19506906748, 1.0000000983, 1.00000040259, 97.2807213607, 0.940678542448, 5.98302775331, 0.97384835007, 3.95876952432, 0.870000783437, 22.6269077147, 1500.73402569
5.97351570045, 1.17137714892, 1.47586341711, 1.00000041696, 7.0461193682, 1.01639104708, 5.30439882119, 1.26000077299, 1.0000008084, 5.35729169847, 3.38429220848, 1.00680275236, 3.177804508, 1.04539440818, 1.02929406394, 1.12113219409, 1.12505000799, 1.06953310486, 5.61003849682, 1.00000029617, 1.00000055417, 85.0447140928, 1.01204240517, 1.0863922657, 1.01015961358, 4.29088571787, 0.870000096668, 21.6965211873, 1509.4691771
5.70812664708, 1.28215118173, 1.72199736932, 1.00000040295, 5.29814870443, 1.08926706941, 2.11984210972, 1.260000095, 1.00000042627, 5.64350826191, 4.79962907935, 1.04031060277, 1.01548943629, 1.00042749313, 1.01302492321, 1.13053670904, 1.07848126886, 1.10384705045, 8.50571616559, 1.00000041057, 1.00000013366, 81.2347763397, 0.989369251301, 2.32288692166, 0.95378209168, 3.46735323424, 0.870000009857, 18.3041866253, 5858.91089909
4.87525053748, 1.002663566, 1.55318932512, 1.00000084479, 4.86975356661, 1.06940053014, 2.29397221061, 1.2600000503, 1.00000066298, 5.37882387612, 3.33779227981, 1.00600593109, 2.26816308273, 1.00195826711, 1.08635486064, 1.02961819111, 1.15717525335, 1.05772207347, 6.83538607341, 1.0000002124, 1.00000021214, 97.5730301594, 0.938515662996, 4.03964675574, 0.973773690522, 4.37457380219, 0.870000503026, 18.3788557811, 6788.14157225
2.6690714961, 1.02500120369, 1.68286406848, 1.00000030392, 4.87074317363, 1.14471065496, 3.67509463335, 1.26000094742, 1.00000000896, 4.9768552278, 5.61311367821, 1.05926810049, 1.10454998321, 1.08616946166, 1.01510007358, 1.32030671158, 1.03516548738, 1.03799255526, 3.2780326005, 1.00000085272, 1.00000062108, 114.9425777, 1.00197549208, 1.81602597392, 1.00478229583, 4.31038415973, 0.870000763863, 23.2075521489, 1393.23152583
1.04383765279, 1.28003083526, 1.35894245773, 1.0000003696, 5.63949688082, 1.00565030028, 2.251285038, 1.26000055994, 1.00000096, 5.8112253701, 5.50347370803, 1.01714388177, 3.5808076226, 1.11120292939, 1.0308287403, 1.51657402958, 1.07117969655, 1.10874965107, 5.50807475958, 1.0000003511, 1.00000002718, 87.3086485566, 0.920333308081, 3.8651020587, 0.988695304594, 3.5267439009, 0.87000062261, 20.3092444088, 4867.77486657
1.91481462658, 1.19751773904, 1.63855084903, 1.00000058975, 5.46352199158, 1.13703816292, 2.6834696626, 1.26000030462, 1.00000053124, 5.11511505, 5.6583060851, 1.03436970382, 1.08050214874, 1.10928651207, 1.05682652818, 1.47893381293, 1.03567090718, 1.03110073764, 8.19022184497, 1.00000071561, 1.00000068182, 88.6346927953, 0.972892779102, 3.47197770738, 1.0037798038, 3.96732330939, 0.870000743346, 21.518216586, 2102.24207248
1.40947662686, 1.28882593254, 1.56309017701, 1.00000088, 5.13846584378, 1.18885201615, 2.24786222012, 1.26000095912, 1.00000037377, 5.00473261198, 6.99440078228, 1.0578374185, 2.64747147784, 1.03540234621, 1.00876643408, 1.06382229684, 1.06146305, 1.00736388416, 6.45939035114, 1.00000055971, 1.00000062917, 75.3989998489, 1.06624377551, 4.48931488035, 1.04679655334, 4.11952223927, 0.870000944457, 22.5677365164, 1684.63200791
1.34743815438, 1.36701629973, 1.72520953634, 1.00000071946, 5.86738308596, 1.15404947526, 5.08443960807, 1.26000028702, 1.0000006752, 5.26710508297, 5.33041003694, 1.03535541504, 1.85451119062, 1.002910702, 1.0454011326, 1.38061128658, 1.05558306419, 1.03739190362, 7.41741281348, 1.00000033193, 1.00000012123, 93.6045538833, 1.0037193756, 1.13792891235, 0.970614996594, 4.1101548148, 0.870000956177, 18.9197940327, 5959.76889486
1.91909799235, 1.13741800882, 1.62651625832, 1.00000074506, 7.05349587553, 1.06204762592, 2.10463482087, 1.26000075394, 1.00000082021, 6.1762631638, 4.24800036977, 1.01087479773, 3.60754724851, 1.03463189185, 1.06521352098, 1.62833542208, 1.02433962519, 1.00127716596, 8.7907775889, 1.0000003638, 1.00000075835, 80.6136837792, 1.04476704336, 2.70542502909, 1.00005411346, 3.43452310764, 0.870000073932, 47.6854169682, 1232.3575796
1.25851242396, 1.22087983343, 1.65021364668, 1.00000025443, 5.2515661176, 1.15263364018, 4.26623220213, 1.26000078946, 1.00000054883, 5.73925621778, 5.39659444273, 1.09497604017, 3.56849647908, 1.06850791984, 1.08720027049, 1.05782054959, 1.02511717352, 0.97672661383, 8.47581976415, 1.00000029187, 1.00000061679, 101.641483701, 1.02048388587, 3.40725219031, 1.06696290245, 3.65499513319, 0.87000095628, 20.0648156842, 6617.86665167
4.77865149981, 1.02956047101, 1.56163744634, 1.00000039026, 6.02359110943, 1.10319636646, 1.71157891552, 1.26000000838, 1.00000080176, 6.18245345486, 4.31395289511, 1.0273387323, 3.00969434327, 1.07735329461, 1.07692868607, 1.24247945624, 1.07212727465, 1.09776323267, 4.63100709783, 1.00000048983, 1.00000073922, 87.1323202281, 1.05829279143, 3.13306925683, 0.962641692898, 3.58773561804, 0.870000021367, 20.2417102255, 6241.7071738
2.62412403901, 1.2655873176, 1.51808736018, 1.00000093579, 5.90543093149, 1.17339998643, 1.45142900237, 1.26000071789, 1.00000047558, 5.617110579, 5.34807298826, 1.00229071603, 1.9536415274, 1.02190286732, 1.0220349703, 1.00366730155, 1.0910991854, 1.10448440783, 4.88645982848, 1.00000010027, 1.00000072181, 87.9387739229, 0.927555555166, 1.72539979406, 1.01621509557, 3.8726402125, 0.870000301449, 20.5816489153, 3643.70438361
4.87525053748, 1.38572701316, 1.55318932512, 1.00000086438, 7.05349587553, 1.14068966432, 4.01767080041, 1.2600000503, 1.00000066298, 5.73517515435, 5.58667898656, 1.00600593109, 2.26816308273, 1.00195826711, 1.08635486064, 1.02961819111, 1.14983656263, 1.00909289539, 6.83538607341, 1.0000002124, 1.00000079607, 82.8464441901, 0.938515662996, 4.03964675574, 1.03582474821, 4.37457380219, 0.870000503026, 19.3738045773, 8129.59379684
1.14871072116, 1.12092405631, 1.62550166119, 1.00000087963, 4.25055906106, 1.15089980079, 1.4531650663, 1.26000049835, 1.00000074999, 5.58966277081, 6.92445867658, 1.08783028426, 2.62511688168, 1.04314353259, 1.05859231472, 1.06690709063, 1.01131579997, 1.08792925414, 3.56094091666, 1.00000075661, 1.00000063182, 79.8249555379, 1.03393696858, 2.53408164901, 0.975350425543, 3.98824616085, 0.870000377825, 32.5145045896, 1341.13391612
4.36192955594, 1.34079756852, 1.67295317881, 1.0000006508, 4.61978346053, 1.02387505814, 1.67616790174, 1.26000024508, 1.00000023173, 5.35917840105, 4.01122434948, 1.00694594249, 3.14794230295, 1.10969304776, 1.08212324111, 1.08682189929, 1.12751712959, 1.0860011077, 9.15730609513, 1.00000051504, 1.00000028866, 98.0283987134, 1.05769346356, 5.5683243503, 1.04498078516, 3.6135856905, 0.870000389899, 20.1630008864, 11126.6858694
3.59942008514, 1.39401912477, 1.59508092413, 1.00000046911, 5.09104681418, 1.17954580245, 5.99978645997, 1.26000036082, 1.00000060152, 5.82974376306, 5.63809008421, 1.08216822267, 3.8953697849, 1.05204332775, 1.03668126417, 1.06218367953, 1.13956696808, 1.0682236503, 8.8893367721, 1.00000089809, 1.00000059126, 111.244287671, 1.07090001678, 2.84164561584, 1.05580050733, 4.31214746855, 0.870000611392, 33.4412482831, 1280.79297812
1.14871072116, 1.12092405631, 1.62550166119, 1.00000084807, 4.25055906106, 1.15089980079, 1.4531650663, 1.26000073543, 1.00000074999, 5.58966277081, 6.92445867658, 1.07183163041, 2.62511688168, 1.04314353259, 1.05859231472, 1.06690709063, 1.01131579997, 1.08792925414, 3.56094091666, 1.00000075661, 1.00000063182, 79.8249555379, 1.03393696858, 2.53408164901, 0.975350425543, 3.30049966463, 0.870000377825, 36.9654846709, 1303.40844228
3.59834977863, 1.15902254596, 1.73870800343, 1.0000009742, 6.76631575653, 1.07982453693, 3.54631847996, 1.26000096567, 1.00000029719, 5.05526313845, 5.4924887029, 1.09895812769, 1.12480465196, 1.11709799109, 1.08047780149, 1.24045178217, 1.02157104511, 0.981354641674, 8.63940426502, 1.00000014347, 1.00000022529, 111.761710045, 1.04324011497, 4.44360623074, 0.96905171846, 4.08119975062, 0.870000397068, 21.3324643309, 5968.36839466
5.29532352265, 1.25362096466, 1.58526516978, 1.00000041137, 6.49258721974, 1.1653300326, 5.32653482532, 1.26000011628, 1.00000032142, 5.45096935229, 3.47731409578, 1.08020309515, 3.97194483646, 1.04693358509, 1.0739061088, 1.07699570455, 1.0499643292, 0.919578214054, 8.37829633804, 1.00000065877, 1.00000048242, 76.8737792254, 0.910268716454, 5.46539730855, 0.998605291746, 4.20789888467, 0.870000827994, 24.6912195088, 1597.62374341
4.31279405123, 1.01023483316, 1.34032580127, 1.00000013691, 6.97889475183, 1.06662987229, 1.0967040587, 1.26000056572, 1.0000008271, 5.59647852713, 7.34655472134, 1.08775707677, 3.83947931117, 1.04138832359, 1.07483403402, 1.32624114535, 1.14539242605, 0.994582607787, 8.40847297839, 1.0000005984, 1.00000089379, 88.4724018931, 1.04554469103, 2.93331877517, 0.96080477876, 3.34514069234, 0.870000684571, 22.6439474057, 2284.15179204
1.42317111464, 1.13862573327, 1.59347379105, 1.00000049075, 6.50957458322, 1.17982236714, 4.14721013916, 1.26000099695, 1.000000505, 5.41437292858, 4.91917275169, 1.06907531473, 3.88914707985, 1.03544242147, 1.04657813325, 1.53687211127, 1.09462807157, 1.09762143738, 6.68767821612, 1.0000002532, 1.00000073802, 80.4639579823, 0.998887554123, 2.40017197609, 1.03720551281, 4.24528865995, 0.870000315189, 29.697911673, 1366.2467648
2.95010610444, 1.31192871966, 1.56830568488, 1.00000054279, 6.61274759379, 1.10093169703, 1.34537333389, 1.26000074189, 1.00000038333, 6.01011473553, 5.50606944618, 1.07227687481, 1.37115772922, 1.07719624991, 1.08414223519, 1.17295277327, 1.0087613711, 0.988470584995, 3.96022013912, 1.00000093143, 1.00000009359, 111.250450181, 0.960270481216, 2.32852388517, 1.05919258382, 3.56707552968, 0.870000333149, 20.4954015589, 7109.0345231
4.90588730529, 1.03070816598, 1.40646922625, 1.00000052118, 6.55537387642, 1.05208577885, 1.48668823647, 1.26000019302, 1.00000010826, 5.27759919083, 5.57670228198, 1.05819077161, 2.62511688168, 1.0787970818, 1.08802541759, 1.07117715168, 1.08975459625, 0.966790719776, 6.61386884933, 1.00000004289, 1.00000074015, 75.7453355543, 0.929857650501, 5.51198464863, 0.991009354624, 4.10116544335, 0.870000120532, 22.3153710758, 4027.29179698
3.08788996868, 1.11948860529, 1.4921169415, 1.0000001365, 5.96919841008, 1.03759545171, 5.0359943956, 1.26000092311, 1.00000059297, 5.87339025248, 5.76981737342, 1.01030548049, 2.11034922636, 1.05789121619, 1.08046562451, 1.10489739316, 1.06605473089, 1.00353985148, 4.74759228872, 1.000000949, 1.00000016918, 101.332816026, 0.930473085249, 4.17671271827, 1.00315237814, 4.34160686952, 0.870000024737, 29.7413350973, 1471.09133461
2.87827744203, 1.29767522351, 1.69567569823, 1.00000080232, 5.43173605731, 1.12825779941, 1.64308589186, 1.26000030627, 1.0000009093, 5.2855249388, 4.84085499928, 1.07696493646, 1.82384838835, 1.06287949096, 1.0076778362, 1.55193346269, 1.1543021029, 0.952617488346, 7.82432728234, 1.00000075964, 1.00000021813, 87.9505002074, 0.961622101361, 3.48034631347, 0.959640622258, 4.09883282121, 0.870000751679, 24.3244735503, 1953.94010844
4.90588730529, 1.03070816598, 1.40646922625, 1.00000052118, 6.55537387642, 1.05208577885, 1.48668823647, 1.26000019302, 1.00000010826, 5.27759919083, 5.57670228198, 1.05819077161, 3.06310224566, 1.0787970818, 1.08802541759, 1.07117715168, 1.08975459625, 0.966790719776, 6.61386884933, 1.00000004289, 1.00000074015, 75.7453355543, 0.929857650501, 5.51198464863, 0.991009354624, 4.10116544335, 0.870000120532, 21.8908003979, 5249.26680579
2.95010610444, 1.31192871966, 1.56830568488, 1.00000054279, 6.61274759379, 1.10093169703, 1.34537333389, 1.26000074189, 1.00000038333, 6.01011473553, 5.50606944618, 1.07227687481, 1.37115772922, 1.07719624991, 1.08414223519, 1.17295277327, 1.0087613711, 0.988470584995, 3.96022013912, 1.00000093143, 1.00000009359, 111.250450181, 1.0897503375, 2.32852388517, 1.05919258382, 3.56707552968, 0.870000333149, 21.1970378361, 8028.82683313
4.01285347763, 1.42975619445, 1.4387098934, 1.00000078454, 6.01017564685, 1.12694309881, 2.76137970361, 1.26000081144, 1.00000015806, 6.19054857538, 5.25163388273, 1.00656300264, 1.40826225618, 1.08403584624, 1.03277965286, 1.23386416312, 1.0841781994, 1.090737835, 5.11491225666, 1.0000004469, 1.00000006727, 113.161382528, 1.03861995068, 3.36322763167, 0.957748380647, 3.49653540937, 0.870000957487, 22.1645488943, 5872.62140257
4.36192955594, 1.34079756852, 1.67295317881, 1.0000006508, 4.61978346053, 1.02810621206, 1.67616790174, 1.26000024508, 1.00000023173, 5.53325730242, 6.63388474324, 1.00694594249, 3.14794230295, 1.10969304776, 1.08212324111, 1.08682189929, 1.12751712959, 1.0860011077, 9.15730609513, 1.00000051504, 1.00000028866, 108.186994908, 1.05769346356, 3.7697073907, 1.04498078516, 3.6135856905, 0.870000389899, 25.5358206731, 1819.12202097
1.749588958, 1.25678410345, 1.64204268631, 1.00000019758, 5.06402575557, 1.00104938952, 3.21738004998, 1.26000033565, 1.00000089627, 5.06183519448, 5.46176002394, 1.01531226558, 2.32055901014, 1.09099409972, 1.04581800313, 1.51997639048, 1.0472347596, 0.965596381917, 4.88041809238, 1.00000087101, 1.00000037505, 98.1659075237, 1.03829811333, 2.88136582227, 1.01613221028, 3.3420498167, 0.87000039745, 21.5437681538, 7227.65425584
4.01285347763, 1.42762891035, 1.71572047021, 1.00000086526, 6.79682458525, 1.07426714987, 5.85663554321, 1.26000023844, 1.00000029849, 5.4729212851, 6.03882921867, 1.06084052634, 1.8167836879, 1.07296438989, 1.03191594306, 1.5127874587, 1.11881681421, 0.910284851228, 3.63040261803, 1.00000021022, 1.00000013751, 84.8670315478, 0.977675421191, 5.33325949154, 0.954919202841, 3.44326852266, 0.870000705496, 22.128514377, 6418.62653734
4.00143737491, 1.16514464737, 1.55761773864, 1.00000034523, 6.15228695598, 1.12810096787, 5.5615820239, 1.26000064076, 1.0000009218, 5.90684853371, 4.3117823887, 1.06254764329, 1.30363917797, 1.08156460534, 1.02624999891, 1.32074267021, 1.03736648883, 1.03917142479, 8.11891024695, 1.00000006544, 1.00000043481, 88.031868655, 0.960568468107, 1.88301204856, 1.00804911459, 3.88758460734, 0.870000875519, 24.2173396248, 3226.84556486
1.34743815438, 1.36701629973, 1.72520953634, 1.00000029615, 5.86738308596, 1.15404947526, 5.08443960807, 1.26000028702, 1.0000006752, 5.26710508297, 5.33041003694, 1.03535541504, 1.85451119062, 1.09353020345, 1.0454011326, 1.38061128658, 1.05558306419, 1.03739190362, 7.41741281348, 1.00000033193, 1.00000012123, 75.0445392269, 1.0037193756, 1.13792891235, 1.0037798038, 4.1101548148, 0.870000956177, 21.8543445804, 7150.45148204
4.77865149981, 1.02956047101, 1.61278655439, 1.00000039026, 6.02359110943, 1.10319636646, 1.71157891552, 1.26000074962, 1.00000080176, 6.18245345486, 7.10144765511, 1.0273387323, 3.00969434327, 1.07735329461, 1.07692868607, 1.24247945624, 1.12171618225, 1.09776323267, 7.12244237596, 1.00000048983, 1.00000073922, 87.1323202281, 1.05829279143, 3.13306925683, 0.962641692898, 3.58773561804, 0.870000021367, 31.5476752511, 1883.57214713
3.67475093049, 1.14385226793, 1.4082958276, 1.00000076033, 6.63434152054, 1.12189685335, 2.85742482985, 1.26000062146, 1.00000025664, 5.20414378232, 7.26334079063, 1.09090580836, 3.63261626813, 1.02363505187, 1.0803454135, 1.08754172845, 1.03417639722, 0.984115558769, 8.15230231091, 1.00000039788, 1.00000088398, 115.06853777, 1.06886370307, 3.8931676771, 0.988018236465, 4.3170184776, 0.870000287178, 43.1650769031, 1696.65040483
1.14871072116, 1.12092405631, 1.62550166119, 1.00000084807, 4.25055906106, 1.15089980079, 1.4531650663, 1.26000049835, 1.00000074999, 5.58966277081, 6.92445867658, 1.07183163041, 2.62511688168, 1.04314353259, 1.05859231472, 1.06690709063, 1.01131579997, 1.08792925414, 3.56094091666, 1.00000075661, 1.00000063182, 79.8249555379, 1.03393696858, 2.53408164901, 0.975350425543, 3.98824616085, 0.870000377825, 23.7108169034, 5011.38001972
4.8094826248, 1.38047346743, 1.3800617365, 1.00000019151, 5.59241496378, 1.13246578122, 4.03507895358, 1.2600002259, 1.00000057581, 5.83445190001, 5.55661990197, 1.01412574873, 2.15518845717, 1.03549879552, 1.03289687904, 1.30801305406, 1.1195742559, 1.10049022422, 3.20643287834, 1.00000090056, 1.00000091873, 122.21356047, 0.92727053954, 3.90769579441, 1.01157063088, 3.7318858156, 0.870000401316, 24.5873815241, 3528.1011597
1.35849465671, 1.41052316159, 1.53481186967, 1.00000002308, 4.32487292016, 1.16776788473, 4.51289288118, 1.26000045468, 1.0000002524, 6.05042080992, 4.59501079999, 1.01993236553, 3.08818396789, 1.05507920808, 1.08029468501, 1.21305518392, 1.00147903247, 1.09248252088, 6.5301660427, 1.00000096676, 1.00000037869, 105.924159626, 0.971740544522, 3.09091172031, 1.03197210594, 4.01548414941, 0.870000019063, 30.2176223435, 2011.08554645
3.19760658657, 1.22567668713, 1.60993842482, 1.00000020004, 4.85317092506, 1.00979197528, 1.48154840033, 1.26000088268, 1.00000031319, 5.48781609844, 6.30261229049, 1.06738745853, 3.6146632933, 1.02171201613, 1.07723516556, 1.24300307419, 1.16050163369, 0.937240360363, 6.27364719005, 1.00000026146, 1.00000032745, 115.712666981, 1.04736705548, 5.92439912756, 1.05694544502, 4.19804449568, 0.870000532164, 23.5459665436, 5657.76505419
3.67474381586, 1.13606836705, 1.48361681782, 1.00000044731, 7.05671229687, 1.009997683, 4.44500074938, 1.26000069311, 1.00000001618, 5.53215772524, 4.78008707881, 1.01710983976, 3.67700729368, 1.05163255069, 1.0560239347, 1.28228311491, 1.04539518345, 1.07680151415, 8.14182653401, 1.0000008015, 1.00000047054, 87.0989367726, 1.0625513744, 2.11907455324, 0.991504439587, 3.45251579777, 0.870000839622, 29.2823278516, 2104.19384684
3.53335822321, 1.42975619445, 1.4387098934, 1.00000078454, 5.83755877284, 1.12694309881, 2.76137970361, 1.26000082318, 1.00000015806, 6.19054857538, 5.25163388273, 1.00656300264, 1.40826225618, 1.08403584624, 1.03277965286, 1.23386416312, 1.0841781994, 1.090737835, 5.11491225666, 1.00000049001, 1.00000006727, 94.9687710943, 1.03861995068, 3.36322763167, 0.975687739994, 3.49653540937, 0.870000928023, 25.7884881719, 2407.68151329
1.35849465671, 1.41052316159, 1.53481186967, 1.00000002308, 4.32487292016, 1.16776788473, 1.01621382048, 1.26000045468, 1.0000002524, 6.05042080992, 4.59501079999, 1.02105694568, 3.08818396789, 1.05507920808, 1.08082353324, 1.21305518392, 1.00251767499, 1.09248252088, 6.5301660427, 1.00000096676, 1.00000037869, 105.924159626, 0.971740544522, 3.43247979992, 1.04801645392, 4.09028969423, 0.870000306385, 24.2112424789, 5528.47740791
2.39894054954, 1.39827093436, 1.39811921572, 1.00000007146, 5.86711823141, 1.13973030391, 2.49484113349, 1.2600006347, 1.00000029737, 5.13724447947, 4.24800036977, 1.0654813539, 1.58517500434, 1.09160465247, 1.06521352098, 1.51750876745, 1.12420759236, 0.96806033711, 5.49216101396, 1.00000027691, 1.00000042704, 103.651300493, 1.04476704336, 2.91599388579, 1.06601385834, 3.83964909772, 0.870000169749, 29.5950413727, 2390.64283816
4.87525053748, 1.38572701316, 1.55318932512, 1.0000008214, 4.86975356661, 1.14068966432, 4.01767080041, 1.2600000503, 1.00000066298, 5.73517515435, 3.33779227981, 1.03535541504, 1.92138085586, 1.00195826711, 1.08635486064, 1.01390204392, 1.14885747313, 1.00909289539, 6.83538607341, 1.0000002124, 1.00000079607, 97.5730301594, 0.938515662996, 4.03964675574, 1.03582474821, 4.37457380219, 0.870000503026, 22.8453796252, 7158.06582734
2.6690714961, 1.02500120369, 1.61012072849, 1.00000030392, 4.42808304555, 1.14471065496, 3.67509463335, 1.26000094742, 1.00000000896, 4.9768552278, 5.61311367821, 1.05926810049, 1.10454998321, 1.08616946166, 1.01510007358, 1.32030671158, 1.02626318445, 1.03799255526, 4.01407493399, 1.00000068605, 1.00000062108, 114.9425777, 1.00197549208, 1.81602597392, 1.00478229583, 4.31038415973, 0.870000763863, 26.9171512464, 3199.85694182
2.35799645488, 1.12967516747, 1.52682796127, 1.00000008488, 5.41639559405, 1.17328852363, 4.51289288118, 1.26000089001, 1.00000032059, 5.8671336883, 4.66490743784, 1.07144525523, 2.34327041619, 1.11002348567, 1.05218300491, 1.43203241922, 1.12171618225, 0.959089611632, 3.53079875022, 1.00000088714, 1.00000073026, 79.4389919749, 1.07124143103, 3.436241988, 1.01484623983, 3.69280676912, 0.870000288686, 22.5973257291, 12499.0759275
1.67497687368, 1.21072597734, 1.67660476411, 1.00000074636, 4.32280740659, 1.02778549828, 5.73421893224, 1.26000069244, 1.00000014648, 5.63441233546, 3.7699564595, 1.06690108963, 1.11905495764, 1.02001362574, 1.05998302454, 1.15975807473, 1.14009973474, 0.963967123812, 7.04703029501, 1.00000030547, 1.00000007144, 87.2341033384, 0.923231508152, 4.47341891124, 1.02687637846, 3.87627186486, 0.870000137173, 32.0370202643, 2203.53460798
4.54147320506, 1.00025245219, 1.55052742863, 1.0000007356, 5.72657349828, 1.03124095699, 1.36877555536, 1.26000035873, 1.00000065511, 6.01777226226, 4.04294776862, 1.06039637056, 1.60560904683, 1.10945693894, 1.06812070201, 1.4167523234, 1.07726944765, 0.983353151081, 5.13389012162, 1.00000054663, 1.00000018122, 100.654787228, 1.06283006157, 4.26822211162, 1.04337105358, 3.96274118595, 0.870000352441, 22.6283601063, 10644.9912901
2.87827744203, 1.31192871966, 1.69567569823, 1.00000054279, 5.43173605731, 1.12825779941, 1.64308589186, 1.26000030627, 1.0000009093, 5.2855249388, 4.84085499928, 1.07696493646, 1.82384838835, 1.06287949096, 1.0076778362, 1.61134127515, 1.1543021029, 0.952617488346, 3.96022013912, 1.00000075964, 1.00000021813, 87.9505002074, 0.961622101361, 3.48034631347, 0.959640622258, 4.09883282121, 0.870000751679, 26.8805176864, 3508.72743182
1.40947662686, 1.28882593254, 1.56309017701, 1.00000088, 5.13846584378, 1.18885201615, 2.24786222012, 1.26000095912, 1.00000037377, 5.00473261198, 6.99440078228, 1.0578374185, 2.64747147784, 1.03540234621, 1.00876643408, 1.04686516539, 1.06146305, 1.00736388416, 6.45939035114, 1.00000055971, 1.00000062917, 75.3989998489, 1.06624377551, 4.48931488035, 1.00178948193, 4.11952223927, 0.870000944457, 38.4912479642, 2149.17076348
