2.24759754603, 1.00000000157, 1.51091036096, 1.1281850519, 5.59397565529, 0.825877473172, 2.10884843306, 1.24484308579, 0.996639773953, 2.26420002944, 5.41528938841, 1.08269512468, 1.38544245284, 0.905818073513, 1.09000033709, 1.05018521026, 1.01649313855, 0.95069954535, 7.30524704514, 1.10181720941, 0.957373213191, 959.284906188, 1.16096062169, 5.86274517358, 1.04672185009, 2.84231302963, 0.902839254082, 54.8093721273, 8.95191390996
1.63137513834, 1.00000075126, 1.11471939342, 0.970788070404, 2.42477415581, 0.942384035191, 4.55426641301, 1.13379298344, 0.929961879074, 1.81152969864, 5.66828482246, 1.03944537361, 4.76215804228, 1.19301020975, 1.09000091959, 1.10586157893, 1.04864541929, 0.947528421793, 8.0054591578, 1.08895611943, 0.917790116744, 152.708747844, 1.12125649657, 4.64928005928, 0.972842451876, 1.27819769057, 0.963615923048, 20.2429613543, 9.60357536069
4.46965544697, 1.00000070333, 1.5290487282, 0.899606558445, 5.46910345786, 0.957440542017, 4.94537025678, 1.2062720561, 0.954365547945, 1.57612136118, 5.11945839626, 1.14881074424, 3.99960916139, 0.97468572214, 1.09000076828, 1.09602452674, 1.00034425199, 1.16883986232, 5.56669613095, 1.00990933624, 0.940104010117, 257.912368247, 0.988489890723, 1.44346016239, 1.0688207047, 5.46094815816, 1.28449463219, 108.072121404, 10.5966735785
1.10297863385, 1.00000088267, 1.04381495866, 1.00238822516, 6.71389136604, 0.712515905128, 2.50137487846, 1.04050536772, 0.943660526409, 2.91161413367, 5.19156978738, 0.90762188663, 4.18589380007, 1.12051970141, 1.09000054253, 1.06060168613, 1.04200459369, 0.819738037226, 3.03624207479, 1.11916546012, 0.770201566805, 427.114902857, 1.12025560135, 3.30173526386, 1.01158944756, 3.89186619375, 0.884763243871, 76.920685961, 19.2966139996
3.08003005239, 1.00000036431, 1.21889567865, 1.09128595856, 4.53143209091, 0.78139802069, 5.04235470977, 1.11273874832, 0.987462056455, 6.18574105668, 5.19394635917, 0.868794371174, 3.48545226755, 1.21889720009, 1.09000083645, 1.06087302432, 1.04071130265, 1.13344443899, 5.63377904986, 0.991935845136, 0.764886885471, 332.703559847, 0.959078006417, 4.96269834206, 1.17810376757, 3.14451279181, 0.891564860446, 116.367359675, 16.2293914536
1.94131648125, 1.00000098368, 1.36945073229, 1.07592260149, 4.62577069597, 0.723129614059, 4.8739171103, 1.02732001339, 0.90830255691, 5.41613938101, 5.60186792952, 0.953011985466, 1.07045941125, 0.854701541437, 1.0900001241, 1.02246236058, 1.01728372966, 0.857258595955, 6.70350209758, 0.973192030576, 0.862206410917, 742.771062906, 1.00104679866, 1.34327307914, 0.972844898283, 4.07101428689, 0.891750426406, 254.510399125, 13.7708150861
3.6746748947, 1.00000076564, 1.59319773961, 0.984701797079, 1.86587865523, 0.99589395184, 4.0910081503, 1.13036547044, 0.909578637962, 3.76739034895, 5.31499350349, 0.934919908956, 3.95655837964, 1.00783926028, 1.09000091587, 1.06536771459, 1.04390650301, 0.956074054513, 9.72663611774, 1.16333458975, 0.829160756031, 805.490324565, 0.968906401468, 5.2249004978, 1.11286102403, 1.59743074179, 1.21719115077, 160.245761306, 14.4326076127
1.2458941016, 1.00000035692, 1.10882641795, 0.980446737178, 6.93310884085, 0.843653920649, 3.19281364322, 1.20199699441, 0.944501604055, 2.94549903161, 4.89680817087, 0.817601906085, 2.07668618286, 0.888596243253, 1.09000009734, 1.08866941884, 1.01286059717, 0.875615240338, 4.39777267102, 1.01507665046, 0.786425257077, 977.411846407, 1.10406274945, 2.22920792971, 1.05317695162, 1.58301262428, 1.24589635276, 237.104272623, 16.5458141993
4.04198495349, 1.0000006254, 1.19884645431, 1.07676222522, 5.78113065912, 0.861275039816, 3.53403239165, 1.12109312173, 0.993324417634, 4.3650330499, 5.00726378463, 1.01109247158, 2.56869924899, 1.2751597522, 1.09000085207, 1.07395879288, 1.03803140884, 1.03035827961, 3.02416620088, 1.13047959604, 0.971204162027, 664.134441592, 1.00815776479, 5.85357334699, 1.21117386057, 1.68521471017, 1.09362119285, 298.349811124, 15.4741388376
3.75940351607, 1.00000046508, 1.3625356355, 1.10229449309, 1.91383004323, 0.822716381705, 5.09996868486, 1.09943585331, 0.956347037546, 2.5491326971, 5.22610019874, 1.11004968133, 1.30078308919, 1.20560892161, 1.09000063966, 1.04866732668, 1.04158858824, 1.02277496753, 4.10325026726, 0.971736536998, 0.799267523947, 349.264821867, 0.961683992314, 2.70314713047, 1.01857827048, 2.6080087883, 1.12580190825, 197.980969213, 24.7408288935
2.78010172293, 1.00000032434, 1.49814780241, 0.87157358966, 5.88705665001, 0.970027334784, 4.71409880762, 1.12131313016, 0.986011676712, 5.4550896919, 5.69998098524, 1.06738603038, 4.87450521712, 0.857794149033, 1.09000034865, 1.07153104795, 1.03753154514, 0.831582792984, 8.45313633334, 0.999063951421, 0.835972172325, 72.3883309753, 0.967897538044, 4.44037335025, 1.23378397946, 4.64904957902, 0.872120440965, 358.869521419, 16.1420958002
5.84222672592, 1.00000056734, 1.57664253845, 1.15068980892, 6.74939385969, 0.97012419087, 1.54958408673, 1.09445028038, 0.913378226962, 4.32967307732, 4.77094343972, 1.12072788914, 3.7675066444, 1.11135081612, 1.09000026922, 1.00513986125, 1.01364882742, 0.843744386803, 5.97723673184, 1.0751572918, 0.823607768047, 920.556755587, 1.1117272916, 5.17500150338, 0.992861308369, 3.38173892698, 1.14097582481, 272.935343881, 19.3217142499
5.16622154768, 1.00000042195, 1.18173306393, 1.07268445171, 2.94801026721, 0.995131498913, 3.06505174595, 1.11937375002, 0.929571301347, 3.17770051298, 5.57172774141, 0.95625849889, 2.16966535523, 1.00640251048, 1.0900007858, 1.07426332334, 1.02727464075, 1.19564090989, 3.79429219872, 1.03302097826, 0.945249716839, 914.716260488, 1.12126507188, 5.70749188918, 0.985377223566, 3.01492496677, 0.988880851622, 319.071200007, 17.6059955722
5.4310324738, 1.00000064687, 1.71073509315, 0.813321319644, 1.54790117445, 0.726725489018, 3.95416014234, 1.18797157456, 0.941311935943, 1.89055461758, 5.39469363253, 0.991089414453, 1.34733188617, 1.20401592177, 1.09000079618, 1.10564357575, 1.00803590256, 0.993690343583, 9.15086886893, 1.16432206275, 0.846266757885, 491.385476978, 1.05274531981, 2.93941146601, 1.17914910269, 3.69371504843, 1.07197714645, 334.058275767, 17.3838519873
3.98951828074, 1.00000008258, 1.07986009711, 0.826021876912, 2.34327266754, 0.744953977426, 2.97895127335, 1.05787151749, 0.933844145099, 2.89300731184, 5.13291666665, 1.20702610824, 3.27584062828, 1.11456422769, 1.09000065083, 1.05362624547, 1.01798016674, 0.963744203397, 7.97096313545, 1.14238449639, 0.954997680668, 835.626739484, 1.10471329922, 4.04948128604, 1.15404251598, 3.7062421458, 1.10381749788, 505.741277765, 16.6769300923
2.05876924745, 1.0000001232, 1.59781784152, 1.1366027775, 4.9299723965, 0.975120457522, 2.08085279675, 1.04776388386, 0.933044183709, 3.64197957853, 5.92783752664, 1.05863213357, 1.95161530174, 0.852069964416, 1.09000035279, 1.00749501295, 1.04344204925, 1.02289911463, 4.84370323259, 1.08579331749, 0.978225289592, 479.944406038, 0.930942751282, 4.52778873686, 0.99624402443, 4.16363918279, 1.2108487733, 436.773109166, 17.1117405376
1.25832809321, 1.00000024422, 1.69455054165, 1.09528481363, 2.50972995053, 0.790313718667, 4.7187426518, 1.15774451135, 0.976998699641, 1.24433476729, 5.15558084174, 0.85779917234, 2.34716972078, 0.952394926279, 1.09000021707, 1.04041113293, 1.04811235834, 1.22981197369, 8.55167223712, 1.14458557007, 0.979063108639, 652.361093554, 1.09421325882, 5.36968307746, 0.982147737838, 5.1322332887, 0.908207114731, 505.177772233, 17.3226784725
3.15188326157, 1.00000034019, 1.71477665521, 1.19433443447, 3.20473761001, 0.852450752883, 4.01026603536, 1.08044891171, 0.955840137949, 3.93734528797, 5.6263221455, 1.05694242235, 2.98671585061, 1.11420372593, 1.09000052905, 1.06363304602, 1.03929445819, 1.19558238114, 9.11889022774, 1.1011328301, 0.996173668957, 543.63030523, 1.16584496659, 2.23745601107, 1.03322009086, 3.24820054765, 1.27975347411, 310.798536807, 29.1682543827
5.10593806194, 1.00000013596, 1.06051586038, 0.926780380797, 3.83771348808, 0.94308379276, 5.76729631657, 1.15656244646, 0.900527821309, 3.68811765357, 5.15556514375, 0.972651950578, 3.50529548033, 1.0751601345, 1.090000994, 1.0980142837, 1.01555857982, 0.854015328625, 9.19312585884, 0.995993493648, 0.825265541847, 886.891851957, 1.06305186604, 4.45079162434, 1.092078334, 2.19037853828, 1.23008110066, 363.582817059, 18.5607639997
4.52084397826, 1.00000060635, 1.0588968507, 1.01226610745, 3.03496197372, 0.823776673513, 3.24500725085, 1.17522496449, 0.997936529476, 4.27839993642, 4.96115697454, 0.882693556268, 4.43416584747, 0.831809049565, 1.09000042944, 1.02215439857, 1.0266863038, 0.95890582595, 4.99448047426, 0.993138351797, 0.937491908079, 697.914239267, 1.07332770393, 1.59336317165, 1.12964577516, 3.00831669755, 0.904882424087, 371.35448372, 18.935581811
2.54538741263, 1.00000003827, 1.27764846613, 1.05032343606, 5.78285850086, 0.761124533143, 1.86363504406, 1.17156893644, 0.973233547477, 5.045687264, 5.55880834779, 0.874192193495, 1.34327229866, 0.837218236329, 1.09000099103, 1.0532620434, 1.02983963582, 0.874714069811, 5.0023767464, 1.03804377803, 0.88842012395, 340.015285381, 1.06849816958, 2.3901465904, 1.21790477383, 2.81076823671, 0.97523689228, 421.282173146, 19.1082737044
5.51481784541, 1.00000048405, 1.59933658636, 0.812507950481, 6.08138267547, 0.762814024939, 4.53107762279, 1.25394888376, 0.917722539203, 3.92279565511, 5.85060819574, 0.918651083839, 3.57876508093, 0.869791703043, 1.09000076168, 1.03493060605, 1.02162028775, 1.10739612892, 7.3671749778, 1.1187259908, 0.829720201851, 135.11782149, 1.09147032135, 4.0994781092, 0.950025132125, 2.70303789601, 1.08775040749, 385.548166023, 19.2126964653
2.44729315877, 1.00000050369, 1.668991299, 1.10851053129, 4.63273172028, 0.750250295062, 2.37148292999, 1.15193015763, 0.985614285943, 5.25019043448, 5.24540673696, 1.14455750233, 3.4915747327, 0.849310079113, 1.09000080494, 1.01852377963, 1.02705553992, 1.14748829991, 4.70754338512, 1.03082255427, 0.874064248942, 260.584414139, 1.13889205898, 3.77641762127, 1.03445275291, 3.34260695415, 1.04229694261, 741.678912167, 18.0933559341
1.51913469444, 1.00000096163, 1.70910159323, 0.919637965732, 6.9212401796, 0.745375266369, 5.23639828065, 1.00172253889, 0.978332458376, 4.85200784423, 5.72061323258, 1.10676743796, 2.01602912089, 0.90778371686, 1.09000006324, 1.07189748888, 1.04830282717, 0.882611869316, 8.73697335922, 1.06018221684, 0.773780396156, 564.827828817, 1.0173037614, 2.15507818719, 1.11395739936, 1.57315305155, 1.06956686625, 367.907204487, 22.4044765998
3.18432013019, 1.00000062749, 1.70869801264, 0.959303565501, 5.49653801286, 0.971261071847, 4.82352240963, 1.20546655022, 0.969734430273, 4.43782979017, 5.68704753711, 0.834250813687, 4.97374424834, 1.0122155211, 1.09000019462, 1.01370302548, 1.00908723477, 1.13021516429, 5.84897816041, 1.0705486593, 0.860057408498, 132.370469556, 1.03231142544, 2.21040793154, 1.21446510435, 2.28850126389, 0.957785095356, 648.089568898, 18.9045937599
4.14540432139, 1.00000018535, 1.24738975016, 0.956336283253, 2.52047545571, 0.962104405433, 3.90811283714, 1.24724351071, 0.966349360199, 6.00867018911, 5.28731234828, 0.924466369897, 2.84022407628, 1.02083184632, 1.09000057759, 1.02242880758, 1.02586213223, 1.0174603553, 4.12391332389, 1.16456854433, 0.800517047093, 943.058875595, 1.04958733376, 3.10211873708, 1.20952894681, 4.42921662389, 1.02534031441, 400.976628489, 19.386471355
3.18432013019, 1.00000062749, 1.58914325069, 0.959303565501, 4.77650996614, 0.938040572858, 4.82352240963, 1.20546655022, 0.969734430273, 4.43782979017, 5.68704753711, 0.975489963346, 4.97374424834, 1.0122155211, 1.09000019462, 1.01370302548, 1.00908723477, 1.13021516429, 5.84897816041, 1.0705486593, 0.860057408498, 313.853976169, 1.03231142544, 2.21040793154, 1.21446510435, 2.28850126389, 0.957785095356, 382.473567993, 32.5347909561
5.48853593252, 1.00000049596, 1.52252540242, 0.915240951461, 2.97857810392, 0.78179756743, 5.234713442, 1.16252579122, 0.958172824219, 1.94459340631, 5.43800291846, 1.02934357197, 2.62634095958, 0.88523872703, 1.09000034383, 1.05712483644, 1.00100565162, 0.997433048727, 9.10360786404, 1.04162151733, 0.910665830299, 769.727138784, 1.17568716648, 5.20016477362, 1.05868545388, 1.53945788464, 1.08584322557, 472.265739901, 23.895237416
1.06784322075, 1.00000037292, 1.31645697179, 0.830610459035, 3.9559064431, 0.928093022151, 3.63028885402, 1.0505730138, 0.951886510242, 5.15733805503, 6.04179064845, 1.19365690875, 3.0676347174, 1.08971168181, 1.09000054535, 1.05142777318, 1.04410923955, 0.836813279386, 8.91579258492, 1.08975048885, 0.905029358738, 547.859946412, 1.09371901998, 2.88937171357, 1.18663642927, 4.35353347801, 1.14874926786, 669.761924937, 19.3484473415
1.25832809321, 1.00000024422, 1.69455054165, 1.09528481363, 2.50972995053, 0.790313718667, 4.7187426518, 1.15774451135, 0.976998699641, 1.24433476729, 5.15558084174, 0.85779917234, 2.34716972078, 0.952394926279, 1.09000021707, 1.04041113293, 1.04811235834, 1.22981197369, 8.55167223712, 1.14458557007, 0.979063108639, 652.361093554, 1.09421325882, 5.36968307746, 0.982147737838, 5.1322332887, 0.890851342493, 533.710881518, 20.6825525454
1.18418237537, 1.00000054459, 1.32745873903, 1.01137462354, 4.99542661591, 0.916221073594, 3.8617466681, 1.2354355921, 0.951544895568, 1.2472738034, 5.09636574881, 1.06952413131, 2.36336647447, 1.14156845263, 1.09000025783, 1.02185395431, 1.03953262348, 1.03418930163, 9.14521442518, 1.03592101133, 0.900358958974, 46.4117365358, 1.04608425271, 5.09751720089, 1.06752711633, 1.23013763251, 1.19529866883, 963.018241166, 19.9327837268
2.45352484615, 1.00000086161, 1.70930072047, 0.856497951214, 5.56278670735, 0.818533478691, 4.72492659918, 1.09357302367, 0.92500051323, 5.94933624386, 5.40233523143, 0.849337972785, 3.70633822228, 1.22748370251, 1.09000039466, 1.06565347874, 1.02589473032, 1.06149809849, 6.04778725105, 1.15670737855, 0.825002683193, 724.851488792, 0.915087034242, 3.60354819191, 0.989052428464, 4.21359174796, 0.942778446002, 911.782550457, 21.17116697
1.63137513834, 1.00000075126, 1.18543253343, 0.970788070404, 2.42477415581, 0.942384035191, 4.55426641301, 1.13379298344, 0.929961879074, 1.81152969864, 5.66828482246, 1.03944537361, 4.76215804228, 1.07283498867, 1.09000091959, 1.10586157893, 1.04864541929, 0.947528421793, 8.0054591578, 1.08895611943, 0.857430567276, 152.708747844, 1.12125649657, 4.64928005928, 0.972842451876, 1.27819769057, 1.05178644311, 643.940482449, 27.36896331
5.4310324738, 1.00000064687, 1.71073509315, 0.813321319644, 1.62170543113, 0.761442229331, 2.70393153489, 1.18797157456, 0.941311935943, 5.76857543562, 5.39469363253, 0.991089414453, 1.34733188617, 1.20401592177, 1.09000079618, 1.10564357575, 1.00803590256, 0.993690343583, 7.58929113252, 1.16432206275, 0.846266757885, 491.385476978, 1.10559142074, 4.40158749538, 1.17914910269, 3.69371504843, 1.07197714645, 512.338414555, 34.5713134079
1.17805761535, 1.00000072921, 1.1967885585, 1.15830826543, 4.85661056793, 0.798095986787, 5.05843723206, 1.25596317207, 0.952973397265, 6.16287077375, 4.83059124028, 0.880911468272, 4.00592628593, 0.983302390494, 1.0900006144, 1.01311750151, 1.0394019043, 1.21018066288, 4.38463915529, 0.951550795989, 0.85700313637, 86.7715077672, 0.943672932835, 4.38214090842, 0.974682927948, 2.55371175838, 1.27185669374, 773.785601786, 23.1782705919
4.58996807, 1.00000016309, 1.01489423968, 1.00633086548, 5.78113065912, 0.748454205856, 1.67176404037, 1.17196140856, 0.910066500259, 1.69421885639, 5.64531668087, 0.896156986202, 4.87594269653, 0.977561030426, 1.0900005795, 1.05944188117, 1.03803140884, 1.15927692087, 4.33994699862, 0.985847356217, 0.96034508925, 557.498754465, 1.15443579061, 4.50026915347, 1.08782264933, 4.19749239828, 1.21784812766, 875.086451495, 23.011894333
2.40519747492, 1.00000081407, 1.4794312354, 1.00441531556, 2.21922983773, 0.905423588707, 3.20384573002, 1.08038783886, 0.943484186785, 5.68396217791, 5.87396346168, 0.847243162582, 1.88618169759, 0.885673497672, 1.0900004534, 1.05284473304, 1.0450780967, 0.849876533116, 7.17330460235, 0.960250291244, 0.845294819682, 194.658277178, 0.920898805649, 4.3572880222, 1.19019241539, 5.00539288724, 1.2893697238, 573.001693033, 34.2287646183
5.30429536812, 1.00000054094, 1.39057185711, 1.04732653796, 1.76452474468, 0.952464598328, 3.85611014508, 1.07245663835, 0.913121899959, 5.61453715824, 6.19932459912, 1.0748849478, 2.60012455978, 1.09486855782, 1.09000048644, 1.0386340112, 1.00233035058, 0.882986853288, 9.14153813574, 1.17343920371, 0.965073959309, 67.7672487205, 1.10400302421, 4.27648526733, 0.961964191444, 3.80526931279, 1.27362464935, 635.728548799, 33.8281212345
3.65897639682, 1.00000027175, 1.2958951583, 0.885096043828, 3.76130107418, 0.949338513038, 2.83926239808, 1.13148550823, 0.995738892977, 2.42713107796, 6.19001718196, 0.963916083216, 4.12219324174, 1.02138503869, 1.09000096851, 1.00530904262, 1.0026097924, 1.19389107095, 7.77194704466, 0.951800475087, 0.859740021932, 685.427875806, 0.97638315389, 4.70003471295, 0.989130617929, 3.11234363293, 1.22904450415, 1050.86715826, 21.8830555188
1.65114755297, 1.00000059037, 1.54191029525, 1.05039969619, 6.86250496697, 0.968264820716, 3.25151732254, 1.18067752368, 0.978007446385, 4.68935127901, 4.82503317687, 1.03791238246, 4.03543351694, 1.05086568323, 1.09000038156, 1.05958660734, 1.0483447875, 1.00534962202, 4.92671880632, 0.940369070832, 0.914674148103, 699.552786834, 1.19794578192, 3.41877701038, 0.974380376994, 3.09334293651, 1.02773620306, 739.710044051, 26.4037372307
3.77247563334, 1.00000021074, 1.56591793249, 0.859502717965, 5.83375790313, 0.917239934567, 5.50702144621, 1.02197630639, 0.943263180685, 1.25635828882, 5.52726843494, 0.927823560084, 3.37714450638, 0.937057939821, 1.09000027573, 1.09951910467, 1.0011276444, 1.08425183233, 4.29948608783, 1.02550751082, 0.800416295193, 360.032105328, 1.02811247286, 3.00381545474, 1.15962232425, 1.06397002883, 1.07900580429, 548.19863336, 34.8617044715
5.10131515725, 1.00000032341, 1.44755551194, 0.953032997143, 6.74984325372, 0.879953287979, 4.71282824894, 1.07779046658, 0.993188004164, 3.85998465989, 5.4833883318, 1.11932775363, 3.42382067839, 0.885522643508, 1.09000033505, 1.1036497442, 1.03656239489, 0.879932082033, 6.99541716509, 1.07118243495, 0.839915627707, 295.760430794, 0.990427267394, 1.7118766711, 1.22077187238, 2.78414737147, 1.24960707811, 590.215310036, 36.3201891232
4.20786124286, 1.00000019176, 1.22575404533, 1.08005357844, 6.74699247893, 0.850827123011, 5.15769663583, 1.09670826179, 0.992872699971, 5.66603716532, 4.81649585938, 1.17497497583, 2.63087326336, 0.971321335164, 1.09000033071, 1.1003656843, 1.02224023563, 1.15926340623, 9.19219370073, 1.18372229555, 0.905264032289, 219.633031029, 1.02906401429, 5.54575659966, 1.11973174636, 5.29469858337, 0.94028556939, 1192.36596121, 23.1946603066
4.33923884647, 1.00000020321, 1.41851069497, 1.09938376042, 3.04444056859, 0.971888049459, 3.84172739624, 1.04778242462, 0.982337410459, 4.81222031368, 6.16021103347, 0.88234263855, 3.64568469071, 1.12051970141, 1.09000028265, 1.10885805122, 1.03475916453, 0.977675079318, 8.91644157886, 1.15383501658, 0.973702601995, 566.913357551, 1.03913463596, 1.26687131038, 1.03070840485, 2.60507638218, 1.03452925956, 1043.92589919, 24.1766199218
3.30206710999, 1.00000088279, 1.0725147207, 0.81163869093, 6.39014022428, 0.990628031354, 2.85371386059, 1.16597274852, 0.929170228477, 1.68423471629, 5.55360769807, 1.12403460943, 1.08035193821, 0.858384308767, 1.09000031724, 1.02512699714, 1.04800324599, 1.06347954274, 7.40531712665, 1.05570921239, 0.864989087662, 740.707638525, 0.94974044467, 2.1243355861, 1.06709838655, 1.04357750076, 1.05178644311, 927.702772307, 24.9603409693
5.69894470713, 1.00000084436, 1.69413947651, 1.10022171537, 6.2063026531, 0.827712595454, 2.3631258892, 1.22306955664, 0.921933589326, 2.28097834934, 5.20393492699, 1.02982335171, 3.51207761481, 1.07241327026, 1.09000067756, 1.03164426203, 1.02238204518, 0.947819649821, 7.59176286385, 0.947400995494, 0.823981866617, 469.689890232, 1.19647405679, 3.89583940447, 0.982738150368, 1.31986277995, 0.927192948795, 1464.89324472, 23.6995242622
4.77580704515, 1.00000020574, 1.08883484518, 0.922500208893, 5.70738409648, 0.783759865244, 3.02295443025, 1.07113065679, 0.955682836617, 5.6790897706, 5.19028764378, 0.93835335869, 4.4290751786, 0.957258050825, 1.09000007301, 1.03292220969, 1.04993491415, 0.995324273297, 3.33215842363, 1.08959757942, 0.964695626285, 339.9031996, 1.1276152222, 3.59468788296, 1.06498074712, 5.29479979744, 0.919947103785, 941.270327063, 25.2503098841
2.78010172293, 1.00000032434, 1.49814780241, 0.87157358966, 5.88705665001, 0.970027334784, 4.71409880762, 1.12131313016, 0.986011676712, 5.4550896919, 5.69998098524, 0.855832837062, 4.87450521712, 0.857794149033, 1.09000034865, 1.07153104795, 1.03753154514, 0.831582792984, 8.45313633334, 0.934033608325, 0.835972172325, 72.3883309753, 0.967897538044, 4.44037335025, 1.23432107905, 4.64904957902, 0.872120440965, 1316.07873965, 24.0310024113
2.69341361689, 1.00000012119, 1.73115714064, 0.99277376368, 4.46792588208, 0.854430827862, 1.27732244738, 1.16831328689, 0.93274510952, 5.06147972976, 5.61671026387, 1.0574726739, 4.04862774049, 1.22507444523, 1.09000096176, 1.04700385402, 1.03827105144, 1.13894279614, 8.57034850814, 1.12084596101, 0.957472610948, 734.511680008, 1.0316795895, 1.32993312134, 0.974380376994, 4.06142104467, 1.22284053362, 741.349426294, 37.1291968283
5.17161277157, 1.00000043488, 1.23620792697, 0.973099802319, 6.63234386224, 0.854553570029, 2.61829441612, 1.12619540492, 0.911681251489, 4.31643264403, 5.06162184198, 1.15049445502, 2.50173984885, 0.973831033957, 1.09000017052, 1.083689296, 1.01733149689, 1.10237595708, 8.80506242042, 0.923447675425, 0.910585484211, 392.878607963, 0.92283927844, 5.45038586049, 1.12149852043, 4.41291748108, 1.04033890122, 1270.55485878, 24.8376758384
4.76133594072, 1.00000062611, 1.0588968507, 1.01226610745, 6.2063026531, 0.823776673513, 3.24500725085, 1.17522496449, 0.997936529476, 4.27839993642, 4.96115697454, 0.882693556268, 3.51207761481, 0.831809049565, 1.09000042944, 1.03164426203, 1.0266863038, 0.95890582595, 4.99448047426, 0.993138351797, 0.937491908079, 697.914239267, 1.19647405679, 1.59336317165, 1.12964577516, 3.00831669755, 0.904882424087, 1044.29065743, 25.6245592577
5.10593806194, 1.00000013596, 1.05076462098, 0.926780380797, 3.83771348808, 0.94308379276, 5.76729631657, 1.15656244646, 0.900527821309, 3.68811765357, 5.15556514375, 0.972651950578, 3.50529548033, 0.890047554893, 1.090000994, 1.0980142837, 1.01555857982, 0.854015328625, 9.19312585884, 0.995993493648, 0.825265541847, 886.891851957, 1.06305186604, 4.45079162434, 1.092078334, 2.19037853828, 1.23008110066, 772.653052285, 40.7181440822
2.54783810873, 1.00000044212, 1.17598667031, 0.938299364567, 5.17233634994, 0.774830741106, 1.98246740983, 1.24915097721, 0.90438653338, 1.32337587916, 5.06511718417, 1.12929524053, 5.03579198043, 0.87407005088, 1.09000077811, 1.03250746061, 1.03364253587, 1.22864798672, 7.3001701762, 0.913422850679, 0.959583360503, 822.169453378, 0.973520824322, 4.26196475439, 1.12580843658, 1.25896353063, 0.885690877228, 1156.15115941, 25.2711512893
2.70293782373, 1.00000015943, 1.43538384268, 0.832347844086, 5.22542330639, 0.83110439507, 3.88065027322, 1.01734451456, 0.91285180185, 3.8782060386, 5.10269472959, 1.20023883564, 2.7609067228, 0.994083016444, 1.09000096707, 1.09164105171, 1.04125091748, 1.16269629699, 9.12751469431, 1.01222254943, 0.778972932373, 878.177707274, 1.06390059844, 4.04370221295, 0.96796425871, 2.89915627377, 1.09360377324, 814.997650701, 38.5393999809
4.75424400921, 1.00000075838, 1.48717516319, 1.08325100861, 5.12944155893, 0.864159798891, 1.6885583738, 1.12686313047, 0.902093976244, 4.07475249147, 5.01833900003, 0.837793753205, 2.78325794694, 0.998142545168, 1.09000014561, 1.07483352166, 1.04638196043, 1.21142518266, 9.85943887071, 1.15506948599, 0.783112233977, 202.7342911, 1.12733407918, 3.12955947259, 1.13262987894, 3.22900568502, 1.21829026853, 1088.84611999, 26.2853817944
1.06147040442, 1.00000003425, 1.63327026033, 0.809138378669, 4.00445536109, 0.929510840341, 1.8220228386, 1.19979432451, 0.978813460504, 1.40070790799, 5.30654711976, 0.995319790531, 2.92673904246, 0.949933840309, 1.09000039452, 1.09049322714, 1.04841044952, 1.11730457885, 8.99502264392, 1.04535504967, 0.767272052978, 149.605061847, 1.18215084175, 1.54900915385, 1.1141416267, 4.96804035938, 1.218116426, 780.92446154, 40.7787998823
3.74963302719, 1.00000007279, 1.50274267674, 0.975840529101, 5.7840294902, 0.916803540351, 2.95301905316, 1.11262533654, 0.972719293881, 1.42074793631, 6.15420075935, 0.995785114216, 3.08766334275, 0.954929211292, 1.09000090059, 1.04993704353, 1.02902691423, 0.903756002545, 4.10155990294, 1.15691553321, 0.845795752629, 400.020572113, 1.06009274991, 2.2563953014, 0.999557351238, 3.93579405222, 0.952076938416, 820.768061056, 38.6640570463
1.37165753545, 1.00000095166, 1.01894451994, 1.07666704611, 5.81028516693, 0.888666978251, 4.66246667063, 1.14569341515, 0.973768339506, 3.79447353158, 5.32684638764, 0.915474283576, 1.4102024643, 1.08780560396, 1.09000063648, 1.07998169024, 1.0358378807, 1.1659782051, 9.85643528762, 1.08369417442, 0.770890122126, 795.264749163, 1.07561085335, 1.30700532687, 1.08312569759, 4.30914115764, 0.976145398321, 1439.22731979, 25.1802894169
2.7720992166, 1.00000096497, 1.3056968484, 0.895217408607, 2.94297489545, 0.739493962864, 1.77216515819, 1.07145651194, 0.913121899959, 3.90751084333, 5.87014586775, 0.988741425544, 3.94385026213, 1.12579979774, 1.09000081887, 1.05008091246, 1.03431153479, 0.825061187648, 8.75239082898, 0.995796615818, 0.965073959309, 214.209415452, 0.973925811779, 1.28477203873, 1.06119495559, 3.23776257911, 1.20098878198, 874.808833548, 40.7902301481
3.07283957147, 1.00000076878, 1.17639333529, 1.14938242875, 1.79988136447, 0.93707249109, 5.17969171698, 1.1234854512, 0.996858191291, 1.75521807079, 4.86824159452, 1.0968137441, 4.22845339547, 0.820605546472, 1.09000006428, 1.02065557889, 1.01493870971, 0.914006874066, 8.97729930088, 1.10079856369, 0.950904929155, 599.161529751, 1.06849207549, 3.14154011836, 1.08665273079, 3.13787122884, 1.06389223492, 1770.12215473, 25.1605877369
1.8975517644, 1.00000095003, 1.33740604281, 1.05481292775, 1.56277059363, 0.838565741106, 2.98341360105, 1.0622505935, 0.94256416157, 1.44566227611, 6.04719346519, 0.874064639936, 2.6070551696, 1.19105041833, 1.09000006442, 1.0839396228, 1.01531811971, 0.815357443296, 9.06649159084, 1.13922698492, 0.804188864157, 310.186263259, 0.999275185123, 4.86328208469, 1.15317208822, 3.42029149396, 0.943133223192, 1046.26320237, 31.4314675043
3.77247563334, 1.00000021074, 1.56591793249, 0.859502717965, 5.83375790313, 0.917239934567, 5.50702144621, 1.02197630639, 0.943263180685, 1.25635828882, 5.52726843494, 0.963916083216, 3.37714450638, 0.937057939821, 1.09000027573, 1.09951910467, 1.0011276444, 1.08425183233, 4.29948608783, 1.02550751082, 0.800416295193, 449.060703056, 1.15167342966, 3.00381545474, 1.15962232425, 1.06397002883, 1.07900580429, 1086.92786943, 31.3537985289
4.58996807, 1.00000016309, 1.01489423968, 1.00633086548, 3.28015280173, 0.748454205856, 1.67176404037, 1.17196140856, 0.910066500259, 1.69421885639, 5.64531668087, 0.896156986202, 4.87594269653, 0.977561030426, 1.0900005795, 1.05944188117, 1.04233152257, 1.15927692087, 4.33994699862, 0.985847356217, 0.96034508925, 557.498754465, 1.15443579061, 4.50026915347, 1.08782264933, 4.19749239828, 1.21784812766, 1798.05950068, 25.4465570981
1.80279686194, 1.00000000157, 1.51091036096, 1.1281850519, 5.59397565529, 0.825877473172, 2.10884843306, 1.24484308579, 0.996639773953, 2.26420002944, 5.41528938841, 1.06257816119, 1.38544245284, 0.905818073513, 1.09000007781, 1.05018521026, 1.01649313855, 0.95069954535, 7.30524704514, 1.10181720941, 0.957373213191, 959.284906188, 1.16096062169, 5.86274517358, 1.04672185009, 2.84231302963, 0.902839254082, 2124.84377407, 25.3460403353
1.74200999907, 1.0000003352, 1.13355404642, 0.89006289371, 5.04843413598, 0.763989317135, 2.91363735934, 1.08790176014, 0.94543654781, 2.89915711392, 4.94283185852, 0.955472880962, 2.26016739422, 1.15885529738, 1.09000043819, 1.02922324194, 1.03585629187, 0.966646451074, 8.71761759267, 0.968601731483, 0.956341679584, 873.903631895, 1.09984455094, 1.31385108822, 1.07629464216, 3.38665184888, 1.13834632118, 1094.49340459, 31.5001636823
3.0963661274, 1.00000013485, 1.38982636775, 1.13172228041, 2.09351232452, 0.978118120754, 1.74751012855, 1.17943330958, 0.902871854974, 6.07657017076, 5.91666654158, 1.08068964871, 4.83923046196, 1.14658807991, 1.09000067583, 1.01902299072, 1.03608907346, 1.01106003926, 7.99019625808, 1.15141376811, 0.961782898988, 403.297362189, 1.04833145854, 2.78377505463, 1.00075890759, 4.89854222982, 1.07358727306, 1303.97300573, 28.5003578776
3.29548922993, 1.00000070707, 1.17277650371, 0.896319040736, 6.64594079162, 0.82741343659, 1.21212017699, 1.20393073588, 0.921781961201, 2.9482454552, 5.619925938, 1.05273097559, 3.77150990599, 1.19817231488, 1.09000013852, 1.04435086463, 1.00922117452, 1.00053658322, 5.56728845318, 1.04082958001, 0.761412377531, 11.88621602, 1.05135366057, 4.24227229434, 1.14092189327, 2.82185860982, 1.0680328348, 1373.63654158, 27.9047295997
2.29102479644, 1.00000001893, 1.30466879295, 1.13721070258, 4.77491802241, 0.93145563808, 2.51733790457, 1.08793001002, 0.91685750036, 4.610293443, 5.5955200031, 1.15742776015, 3.35745501831, 1.21063507276, 1.09000062605, 1.04182140107, 1.00118287378, 0.83084497164, 6.25952045482, 1.03722063494, 0.870439809422, 674.324694289, 1.11871458741, 2.61134688949, 1.05864327368, 2.80228142012, 1.28511731199, 2118.36147808, 26.2282273374
3.48976057744, 1.00000001212, 1.66839549267, 1.0361357996, 3.31628842654, 0.985022029289, 5.17987446097, 1.18081647495, 0.986349345728, 3.07152424173, 6.07816958311, 1.10353468131, 4.93495451556, 0.997753018143, 1.0900002061, 1.0988926079, 1.01835780361, 0.866769581757, 4.91874976285, 0.923532039271, 0.810983405797, 283.633048323, 1.18927982603, 1.31053104314, 1.03281573121, 4.87188253632, 1.16954718899, 965.096158811, 41.0017323536
4.78399627246, 1.00000098544, 1.38414260781, 1.09420708616, 6.99793981645, 0.986399289669, 2.59893236758, 1.0075397841, 0.926692985358, 1.94920156298, 5.3610094728, 1.07697906667, 4.83441930554, 1.05660622259, 1.09000086421, 1.07245576634, 1.01106025569, 1.08847947849, 6.10631605501, 0.962541590798, 0.833698714777, 637.13945121, 1.01514872699, 5.43806275159, 1.03722910234, 4.97342801322, 0.945752726024, 1611.83883674, 26.763882456
5.77737464297, 1.00000006532, 1.53410501409, 0.856728932325, 4.97407650499, 0.877622150391, 2.22610193468, 1.04693849818, 0.993648863778, 3.08295581839, 4.75938478988, 0.984363245061, 3.73156798801, 1.12700993281, 1.09000008991, 1.0823575779, 1.00006336097, 0.938954821708, 4.20704659482, 1.12525873257, 0.82896140696, 678.995938488, 1.04418233546, 1.02316712245, 1.18717753142, 4.52370799381, 0.899778333988, 1376.43634104, 28.4610568862
4.86702580931, 1.00000064795, 1.4883363597, 1.13819390009, 4.70206302284, 0.812947937122, 1.20518750378, 1.09026507925, 0.992889222504, 4.07156869135, 5.04112761186, 1.14682842639, 1.90945741995, 1.28307192784, 1.09000074151, 1.07426332334, 1.02946533096, 1.173905644, 9.92915870167, 1.04210273396, 0.821137964128, 394.147333541, 1.06196251865, 1.49576294724, 0.990304659093, 3.65395029246, 1.26686801788, 1915.04913456, 26.3253285791
1.18418237537, 1.00000054459, 1.32745873903, 1.01137462354, 4.99542661591, 0.92819592, 3.8617466681, 1.2354355921, 0.951544895568, 1.2472738034, 5.09636574881, 1.06952413131, 2.36336647447, 1.14156845263, 1.09000025783, 1.02185395431, 1.03953262348, 1.15051598654, 9.79825549115, 0.970606632456, 0.900358958974, 46.4117365358, 1.04608425271, 5.09751720089, 1.06752711633, 1.23013763251, 1.22169330244, 1164.7798735, 32.9367723498
4.97667725475, 1.00000070505, 1.26963002916, 0.863667848121, 4.59882588159, 0.760130046995, 3.94439854, 1.18594698747, 0.994205415508, 4.81368402905, 5.96783216299, 0.890280332597, 4.05326287741, 0.8486272011, 1.09000082855, 1.02074155746, 1.00993583267, 0.99651348159, 3.67195524229, 1.17567365677, 0.81746475298, 577.720105444, 1.13860317298, 4.57303438698, 1.03544074188, 4.70209177251, 1.05211375309, 1449.80825026, 28.0579975649
5.6400461123, 1.00000027175, 1.2958951583, 0.885096043828, 3.76130107418, 0.949338513038, 2.83926239808, 1.13148550823, 0.995738892977, 2.42713107796, 6.19001718196, 0.927823560084, 4.12219324174, 1.02138503869, 1.09000096851, 1.00530904262, 1.0026097924, 1.19389107095, 7.77194704466, 0.951800475087, 0.859740021932, 55.273406088, 0.97638315389, 4.70003471295, 1.00858836093, 3.11234363293, 1.22904450415, 1351.4161967, 31.2620826319
1.28909851025, 1.0000003909, 1.18753552075, 1.09712448572, 3.52721327459, 0.76450859338, 1.71343079118, 1.04933235033, 0.94091352992, 1.50345934941, 5.50460999164, 1.01712235522, 3.23462606318, 0.991336057123, 1.09000072432, 1.03215377075, 1.04167317818, 1.20562342614, 3.68189404838, 1.13878267326, 0.786725503614, 91.1513270711, 1.06681242982, 5.31200458119, 1.0213207477, 1.19116666436, 1.20089943862, 1225.89980898, 32.6229819788
4.14401728053, 1.00000053009, 1.09132364398, 1.16078199388, 5.10744183915, 0.940945547712, 1.17432064433, 1.18776352588, 0.954198788004, 3.52903163237, 5.71148922018, 0.845777441107, 5.01414511948, 0.994162913629, 1.09000021132, 1.08831896591, 1.03397628034, 0.96142007854, 8.49417665436, 1.00289433988, 0.943211324925, 488.303968726, 0.982693224752, 3.15414451092, 1.17087224143, 1.1761860243, 1.26257237946, 1452.50015358, 28.1697784637
3.15188326157, 1.00000034019, 1.71477665521, 1.19433443447, 3.20473761001, 0.852450752883, 4.01026603536, 1.08044891171, 0.955840137949, 3.93734528797, 5.6263221455, 1.05694242235, 2.98671585061, 1.11420372593, 1.09000052905, 1.0339300016, 1.03929445819, 1.19558238114, 9.11889022774, 1.1011328301, 0.996173668957, 543.63030523, 1.16584496659, 2.23745601107, 1.03322009086, 3.24820054765, 1.27975347411, 1955.43848239, 26.8096463865
3.30206710999, 1.00000088279, 1.09507074852, 0.81470905259, 6.39014022428, 0.990628031354, 3.40935587783, 1.16597274852, 0.929170228477, 1.68423471629, 6.11142293893, 1.12403460943, 1.08035193821, 0.858384308767, 1.09000031724, 1.02512699714, 1.04800324599, 0.986867645082, 7.40531712665, 1.05570921239, 0.917790116744, 740.707638525, 0.94974044467, 2.1243355861, 1.06709838655, 1.04357750076, 0.963615923048, 1843.41722212, 27.4184499686
3.29548922993, 1.00000070707, 1.17277650371, 0.896319040736, 6.64594079162, 0.82741343659, 1.21212017699, 1.20393073588, 0.921781961201, 2.9482454552, 5.619925938, 1.05273097559, 3.77150990599, 1.19817231488, 1.09000013852, 1.04435086463, 1.00922117452, 1.00053658322, 5.56728845318, 1.04082958001, 0.761412377531, 11.88621602, 1.05135366057, 4.24227229434, 1.14092189327, 2.82185860982, 1.0680328348, 1561.71608266, 28.2101749583
5.30429536812, 1.00000054094, 1.6215916934, 1.04732653796, 1.76452474468, 0.952464598328, 3.56173258205, 1.07245663835, 0.992108037737, 5.90636698375, 6.19932459912, 1.0748849478, 2.60012455978, 1.00576160624, 1.09000046644, 1.0386340112, 1.00233035058, 0.882986853288, 9.14153813574, 1.17343920371, 0.766381958991, 14.1944438485, 1.10400302421, 4.27648526733, 0.961964191444, 3.80526931279, 1.29148600227, 2085.15020862, 27.2404592198
3.75940351607, 1.00000046508, 1.3625356355, 1.10229449309, 1.91383004323, 0.822716381705, 5.09996868486, 1.09943585331, 0.956347037546, 2.5491326971, 5.22610019874, 1.11004968133, 1.30078308919, 1.20560892161, 1.09000063966, 1.04866732668, 1.04158858824, 1.02277496753, 4.10325026726, 0.971736536998, 0.799267523947, 349.264821867, 0.961683992314, 2.70314713047, 1.01857827048, 2.6080087883, 1.12580190825, 1065.81747489, 40.8588990978
5.69345055072, 1.00000068535, 1.41645755908, 1.20202908356, 3.06063968922, 0.7861969391, 2.65821420623, 1.09868927046, 0.930319582314, 5.82489454744, 5.346075788, 1.10355044261, 2.12139578904, 1.00201748418, 1.09000026185, 1.05774759862, 1.00280835441, 0.929851514812, 8.44079218467, 0.994103921387, 0.830132032272, 808.566479202, 0.948362593744, 3.36305423898, 1.0640282145, 2.36170129805, 1.25947602042, 1061.63423234, 44.6140404248
3.05029749136, 1.00000084605, 1.58737784105, 1.1464699555, 4.40160085739, 0.758186328342, 1.84068241443, 1.14162649371, 0.934775596134, 1.90869890871, 5.3651197349, 0.918699703377, 4.80333741094, 0.95398091755, 1.09000008927, 1.05437840997, 1.00352696211, 1.05442203718, 9.386495586, 0.911209019997, 0.76370701554, 107.164131383, 0.928048737137, 3.94224589247, 1.18879119208, 2.59831243272, 1.14603127399, 1645.31216627, 28.2201705124
2.37592027437, 1.00000070333, 1.5290487282, 0.899606558445, 5.46910345786, 0.957440542017, 4.94537025678, 1.2062720561, 0.954365547945, 1.57612136118, 5.11945839626, 1.14881074424, 3.99960916139, 0.97468572214, 1.09000076828, 1.09602452674, 1.00034425199, 1.16883986232, 5.56669613095, 1.00990933624, 0.940104010117, 257.912368247, 0.988489890723, 1.44346016239, 1.0688207047, 5.46094815816, 1.28449463219, 1507.45586866, 28.7381570216
4.23381087324, 1.00000010223, 1.22734822962, 1.0314991466, 6.26077877811, 0.950810718279, 2.48708138699, 1.12867683108, 0.972369498387, 2.27043086024, 5.57166620411, 1.07018587661, 3.74915274279, 1.16244109166, 1.09000019771, 1.02481672181, 1.03656239489, 0.88881469045, 4.48608081752, 1.14304041108, 0.846059734194, 476.668993076, 0.990427267394, 5.94647036494, 1.21913307506, 2.42201143155, 0.898744889527, 1973.73101442, 27.6350497629
4.78399627246, 1.00000098835, 1.19921334412, 1.09420708616, 6.99793981645, 0.986399289669, 2.59893236758, 1.0075397841, 0.926692985358, 1.94920156298, 5.3610094728, 1.07697906667, 4.83441930554, 1.05660622259, 1.09000086421, 1.06440174428, 1.00808902571, 1.08847947849, 6.10631605501, 0.962541590798, 0.833698714777, 637.13945121, 1.01514872699, 5.43806275159, 1.03722910234, 3.29624000298, 0.945752726024, 1433.25650069, 31.8287087045
3.48976057744, 1.00000001212, 1.66839549267, 1.0361357996, 3.31628842654, 0.985022029289, 5.17987446097, 1.18081647495, 0.986349345728, 3.07152424173, 6.07816958311, 1.10353468131, 4.93495451556, 0.997753018143, 1.09000073163, 1.0988926079, 1.01835780361, 0.866769581757, 4.91874976285, 0.923532039271, 0.810983405797, 283.633048323, 1.18927982603, 1.31053104314, 1.03281573121, 4.87188253632, 1.16954718899, 1795.54604439, 28.3885871296
4.77416613852, 1.00000043349, 1.12158520969, 1.03531336295, 6.78155351035, 0.715632848594, 1.01830838249, 1.04629103516, 0.98292656454, 2.84335355184, 5.52511331499, 1.14608863516, 4.10641416192, 1.2231611099, 1.09000007632, 1.01852377963, 1.01447286019, 1.10327127322, 4.17120710038, 0.927623153717, 0.918544008428, 590.081099382, 1.19450318436, 5.94113052545, 0.969332721716, 1.48652332151, 0.968660348732, 1093.71437828, 41.4633166561
4.87891439408, 1.00000000629, 1.19645050767, 1.10508543047, 4.75026127515, 0.980017915153, 1.69448556422, 1.06957200046, 0.998004469413, 5.72020838503, 5.84402376787, 0.948971063118, 4.99842590846, 0.991679240261, 1.09000099462, 1.06492509376, 1.01961429976, 1.13575364026, 4.19192891455, 1.15577166504, 0.89801701201, 427.950120235, 0.931572836942, 4.3356204854, 1.17994295796, 4.11084104835, 1.27666311587, 1555.52611837, 29.6194624716
5.75943236053, 1.00000070145, 1.73222340486, 0.936332140542, 1.70408165104, 0.761442229331, 4.36958028184, 1.24932264869, 0.902272240559, 5.76857543562, 4.91054832004, 0.939604155907, 4.82863050067, 1.16630857239, 1.09000044209, 1.09118760102, 1.03036161355, 1.22920477525, 3.73388702367, 0.958196093506, 0.868955579347, 397.470260996, 1.14903022251, 4.40158749538, 1.01028281812, 2.37620471998, 1.12858939744, 1564.05296797, 29.4896431481
3.73212743192, 1.0000003993, 1.17426796472, 1.13578608767, 4.87873480816, 0.720324313056, 3.68854353962, 1.11001684725, 0.902584965321, 5.12048915623, 5.97519526739, 1.14466176062, 4.23024536211, 0.935640308649, 1.09000016939, 1.09765111807, 1.02562418535, 0.925200850951, 8.6144022257, 1.00834887637, 0.954947299702, 250.472008459, 1.13468590145, 5.89563181088, 1.05874586706, 3.26204965385, 1.13326085741, 2577.97705943, 27.8393034176
2.05012262162, 1.00000018069, 1.24695383036, 1.00108996028, 3.69034479843, 0.910388087206, 2.10824873132, 1.22486238468, 0.976357485726, 3.61693251656, 6.10603657244, 0.863607911961, 4.46392330229, 1.11575464062, 1.09000047812, 1.03314092682, 1.00423596307, 0.877582767949, 7.90215945836, 1.15016468989, 0.925601233459, 318.114004173, 1.15929462124, 1.41110407303, 1.09664310856, 4.10232860384, 0.96729971952, 1602.68609586, 29.5868715154
4.14540432139, 1.00000018535, 1.02024745939, 0.956336283253, 3.7107952386, 0.962104405433, 3.90811283714, 1.24724351071, 0.966349360199, 6.00867018911, 5.08809868507, 0.853423558865, 2.84022407628, 1.02083184632, 1.09000060918, 1.02242880758, 1.02586213223, 1.0174603553, 4.12391332389, 1.16456854433, 0.800517047093, 943.058875595, 1.13897536379, 3.10211873708, 1.20952894681, 4.42921662389, 0.965736622634, 1175.69916328, 46.407507021
3.97825545499, 1.00000047595, 1.54324243113, 1.17671350499, 5.15806522335, 0.811319199388, 1.04425151408, 1.10470864169, 0.916085510879, 1.95246678944, 5.63320175029, 0.89573868534, 4.3730694335, 0.945878086036, 1.09000025457, 1.01484618521, 1.01723638146, 1.0699378582, 3.8225658746, 0.910660196417, 0.833370890474, 195.407035722, 1.1540955818, 5.47583794304, 1.01674382179, 3.17728800428, 1.10865698856, 1242.26996573, 43.6542858526
1.370605478, 1.00000012227, 1.16454325519, 1.15352626265, 4.76466992081, 0.892102759948, 2.87309913086, 1.03873838426, 0.989389724966, 2.8451024091, 5.6159999934, 0.896907375977, 3.76637215861, 0.987375154689, 1.09000072887, 1.05704158817, 1.04969139033, 0.959766033028, 6.08022012025, 1.0517593334, 0.80983515672, 427.044367822, 1.09231699786, 4.69525489373, 1.1167905502, 2.77486364189, 0.925528212245, 1278.40092885, 41.8911901467
2.40846924108, 1.00000011771, 1.55399339857, 1.0925710471, 6.78195595397, 0.879573599065, 4.45435398615, 1.24513105614, 0.997975463486, 3.78346632178, 5.55626882667, 0.989534012287, 3.33145784367, 0.887726057689, 1.09000021975, 1.06336466266, 1.01815235496, 0.98936540729, 4.28856022764, 1.15513315782, 0.942046590192, 251.270038267, 1.15006505898, 3.20723238738, 1.02311056126, 4.48730738514, 1.13101640763, 1292.54321512, 43.6035237659
4.65867810935, 1.00000050369, 1.68166222973, 1.2092114953, 4.78268193476, 0.750250295062, 2.37148292999, 1.15193015763, 0.985614285943, 5.25019043448, 5.24540673696, 1.14455750233, 3.4915747327, 0.848667086568, 1.09000080494, 1.08133109278, 1.01675959418, 1.14748829991, 4.70754338512, 1.03082255427, 0.874064248942, 260.584414139, 1.13889205898, 3.77641762127, 1.03445275291, 3.34260695415, 1.04229694261, 1277.85929922, 44.9099355608
2.47752116304, 1.00000025755, 1.64246972885, 1.12500811636, 2.7935518094, 0.898190983795, 2.37982217024, 1.00231659642, 0.959198555347, 3.1656737652, 5.23010968565, 0.984816837579, 1.18481242066, 0.877228289419, 1.09000098847, 1.10157507992, 1.01446045309, 0.826291920528, 3.27946580545, 1.14645347735, 0.912651365711, 615.74936833, 1.04611534054, 4.55375872906, 1.20532451482, 5.21014167274, 1.29391875044, 1974.15981832, 29.3905149923
4.97667725475, 1.00000070505, 1.26963002916, 0.863667848121, 4.59882588159, 0.760130046995, 3.99876825613, 1.18594698747, 0.994205415508, 4.81368402905, 5.96783216299, 1.21827688209, 4.05326287741, 0.8486272011, 1.09000082855, 1.02074155746, 1.00993583267, 0.99651348159, 3.67195524229, 1.17567365677, 0.81746475298, 577.720105444, 1.13860317298, 4.57303438698, 1.03544074188, 4.70209177251, 1.05211375309, 1853.79751589, 30.1206363122
