5.10282743237, 1.11017184985, 1.4685484245, 0.933385877604, 2.83000087649, 1.17905773246, 3.58489947168, 1.26000014538, 1.14000022285, 2.82162400765, 1.57146612686, 0.998731126848, 3.04000086764, 1.08772547751, 0.869520787588, 1.00000095546, 1.00000018846, 1.01305463594, 7.52361075495, 0.946345593512, 1.00000094484, 107.356377825, 1.04439627932, 1.76943481353, 0.993310644657, 3.29000039015, 1.00000082119, 34.216331243, 2.68096514745
1.59023510375, 1.09025622054, 1.66740725338, 0.970483908842, 2.83000039692, 0.90337890454, 5.93737854135, 1.26000055998, 1.14000019909, 1.77373574043, 2.7678107882, 0.965826802286, 3.04000064325, 1.07996050442, 0.959686998284, 1.00000009301, 1.00000074676, 1.05087429367, 6.82248267592, 0.952340313061, 1.00000059235, 82.5375494256, 0.853642009986, 2.96297016469, 1.00778531892, 3.29000066021, 1.00000064129, 981.112211706, 0.0
2.66849555478, 1.11049669511, 1.59228558872, 0.884179403569, 2.8300003154, 0.916464462216, 4.5894809596, 1.26000080331, 1.14000087883, 1.76691340346, 2.30619945109, 1.08689211402, 3.04000073297, 1.04191989556, 0.866210341665, 1.00000098898, 1.00000093169, 1.04366665204, 5.04019846244, 0.987704604261, 1.00000056948, 91.6448867525, 1.08327752663, 2.79990002548, 1.0122703685, 3.29000096003, 1.00000082514, 210.262778811, 1.60857908847
2.90102214559, 1.02643524094, 1.34607197169, 0.986299633892, 2.83000032142, 0.962626631466, 1.1307639397, 1.26000011092, 1.14000092778, 2.2599853948, 2.8401919471, 0.983095357988, 3.04000061445, 1.06788935625, 0.973448681183, 1.00000082105, 1.00000007833, 1.0923043344, 6.45975301942, 0.972816660325, 1.00000080664, 82.4025879266, 1.0109225245, 2.4068129476, 0.962556702034, 3.29000049245, 1.00000033803, 224.877395824, 0.268096514745
1.81003720549, 1.13383172919, 1.35084347625, 0.820658102824, 2.83000093557, 1.05665107514, 5.21449649754, 1.26000086145, 1.14000071903, 2.40034040746, 2.00775958431, 0.898959521622, 3.04000046482, 1.08334872479, 0.98034556181, 1.00000071002, 1.00000089747, 1.0878669916, 8.55786840701, 0.910614567935, 1.00000072299, 77.1968157363, 0.935069399227, 5.70221685128, 0.983730820228, 3.29000042386, 1.00000015518, 88.3063963267, 2.68096514745
3.60143197275, 1.10324180252, 1.42871107227, 0.952136601625, 2.83000013192, 1.14478659434, 1.87255063814, 1.26000011151, 1.14000085301, 1.39842984134, 3.04152936866, 0.945600398829, 3.04000055621, 1.09826468476, 1.0092391601, 1.00000020706, 1.00000032603, 1.04731842598, 5.20956110685, 0.985762159163, 1.00000066936, 77.6830269747, 1.08423399012, 2.33246953875, 1.05737004609, 3.29000013252, 1.00000070898, 1103.96631404, 0.0
5.72981699531, 1.1091380638, 1.36379782719, 0.813807538542, 2.83000003468, 1.07530817014, 1.17377958343, 1.26000088288, 1.14000088182, 2.02004379344, 1.97259614682, 0.999214175168, 3.04000024307, 1.0600505678, 0.853223441697, 1.00000022436, 1.00000096645, 1.02307610234, 4.78202423889, 0.971559282768, 1.00000047282, 87.1838111977, 0.936010289721, 1.31490471501, 1.06209852453, 3.29000026716, 1.00000008187, 234.727774984, 0.268096514745
3.31817191719, 1.13066211731, 1.41445292458, 0.878191140247, 2.83000060218, 0.945188300062, 2.17240354579, 1.26000060759, 1.14000046117, 3.23223544935, 3.08453475329, 0.983232148865, 3.040000007, 1.11152202433, 1.00007830533, 1.00000034914, 1.00000058895, 1.09118524976, 9.71106690708, 0.969456289345, 1.00000093098, 86.6515069811, 0.873949779843, 5.36107206244, 1.01484992112, 3.29000002861, 1.00000030266, 1565.65517487, 0.0
4.97272606232, 1.09327392094, 1.52119125194, 0.890982256794, 2.83000028235, 0.920839304862, 3.90690691143, 1.26000001367, 1.14000068232, 2.15905178442, 1.87818714914, 0.927434390694, 3.04000023651, 1.0164571845, 1.03340689932, 1.00000067209, 1.00000069996, 1.06596479076, 4.2801172862, 0.938758791654, 1.0000009074, 99.6802358204, 0.994868075703, 2.70358799714, 0.988140432055, 3.29000000602, 1.00000017697, 290.897023093, 0.804289544236
1.14453679793, 1.0076084122, 1.38467348278, 0.903471410218, 2.83000056805, 0.961238351501, 5.78700556069, 1.26000058893, 1.14000048012, 3.04363430984, 2.84374408427, 1.01749234318, 3.04000009897, 1.01518237264, 0.955458987615, 1.00000031418, 1.00000039212, 1.03207939366, 8.00398780201, 0.922888575296, 1.00000011347, 77.8281875792, 1.00013403969, 4.72931664638, 0.979290752896, 3.29000052976, 1.0000009875, 413.247200102, 0.536193029491
5.83705228492, 1.1324555384, 1.58110397508, 0.915136853723, 2.83000092993, 0.940850826377, 4.18722059623, 1.26000063326, 1.14000023515, 1.64487816402, 2.6657517643, 1.00362201759, 3.04000054954, 1.04369121738, 0.852872683765, 1.00000038467, 1.00000036386, 1.07882403113, 7.1201688336, 0.959770205011, 1.00000056164, 102.383675794, 0.969885259839, 1.47998935285, 1.00189572698, 3.2900000727, 1.00000036086, 1608.43740605, 0.268096514745
3.73490638708, 1.03541376134, 1.42192942259, 0.909920186951, 2.83000093488, 1.00331049238, 3.11150180872, 1.26000074099, 1.14000060986, 1.29419163234, 2.77516536321, 1.0544449343, 3.04000021081, 1.05376086648, 0.827715484719, 1.00000066138, 1.00000043226, 1.06691467085, 6.45273668865, 0.939928991839, 1.00000084444, 119.494375485, 1.02563104579, 1.10147472233, 0.954993462675, 3.29000002598, 1.00000056437, 1749.52967617, 0.0
2.44289879395, 1.00980716598, 1.35566983392, 0.826359271306, 2.83000094067, 0.962229028525, 3.49327421747, 1.26000011488, 1.14000061363, 1.37122123989, 1.83610437456, 1.02906592115, 3.04000002292, 1.04946318908, 0.940504163436, 1.00000045167, 1.00000000259, 1.02198821685, 4.86390705382, 0.919385342408, 1.00000090549, 109.245103475, 0.92485672512, 1.00180209914, 1.00792203825, 3.29000002267, 1.00000090553, 334.990950875, 7.23860589812
5.28312927622, 1.06344526959, 1.59228558872, 0.945934461571, 2.83000055716, 1.01133412309, 1.11080714514, 1.260000037, 1.14000088221, 2.07399352153, 2.42414641255, 1.08273825976, 3.04000025163, 1.05881857748, 0.868531132253, 1.00000093318, 1.00000019472, 1.09864669261, 7.31557237722, 0.966793021081, 1.00000086916, 102.448719879, 0.974363377237, 4.81942573012, 0.979585432965, 3.29000096003, 1.00000092593, 365.526179339, 1.07238605898
5.57564404912, 1.09133168504, 1.45480657891, 0.908510003935, 2.83000025905, 1.16471672813, 5.22000499438, 1.26000035688, 1.14000006498, 2.11921063282, 2.35964655486, 0.964216135755, 3.04000099898, 1.06730905217, 0.941095856665, 1.00000013831, 1.00000001985, 1.08388737239, 5.97836298007, 0.96780117655, 1.00000019492, 103.340400432, 0.994433581047, 3.78634225787, 1.06336811265, 3.29000018763, 1.0000008729, 465.110678173, 0.536193029491
4.09839736549, 1.06898653057, 1.53461791873, 0.947988415937, 2.83000060188, 1.15809050621, 3.14577452774, 1.26000034295, 1.1400001927, 2.23416039659, 2.11339724276, 0.940656142252, 3.04000029331, 1.06597191504, 0.857039381489, 1.00000006299, 1.00000094848, 1.00474092488, 5.18978838825, 0.94954235451, 1.0000002821, 116.905153704, 1.06136529122, 5.2136129974, 1.00341622303, 3.2900000358, 1.00000034739, 2002.08452961, 0.0
2.66849555478, 1.11049669511, 1.59228558872, 0.884179403569, 2.8300003154, 0.916464462216, 4.5894809596, 1.26000080331, 1.14000087883, 1.76691340346, 2.30619945109, 1.01787474442, 3.04000073297, 1.04191989556, 0.866210341665, 1.00000098898, 1.00000093169, 1.04366665204, 6.91418672035, 0.987704604261, 1.00000056948, 91.6448867525, 1.08272947146, 2.79990002548, 1.0122703685, 3.29000096003, 1.00000082514, 415.876890355, 4.82573726542
5.28312927622, 1.06344526959, 1.44899057029, 0.899553578887, 2.83000055716, 1.01133412309, 1.11080714514, 1.260000037, 1.14000088221, 2.07399352153, 2.42414641255, 1.08273825976, 3.04000025163, 1.05881857748, 0.868531132253, 1.00000092821, 1.00000019472, 1.09864669261, 7.31557237722, 0.966793021081, 1.00000086916, 102.448719879, 0.974363377237, 4.81942573012, 0.979585432965, 3.29000053345, 1.00000092593, 645.07608594, 1.60857908847
2.18940330964, 1.05058277965, 1.61184207438, 0.878179202291, 2.83000091664, 1.14644602613, 2.17984094959, 1.26000085111, 1.1400006749, 3.63553429836, 2.49849565702, 0.965826802286, 3.04000061589, 1.10815803816, 0.795490042619, 1.00000030648, 1.00000035301, 1.0517959864, 3.99998418811, 0.982014671908, 1.00000016515, 83.2270977055, 1.03613588737, 5.15317113235, 0.973155597221, 3.29000086694, 1.00000064088, 1255.04210937, 0.536193029491
3.8881751877, 1.00628640129, 1.51559624071, 0.95238959314, 2.83000066584, 0.960114622383, 4.7044078324, 1.26000034472, 1.14000012944, 2.42116574688, 2.32123612851, 0.946812924812, 3.0400001058, 1.04187800028, 0.883766565727, 1.00000026942, 1.00000010076, 1.10965546942, 3.4528079735, 0.949842127081, 1.00000046343, 80.2900082477, 1.02587757039, 5.30082275896, 1.03373316539, 3.29000093006, 1.00000049172, 916.163197249, 0.804289544236
4.90296360719, 1.13714624707, 1.58972998746, 0.840150520375, 2.83000017553, 1.06286823697, 3.91059841995, 1.26000077272, 1.14000008198, 3.05497917765, 2.55354002594, 0.950834640308, 3.04000057756, 1.00300732634, 1.01268391405, 1.0000006992, 1.00000061375, 1.06866764947, 5.87751913309, 0.949129003149, 1.00000062359, 119.698170856, 0.858279748074, 3.70849998355, 0.965055203283, 3.29000097146, 1.0000005178, 466.315335245, 2.9490616622
2.8859198022, 1.06074993457, 1.53209813214, 0.924266298564, 2.83000077788, 1.07872188176, 1.39176561094, 1.2600005417, 1.14000029339, 2.1147814156, 2.08070160668, 0.95808096121, 3.04000082721, 1.06481474142, 0.792399700248, 1.00000082488, 1.0000000628, 1.03194461041, 9.29667220902, 0.972351579116, 1.00000095402, 93.6884054456, 0.860269447456, 1.07922181401, 1.05604748498, 3.29000039667, 1.00000082592, 3812.08024023, 0.0
4.42634776492, 1.09318923459, 1.68055935159, 0.929054272676, 2.83000026126, 0.925380831169, 3.08072601952, 1.26000062492, 1.14000017758, 1.61441232014, 1.94196238632, 1.00170437595, 3.04000077504, 1.07845420135, 1.03457487062, 1.0000001703, 1.00000002627, 1.02222791062, 8.60684056028, 0.920819992279, 1.0000002347, 77.5937749856, 0.901298465616, 2.91834236598, 0.953700798369, 3.29000041023, 1.00000010736, 794.636853384, 2.41286863271
5.64637820106, 1.06231418431, 1.73954163272, 0.850613318133, 2.83000082135, 1.04033734138, 1.14473657663, 1.26000098306, 1.14000004363, 3.43845008062, 1.91031463122, 0.993127869306, 3.04000019449, 1.07890618877, 0.934962131488, 1.00000018811, 1.00000074071, 1.02229466895, 4.76094528659, 0.979828571898, 1.00000022302, 100.62994003, 0.886546471757, 2.51968602862, 0.997722629875, 3.29000081408, 1.00000019937, 1974.91959423, 0.536193029491
5.72705317182, 1.04624817533, 1.41445292458, 0.973800787256, 2.83000079362, 0.973611888733, 5.58554524503, 1.26000022934, 1.14000085136, 2.54806300706, 2.20597491681, 0.931047192792, 3.04000069364, 1.04364131428, 0.949025644772, 1.00000048841, 1.00000072419, 1.04402428471, 7.56084325057, 0.998817812627, 1.00000090278, 86.6515069811, 0.993414423495, 1.69895999616, 0.97411215274, 3.2900001787, 1.00000017624, 1316.74994073, 0.804289544236
5.72981699531, 1.09896948843, 1.36379782719, 0.813807538542, 2.83000018435, 1.13057644776, 1.17377958343, 1.26000088288, 1.14000088182, 2.02004379344, 1.96609450484, 0.998606521533, 3.04000024307, 1.0600505678, 0.853223441697, 1.00000022436, 1.00000096645, 1.02307610234, 4.78202423889, 0.971559282768, 1.00000047282, 81.942554903, 1.06136529122, 1.31490471501, 1.06209852453, 3.29000026716, 1.00000008187, 1087.93148342, 1.07238605898
2.6342997538, 1.10306860172, 1.43536991475, 0.855117343887, 2.83000050991, 1.05030601358, 1.92883504631, 1.26000035898, 1.14000047241, 2.0821166504, 1.87272955026, 1.03545781479, 3.04000029891, 1.01972185514, 1.02848240163, 1.00000038467, 1.00000069826, 1.08922719991, 9.18990991199, 0.973133570952, 1.0000007171, 98.292588501, 1.08345191529, 1.27070973421, 1.06150327116, 3.29000002933, 1.00000002886, 930.861725988, 1.34048257373
4.49176264798, 1.13012376886, 1.47126932173, 0.878191140247, 2.83000060218, 0.945188300062, 2.17240354579, 1.26000060759, 1.14000046117, 3.23223544935, 3.08453475329, 0.983232148865, 3.040000007, 1.11152202433, 1.00007830533, 1.00000034914, 1.00000050311, 1.09118524976, 9.71106690708, 0.969456289345, 1.00000091786, 89.8361827107, 0.873949779843, 5.36107206244, 1.01484992112, 3.29000006973, 1.00000030266, 3820.86967602, 0.0
5.88325322541, 1.12287796956, 1.57472183663, 0.829838428502, 2.8300003574, 1.01218644956, 1.10826778842, 1.26000006841, 1.14000065041, 2.38661590358, 3.01379526905, 0.934481523849, 3.04000015813, 1.10272637032, 1.03748602499, 1.00000061665, 1.00000092375, 1.01801640463, 7.18168220615, 0.945508204236, 1.00000042311, 119.798915453, 0.953439932827, 2.59972374408, 1.05643219952, 3.29000056889, 1.00000032897, 2322.70699436, 0.804289544236
1.19136783681, 1.05414008673, 1.71077968663, 0.912681342084, 2.83000077575, 0.910239699522, 5.62642581608, 1.26000067829, 1.14000039542, 1.35422932536, 2.66663635928, 0.921632380964, 3.04000018387, 1.00701465786, 0.891865529089, 1.00000036475, 1.00000058113, 1.048671003, 6.05875801254, 0.991255548912, 1.00000081403, 108.431241472, 0.964110431476, 1.6581031193, 1.03348920319, 3.29000035519, 1.00000068508, 1195.55303661, 1.07238605898
2.8859198022, 1.06074993457, 1.53209813214, 0.893876309811, 2.83000060146, 1.07872188176, 1.39176561094, 1.2600005417, 1.14000029339, 2.1147814156, 2.08070160668, 0.902347482132, 3.04000082721, 1.06481474142, 0.784738302351, 1.00000096246, 1.0000000628, 1.03194461041, 4.86390705382, 0.972351579116, 1.00000090549, 93.6884054456, 0.860269447456, 1.07922181401, 1.05604748498, 3.29000039667, 1.00000082592, 1058.67729248, 1.60857908847
2.18940330964, 1.05058277965, 1.61184207438, 0.878179202291, 2.83000091664, 1.14644602613, 2.17984094959, 1.26000085111, 1.1400006749, 3.43487609946, 2.49849565702, 0.965826802286, 3.04000091778, 1.06149915809, 0.795490042619, 1.00000030648, 1.00000035301, 1.0517959864, 3.99998418811, 0.982014671908, 1.00000027441, 81.2016532095, 1.03613588737, 4.90893540061, 0.973155597221, 3.29000086694, 1.00000064088, 992.156196055, 4.02144772118
4.44150760301, 1.13492203538, 1.62848244767, 0.904364601385, 2.83000040021, 1.02967057629, 1.898901059, 1.26000008347, 1.14000052682, 3.18263060605, 2.46366228217, 0.944077978755, 3.04000034656, 1.01409131428, 1.00100659033, 1.00000022916, 1.00000060629, 1.02796503886, 7.81190709906, 0.993832555835, 1.00000083935, 90.1372820043, 0.971090325628, 1.56202800558, 1.00794211205, 3.29000024465, 1.00000022669, 3989.44362984, 0.0
2.6342997538, 1.10306860172, 1.45968860038, 0.855117343887, 2.83000050991, 1.05030601358, 2.7251241324, 1.26000035898, 1.14000047241, 2.0821166504, 1.87272955026, 1.03545781479, 3.04000029891, 1.01077416255, 1.02848240163, 1.00000038467, 1.00000069826, 1.08922719991, 9.18990991199, 0.973133570952, 1.0000007171, 98.292588501, 1.08345191529, 1.27070973421, 1.06150327116, 3.29000000714, 1.00000002886, 2800.4435176, 0.804289544236
5.10535637657, 1.12496502423, 1.72348831282, 0.903471410218, 2.83000093428, 0.930669306813, 2.68410893746, 1.26000009137, 1.14000048012, 2.01821688357, 2.19658078159, 0.957945842511, 3.04000041685, 1.07794260668, 1.08815835949, 1.00000009339, 1.0000003777, 1.08915593402, 9.81192987157, 0.930943002224, 1.00000062052, 93.2013775724, 0.938712343362, 4.73175344505, 0.98931631409, 3.29000040363, 1.00000067934, 1435.73236966, 1.07238605898
1.84264681617, 1.0661050905, 1.50937123575, 0.90701793325, 2.83000031303, 1.14668657681, 2.44673012614, 1.26000052792, 1.14000030225, 3.63553429836, 2.33111199113, 0.977956314497, 3.04000061589, 1.10815803816, 0.813389226079, 1.00000077876, 1.00000004407, 1.04597463102, 8.23310278916, 0.965314883782, 1.00000016515, 92.0156091605, 0.970286005044, 5.87993321189, 0.95705210356, 3.29000012072, 1.00000064309, 1097.05497367, 2.41286863271
2.10934895786, 1.04211412574, 1.47547310207, 0.87365119788, 2.8300005647, 0.909072583752, 1.39045478725, 1.26000036804, 1.14000036384, 2.29069648279, 1.72628093619, 0.89719560564, 3.04000034734, 1.03371184768, 0.807104437523, 1.0000009679, 1.00000025079, 1.03022667101, 7.40989757133, 0.984705871034, 1.0000009801, 86.6499203482, 0.921833602993, 4.3514146454, 1.02139108996, 3.29000047611, 1.00000038607, 4262.72436103, 0.0
2.44842469422, 1.09814563329, 1.71791673715, 0.907832188173, 2.83000068519, 1.10643058409, 1.24245114833, 1.26000034839, 1.14000086906, 1.37711780761, 2.4265579531, 0.956107182643, 3.04000006864, 1.0164571845, 1.02068940855, 1.00000095151, 1.00000072014, 1.00169483, 6.39193754495, 0.950450903549, 1.00000092338, 90.2369891398, 0.861891225788, 2.59917187992, 0.994117490978, 3.29000040621, 1.00000011708, 3497.20317212, 0.804289544236
3.27690579515, 1.0371985695, 1.68483765165, 0.857061705332, 2.83000094296, 1.0117458727, 3.49373398924, 1.26000019585, 1.14000076628, 3.29590649817, 2.95998572839, 0.947411642804, 3.04000007331, 1.00226166216, 0.871280561737, 1.00000034358, 1.00000002092, 1.02036476232, 4.77861792821, 0.964130511894, 1.00000087223, 101.822219454, 0.893681389602, 4.48615422507, 0.991836826128, 3.29000072847, 1.00000095151, 2080.73679639, 1.60857908847
2.68778621316, 1.11166767559, 1.49454626876, 0.804940465057, 2.83000005777, 0.867288681999, 5.10670356413, 1.26000090717, 1.14000089353, 2.47827598807, 1.72233013846, 0.955108442925, 3.04000003692, 1.01993872775, 1.06824136819, 1.00000071127, 1.00000021001, 1.01615789507, 3.09375983531, 0.968306415872, 1.0000002796, 94.6287657379, 1.05637820855, 2.43780798525, 0.999126899562, 3.29000069589, 1.00000034972, 2461.8055043, 1.34048257373
1.59023510375, 1.09025622054, 1.66740725338, 0.970483908842, 2.83000039692, 0.90337890454, 5.93737854135, 1.26000055998, 1.14000019909, 1.77373574043, 2.75871965396, 1.03221230558, 3.04000064325, 1.07996050442, 0.959686998284, 1.00000009301, 1.00000074676, 1.05087429367, 6.82248267592, 0.952340313061, 1.00000059235, 82.5375494256, 0.853642009986, 2.96297016469, 1.00778531892, 3.29000066021, 1.00000032937, 1449.85737612, 2.68096514745
2.87968481949, 1.03515061767, 1.42414263029, 0.90231254564, 2.83000012537, 1.18784693009, 2.15464282857, 1.26000054669, 1.14000005931, 3.55668475832, 1.71453240112, 1.02820594223, 3.04000045515, 1.00268812559, 0.998662130855, 1.00000024911, 1.00000076541, 1.020364037, 7.65275133567, 0.92628740821, 1.00000033867, 84.0784131263, 0.889678895873, 3.99879019634, 1.02139108996, 3.29000014501, 1.00000009321, 1137.26658294, 4.28954423592
2.2122301272, 1.13553684901, 1.40585629438, 0.804256735042, 2.83000099698, 0.96361542134, 1.29999220059, 1.26000084665, 1.14000043347, 1.62127222834, 2.95718616265, 0.960571327294, 3.04000081018, 1.1166184319, 0.847897382201, 1.00000093598, 1.0000008741, 1.0642323459, 7.78099685386, 0.949614138843, 1.00000047073, 108.71606839, 0.974477245823, 3.88036883025, 1.00363166342, 3.29000014375, 1.0000002492, 5005.32755353, 0.0
4.37313688341, 1.13215914694, 1.65516091419, 0.800188907538, 2.83000090092, 1.18284812582, 5.8000059537, 1.26000006662, 1.14000050769, 1.46577027031, 2.02559221176, 0.990095472465, 3.04000064101, 1.06683195436, 0.862690599774, 1.00000071681, 1.00000012043, 1.01994989627, 9.65745770085, 0.931504516002, 1.00000096799, 113.747410489, 1.00301576944, 3.27718471558, 1.04267134359, 3.29000088165, 1.00000094392, 4300.36599716, 0.268096514745
3.78149528412, 1.04913238648, 1.3960308745, 0.92811780633, 2.83000042106, 1.03730851822, 3.68701366671, 1.26000058129, 1.14000030954, 2.36621818959, 1.97176754002, 0.967878419785, 3.04000043659, 1.03837034486, 0.845092702415, 1.00000057855, 1.00000006947, 1.07095349336, 7.33263661934, 0.936069847128, 1.00000045087, 86.2532073664, 1.06312357648, 2.78796729247, 1.05633824186, 3.29000094363, 1.00000005488, 3556.35567452, 0.804289544236
4.09839736549, 1.06898653057, 1.53461791873, 0.947988415937, 2.83000060188, 1.15809050621, 3.14577452774, 1.26000034295, 1.14000039559, 2.23416039659, 2.11339724276, 0.940656142252, 3.04000029331, 1.06597191504, 0.857039381489, 1.00000006299, 1.00000094848, 1.00474092488, 5.18978838825, 0.94954235451, 1.0000002821, 116.905153704, 0.936010289721, 5.2136129974, 1.00341622303, 3.2900000358, 1.00000034739, 2430.17871651, 1.60857908847
1.28548808377, 1.13792525002, 1.63688365701, 0.979686834493, 2.8300000484, 0.903997061047, 2.56510924146, 1.26000084249, 1.14000068385, 3.64848121461, 2.17040147834, 0.975264270898, 3.0400009786, 1.08844985796, 1.03905686164, 1.00000080942, 1.00000020676, 1.00915076872, 6.51997700761, 0.934024818679, 1.00000037282, 111.761222414, 1.04546808424, 1.44346017319, 0.976131121084, 3.29000072965, 1.00000021949, 1465.79926422, 3.21715817694
3.01874216411, 1.01555964473, 1.42761694134, 0.993663880783, 2.83000044731, 1.05842136941, 4.91736419379, 1.26000094594, 1.14000053571, 2.84585173309, 1.66628847506, 1.0411550841, 3.04000056976, 1.05783002777, 0.889254260779, 1.00000023373, 1.00000006983, 1.03943922681, 3.15812455151, 0.952046641857, 1.00000081382, 116.956019108, 0.843949975857, 3.9847016592, 1.05510941237, 3.29000091795, 1.00000092255, 2051.65711192, 2.68096514745
5.28150022013, 1.09352370016, 1.46035786498, 0.876183049985, 2.83000075661, 0.88767962321, 5.28856958706, 1.26000087324, 1.14000075633, 3.18681898946, 1.63626005154, 0.946401911391, 3.04000087032, 1.10482800314, 0.786387231008, 1.00000008057, 1.00000053995, 1.02789834758, 3.8439955797, 0.973267612795, 1.0000008908, 76.5625783894, 1.00835966224, 4.27888100472, 1.01543678607, 3.29000001265, 1.00000081878, 1210.0179216, 5.09383378016
2.74348075266, 1.01373779408, 1.55039140616, 0.878598904278, 2.83000034649, 1.10516537539, 1.74276871983, 1.26000029562, 1.14000093248, 3.57018003125, 2.12293411145, 1.01312941877, 3.04000095537, 1.01129037157, 0.80132034802, 1.00000060233, 1.0000009215, 1.00711557195, 5.08962635977, 0.957851525968, 1.0000005245, 86.0898387321, 0.994569257258, 1.58847542711, 0.952903236684, 3.29000009178, 1.00000054226, 10604.6585552, 0.0
5.72981699531, 1.1091380638, 1.36379782719, 0.813807538542, 2.83000002747, 1.07530817014, 1.17377958343, 1.26000088288, 1.14000077749, 2.02004379344, 1.97259614682, 0.953551098345, 3.04000001307, 1.0600505678, 0.853223441697, 1.00000022436, 1.00000096645, 1.02307610234, 4.78202423889, 0.990952538644, 1.00000047282, 87.1838111977, 1.01124411983, 1.31490471501, 1.06209852453, 3.29000026716, 1.00000008187, 6162.24224136, 0.536193029491
2.18940330964, 1.05058277965, 1.63213270226, 0.878179202291, 2.83000091664, 1.14644602613, 2.17984094959, 1.26000085111, 1.1400006749, 3.43487609946, 2.49849565702, 0.965826802286, 3.04000091778, 1.06149915809, 0.795490042619, 1.00000030648, 1.00000035301, 1.0517959864, 7.96815064424, 0.982014671908, 1.00000027441, 81.2016532095, 1.03613588737, 4.90893540061, 0.96071573945, 3.29000086694, 1.00000064088, 7133.47925049, 0.268096514745
4.44150760301, 1.13492203538, 1.63022890092, 0.876339892702, 2.83000040021, 1.02967057629, 1.898901059, 1.26000008347, 1.14000052682, 3.18263060605, 2.46366228217, 0.944077978755, 3.04000034656, 1.01409131428, 1.00100659033, 1.00000022916, 1.00000060629, 1.01809831427, 7.81190709906, 0.993832555835, 1.00000083935, 90.1372820043, 0.971090325628, 1.56202800558, 1.00794211205, 3.29000024465, 1.00000022669, 5084.52317576, 0.804289544236
3.21920317511, 1.03428523067, 1.63213270226, 0.847692660573, 2.83000080925, 1.18276500878, 3.98721823455, 1.26000045601, 1.14000099395, 2.93089442261, 2.4810828262, 1.08119908692, 3.0400004347, 1.01935056832, 0.831675778543, 1.00000013454, 1.00000064216, 1.05516498659, 6.19761113789, 0.915859500807, 1.00000061787, 85.6368103077, 1.04486335817, 3.5196445271, 1.04768847101, 3.29000083111, 1.00000036029, 4643.62080285, 1.07238605898
2.10934895786, 1.04211412574, 1.47547310207, 0.87365119788, 2.8300005647, 1.12155173967, 1.39045478725, 1.26000036804, 1.14000063609, 2.29069648279, 1.74927652659, 0.89719560564, 3.04000034734, 1.03371184768, 0.807104437523, 1.0000009679, 1.00000025079, 1.03022667101, 7.40989757133, 0.984705871034, 1.0000009801, 86.6499203482, 0.844556045946, 4.28934518179, 1.00657776907, 3.29000047611, 1.00000038607, 2700.81109258, 1.87667560322
5.91957560271, 1.09011615665, 1.35543015239, 0.92529989672, 2.83000041999, 1.16198638941, 5.56957662778, 1.26000046862, 1.14000031538, 3.0639796124, 2.23614551661, 0.961195923802, 3.04000063571, 1.07117053438, 0.861216978587, 1.00000032976, 1.0000007629, 1.03368953053, 3.24920548485, 0.929260907209, 1.00000042453, 80.9581438151, 0.93244350449, 4.56044069323, 1.04081103336, 3.29000041025, 1.00000079897, 3207.80900669, 1.60857908847
2.15245700838, 1.13480076404, 1.40153389693, 0.923658432227, 2.83000012664, 0.852450256966, 3.05028758821, 1.26000097824, 1.14000095372, 3.17907702302, 2.52060501586, 0.886266732593, 3.04000054656, 1.06946627079, 1.01557151776, 1.00000088371, 1.00000038184, 1.09370882492, 7.99697811719, 0.951032233399, 1.00000085968, 95.7477633828, 0.995815943737, 4.16808216464, 1.02398354084, 3.29000067234, 1.00000001703, 1469.88164113, 4.28954423592
1.24695384241, 1.05124287503, 1.35155040681, 0.992257034472, 2.83000001034, 0.940516676847, 1.97912943253, 1.26000071031, 1.14000008522, 2.98852341036, 3.01855522971, 0.989130431942, 3.04000008652, 1.09769904959, 0.910957688728, 1.00000096897, 1.00000012301, 1.01353661326, 8.00290841169, 0.958798251256, 1.00000076061, 116.291046687, 0.886486836524, 1.44489555297, 1.0269415754, 3.29000060231, 1.00000084888, 1677.50714314, 3.21715817694
1.78000351221, 1.00296595442, 1.40887716877, 0.810020531865, 2.83000096578, 1.125039429, 3.39910674525, 1.26000015214, 1.14000076027, 3.66712850559, 2.58078287207, 0.927239984201, 3.0400004584, 1.05964363689, 1.06702777316, 1.00000045708, 1.00000023864, 1.01059963914, 6.12635790794, 0.973687277223, 1.00000074782, 81.6866499128, 0.846608452008, 5.88346637389, 1.05964280735, 3.29000061243, 1.00000040362, 2570.66311633, 2.68096514745
1.20829901044, 1.12792729352, 1.67456479278, 0.932489664125, 2.83000028186, 0.887309801625, 5.81544001042, 1.26000044403, 1.14000071636, 1.73952356505, 2.38910501573, 1.05653362862, 3.04000016955, 1.08151996118, 0.851949529452, 1.00000003636, 1.00000044698, 1.08054986674, 9.34878821464, 0.94963463735, 1.00000003101, 78.9457422742, 1.07592694386, 2.87779850444, 0.972644650145, 3.29000072655, 1.00000069329, 1398.89365398, 5.63002680965
5.64637820106, 1.06231418431, 1.73972965546, 0.850613318133, 2.83000082135, 0.877942500369, 1.14473657663, 1.26000098306, 1.14000004363, 3.43845008062, 1.71008103181, 0.993127869306, 3.04000019449, 1.07890618877, 0.934962131488, 1.00000018811, 1.00000074071, 1.02229466895, 4.76094528659, 0.979828571898, 1.00000022302, 100.62994003, 0.886546471757, 2.51968602862, 0.997722629875, 3.29000081408, 1.00000019937, 11672.362049, 0.0
1.53576229701, 1.0846681696, 1.49210118626, 0.841030458748, 2.83000098626, 1.04958868531, 4.5757804874, 1.26000067099, 1.14000027931, 2.33335131208, 1.69976502023, 0.941801531024, 3.04000025738, 1.00697908223, 0.861029950405, 1.00000067127, 1.00000007027, 1.02459015433, 6.62494187501, 0.966068740277, 1.00000046486, 100.923593832, 0.916340705855, 1.81099035883, 1.04275342178, 3.29000015856, 1.00000095124, 6557.93550423, 0.536193029491
5.70395234241, 1.02828096775, 1.49308848945, 0.89145420315, 2.8300000383, 1.05599372573, 3.93910278193, 1.26000056711, 1.14000020699, 2.24009070394, 2.13175709937, 1.09632825695, 3.04000065232, 1.0216503289, 0.896003759064, 1.00000093689, 1.00000050721, 1.05091632737, 7.98938914733, 0.994789110939, 1.0000002135, 88.4661592427, 0.889604545472, 1.02921687812, 1.05121442203, 3.29000011339, 1.00000041978, 7314.42117024, 0.268096514745
3.88318974386, 1.03569756972, 1.60340835641, 0.846700711495, 2.8300005714, 0.862573773432, 2.65451211117, 1.26000075111, 1.14000062591, 3.08026354546, 1.70312955704, 1.0307412124, 3.04000074482, 1.11461691271, 0.971738527463, 1.00000087958, 1.00000089629, 1.02459015433, 9.06478059819, 0.993078774109, 1.00000051767, 113.510776888, 0.9962411629, 4.44699405966, 0.971152195278, 3.29000070671, 1.00000076229, 5266.87140928, 0.804289544236
3.60143197275, 1.10324180252, 1.507795408, 0.967018533898, 2.83000013192, 1.14478659434, 3.4100904725, 1.26000011151, 1.14000085301, 1.39842984134, 3.04152936866, 0.951693741451, 3.04000091632, 1.08252744948, 0.926609066081, 1.00000020706, 1.00000032603, 1.04731842598, 5.20956110685, 0.983138138165, 1.00000066936, 100.31143071, 1.08423399012, 2.33246953875, 1.05737004609, 3.29000013252, 1.00000062357, 4775.14491561, 1.07238605898
1.04510598584, 1.09862658588, 1.67626994889, 0.918041293057, 2.83000072883, 0.987579374988, 2.76619579101, 1.26000042201, 1.14000039141, 3.1553568027, 3.020061918, 0.8823097362, 3.04000072458, 1.03487507182, 0.788979289797, 1.00000043216, 1.00000024463, 1.08008894007, 8.80344433906, 0.963645329963, 1.00000078599, 100.629004946, 0.96106383161, 3.87813404871, 1.02643273898, 3.29000015145, 1.00000052871, 2826.50538329, 1.87667560322
5.99010131273, 1.09094445729, 1.34881036649, 0.930619108054, 2.83000046754, 0.940942120787, 2.9371439217, 1.26000072604, 1.14000088971, 2.29743359244, 2.87916827946, 0.993562941498, 3.04000099213, 1.11293440928, 0.877012206015, 1.00000069712, 1.00000093652, 1.08335683169, 3.43263422032, 0.964142440635, 1.00000059402, 114.831650991, 1.05490501635, 3.31359055635, 1.04460019371, 3.29000021862, 1.0000005034, 3209.44519657, 1.60857908847
2.66849555478, 1.11049669511, 1.59228558872, 0.884179403569, 2.8300003154, 0.916464462216, 4.5894809596, 1.26000080331, 1.14000087883, 1.76691340346, 2.30619945109, 0.997926440186, 3.04000073297, 1.04191989556, 0.866210341665, 1.00000098898, 1.00000093169, 1.04366665204, 5.04019846244, 0.987704604261, 1.00000056948, 91.6448867525, 1.08327752663, 2.79990002548, 1.0122703685, 3.29000096003, 1.00000082514, 1735.64150031, 3.21715817694
2.2122301272, 1.13553684901, 1.37899706096, 0.804256735042, 2.83000042106, 0.96361542134, 1.29999220059, 1.26000084665, 1.14000043347, 1.92860426115, 3.08415679377, 0.960571327294, 3.04000081018, 1.1166184319, 0.847897382201, 1.00000093598, 1.0000008741, 1.0642323459, 7.78099685386, 0.949614138843, 1.00000080774, 108.71606839, 0.974477245823, 5.62921247995, 1.00363166342, 3.29000014375, 1.0000002492, 43554.8440245, 0.0
4.02421300517, 1.09854180583, 1.42716955534, 0.905805934662, 2.8300002386, 0.976381030906, 3.50000446593, 1.26000032914, 1.14000009156, 3.34681275668, 2.31862869214, 1.05094279082, 3.04000004922, 1.01462392436, 1.00207032785, 1.00000069622, 1.00000027333, 1.02807300846, 7.78411364177, 0.984242847699, 1.00000030131, 86.2186603909, 1.01897944822, 2.60214360341, 1.05209151198, 3.29000069564, 1.00000062045, 7428.30270557, 0.536193029491
3.73490638708, 1.01294243394, 1.42192942259, 0.909920186951, 2.83000093488, 1.00331049238, 3.11150180872, 1.26000074099, 1.14000060986, 1.29419163234, 2.77516536321, 1.09693761283, 3.04000010175, 1.05376086648, 0.827715484719, 1.00000066138, 1.00000043226, 1.06691467085, 6.45273668865, 0.939928991839, 1.00000084444, 119.494375485, 1.02563104579, 1.04057986682, 0.954993462675, 3.29000002598, 1.00000056437, 6341.0865241, 0.804289544236
3.88318974386, 1.03569756972, 1.60340835641, 0.846700711495, 2.8300005714, 0.862573773432, 2.65451211117, 1.26000075111, 1.14000062591, 3.08026354546, 1.82516727504, 1.0307412124, 3.04000074482, 1.11461691271, 0.853517576699, 1.00000087958, 1.00000098844, 1.02459015433, 9.06478059819, 0.993078774109, 1.00000051767, 113.510776888, 0.9962411629, 4.44699405966, 0.971152195278, 3.2900005189, 1.00000076229, 4888.45107635, 1.07238605898
2.84412009901, 1.08217572064, 1.36598027214, 0.830722747692, 2.83000099097, 1.16285734762, 3.81813199316, 1.26000040652, 1.14000057784, 1.56103460824, 2.1021121529, 1.091184792, 3.04000042842, 1.08738027788, 0.90681596388, 1.00000028301, 1.0000006233, 1.06727112622, 4.20538671706, 0.957293155524, 1.00000092129, 89.0961115091, 1.01000052508, 2.45152702909, 0.974730815864, 3.2900002794, 1.00000060952, 3013.26413204, 1.87667560322
3.60991090432, 1.04057247685, 1.53017162595, 0.837664645248, 2.8300008372, 1.00755497822, 3.86207924584, 1.26000080888, 1.14000030627, 1.82694868038, 2.75571301155, 0.959539909686, 3.04000059626, 1.10089929215, 1.0299762488, 1.00000067711, 1.00000064364, 1.08000164745, 7.09942880204, 0.987260656941, 1.00000009136, 116.900621358, 0.877607881613, 3.55317201504, 1.05395538637, 3.29000084417, 1.00000082083, 3215.06986724, 1.60857908847
5.13125872278, 1.02828096775, 1.49308848945, 0.89145420315, 2.8300000383, 1.05599372573, 5.16798090235, 1.26000056711, 1.14000020699, 2.24009070394, 2.13175709937, 1.09632825695, 3.04000065232, 1.0216503289, 0.896003759064, 1.00000093689, 1.00000050721, 1.05091632737, 7.98938914733, 0.994789110939, 1.0000002135, 88.4661592427, 0.889604545472, 1.02921687812, 1.05121442203, 3.29000011339, 1.00000041978, 2278.19484917, 3.48525469169
2.18940330964, 1.05058277965, 1.63213270226, 0.956517386146, 2.83000091664, 1.14644602613, 2.17984094959, 1.26000085111, 1.1400006749, 3.43487609946, 2.49849565702, 1.03221230558, 3.04000091778, 1.06149915809, 0.795490042619, 1.00000030648, 1.00000035301, 1.0517959864, 7.5681945673, 0.982014671908, 1.00000027441, 81.2016532095, 1.03613588737, 4.90893540061, 0.96071573945, 3.29000086694, 1.00000064088, 1760.98539148, 3.75335120643
5.28150022013, 1.09352370016, 1.46035786498, 0.801053533067, 2.83000075661, 0.88767962321, 5.28856958706, 1.26000087324, 1.14000075633, 3.18681898946, 1.63626005154, 0.946401911391, 3.04000087032, 1.10482800314, 0.786387231008, 1.00000008057, 1.00000053995, 1.02789834758, 3.08182850453, 0.973267612795, 1.0000008908, 76.5625783894, 1.00835966224, 4.27888100472, 1.01543678607, 3.29000001265, 1.00000081878, 7450.72802771, 0.536193029491
4.92891173926, 1.00980716598, 1.70584447806, 0.800188907538, 2.83000090092, 1.18284812582, 5.14408005294, 1.26000006662, 1.14000050769, 1.46577027031, 2.02559221176, 0.990095472465, 3.04000064101, 1.06683195436, 0.801221615922, 1.00000078847, 1.00000012043, 1.01994989627, 9.65745770085, 0.931504516002, 1.00000096799, 113.747410489, 1.02374684487, 3.27718471558, 1.04267134359, 3.29000053709, 1.00000094392, 7062.61738358, 0.804289544236
4.42380701386, 1.12837055229, 1.41016285988, 0.869039362018, 2.83000092285, 0.880754018092, 1.59672760324, 1.26000054383, 1.14000027877, 2.57820622606, 2.9962179976, 0.992342340397, 3.04000018342, 1.05777367405, 1.08905318393, 1.00000054511, 1.00000017675, 1.05251806377, 4.20892856404, 0.936661845256, 1.00000081189, 90.2359205149, 1.04392429821, 5.51916525209, 0.975959819267, 3.29000058138, 1.00000030517, 5104.46086375, 1.07238605898
3.10748506882, 1.09306289705, 1.5882495451, 0.97836973904, 2.83000097325, 1.1601178688, 5.9942836522, 1.26000075767, 1.14000023504, 2.05799979766, 1.99610279066, 0.935636082632, 3.04000009704, 1.0374722805, 0.912106120513, 1.00000094471, 1.00000092456, 1.0633367588, 9.10399696526, 0.987296250363, 1.00000002687, 122.054193203, 0.995668719187, 2.88812725539, 0.955552287328, 3.29000079496, 1.00000079623, 4911.72179709, 1.34048257373
2.74759912004, 1.13792525002, 1.63688365701, 0.979686834493, 2.8300000484, 0.903997061047, 2.56510924146, 1.26000084249, 1.14000084938, 3.64848121461, 2.17607208616, 0.975264270898, 3.0400009786, 1.08844985796, 1.03905686164, 1.00000081803, 1.00000020676, 1.00915076872, 6.51997700761, 0.934024818679, 1.00000037282, 111.761222414, 1.04546808424, 1.44346017319, 0.994221149065, 3.29000072965, 1.00000044405, 3100.61377227, 1.87667560322
1.66896001246, 1.11150619684, 1.39171937944, 0.887609062189, 2.83000042738, 0.885679128444, 3.51879070317, 1.26000069653, 1.14000022362, 3.27172631854, 2.19687474385, 1.07818759759, 3.04000053373, 1.05135193323, 1.06515798098, 1.00000075539, 1.00000017563, 1.00573120318, 4.5782095229, 0.93868999208, 1.00000067607, 114.958651432, 0.900124182883, 1.87616314023, 1.05268345969, 3.29000069336, 1.00000045993, 3604.37424655, 1.60857908847
3.21920317511, 1.03428523067, 1.49454626876, 0.847692660573, 2.83000080925, 1.18276500878, 3.98721823455, 1.26000045601, 1.14000099395, 2.93089442261, 2.4810828262, 1.08119908692, 3.0400004347, 1.01935056832, 1.06824136819, 1.00000013454, 1.00000021001, 1.05516498659, 6.19761113789, 0.915859500807, 1.0000002796, 85.6368103077, 1.04486335817, 3.5196445271, 1.05113840067, 3.29000083809, 1.00000036029, 2026.04580306, 6.97050938338
4.42380701386, 1.13720046334, 1.41016285988, 0.869039362018, 2.83000092285, 0.872376189927, 1.59672760324, 1.26000054383, 1.14000017404, 2.57820622606, 2.9962179976, 0.992342340397, 3.04000018342, 1.05777367405, 1.08905318393, 1.00000054511, 1.00000017675, 1.05251806377, 7.36018499715, 0.936661845256, 1.00000081189, 90.2359205149, 1.04392429821, 3.55317201504, 0.966963988754, 3.29000058138, 1.00000029476, 2339.5379951, 4.28954423592
3.5060409816, 1.09497588815, 1.4981351744, 0.968636345382, 2.83000039424, 0.870181290314, 3.31003053756, 1.26000097055, 1.1400003656, 2.03615541663, 3.05233271011, 0.939199544368, 3.04000094685, 1.00036277872, 0.842617206345, 1.0000002844, 1.00000052753, 1.01600820193, 3.80737358299, 0.967224611754, 1.00000075475, 91.1710363847, 0.985703892963, 3.71067172736, 0.996947543, 3.29000038481, 1.00000086378, 2464.82075011, 3.75335120643
2.84412009901, 1.08217572064, 1.36598027214, 0.830722747692, 2.83000099097, 1.16285734762, 3.81813199316, 1.26000040652, 1.14000057784, 1.56103460824, 2.1021121529, 1.091184792, 3.04000042842, 1.08151996118, 0.90681596388, 1.00000028301, 1.00000087672, 1.06727112622, 4.20538671706, 0.957293155524, 1.00000099274, 89.0961115091, 1.01000052508, 2.45152702909, 0.974730815864, 3.2900002794, 1.00000060952, 2233.88144416, 5.09383378016
1.33921511094, 1.04143261886, 1.53333287783, 0.9167311714, 2.83000093734, 1.14529234108, 4.34256847437, 1.26000000662, 1.14000017392, 2.73421586674, 2.91007949676, 1.06594451394, 3.0400003184, 1.04143102575, 0.890693706486, 1.00000067583, 1.00000058261, 1.07589522964, 6.53793462099, 0.920945203869, 1.0000000794, 123.516688328, 1.0641296664, 1.56042251541, 1.00582796589, 3.29000004911, 1.00000025415, 17476.1435517, 0.536193029491
5.10282743237, 1.11017184985, 1.4685484245, 0.933385877604, 2.83000087649, 0.987579374988, 3.58489947168, 1.26000014538, 1.14000022285, 2.82162400765, 1.57146612686, 0.895073683366, 3.04000086764, 1.01397474094, 0.869520787588, 1.00000095546, 1.00000018846, 1.05091632737, 7.52361075495, 0.946345593512, 1.00000094484, 107.356377825, 0.96106383161, 1.76943481353, 0.993310644657, 3.29000039015, 1.00000082119, 7719.59887561, 0.804289544236
5.91957560271, 1.09011615665, 1.48492356196, 0.92529989672, 2.83000041999, 1.16198638941, 5.56957662778, 1.26000046862, 1.14000031538, 3.0639796124, 2.23614551661, 0.935774063259, 3.04000053247, 1.07117053438, 0.861216978587, 1.00000032976, 1.0000007629, 1.03368953053, 3.24920548485, 0.929260907209, 1.00000042453, 80.9581438151, 0.93244350449, 4.56044069323, 1.04067905805, 3.29000041025, 1.00000079897, 5184.26359401, 1.07238605898
4.73957000559, 1.00388522257, 1.41937457191, 0.841258137888, 2.83000060479, 0.864827754385, 4.15900397015, 1.26000034468, 1.14000026429, 3.60835643862, 1.56345698565, 0.950089556569, 3.04000063141, 1.06289215611, 0.806834030728, 1.00000056685, 1.00000008558, 1.06954634386, 9.20074571199, 0.916762743561, 1.00000057478, 77.0891837667, 1.07408987247, 3.20465858318, 1.01535322592, 3.29000002873, 1.00000078207, 4782.18743464, 1.60857908847
2.68778621316, 1.11166767559, 1.70605350673, 0.804940465057, 2.83000005777, 0.867288681999, 5.10670356413, 1.26000090717, 1.14000089353, 2.47827598807, 1.72233013846, 0.955108442925, 3.04000003692, 1.01993872775, 0.831675778543, 1.00000071127, 1.00000064216, 1.01615789507, 3.09375983531, 0.943075506189, 1.00000061787, 94.6287657379, 1.05637820855, 2.43780798525, 0.968007483797, 3.29000006203, 1.00000034972, 3665.91847876, 1.87667560322
4.43468927054, 1.07079168976, 1.7319862901, 0.851346026786, 2.83000066584, 1.18165465195, 5.60399320024, 1.26000005241, 1.14000027122, 1.80473840683, 2.43880939173, 0.963782826636, 3.04000007445, 1.08112651133, 0.80734788828, 1.00000014422, 1.00000018784, 1.08864750293, 3.4528079735, 0.999147487064, 1.00000064334, 121.360781239, 0.959529088858, 4.69013710685, 1.05656167322, 3.29000090248, 1.0000005917, 3606.45321985, 2.68096514745
2.08025727615, 1.09327392094, 1.52119125194, 0.875145360764, 2.83000028235, 0.920839304862, 3.90690691143, 1.26000000501, 1.14000050315, 2.5987547914, 1.87818714914, 1.07582561422, 3.04000023081, 1.03094191609, 1.03340689932, 1.00000067209, 1.00000069996, 1.06596479076, 4.2801172862, 0.938758791654, 1.0000009074, 88.5165319791, 0.994868075703, 2.70358799714, 0.988140432055, 3.29000013552, 1.00000017697, 3455.85805333, 5.36193029491
5.72705317182, 1.02648023857, 1.47126932173, 0.973800787256, 2.83000080733, 0.973611888733, 5.58554524503, 1.26000022934, 1.14000085136, 2.54806300706, 2.20597491681, 0.931047192792, 3.04000069364, 1.04364131428, 0.949025644772, 1.00000048841, 1.00000072419, 1.04402428471, 7.56084325057, 0.998817812627, 1.00000090278, 89.8361827107, 0.993414423495, 1.69895999616, 0.97411215274, 3.2900001787, 1.00000017624, 21413.3334401, 0.536193029491
5.10282743237, 1.11017184985, 1.4685484245, 0.933385877604, 2.83000087649, 1.17905773246, 3.58489947168, 1.26000014538, 1.14000022285, 2.82162400765, 1.57146612686, 0.895073683366, 3.04000086764, 1.0216503289, 0.869520787588, 1.00000095546, 1.00000018846, 1.05091632737, 7.52361075495, 0.946345593512, 1.00000094484, 107.356377825, 0.98148727629, 1.76943481353, 0.993310644657, 3.29000039015, 1.00000082119, 3500.52134273, 5.8981233244
2.87968481949, 1.03515061767, 1.42414263029, 0.90231254564, 2.83000012537, 1.18784693009, 2.15464282857, 1.26000054669, 1.14000022665, 3.55668475832, 1.71453240112, 1.02820594223, 3.04000045515, 1.00268812559, 0.998662130855, 1.00000024911, 1.00000076541, 1.020364037, 7.65275133567, 0.94172867129, 1.00000033867, 95.7592295076, 0.889678895873, 3.99879019634, 1.00657776907, 3.29000014501, 1.00000009321, 14449.4839878, 0.804289544236
3.60991090432, 1.07170290406, 1.53017162595, 0.837664645248, 2.8300008372, 1.00755497822, 3.86207924584, 1.26000080888, 1.14000030627, 1.82694868038, 2.31832149922, 0.959539909686, 3.04000059626, 1.10089929215, 1.0299762488, 1.00000067711, 1.00000064364, 1.06275078172, 7.09942880204, 0.993789091888, 1.0000002681, 116.900621358, 0.877607881613, 3.55317201504, 1.05387671753, 3.29000060241, 1.00000082083, 3621.28967784, 2.68096514745
4.44150760301, 1.13336402652, 1.62848244767, 0.904364601385, 2.83000040021, 1.02967057629, 1.898901059, 1.26000008347, 1.14000010603, 3.18263060605, 2.46366228217, 0.944077978755, 3.04000034656, 1.01409131428, 1.00100659033, 1.00000022916, 1.00000060629, 1.02796503886, 7.81190709906, 0.984267309967, 1.00000083935, 90.1372820043, 0.971090325628, 1.56202800558, 1.00794211205, 3.29000024465, 1.00000022669, 7328.94835718, 1.07238605898
5.70588221766, 1.01749594461, 1.60193282375, 0.883007702036, 2.83000057298, 0.904507947906, 4.23386195762, 1.26000005264, 1.14000022362, 3.38926046047, 2.32189615855, 1.01846504269, 3.04000061813, 1.11288955053, 1.07174436901, 1.00000034358, 1.00000002092, 1.08450844128, 9.63596910018, 0.930902022995, 1.00000037152, 89.9393719397, 1.00700388308, 3.73358525473, 1.00559172735, 3.29000048711, 1.00000076153, 5647.61232559, 1.60857908847
1.20829901044, 1.12792729352, 1.67456479278, 0.859582515314, 2.83000028186, 0.887309801625, 5.81544001042, 1.26000044403, 1.14000071636, 1.73952356505, 2.38910501573, 1.05653362862, 3.04000016955, 1.04017941601, 0.946082086336, 1.00000034652, 1.00000089759, 1.08054986674, 8.77002791602, 0.94963463735, 1.00000003101, 78.9457422742, 1.07592694386, 2.87779850444, 0.972644650145, 3.29000094639, 1.00000069329, 4354.40370672, 2.14477211796
