1.18758238885, 1.32825131446, 0.82968220807, 0.953852999604, 3.79428643231, 0.728715379231, 2.40916986408, 0.940383531, 0.937002285598, 4.84326718093, 6.68947491413, 0.999695411442, 2.96274025732, 0.92140457614, 1.0900008448, 1.0573553011, 1.04931829476, 1.11038972332, 8.54956287114, 1.03696074285, 0.82480094479, 208.297436497, 1.06065952264, 5.07768211509, 1.14566471589, 3.49191224747, 1.21952818827, 14.9768743984, 69.225178836
1.75582902853, 1.34359714923, 0.819963846329, 1.04406707697, 2.00590960973, 0.720347094185, 1.43663291998, 0.962393119001, 0.965834350507, 2.71594343825, 3.37722785164, 1.09056440419, 4.76663527819, 1.0179565064, 1.09000057317, 1.01612141629, 1.00106361235, 0.938166055585, 7.45333275261, 1.02342902705, 0.871389476107, 326.190742725, 1.02424013149, 3.355162568, 1.07411532233, 1.98810973923, 0.896204809486, 7.36887715401, 704.396113667
4.0547738603, 1.140773077, 0.935522678231, 1.01421856159, 5.1097349801, 0.930360177898, 3.19242112084, 0.961795188897, 0.929394038275, 4.60743235428, 6.96932977832, 0.959139437154, 2.16515129084, 1.02795330095, 1.09000099468, 1.02408381907, 1.01769397947, 0.884798772614, 6.36335863164, 1.18990401135, 0.842578799199, 11.7260095067, 0.949340776968, 5.14887903434, 1.07474958467, 3.56366613756, 1.09386413116, 9.30584787173, 572.538801639
1.11003578373, 1.41132761622, 0.835487188532, 0.942154193548, 6.00488600926, 0.979568160524, 2.62254679132, 1.09966645834, 0.97617724261, 3.62202552242, 2.52487053506, 0.900661134234, 2.90238548969, 1.15422133342, 1.09000059187, 1.07495456062, 1.01410530415, 0.85531775995, 4.98325305186, 0.997798418058, 0.772611538364, 25.6301604815, 1.14894957592, 1.81797875574, 1.17932470758, 4.79865878851, 0.989444076721, 11.8786459963, 156.070031433
1.3134678465, 1.11655168365, 1.07500920726, 0.95287769494, 4.86161529682, 0.762565707472, 4.51767279323, 0.982872700455, 0.935641536263, 3.26039813886, 3.40973251839, 1.02316015661, 1.35954977147, 1.27129774256, 1.09000020262, 1.05259275544, 1.01283670823, 1.14837659751, 4.16741591216, 1.14733584156, 0.801660859965, 22.2695436086, 1.02554356716, 3.32409365248, 1.14081051199, 4.99280605429, 1.07134633041, 12.2061621759, 810.986632836
2.385013254, 1.17121661141, 0.809077327605, 1.04838093902, 5.38004683265, 0.817312524845, 4.19800906049, 0.971982257842, 0.927549189404, 2.52001248377, 2.96978016947, 0.931541887216, 3.16699426705, 1.24345796938, 1.09000048354, 1.09209235812, 1.00075556974, 0.866440924327, 8.94744502285, 1.09474998007, 0.778897285371, 379.4235892, 1.06719941314, 5.35833081233, 1.1757252703, 3.57957355914, 1.19695161344, 12.6014370033, 662.736204161
5.2221715835, 1.14249607253, 0.854586525307, 1.1498665659, 1.44329917331, 0.909164004651, 5.03756131394, 0.985440235014, 0.975507018818, 2.95190111083, 7.14188104396, 0.986389967463, 1.7675697971, 0.997078155774, 1.09000040604, 1.08459302703, 1.01201234664, 0.8485370642, 9.55852522793, 1.18653237442, 0.931878816646, 30.3708928415, 1.11333506745, 4.03627693497, 1.10193692848, 4.75838661031, 1.21532756794, 17.7346544101, 352.946892464
2.48980877548, 1.0246383383, 0.918518374375, 1.03640004908, 4.13736860279, 0.912010142133, 1.50336148592, 0.938508683042, 0.945019936445, 1.680544922, 7.61958823359, 1.06289820307, 3.26745544389, 0.897372323395, 1.09000077382, 1.05090971557, 1.03474891976, 1.01210482571, 7.78711713504, 1.10007069795, 0.85679113904, 199.453161101, 0.956758446774, 1.91792737877, 1.11576570663, 4.15709543405, 1.13708010497, 17.2547571733, 1537.30652419
5.5640495085, 1.42365073259, 1.05770788377, 1.04709772029, 4.14819980341, 0.987892098336, 4.10060982997, 0.936112513671, 0.959440713995, 3.01090829008, 2.996271354, 0.99228960952, 1.37557618318, 0.890036799452, 1.09000028403, 1.08193600428, 1.02881570716, 0.894110508543, 9.8883166276, 1.0803124181, 0.915886007302, 166.79907354, 0.919957979309, 3.26464049587, 1.19973461088, 4.1970658973, 1.10721970942, 16.0029852535, 1648.46470945
5.32101524, 1.26977889282, 1.0253485512, 1.16249278436, 5.24329735844, 0.984269112409, 1.97385280191, 1.05930254161, 0.915574936297, 3.41589657545, 5.07042044131, 0.905407997704, 1.66369836491, 0.960749460238, 1.09000037148, 1.03293827356, 1.02662958134, 0.970349641354, 4.96360356704, 0.984813396596, 0.869246536369, 378.272977057, 1.10694810918, 5.45276957307, 0.974674913436, 2.67816945136, 1.1524933109, 28.5050423397, 744.905889811
1.49910536297, 1.00096448557, 1.13569821663, 0.825178320393, 4.62610894095, 0.875274330113, 1.26932881479, 0.850628277106, 0.904301983013, 3.71831926669, 5.4632084784, 0.902039198404, 2.96734524058, 1.00212997291, 1.09000012108, 1.08727597947, 1.03340125462, 1.18279486084, 3.48782823553, 1.05959235407, 0.845347736469, 256.474199692, 1.06075518713, 2.11746867315, 1.20615474308, 1.91977875346, 1.13809394905, 19.3950490797, 747.26563553
1.25315464467, 1.32621599904, 1.02838880719, 1.12606153829, 2.79112693772, 0.899624061948, 3.54616873776, 0.870352467671, 0.926270781348, 4.34386057601, 2.12575026332, 0.976851413338, 1.42966695748, 0.923695829083, 1.09000006946, 1.05862406396, 1.04201817178, 0.928979539197, 5.67674264671, 1.03625858272, 0.818701220451, 369.036896725, 0.917268433794, 1.98111416385, 1.11971966399, 3.4769868057, 1.25961747193, 16.6918389221, 2716.65913025
1.11003578373, 1.41132761622, 0.875178314421, 0.942154193548, 6.00488600926, 0.979568160524, 2.62254679132, 1.09966645834, 0.97617724261, 3.62202552242, 2.52487053506, 0.900661134234, 2.90238548969, 1.15422133342, 1.09000059187, 1.09255500885, 1.01410530415, 0.859231690473, 4.98325305186, 1.03536677858, 0.824051369557, 25.6301604815, 1.14894957592, 1.81797875574, 1.17932470758, 4.0970049908, 0.989444076721, 17.6915965335, 1743.16062537
3.23647648277, 1.29932016703, 1.1395811459, 1.16102285611, 6.60316387863, 0.896518140057, 1.04458363297, 1.07767730838, 0.945107920292, 3.8588400298, 2.35680307312, 1.01367121527, 4.10781906829, 0.811326865911, 1.090000585, 1.0304080469, 1.02232163486, 0.85334005259, 6.75911226778, 0.922364062586, 0.93363355008, 210.375514027, 1.1339719198, 3.3328728261, 0.987140730518, 1.92223312927, 1.11323347239, 19.4542567077, 799.104436729
1.56562917061, 1.07584128277, 1.14360366299, 0.934372377557, 1.55158787211, 0.860649684327, 3.08775097457, 0.975780932945, 0.932713693457, 5.99860335737, 6.32794881248, 0.83453122867, 3.96825938985, 1.1288095598, 1.09000008002, 1.03004190658, 1.0024357083, 0.99908737374, 9.16566327033, 0.958619982102, 0.93453784316, 37.6475345734, 1.00896089512, 3.23640774452, 1.07607205616, 2.42497663536, 1.08339882266, 17.338327789, 3146.57302652
3.93242914986, 1.09745549824, 0.736366691581, 0.814346830282, 3.23612237672, 0.916338467004, 4.53851715994, 0.841709589106, 0.984936941011, 4.81166089633, 3.08847494965, 1.04129739641, 4.16218959951, 0.938877635959, 1.09000015683, 1.04701481662, 1.00793263105, 1.06563430126, 6.94182328692, 1.05832788041, 0.859810896444, 147.431157948, 1.06777340164, 3.6801196468, 0.973203091278, 3.04961721171, 0.936967419395, 17.7333913135, 2213.73106031
5.83046184867, 1.12332420992, 1.09104710175, 1.09636868196, 6.62906051539, 0.874182642302, 3.16493365715, 0.895974091412, 0.938957856883, 2.45302050281, 3.03533283978, 0.853419970696, 4.34763801798, 0.891987737521, 1.09000046625, 1.02759329706, 1.04199000782, 1.17795408583, 9.55098877943, 1.12920508138, 0.830765347872, 235.204234506, 1.04378228854, 2.30325921873, 1.03010049523, 4.00653108265, 1.20729545031, 33.8411302707, 808.547867416
2.80189266926, 1.414464018, 1.16602923824, 1.06705912632, 6.91916168179, 0.986460858955, 4.92648132547, 0.876712097345, 0.998359034627, 5.43652283243, 5.48170130483, 1.01019024724, 4.86703419385, 1.0923652005, 1.09000017081, 1.07280515854, 1.00834035322, 1.00235523021, 6.28743718113, 0.974507759328, 0.931652925358, 11.8735892805, 1.01954416575, 1.30693392159, 1.10956682438, 4.72021133297, 0.923066517987, 24.7812127715, 2127.77269452
2.34638819072, 1.15869811866, 0.730355115334, 1.03692249331, 7.04740839357, 0.917977080352, 5.67945171798, 0.902343003348, 0.9147177754, 1.67539435504, 4.24856845383, 1.01663652177, 2.08306393914, 1.02214762556, 1.09000084923, 1.07936739732, 1.03088829556, 0.839875406454, 9.39378438018, 0.993691561121, 0.848027555527, 390.349935041, 1.11264968471, 1.81529052485, 0.961160387478, 4.39835273215, 0.916792198243, 25.5572149248, 993.445528587
2.78812226506, 1.13126346985, 0.751550434448, 1.01766685311, 5.93529994292, 0.896219852228, 5.09742109716, 0.982580862413, 0.955719573712, 3.62601957917, 5.0209140231, 0.839459959756, 4.09590578127, 1.12945946412, 1.09000067725, 1.04558850945, 1.04634184557, 0.983490367942, 4.19412612919, 1.01738293291, 0.764019205325, 77.5794502147, 0.951782535456, 4.03773291367, 0.962959555844, 3.2865081156, 1.12531762859, 18.0057039419, 2468.9089698
5.04725932875, 1.20835114227, 1.06851404574, 0.88601533197, 1.62055244614, 0.961701778158, 1.45318284587, 1.081524827, 0.944915247469, 4.7572205611, 6.56218747268, 0.947610911584, 2.09467396574, 1.104143641, 1.09000055827, 1.08640753049, 1.04552058037, 1.14473112486, 4.75174033329, 1.03943701328, 0.825557201245, 183.028138032, 1.11018832057, 5.61379484949, 0.996278088988, 1.65959186028, 1.11740596913, 26.1893791999, 2352.81566878
1.3134678465, 1.13837102922, 1.07500920726, 0.95287769494, 4.86161529682, 0.762565707472, 4.51767279323, 0.982872700455, 0.935641536263, 3.26039813886, 3.40973251839, 1.02316015661, 1.35954977147, 1.27129774256, 1.09000020262, 1.05259275544, 1.01283670823, 1.14837659751, 4.16031540968, 1.14733584156, 0.801660859965, 22.2695436086, 1.02554356716, 3.32409365248, 1.14081051199, 4.99280605429, 1.07134633041, 29.3454458204, 1789.56152498
4.0547738603, 1.140773077, 0.935522678231, 1.01421856159, 5.1097349801, 0.930360177898, 3.19242112084, 0.961795188897, 0.929394038275, 4.60743235428, 6.96932977832, 0.959139437154, 2.16515129084, 1.02795330095, 1.09000099468, 1.02408381907, 1.01769397947, 0.884798772614, 6.36335863164, 1.18990401135, 0.842578799199, 11.7260095067, 0.949340776968, 5.14887903434, 1.07474958467, 3.56366613756, 1.09386413116, 26.5328183085, 2042.30889469
3.47173912508, 1.3698736991, 1.16667134059, 1.04234133063, 3.35032791796, 0.969192045111, 1.70541160936, 1.03375511425, 0.960529941801, 5.25210207635, 3.58161931145, 0.82471986511, 4.8352122796, 0.893536200529, 1.09000025489, 1.03190079851, 1.00014195887, 0.960534473971, 6.52237288756, 1.15750195973, 0.872886639146, 146.354348794, 1.05932346397, 2.44331720813, 1.13147787115, 3.92257172546, 1.03756401492, 18.1124070967, 6331.19098394
3.44357457757, 1.28446188336, 0.754933874121, 0.832996149439, 2.75317818034, 0.918812487369, 5.12471580281, 1.03469254904, 0.969570782194, 5.35006861737, 5.28009262239, 0.935717297994, 1.98510509132, 1.17915346558, 1.09000001123, 1.05818596469, 1.04029153075, 1.17566070039, 7.46753776022, 0.911605424067, 0.869003877582, 380.730624257, 0.989249148544, 3.08205637541, 1.16578647803, 3.95181681908, 0.992166741179, 25.9977619727, 2598.08176342
3.34973343023, 1.06561530209, 0.868430738537, 1.14882293481, 6.734749338, 0.853266958671, 5.43010060608, 0.873612390882, 0.927024913735, 1.6887582562, 5.92937571775, 0.884918257234, 2.33275669897, 1.00072590855, 1.09000010759, 1.08055638795, 1.02408198142, 1.05654842166, 7.89988143142, 1.15599097073, 0.915637156052, 193.652161311, 1.08876894986, 4.75002081746, 1.08046125334, 2.05010282708, 1.09372598765, 22.5374376748, 3003.96050321
5.95217706814, 1.00021802129, 1.12563366511, 0.953120526537, 2.77697160962, 0.789059026552, 3.05622147194, 0.961526454167, 0.976348763974, 2.33146893525, 1.6778200269, 1.05868068729, 4.39899878235, 0.975101200279, 1.09000082776, 1.05169526356, 1.03303757069, 0.851282243718, 4.92124782769, 1.1771369189, 0.99441484828, 19.3730982032, 1.11658207196, 2.71173453813, 1.11541156596, 4.89710772257, 1.21124115717, 21.8295297864, 5495.42959795
3.06741694563, 1.07743027053, 1.01571935573, 0.854474975404, 3.26711449169, 0.757072503204, 4.52949714517, 0.833960557765, 0.9955446805, 2.31157976101, 7.64936368891, 0.849717040659, 1.75002808595, 0.937503445031, 1.09000023193, 1.00145648476, 1.00677181328, 1.0745819449, 4.22017516128, 1.00507152952, 0.918440019422, 196.211233176, 0.992486521521, 1.22730412495, 1.2124941703, 4.99363664745, 1.08512958338, 29.8403684543, 1894.16833634
2.7025620876, 1.26599209529, 1.11423159867, 0.949940580431, 5.34609743159, 0.861829197006, 1.26843642753, 0.845249479579, 0.905290045491, 3.77898227505, 5.58731809225, 1.00866560504, 3.01954192322, 1.16089773927, 1.09000010835, 1.05001032648, 1.01407936878, 1.02357404561, 7.31203002693, 1.03860981016, 0.878361674223, 202.127609701, 1.02306469555, 4.33108024891, 1.1343485397, 2.76810522559, 1.00433296611, 19.119366006, 7464.46986306
1.80827503055, 1.02478654064, 0.94016282664, 0.893641066718, 2.25004737041, 0.956142622849, 5.46958330804, 0.929453414607, 0.971639846073, 2.38037780795, 7.71628506465, 0.825654938786, 4.84073773111, 0.898384157904, 1.09000009902, 1.08631518356, 1.00159040163, 0.817739605449, 7.55505788002, 1.15029314823, 0.977383673713, 310.598367176, 1.01980806409, 5.30172082824, 1.17745805568, 2.13552733519, 1.19487459386, 23.6642288257, 3627.35084845
5.61346341489, 1.00795900628, 1.10358199214, 1.13084931961, 2.89237319455, 0.827713852277, 5.8116722198, 0.911582057554, 0.963342872653, 4.12407513815, 4.15676837189, 1.05952748, 4.02800930828, 1.22510214562, 1.09000000847, 1.07062931446, 1.0133933844, 1.19561923964, 3.86303035536, 1.02096948256, 0.927764692371, 282.624601817, 1.01108795233, 1.46485874653, 0.973928737806, 4.14395943891, 0.8906273583, 23.5194617306, 3636.73385858
3.73957995927, 1.21248341376, 1.05725512239, 0.995460861835, 6.26718251256, 0.806175284966, 4.67009957948, 0.980608499985, 0.9371550901, 2.33645806629, 4.30269799679, 0.956886064568, 4.38849749058, 0.961111398484, 1.09000087696, 1.00680341697, 1.00533391905, 0.862660221538, 7.30747968543, 1.03381402029, 0.975424678335, 227.629776934, 1.03502944121, 2.45428595269, 1.00827065526, 2.40450087486, 0.980742610519, 22.9735562373, 7222.56803567
1.91495878601, 1.04132671579, 1.08700516247, 0.92245177844, 1.50839821048, 0.892515992775, 5.33374920827, 0.822117839953, 0.917313320215, 2.44858928937, 6.26637854857, 0.841661998264, 4.88741284395, 1.25510680289, 1.09000049002, 1.03208017658, 1.01471033556, 1.1807436276, 6.90472737431, 1.14243751137, 0.901868619885, 52.5473631807, 1.14136091621, 5.1542478209, 1.11176670373, 3.85805433587, 1.27123458515, 34.5981874992, 2307.77043932
1.43642832647, 1.05417277049, 0.757961351653, 1.02088830296, 1.60491037677, 0.976609695342, 3.44982511356, 0.849229286992, 0.905692635594, 3.71944045424, 6.75698453346, 0.988235019071, 2.83027803396, 1.2007106822, 1.09000078236, 1.05270827565, 1.00803745369, 1.02067923108, 4.40843108454, 1.00612828983, 0.843560881638, 208.625030471, 1.06407910931, 5.59016460635, 1.05616029449, 2.36222770159, 1.24763733038, 38.0469753163, 1952.55242047
4.87142799601, 1.37290826515, 1.16182100433, 1.19357126128, 5.01786336787, 0.983762500553, 3.09744702136, 1.06264478182, 0.943890205369, 2.98349305456, 4.2484165616, 0.872043317444, 1.89266982381, 1.12481199778, 1.09000069884, 1.03159781413, 1.00942196315, 1.2028906475, 5.57234202079, 1.09104367966, 0.935116862307, 346.812007715, 1.11642705091, 5.01389324983, 1.18162053237, 2.27311723873, 1.28518832496, 21.4705294348, 9539.59388448
4.79629098062, 1.29579595419, 1.00747373689, 1.04292404739, 2.61619165503, 0.761576627292, 1.44903020625, 0.837112008223, 0.982604537945, 2.86163290559, 6.17542706863, 0.901078710285, 1.31211732295, 0.949628064182, 1.0900003842, 1.05729872627, 1.02500348749, 0.977176474381, 6.41516178388, 1.00525541868, 0.946271556525, 386.176808957, 1.08951971834, 1.45156129219, 0.963258103446, 3.39837227373, 1.19730426949, 23.894705312, 6500.86030972
4.79629098062, 1.29579595419, 1.00747373689, 1.04292404739, 2.61619165503, 0.761576627292, 1.44903020625, 0.837112008223, 0.982604537945, 2.86163290559, 6.17542706863, 0.901078710285, 1.31211732295, 0.949628064182, 1.0900003842, 1.07991204638, 1.02500348749, 0.977176474381, 6.41516178388, 1.00525541868, 0.946271556525, 386.176808957, 1.08951971834, 1.45156129219, 1.07607205616, 3.39837227373, 1.19730426949, 33.9398367447, 3851.36107065
2.78812226506, 1.13126346985, 0.751550434448, 0.98458364255, 5.93529994292, 0.932274335091, 5.09742109716, 0.82219512666, 0.955719573712, 3.62601957917, 5.0209140231, 0.839459959756, 4.09590578127, 1.12945946412, 1.09000067725, 1.04558850945, 1.04634184557, 0.983490367942, 4.19412612919, 1.01738293291, 0.764019205325, 77.5794502147, 0.951782535456, 4.03773291367, 0.962959555844, 3.2865081156, 1.12531762859, 24.770843219, 5181.64165025
5.23161018875, 1.40084422246, 0.931715003417, 1.00793383067, 5.02543531348, 0.984604955845, 1.70150683417, 1.07724609801, 0.937374852506, 4.95480855681, 5.08416555186, 1.00189173231, 2.38947812646, 0.981463097956, 1.0900004584, 1.04345030148, 1.01196976038, 0.901249985183, 8.94913670082, 1.18791815793, 0.973792934494, 28.6415426233, 0.912211554891, 4.47480298692, 1.13316883254, 5.15229324171, 1.26847359282, 26.0616927432, 3983.53191995
2.11231082132, 1.38307278084, 1.10355394857, 1.02857521373, 5.93245325725, 0.816887008696, 3.38171628428, 1.06857726804, 0.956020788166, 4.66765676951, 5.69034698172, 0.938084081075, 4.61681331275, 0.963030301221, 1.09000089038, 1.05890435211, 1.0495450081, 1.15825737317, 5.14541210025, 0.936582283854, 0.835377210266, 223.335711401, 1.16749629497, 5.55310606898, 1.11279033171, 3.91090088061, 0.882203676593, 23.0654120716, 8984.67729797
4.87142799601, 1.37290826515, 1.10679247444, 1.19357126128, 5.01786336787, 0.983762500553, 3.09744702136, 1.06264478182, 0.943890205369, 2.98349305456, 4.2484165616, 0.872043317444, 4.65933015481, 1.12481199778, 1.09000069884, 1.03159781413, 1.00942196315, 1.2028906475, 5.57234202079, 1.09104367966, 0.935116862307, 346.812007715, 1.11642705091, 3.88072190628, 1.18162053237, 1.15314267081, 1.28518832496, 35.8845557616, 3802.18306473
2.31928588351, 1.42659247857, 0.969917156422, 1.19529676645, 4.18317098231, 0.759164338787, 1.18489513894, 1.07858092635, 0.920812431555, 5.03559567304, 5.27489243836, 1.01063927022, 2.43645563075, 1.03034755055, 1.09000024666, 1.0378908111, 1.0196987783, 1.05011173049, 6.84536511064, 1.11937565695, 0.982629406982, 234.659115469, 1.08942861458, 1.6100411609, 0.999652843712, 1.87306441603, 1.12123563625, 42.9969328997, 3090.92125767
5.37402635107, 1.19965079609, 0.858013667117, 1.09274440197, 6.48439561109, 0.922419178405, 1.05855888363, 0.965554356933, 0.972006815619, 4.09457080871, 1.57076668162, 0.924246295016, 1.4913081625, 1.25680865887, 1.09000075216, 1.05702218841, 1.01105703656, 0.894595315573, 4.21709530295, 1.04145069299, 0.965892461297, 288.843920388, 0.992926871274, 4.14812503532, 1.18294175773, 4.5288497592, 0.918728225297, 38.1995072708, 3515.45690772
5.09373005127, 1.0424293957, 0.93218083952, 1.04280444663, 5.41792810588, 0.746176775268, 4.73813871989, 1.08087138446, 0.948261161241, 3.9319974666, 2.31088888679, 0.884300846975, 5.01267413188, 1.13600085944, 1.09000089138, 1.07962537518, 1.0211136453, 0.912450770011, 7.28485765856, 1.17946271714, 0.800773125875, 374.302329388, 1.11927192926, 1.99829874038, 1.21189926595, 2.40994469791, 1.12972906403, 22.1501975052, 11902.8378057
4.04929231166, 1.33017138689, 0.860858690542, 1.18277273184, 1.66154466538, 0.737405722786, 2.12004698968, 0.949829452055, 0.992515698865, 1.56114172878, 2.72966275675, 0.949646097844, 2.25315001147, 0.95629958315, 1.09000087842, 1.00319414842, 1.04830700862, 0.902958825363, 4.56033998152, 0.94508358174, 0.910832791101, 103.420600014, 1.14735142594, 4.70757378772, 1.23931176642, 2.76177541809, 0.892204890262, 22.5805707423, 10671.6407141
5.65733191057, 1.36360875604, 1.1089622317, 0.912473553242, 5.35383575944, 0.98399523335, 1.97127514529, 0.836789525188, 0.959581683857, 1.70880216359, 6.65379590502, 0.931116038953, 1.65549683993, 0.919465486045, 1.09000058629, 1.09835595832, 1.04107604341, 1.20430947811, 7.63568825681, 1.13898901805, 0.986030847735, 181.368377665, 1.0196828937, 1.73396277255, 1.05170569577, 3.80460106172, 1.21124115717, 25.3124074965, 6629.11516825
2.71651734557, 1.1325293006, 0.83918907605, 1.11502125123, 2.60778254022, 0.945688565456, 5.81052959649, 1.0504170096, 0.925191323789, 2.03891392653, 5.45352934508, 0.981719394475, 4.57636663266, 1.19410047459, 1.09000049989, 1.10135587886, 1.02893694973, 1.05568469584, 6.84419068398, 1.05760328505, 0.960780280897, 267.369893421, 1.04119410896, 3.41219295064, 1.04143022909, 4.25661193898, 1.27421761977, 26.3593558094, 5358.7382587
1.49910536297, 1.00096448557, 1.13569821663, 0.825178320393, 4.62610894095, 0.875274330113, 1.26932881479, 0.850628277106, 0.904301983013, 3.71831926669, 5.4632084784, 0.902039198404, 2.78963720028, 1.00212997291, 1.09000012108, 1.10690688387, 1.03340125462, 1.18279486084, 3.48782823553, 1.05959235407, 0.845347736469, 256.474199692, 1.06075518713, 2.11746867315, 1.20615474308, 1.60748209756, 1.13809394905, 35.4356097667, 4914.26446465
4.99882333848, 1.07017626443, 0.967708415843, 0.84032388974, 5.50338163462, 0.918661638077, 2.40390896369, 0.924332905614, 0.988889380831, 3.54273609784, 7.76909384233, 1.02602516931, 3.06586136244, 0.955867178259, 1.09000010531, 1.07463513648, 1.03031135417, 1.05192996604, 7.1145321202, 1.04213823673, 0.859255218644, 343.960266424, 1.18422887623, 2.98247398239, 0.987479909028, 1.14066958308, 1.23762775799, 28.3554335042, 5136.45421485
1.46113383797, 1.42007917019, 0.926565135701, 0.921490932803, 3.09252551703, 0.73275985667, 3.70106330907, 1.02059432184, 0.965905816752, 2.24595842702, 2.02266057343, 0.887731818044, 2.16732731176, 0.910309668791, 1.09000011508, 1.01973415317, 1.04747793568, 0.824148682859, 8.98743847922, 0.958507823258, 0.882605773662, 225.755601312, 0.938336712161, 1.02671604094, 1.08720798589, 3.9935220648, 1.03964829261, 38.0523381539, 4886.59606317
4.84637878645, 1.14250213878, 0.993397704039, 1.00458823602, 4.53119020757, 0.911033780934, 5.74264726069, 1.04807246007, 0.978756763684, 3.17449934418, 2.7228186867, 0.930111598549, 2.92691249343, 1.04846191722, 1.09000044995, 1.07450384481, 1.01805233783, 0.942620814537, 8.93457718718, 1.15797817469, 0.784562503976, 274.068537091, 1.1207645504, 3.914109736, 1.09085262751, 3.18299897244, 1.26898584137, 38.7884567714, 4463.61594934
2.2808041265, 1.25182437303, 0.861317386782, 0.841180238729, 3.13155881679, 0.786303960067, 2.86922450614, 0.960090751814, 0.983571839009, 2.47178224311, 3.02062188812, 0.93317452859, 1.55628640142, 1.21985123592, 1.09000058251, 1.09807399303, 1.04942099158, 0.829721790865, 8.27411156762, 0.911736910824, 0.844015304596, 85.8291185109, 1.04306054767, 1.10012914136, 1.00969625336, 3.54329225092, 1.21682222689, 24.7426687635, 11005.8702177
4.48917223093, 1.09039000504, 1.05725512239, 0.995460861835, 6.26718251256, 0.806175284966, 4.67009957948, 0.980608499985, 0.9371550901, 2.33645806629, 4.30269799679, 0.956886064568, 4.38849749058, 0.961111398484, 1.09000087696, 1.00669949357, 1.00533391905, 0.821016272899, 7.30747968543, 1.03381402029, 0.975424678335, 225.755601312, 1.03502944121, 2.45428595269, 1.00827065526, 2.40450087486, 0.980742610519, 23.0908877374, 14200.6204542
1.75582902853, 1.34359714923, 0.819963846329, 1.04406707697, 2.00590960973, 0.720347094185, 1.43663291998, 0.962393119001, 0.965834350507, 2.71594343825, 6.19271891351, 1.09056440419, 4.76663527819, 1.0179565064, 1.09000057317, 1.01612141629, 1.00106361235, 0.859490532006, 7.45333275261, 1.02342902705, 0.871389476107, 326.190742725, 1.02424013149, 3.355162568, 1.07411532233, 1.98810973923, 0.896204809486, 23.4424602929, 12529.1690441
4.58308302918, 1.13018073622, 0.780090652822, 1.10206452627, 3.54537497993, 0.912600664973, 5.5503330631, 1.08120891627, 0.971114025461, 4.74126644779, 4.66527411785, 0.964335215885, 4.75525310802, 0.970660922379, 1.09000043418, 1.02161701636, 1.04070089569, 0.959047003304, 8.41784649773, 1.13021834686, 0.800683316166, 272.04037952, 1.17414922323, 2.58842351352, 0.962768547281, 5.01084355421, 1.05207630654, 22.9747835489, 24758.627116
2.06248389792, 1.03515789699, 1.00240832517, 1.06485733572, 6.35399129758, 0.834949712103, 3.15222203045, 0.970465286179, 0.951371879688, 3.00269358973, 6.22495129222, 1.0770791605, 3.30312768952, 1.26104359909, 1.09000024633, 1.04064008934, 1.03627071499, 1.14983125425, 4.43226343037, 1.09417731565, 0.892609551665, 374.04445167, 1.00886382626, 2.98141508338, 1.20362707062, 3.52111123658, 1.26766545931, 25.9905968612, 8794.23428775
5.28449992984, 1.21441323765, 0.929103922699, 0.97917080998, 5.02952129527, 0.780930367713, 1.27494693245, 1.02007371185, 0.920795115987, 1.2991559329, 3.43677451901, 0.849975069093, 2.24606939061, 1.15319018099, 1.09000073801, 1.0678124463, 1.03910291622, 1.20473084608, 8.11554280328, 0.945280404832, 0.872830279679, 265.905822195, 1.10030008027, 5.23239646019, 1.04000900385, 1.88325202546, 1.10635799617, 28.1221328408, 7581.6231172
4.58308302918, 1.13018073622, 0.780090652822, 1.10206452627, 3.54537497993, 0.912600664973, 5.5503330631, 1.08120891627, 0.971114025461, 4.74126644779, 4.66527411785, 0.827746364773, 4.75525310802, 0.970660922379, 1.09000043418, 1.02161701636, 1.04070089569, 0.959047003304, 8.41784649773, 1.13021834686, 0.800683316166, 272.04037952, 1.17414922323, 2.58842351352, 0.962768547281, 5.01084355421, 1.05207630654, 27.7127855289, 8382.00019983
2.2697187049, 1.40843224496, 1.08111464278, 0.923519659462, 6.00229122562, 0.929722145262, 4.05526475742, 1.06034123219, 0.980133940404, 2.67232694939, 6.18346693889, 0.818413645544, 1.6511822714, 1.28275323702, 1.0900002844, 1.05302581657, 1.02694914797, 1.12825422314, 9.44659248321, 0.973898376823, 0.909886156169, 222.692621696, 1.08358620333, 1.63606176603, 1.13737369345, 3.07309862211, 0.919385063252, 37.8215992211, 5085.38787173
3.36321902562, 1.16823352471, 0.767872973047, 0.948895531445, 3.34970458755, 0.938440420508, 5.84342797411, 0.903510082253, 0.984499753146, 1.56498548973, 3.67104635622, 0.997468490272, 4.38258320571, 1.23755957207, 1.09000088461, 1.05844804413, 1.04766826705, 0.996421235942, 3.46275844351, 0.921322076967, 0.855395100033, 184.016912756, 1.01248413696, 3.27220790718, 1.03510010037, 4.00202912846, 1.00686739528, 28.9293818837, 6579.25849274
2.7025620876, 1.26599209529, 1.11423159867, 0.949940580431, 5.34609743159, 0.861829197006, 1.00291176775, 0.845249479579, 0.905290045491, 3.77898227505, 5.58731809225, 1.03511231333, 3.01954192322, 1.16089773927, 1.09000027488, 1.05001032648, 1.01407936878, 1.02357404561, 7.31203002693, 1.03860981016, 0.878361674223, 202.127609701, 1.03570494, 4.33108024891, 1.1343485397, 2.76810522559, 1.00433296611, 29.3011306264, 5868.26830818
4.99882333848, 1.07017626443, 0.967708415843, 0.908778743155, 5.50338163462, 0.918661638077, 2.40390896369, 0.924332905614, 0.988889380831, 3.54273609784, 7.76909384233, 1.02602516931, 3.06586136244, 0.955867178259, 1.09000010531, 1.07945035082, 1.03031135417, 1.05192996604, 9.55852522793, 1.04213823673, 0.931878816646, 343.960266424, 1.18422887623, 2.98247398239, 1.13952840921, 1.14066958308, 1.23762775799, 60.6602169495, 4953.36336665
5.61346341489, 1.00795900628, 1.10358199214, 0.907489494318, 2.89237319455, 0.827713852277, 5.8116722198, 0.911582057554, 0.94499122118, 4.12407513815, 4.15676837189, 1.05952748, 4.02800930828, 1.22510214562, 1.0900000006, 1.07062931446, 1.0133933844, 1.19561923964, 3.86303035536, 1.02096948256, 0.927764692371, 282.624601817, 1.01108795233, 1.46485874653, 1.11190971038, 4.14395943891, 0.8906273583, 25.5603149853, 11565.9482766
4.84637878645, 1.14250213878, 0.993397704039, 1.00458823602, 4.53119020757, 0.911033780934, 5.74264726069, 1.04807246007, 0.978756763684, 3.17449934418, 2.7228186867, 0.930111598549, 2.92691249343, 1.04846191722, 1.09000044995, 1.07450384481, 1.01805233783, 0.942620814537, 8.93457718718, 1.15797817469, 0.784562503976, 274.068537091, 1.1207645504, 3.914109736, 1.09085262751, 3.18299897244, 1.26898584137, 25.0355443263, 17286.6789258
2.35281206747, 1.35611270016, 0.872647866912, 0.956528845762, 1.49281527216, 0.878594542763, 4.27023501819, 1.02803329369, 0.925441667754, 1.45954750205, 5.77833428578, 0.974559478042, 2.78150954643, 0.851598180476, 1.09000069073, 1.0161340236, 1.00219391887, 1.1439542635, 9.68045174569, 1.04790763473, 0.968963583278, 11.5712646109, 0.913708457962, 2.48263671645, 1.05395492477, 2.55327864202, 1.23601220201, 24.8005348374, 26326.3118563
1.07770437825, 1.29206036683, 0.734483665525, 1.04292740347, 4.4400514882, 0.956704253622, 5.84436278286, 1.05632225301, 0.969871169889, 1.28825971135, 7.06290431621, 0.837503218817, 4.79295236069, 1.25498827805, 1.09000023916, 1.00527891461, 1.00644555994, 0.832206165362, 9.92438830087, 1.18165388474, 0.789559187193, 207.547635444, 0.972203339334, 2.98394099177, 1.10860916435, 2.01404869898, 1.25483994288, 26.3279695383, 11071.8617736
5.9981821141, 1.18360134951, 1.12421288456, 0.823357278414, 3.40799335123, 0.720491598937, 3.36461830637, 1.03660663882, 0.924561332111, 5.5468948574, 3.84420397566, 1.01396910454, 3.21878585963, 1.02424359152, 1.09000072468, 1.02788716066, 1.03358647941, 0.904567028417, 6.51104683217, 0.929663331615, 0.933077046084, 324.920951473, 0.919796714452, 2.74919294049, 1.02825909882, 4.00966568931, 1.18624947514, 27.3816392582, 10708.1790627
4.66566565008, 1.09043648884, 0.998619776904, 0.932950550955, 1.46548505555, 0.733385127993, 1.01663752697, 1.00472808074, 0.9600230337, 4.86943103699, 7.05044775679, 0.937539669743, 3.60319761269, 0.841783222229, 1.09000018853, 1.01427337195, 1.02768515359, 1.1245751806, 9.67086023278, 1.02655752868, 0.886271877688, 19.0095445144, 1.15489424914, 4.94813386262, 1.02667385155, 4.60937137017, 1.20424209297, 28.6526423699, 8017.77114651
2.4887090085, 1.25518319805, 1.16602923824, 1.06705912632, 6.91916168179, 0.986460858955, 4.92648132547, 0.876712097345, 0.998359034627, 5.43652283243, 5.48170130483, 1.01019024724, 4.86703419385, 1.0923652005, 1.09000085392, 1.07280515854, 1.00834035322, 1.00235523021, 6.28743718113, 0.974507759328, 0.931652925358, 11.8735892805, 1.01954416575, 1.30693392159, 1.10956682438, 4.72021133297, 0.923066517987, 28.1434951955, 8780.14932861
2.22685533384, 1.15227159357, 1.10135144286, 0.875001253138, 3.07120213416, 0.76186132449, 5.86161155384, 0.980369870189, 0.939277408407, 4.17126076515, 3.5599418392, 0.993141781952, 1.46105843282, 1.22520159163, 1.09000052643, 1.03008844262, 1.02205404882, 1.20776828414, 3.53698375321, 1.16986549304, 0.902279313504, 103.357635384, 1.16817505398, 1.68487403872, 1.05051529585, 1.9809215958, 1.12518610903, 45.4052659577, 5463.48927744
2.34638819072, 1.15869811866, 0.730355115334, 0.905116235183, 7.04740839357, 0.917977080352, 5.67945171798, 0.902343003348, 0.9147177754, 1.67539435504, 4.24856845383, 1.01663652177, 2.08306393914, 1.02214762556, 1.09000084923, 1.07936739732, 1.03088829556, 0.839875406454, 9.39378438018, 0.993691561121, 0.771416930628, 390.349935041, 1.11264968471, 1.81529052485, 0.961160387478, 4.39835273215, 0.916792198243, 31.2516716068, 5977.87183051
5.75688951426, 1.38425246816, 1.05593156217, 0.843855579534, 5.70355925616, 0.822974476696, 1.36846934417, 0.982924537963, 0.967017860975, 5.1018490525, 6.93304274659, 0.821157462971, 3.5164410492, 1.18806765738, 1.0900000349, 1.09538559582, 1.01910663508, 0.844123883192, 8.50848242864, 0.999732341058, 0.811965487955, 82.4301647413, 0.951902029915, 1.39328188747, 1.14350778089, 1.3876165921, 1.03639007702, 25.7746122452, 17412.7938034
4.04929231166, 1.33017138689, 1.0298703032, 1.18277273184, 1.66154466538, 0.736046354929, 2.12004698968, 0.949829452055, 0.907365070475, 1.56114172878, 2.72966275675, 0.949646097844, 2.25315001147, 0.876698651902, 1.09000087842, 1.00319414842, 1.04916056046, 0.902958825363, 4.56033998152, 0.94508358174, 0.910832791101, 103.420600014, 1.17328575987, 4.70757378772, 1.23931176642, 2.76177541809, 0.892204890262, 29.9698142017, 8187.75939743
5.34970687759, 1.10147066182, 0.731788109391, 0.898916269355, 5.94053085272, 0.807589482204, 1.07850984531, 0.981221264184, 0.936083471842, 2.2294521922, 2.73429235952, 1.02350927683, 1.61930139466, 1.10449795814, 1.09000061148, 1.03190079851, 1.00608130935, 0.925093397379, 7.73413451013, 1.16507266848, 0.968424189833, 222.677407834, 0.980518810122, 3.12312530424, 1.09188699503, 3.53860941102, 1.12037155067, 28.5483278931, 9675.66955633
1.36176767691, 1.09631537072, 0.996153783187, 0.976800316295, 3.92681726038, 0.816144432668, 5.17801601769, 0.980632971181, 0.990389653873, 5.11829059499, 2.7560069025, 0.906717235947, 2.64097507225, 0.814632057277, 1.09000043859, 1.07300117016, 1.04094981409, 1.06689874454, 4.39987362609, 1.15616785311, 0.932201566467, 22.4924011945, 0.973145711821, 3.44393900367, 0.96971755227, 3.11220821445, 1.13129628974, 28.9148218291, 8918.8630614
3.34973343023, 1.06561530209, 0.868430738537, 1.14882293481, 6.734749338, 0.853266958671, 5.43010060608, 0.873612390882, 0.927024913735, 1.6887582562, 5.92937571775, 0.884918257234, 2.33275669897, 1.00072590855, 1.09000010759, 1.08055638795, 1.02408198142, 1.05654842166, 7.89988143142, 1.15599097073, 0.915637156052, 193.652161311, 1.09752832593, 4.75002081746, 1.08046125334, 2.05010282708, 1.09372598765, 54.1743230569, 5694.31062846
5.6381806641, 1.36820272613, 0.94390312426, 0.953184208439, 3.76791372188, 0.717907712105, 3.85263113442, 1.08039543663, 0.927512605775, 2.46031397223, 6.7537408152, 0.838092496683, 4.00510968108, 1.0739232086, 1.09000035839, 1.04948640135, 1.04693461021, 1.0016923169, 8.85764098645, 0.920430807396, 0.87840563174, 382.037299843, 1.13107355546, 3.88072190628, 1.01603319846, 1.15314267081, 1.13889725341, 44.8865534667, 6436.4280055
2.35281206747, 1.35611270016, 0.872647866912, 0.956528845762, 1.6295811244, 0.878594542763, 4.27023501819, 1.02803329369, 0.925441667754, 2.61840427532, 4.24415463565, 0.974559478042, 2.78150954643, 0.851598180476, 1.09000064868, 1.0161340236, 1.00219391887, 1.1439542635, 9.03597330808, 1.04790763473, 0.968963583278, 24.0503604578, 0.975892477669, 2.48263671645, 1.05395492477, 3.89756584483, 1.05149983101, 50.3477538433, 6202.21795642
5.32113601874, 1.31961214067, 1.15089613516, 0.809233690777, 3.47760972823, 0.964664417206, 2.30578864438, 0.958415103731, 0.945516748314, 3.46944000421, 2.30315525148, 1.09907707256, 2.47236940752, 1.04896551779, 1.09000051309, 1.00151343666, 1.00455824014, 1.05691744573, 9.62010267688, 0.965459224613, 0.834448855394, 62.7870314096, 1.10347576292, 2.98961908107, 1.0242506682, 1.28197488881, 0.935803322792, 32.6004252541, 6466.10915085
4.10531422483, 1.07403402611, 1.119750238, 0.849207411939, 4.3913059552, 0.899613771214, 4.20137527524, 1.08145747037, 0.990215565567, 1.94196214686, 4.01285699193, 1.05034891785, 1.2089203859, 1.06467648102, 1.09000033141, 1.07873639982, 1.01905645725, 0.881460768117, 6.06927619582, 0.912099467765, 0.990586633547, 267.465347188, 1.13366008633, 3.80902894255, 1.07003555245, 1.33254474819, 1.18136401496, 28.4435429449, 21326.4804464
3.47173912508, 1.33315017234, 1.16667134059, 1.04234133063, 3.35032791796, 0.969192045111, 1.70541160936, 1.03375511425, 0.960529941801, 5.25210207635, 3.58161931145, 0.82471986511, 4.8352122796, 0.893536200529, 1.09000025489, 1.03109193775, 1.00014195887, 0.960534473971, 6.52237288756, 1.15750195973, 0.872886639146, 146.354348794, 1.05932346397, 2.44331720813, 1.13147787115, 3.92257172546, 1.03756401492, 28.3171589868, 21720.9994522
4.72837025256, 1.21931467387, 0.913884751019, 0.951913205165, 3.80159641065, 0.796414217389, 2.99786981061, 0.9800717744, 0.904376841178, 4.31162804418, 7.64936375056, 0.956415967412, 3.06604517105, 0.895447980566, 1.09000099312, 1.01762375706, 1.04691165083, 0.901122495921, 4.23912244557, 1.00611983762, 0.912504557749, 380.096914158, 1.00472677349, 2.31042429035, 1.15933228115, 4.74458142002, 1.25481469333, 27.4543167415, 22791.8988143
5.2221715835, 1.14249607253, 0.854586525307, 1.1498665659, 1.44329917331, 0.909164004651, 5.03756131394, 0.985440235014, 0.975507018818, 2.95190111083, 7.14188104396, 0.986389967463, 1.7675697971, 0.997078155774, 1.09000040604, 1.08459302703, 1.01201234664, 0.8485370642, 7.1145321202, 1.17531668504, 0.859255218644, 48.9538674757, 1.11333506745, 4.03627693497, 1.10193692848, 4.75838661031, 1.21532756794, 27.0121065551, 47028.0475368
4.97573160768, 1.22524531627, 1.15956776785, 0.932464401223, 5.37039953644, 0.904208813956, 1.83824521489, 1.03222897295, 0.902962778709, 3.56473900338, 7.51624380127, 0.85037044664, 2.62978047678, 1.13812586494, 1.09000033587, 1.02185527791, 1.03615219726, 0.984555634107, 4.03094609851, 1.16851559382, 0.90273977031, 18.854777505, 1.16785392271, 4.70016848383, 0.959625206401, 1.7411250941, 1.07736775627, 29.1075581504, 13613.7674849
2.01910379005, 1.39873471801, 0.885810611459, 1.14948112656, 3.96516592185, 0.950477116014, 3.63806833412, 0.958994283752, 0.910397000056, 4.92993671545, 5.80898753719, 0.82037581033, 3.0488942706, 0.814530246854, 1.09000054088, 1.08634195542, 1.04694107422, 0.83696718859, 9.06756477384, 0.981960235104, 0.894671272231, 218.507421201, 1.01524057418, 4.52202955758, 0.969633067831, 3.89756584483, 1.20882626824, 30.6518419325, 9538.00984788
1.80827503055, 1.02478654064, 0.94016282664, 0.893641066718, 2.25004737041, 0.956142622849, 5.46958330804, 0.929453414607, 0.971639846073, 2.38037780795, 7.71628506465, 0.825654938786, 4.84073773111, 0.898384157904, 1.09000009902, 1.08631518356, 1.00159040163, 0.817739605449, 7.55505788002, 1.15029314823, 0.977383673713, 310.598367176, 1.01980806409, 5.30172082824, 1.17745805568, 2.13552733519, 1.19487459386, 31.5418301307, 9225.23901146
5.075042298, 1.28407626408, 0.913635888461, 1.05053917502, 3.25333860192, 0.876501419477, 5.66193013756, 0.848753462779, 0.933687124269, 1.56852560113, 5.32126730862, 0.967639403079, 3.94163177389, 1.00774148727, 1.09000091189, 1.08319744598, 1.04777810128, 0.810132712585, 8.83630838363, 1.01451329508, 0.859275416756, 311.676812096, 1.01645826065, 3.53785103025, 1.07365185355, 4.17194054075, 1.20052294184, 30.3698847746, 10406.652818
4.26647464812, 1.21931467387, 0.913884751019, 0.951913205165, 3.80159641065, 0.796414217389, 2.99786981061, 0.9800717744, 0.904376841178, 4.31162804418, 7.64936375056, 0.956415967412, 3.06604517105, 0.895447980566, 1.09000099312, 1.01762375706, 1.04691165083, 0.901122495921, 4.23912244557, 1.00611983762, 0.912504557749, 330.42806536, 1.00472677349, 2.31042429035, 1.15933228115, 4.74458142002, 1.25481469333, 51.1883627505, 6330.67060209
5.75296735755, 1.27654382429, 0.880264137525, 1.05359189324, 2.41667751081, 0.722894555119, 5.77150287832, 0.828202124616, 0.939316492492, 3.48354754774, 5.57805740735, 1.0675157964, 2.57648241115, 1.26155561966, 1.0900004907, 1.00258969124, 1.01224701613, 0.933716080388, 9.64341118322, 0.980597703208, 0.82565702347, 305.354814489, 0.978056363298, 1.60932508148, 1.06727153618, 1.2245669857, 1.16008581205, 37.6125164474, 6607.58382649
5.79055150379, 1.28987040652, 0.829000372298, 1.13701663255, 3.9545133176, 0.745637591764, 2.28846661007, 0.914229844381, 0.922897141248, 2.26907488651, 6.66442462264, 0.850949065968, 3.87015648371, 0.928708627842, 1.09000060891, 1.03374327918, 1.00748742805, 0.927654769535, 7.59853096062, 1.00269511273, 0.79332261735, 186.149054378, 0.998866107794, 5.05511385471, 1.17851821381, 2.4369715417, 0.916391525253, 34.4326390169, 8533.4847611
1.69757770189, 1.28310094215, 0.906868838859, 0.932119430654, 2.40914157719, 0.990804388387, 4.53280629052, 0.959170194438, 0.969711343173, 2.24728542713, 5.18251776586, 0.957764614875, 4.93588099292, 0.931249325298, 1.09000099265, 1.04961843839, 1.02385699947, 1.14577164841, 3.83505434401, 1.03536677858, 0.79910268162, 76.9258035479, 0.911809803201, 4.11454783516, 1.20334486402, 4.28353162833, 0.877528605312, 36.5690424924, 7019.43659011
5.32101524, 1.26977889282, 1.0253485512, 1.16249278436, 5.24329735844, 0.984269112409, 1.97385280191, 1.05930254161, 0.915574936297, 3.41589657545, 5.07042044131, 0.905407997704, 2.73194260904, 0.960749460238, 1.09000037148, 1.03293827356, 1.02662958134, 0.970349641354, 4.96360356704, 0.984813396596, 0.869246536369, 378.272977057, 1.10694810918, 5.45276957307, 0.974674913436, 2.67816945136, 1.1524933109, 27.4909879221, 24171.2055573
1.03895525939, 1.08941220913, 1.054436985, 1.09495048568, 1.72656558194, 0.711839156784, 3.57911397385, 1.05889089786, 0.939883235868, 4.61264207094, 2.73829222725, 0.946318502013, 2.47236940752, 0.916073091857, 1.09000061558, 1.01120105671, 1.00823798437, 1.18528519571, 9.62010267688, 1.12053308213, 0.942789467082, 139.494108707, 1.11121033415, 5.93463674733, 1.08278796763, 1.28197488881, 1.28208938477, 57.9354295728, 6419.14674138
4.46796632382, 1.12580095189, 0.961649492081, 1.10928083002, 6.67072902478, 0.913956528939, 5.67812431814, 0.914379881619, 0.945932175908, 5.5077844114, 3.00458304801, 1.00378713829, 4.44059747116, 1.03147479, 1.09000063735, 1.10827056752, 1.00283932408, 1.22082440262, 9.95968386696, 0.920198208975, 0.984929531964, 183.099141798, 0.984405799237, 1.76047518168, 0.996060015595, 1.19689010725, 0.984351067464, 29.7301714576, 14112.1334464
5.77845285782, 1.40455761312, 0.842544219658, 0.944034657512, 5.05724004679, 0.890455814369, 2.02839198584, 1.08017241807, 0.936544973553, 3.45140041392, 5.36200068989, 0.837336171254, 4.26444802958, 1.16635905918, 1.090000792, 1.04448814839, 1.04850952249, 0.992167520155, 3.97270801784, 1.05728456931, 0.87649761441, 329.075705237, 1.16155054001, 3.63069431008, 1.123695732, 3.00684119666, 1.00888241127, 44.4710358333, 6667.19840098
1.16475065652, 1.35484921102, 0.803093410966, 1.01120042947, 4.20708732051, 0.964836392815, 5.05996872748, 0.989707727843, 0.904801070432, 2.3066655386, 7.50950070853, 1.01883198898, 1.30574462997, 0.967804091618, 1.09000029866, 1.08727597947, 1.02033493886, 0.900377237199, 3.2688347017, 1.00694679607, 0.905393786185, 182.586898647, 1.198180877, 4.45955767812, 0.993828350048, 4.34989587136, 1.01575557818, 28.0050588847, 24016.4809339
3.06741694563, 1.07743027053, 1.01571935573, 0.854474975404, 3.26711449169, 0.757072503204, 4.52949714517, 0.833960557765, 0.9955446805, 2.31157976101, 7.64936368891, 0.849717040659, 1.75002808595, 0.937503445031, 1.09000023193, 1.00145648476, 1.00677181328, 1.04672858376, 4.22017516128, 1.00507152952, 0.918440019422, 196.211233176, 0.992486521521, 1.22191508458, 1.2124941703, 4.31347878341, 1.08512958338, 30.9447492058, 12689.719554
3.88389709129, 1.14362425845, 0.878359601021, 1.0824465705, 1.76195626398, 0.90341696013, 2.94585622424, 0.848052528155, 0.987951872475, 4.95332786074, 7.42505661008, 0.967414187308, 3.6200389417, 1.26900375443, 1.09000022383, 1.00702010734, 1.03282622977, 1.22901302356, 7.82696395422, 1.02102465123, 0.827058930708, 16.8932782033, 1.17374989158, 5.3327702578, 1.07962298137, 1.8720965458, 1.23582300987, 38.4690312181, 7013.77199971
1.18758238885, 1.32825131446, 0.82968220807, 0.953852999604, 3.79428643231, 0.728715379231, 2.40916986408, 0.940383531, 0.937002285598, 4.84326718093, 6.68947491413, 0.999695411442, 2.96274025732, 0.92140457614, 1.0900008448, 1.0573553011, 1.04520551328, 0.928923204907, 8.54956287114, 1.03696074285, 0.82480094479, 199.016078228, 1.06065952264, 5.07768211509, 1.14566471589, 3.49191224747, 1.21952818827, 35.0522275992, 9257.57561679
5.96300122986, 1.16106840505, 0.850193540437, 1.01664141543, 6.16062904509, 0.78113489885, 3.65997730189, 1.05489045952, 0.978729941495, 3.92671151064, 2.5970170651, 0.863446851068, 4.31347296364, 1.02528661088, 1.09000096822, 1.02713620275, 1.04887662518, 1.06235837722, 7.05799011698, 1.00779733871, 0.905835609082, 345.175451061, 0.953372043095, 4.51198897461, 1.06244236158, 1.28369794668, 0.988083588923, 35.4191992287, 9099.2334327
