1.25408666061, 1.11308832741, 1.60910253312, 0.8923633816, 2.83000095683, 1.11571467245, 2.81036708191, 1.26000005524, 1.14000076678, 2.15905178442, 3.05428498048, 1.03878637103, 3.0400009143, 1.00394526608, 0.945275039274, 1.00000018332, 1.00000028546, 1.02067204253, 4.86074808355, 0.992331089368, 1.00000049091, 110.824807088, 0.96225244497, 5.21769420551, 0.97323953318, 3.29000000602, 1.00000023353, 27.5070937943, 0.0
1.40061981662, 1.05559815097, 1.46152979734, 0.967018533898, 2.83000072076, 1.15001806292, 3.95032403989, 1.26000025535, 1.14000022758, 1.94917205823, 2.40584349175, 0.951693741451, 3.040000758, 1.11504851277, 0.887731212832, 1.00000020435, 1.00000058766, 1.06513543938, 7.0254909333, 0.985685029474, 1.00000000836, 88.1325941917, 0.891088655183, 5.29225078331, 0.96846708902, 3.29000026292, 1.00000014568, 371.00946597, 0.536193029491
2.90102214559, 1.02643524094, 1.34607197169, 0.986299633892, 2.83000032142, 0.962626631466, 4.53760837041, 1.26000011092, 1.14000092778, 2.2599853948, 2.8401919471, 0.983095357988, 3.04000061445, 1.06788935625, 1.06132967579, 1.00000029733, 1.00000007833, 1.0923043344, 6.45975301942, 0.972816660325, 1.00000054507, 82.4025879266, 1.0109225245, 2.4068129476, 0.962556702034, 3.29000049245, 1.00000033803, 71.8482681743, 2.14477211796
5.00111521656, 1.02788846033, 1.4071825314, 0.803156996475, 2.83000009147, 1.1848864897, 4.2860715046, 1.26000099292, 1.1400009986, 2.53428692742, 2.05248035259, 1.00327913942, 3.0400002645, 1.03371884523, 1.06790334814, 1.00000089099, 1.00000032395, 1.03982525255, 4.75148407956, 0.995666415214, 1.00000002073, 116.213262794, 0.976112719763, 2.84283986691, 1.02158726253, 3.29000029803, 1.00000004407, 457.335801223, 0.0
5.28150022013, 1.09352370016, 1.46035786498, 0.900826920356, 2.83000075661, 0.867288681999, 5.45348085336, 1.26000087324, 1.14000089353, 3.18681898946, 1.63626005154, 1.02627539525, 3.04000003692, 1.10482800314, 0.786387231008, 1.00000008057, 1.00000053995, 1.02789834758, 3.8439955797, 0.973267612795, 1.0000008908, 76.6571523664, 1.00835966224, 4.27888100472, 0.999126899562, 3.29000001265, 1.0000000655, 224.183562904, 1.34048257373
5.28312927622, 1.08622074203, 1.48941001828, 0.911129548527, 2.83000016118, 0.885088376276, 2.01414479202, 1.26000046898, 1.14000087472, 1.33511753381, 1.70953198903, 0.950834640308, 3.04000078958, 1.02547555521, 0.946635852874, 1.00000080468, 1.00000020961, 1.04552372136, 6.40167110296, 0.932407312103, 1.00000065841, 102.448719879, 0.867546251786, 4.22080492539, 1.02733369287, 3.29000039321, 1.00000025182, 1386.40042832, 0.0
4.42634776492, 1.09318923459, 1.68055935159, 0.8923633816, 2.83000026126, 0.925380831169, 3.08072601952, 1.26000062492, 1.14000076678, 1.44633500104, 1.94196238632, 1.05152005349, 3.04000077504, 1.07845420135, 1.03457487062, 1.0000001703, 1.00000000628, 1.01812206818, 8.60684056028, 0.920819992279, 1.0000002347, 77.5937749856, 0.901298465616, 2.91834236598, 0.981092803134, 3.29000041023, 1.00000010736, 238.960952097, 4.02144772118
2.66849555478, 1.12570546043, 1.59228558872, 0.884179403569, 2.8300003154, 0.916464462216, 4.5894809596, 1.26000080331, 1.14000087883, 1.76691340346, 2.30619945109, 1.01787474442, 3.04000073297, 1.04191989556, 0.866210341665, 1.00000098898, 1.00000093169, 1.04366665204, 6.91418672035, 0.987704604261, 1.00000056948, 91.6448867525, 1.08272947146, 2.10087965411, 1.0122703685, 3.29000096003, 1.00000076573, 5351.76867345, 0.0
2.44842469422, 1.09038270523, 1.71791673715, 0.907832188173, 2.83000068519, 1.10643058409, 1.24245114833, 1.26000034839, 1.14000086906, 1.37711780761, 2.4265579531, 0.956107182643, 3.04000065573, 1.03094191609, 1.02068940855, 1.00000095151, 1.00000072014, 1.00169483, 6.39193754495, 0.950450903549, 1.00000092338, 90.2369891398, 0.861929274403, 2.59917187992, 0.994117490978, 3.2900004248, 1.00000011708, 811.527364526, 1.07238605898
2.18940330964, 1.05058277965, 1.61184207438, 0.878179202291, 2.83000091664, 1.14644602613, 2.17984094959, 1.26000085983, 1.14000048053, 3.43487609946, 2.49849565702, 0.965826802286, 3.04000091778, 1.085355228, 0.795490042619, 1.00000030648, 1.00000035301, 1.05675443864, 3.99998418811, 0.982014671908, 1.00000027441, 81.2016532095, 1.03613588737, 4.90893540061, 0.973155597221, 3.29000086694, 1.00000064088, 424.771654944, 2.41286863271
3.01874216411, 1.01555964473, 1.42761694134, 0.993663880783, 2.83000044731, 1.05842136941, 4.91736419379, 1.26000094594, 1.14000053571, 2.84585173309, 1.66628847506, 1.0411550841, 3.04000056976, 1.05783002777, 0.889254260779, 1.00000023373, 1.00000006983, 1.03943922681, 3.15812455151, 0.952046641857, 1.00000081382, 116.956019108, 0.843949975857, 3.9847016592, 1.05510941237, 3.29000091795, 1.00000092255, 7146.47214932, 0.0
5.74914672324, 1.03598529808, 1.56075347148, 0.973800787256, 2.83000022137, 1.07374492098, 2.86746209578, 1.2600004015, 1.14000088219, 2.3932324537, 2.74200610517, 1.03017849338, 3.04000067955, 1.0860896504, 0.995955347781, 1.00000000139, 1.00000062439, 1.02005474626, 7.56084325057, 0.998817812627, 1.00000066424, 95.4944494753, 1.07507159331, 2.925435224, 1.01855521205, 3.29000019843, 1.00000076766, 804.145310361, 1.60857908847
5.10535637657, 1.12496502423, 1.72348831282, 0.869101134957, 2.8300009436, 0.930669306813, 2.68410893746, 1.26000007967, 1.14000095803, 2.01821688357, 2.19658078159, 0.957945842511, 3.04000041685, 1.07794260668, 1.08815835949, 1.00000034086, 1.0000003777, 1.08246479167, 6.89128097937, 0.930943002224, 1.00000062052, 111.583606927, 0.938712343362, 2.68623838778, 0.98931631409, 3.29000040363, 1.00000056949, 436.851244692, 2.41286863271
3.73674085653, 1.04829268996, 1.38632952322, 0.917261954485, 2.83000014525, 1.05009260055, 2.71587219375, 1.26000066637, 1.14000054511, 2.29374735843, 2.49484376754, 1.077209962, 3.04000056326, 1.03140516456, 0.923603610337, 1.00000027804, 1.00000029857, 1.10736491827, 5.40139391387, 0.972393356955, 1.00000037248, 91.4971484735, 0.85193259014, 5.8095988137, 1.06540256547, 3.29000039182, 1.00000074048, 1645.93431073, 0.536193029491
4.34340982743, 1.13235250895, 1.70328940388, 0.95716382946, 2.8300008327, 0.977411176947, 5.6079193774, 1.26000077274, 1.14000042302, 1.60174923725, 1.89113732737, 0.912840391875, 3.04000093096, 1.0181555563, 0.919849993123, 1.00000010764, 1.00000096074, 1.0998672753, 3.14101109932, 0.975552680334, 1.00000026214, 106.989342837, 0.971305464669, 4.21636317259, 1.04277983765, 3.2900007738, 1.00000009156, 10988.3659905, 0.0
5.57564404912, 1.09133168504, 1.45480657891, 0.908510003935, 2.83000025905, 1.16471672813, 5.22000499438, 1.2600005228, 1.14000006498, 2.11921063282, 2.94502074218, 0.964216135755, 3.04000079331, 1.06730905217, 0.941095856665, 1.00000013831, 1.00000001985, 1.08388737239, 5.97836298007, 0.96780117655, 1.00000019492, 103.340400432, 0.994433581047, 3.78634225787, 1.06336811265, 3.29000018763, 1.0000008729, 443.961374431, 6.70241286863
4.92891173926, 1.13215914694, 1.65516091419, 0.800188907538, 2.83000091325, 1.18284812582, 5.14408005294, 1.26000006662, 1.14000050769, 1.46577027031, 2.02559221176, 0.990095472465, 3.04000064101, 1.06683195436, 0.862690599774, 1.00000071681, 1.00000012043, 1.02095018025, 9.65745770085, 0.931504516002, 1.00000096799, 113.747410489, 1.02374684487, 3.27718471558, 0.981171793632, 3.29000088165, 1.00000094392, 1721.87019029, 0.536193029491
1.04510598584, 1.09862658588, 1.67626994889, 0.918041293057, 2.83000072883, 0.987579374988, 2.76619579101, 1.26000042201, 1.14000039141, 3.1553568027, 3.020061918, 0.8823097362, 3.04000072458, 1.03487507182, 0.788979289797, 1.00000043216, 1.00000024463, 1.08008894007, 8.80344433906, 0.963645329963, 1.00000078599, 100.629004946, 0.96106383161, 3.87813404871, 1.02643273898, 3.29000015145, 1.00000052871, 12916.248542, 0.268096514745
3.90198932241, 1.01023827877, 1.61726619978, 0.901300894035, 2.83000016318, 0.97104101452, 2.71274972535, 1.26000031701, 1.14000089953, 3.44683265257, 3.09597930423, 1.09186981533, 3.04000017155, 1.00685421774, 0.985279334352, 1.00000090132, 1.00000058098, 1.03491955263, 5.44324020369, 0.922576306028, 1.0000003575, 85.5330542766, 1.05341899444, 1.62962545034, 0.96630198598, 3.29000046958, 1.00000013104, 22020.8683668, 0.0
1.33921511094, 1.04143261886, 1.53333287783, 0.9167311714, 2.83000093734, 1.14529234108, 4.34256847437, 1.26000000662, 1.14000017392, 2.73421586674, 2.91007949676, 1.06594451394, 3.0400003184, 1.04143102575, 0.890693706486, 1.00000067583, 1.00000058261, 1.07589522964, 4.72249531138, 0.920945203869, 1.0000000794, 123.516688328, 1.0641296664, 1.56042251541, 1.00582796589, 3.29000004911, 1.00000025415, 26143.4782868, 0.0
5.04703201881, 1.01885210651, 1.46083931806, 0.836727722588, 2.83000051518, 0.912504890505, 5.51073979043, 1.26000052174, 1.14000024597, 3.40317319171, 2.66950930369, 0.925021940175, 3.04000062608, 1.09528602164, 0.813525210264, 1.00000088552, 1.00000091886, 1.0851454225, 3.47573674506, 0.94754752575, 1.00000028746, 102.739696037, 0.945748284941, 1.73816869821, 1.03059330083, 3.2900005466, 1.00000013506, 959.868774935, 1.60857908847
2.96022670007, 1.09633648769, 1.48490725401, 0.990408510697, 2.83000057615, 1.18845319114, 2.9371439217, 1.26000058629, 1.14000076159, 3.17593025978, 2.8251372608, 0.967165831351, 3.04000012763, 1.03535138216, 0.928287474722, 1.00000035296, 1.00000045639, 1.08415969419, 9.77292225578, 0.974752723895, 1.00000018306, 99.1154534198, 0.990471119035, 5.89544979368, 1.06632416851, 3.29000097067, 1.00000079451, 537.590084697, 2.68096514745
4.26487874891, 1.05838960384, 1.63210047475, 0.854326221374, 2.83000055353, 0.895949836624, 2.70088524179, 1.26000068865, 1.14000058405, 2.14309671828, 2.14265286258, 0.942818267781, 3.04000034103, 1.05696985853, 1.08489250772, 1.00000000101, 1.00000021572, 1.07575565383, 8.71591776537, 0.971575641315, 1.00000053131, 118.946229127, 1.04466591569, 2.30208184534, 1.01364483881, 3.29000037086, 1.00000006877, 15709.1992217, 0.268096514745
1.18546021296, 1.01609179127, 1.47291794699, 0.89386309824, 2.83000039436, 0.979055649354, 5.54509783893, 1.2600004952, 1.14000007115, 2.82313989689, 2.2972982909, 0.951532342483, 3.0400000947, 1.11427573951, 0.991586986981, 1.00000044657, 1.00000037799, 1.00940913708, 3.00993622169, 0.952584252898, 1.00000006434, 77.9628756259, 1.02442654407, 1.52469354038, 1.02529313512, 3.29000014656, 1.00000013173, 1670.11813338, 1.07238605898
1.81003720549, 1.13383172919, 1.35084347625, 0.820658102824, 2.83000081387, 0.979434419477, 5.21449649754, 1.26000086145, 1.14000071903, 2.40034040746, 2.00775958431, 0.898959521622, 3.04000046482, 1.10334752034, 0.98034556181, 1.00000071002, 1.00000089747, 1.09736765338, 8.55786840701, 0.910614567935, 1.00000072299, 77.1968157363, 0.935069399227, 5.70221685128, 0.983730820228, 3.29000042386, 1.00000015518, 3968.52694423, 0.804289544236
4.49176264798, 1.13012376886, 1.47126932173, 0.878191140247, 2.83000060218, 0.945188300062, 2.17240354579, 1.26000060759, 1.14000046117, 3.23223544935, 3.08453475329, 0.983232148865, 3.040000007, 1.11152202433, 1.00007830533, 1.00000034914, 1.00000050311, 1.09118524976, 9.71106690708, 0.969456289345, 1.00000091786, 89.8361827107, 0.873949779843, 5.36107206244, 1.01484992112, 3.29000006973, 1.00000030266, 544.835489444, 3.21715817694
3.10748506882, 1.09306289705, 1.5882495451, 0.97836973904, 2.83000097325, 1.1601178688, 5.9942836522, 1.26000075767, 1.14000023504, 2.05799979766, 1.99610279066, 0.935636082632, 3.04000009704, 1.0374722805, 0.912106120513, 1.00000094471, 1.00000051825, 1.0633367588, 9.10399696526, 0.987296250363, 1.00000002687, 122.054193203, 0.995668719187, 2.88812725539, 0.955552287328, 3.2900000358, 1.00000034739, 1014.33750629, 1.60857908847
2.56530872554, 1.05586773129, 1.63607643757, 0.883566817266, 2.83000091204, 1.14359268993, 1.41636108001, 1.26000071743, 1.14000041532, 3.48413545228, 2.01791553062, 1.07093854004, 3.04000065865, 1.07690851974, 0.990254314386, 1.00000024602, 1.00000056997, 1.03675839561, 5.40556008706, 0.950456026335, 1.00000063074, 124.770721786, 0.900812023041, 3.32289594619, 1.04292221721, 3.29000008096, 1.0000009254, 1148.92516869, 1.60857908847
4.34340982743, 1.04829268996, 1.38632952322, 0.917261954485, 2.8300008327, 1.05009260055, 2.71587219375, 1.26000066637, 1.14000054511, 2.29374735843, 2.49484376754, 1.077209962, 3.04000056326, 1.03140516456, 0.923603610337, 1.00000027804, 1.00000029857, 1.10736491827, 5.40139391387, 0.972393356955, 1.00000037248, 91.4971484735, 0.85193259014, 5.8095988137, 1.06540256547, 3.29000083328, 1.00000074048, 7982.80295093, 0.536193029491
4.4240886393, 1.09350145667, 1.63443912982, 0.872066863057, 2.83000072704, 0.886408608804, 4.16825900958, 1.26000092103, 1.14000095087, 1.8490299106, 1.91031463122, 0.997663618552, 3.04000020901, 1.10425271948, 0.987104791626, 1.00000097875, 1.00000053454, 1.08427457397, 6.99641265555, 0.946309420303, 1.00000015171, 80.5527860987, 1.07213447978, 2.33454345983, 1.01498784934, 3.29000041019, 1.0000000355, 2622.68986483, 1.07238605898
5.70588221766, 1.08306422197, 1.60193282375, 0.883007702036, 2.83000057298, 0.904507947906, 4.23386195762, 1.26000005264, 1.14000022362, 3.38926046047, 2.32189615855, 1.01846504269, 3.04000061813, 1.11288955053, 1.07174436901, 1.00000018316, 1.00000082705, 1.08450844128, 9.63596910018, 0.930902022995, 1.00000037152, 89.9393719397, 1.00700388308, 3.73358525473, 1.00559172735, 3.29000048711, 1.00000003638, 8148.15993378, 0.536193029491
1.32011860194, 1.04723022153, 1.64394747058, 0.885744130554, 2.83000097895, 0.855578291393, 2.64605749551, 1.26000016554, 1.14000015927, 2.21722244174, 2.14261001783, 0.985495649519, 3.04000029937, 1.05711097062, 0.988521047294, 1.00000006892, 1.00000026582, 1.03476732524, 9.92780371069, 0.928015907899, 1.0000009801, 100.289266119, 1.00641732263, 3.70638293845, 0.951252194609, 3.29000075936, 1.00000012382, 859.928700702, 4.28954423592
3.49635189925, 1.06755270764, 1.43023332883, 0.908852267206, 2.8300008071, 0.982301720772, 1.51031762525, 1.26000090043, 1.14000085823, 1.61841644815, 1.95077138324, 0.930665988513, 3.04000038905, 1.08113234896, 0.786682112192, 1.00000076838, 1.00000038952, 1.10184490432, 6.28917341157, 0.923220408099, 1.00000000459, 90.2359205149, 0.985526477603, 4.9921656555, 1.00032853948, 3.29000065201, 1.00000010988, 3530.36205233, 1.07238605898
4.99469228163, 1.10395219799, 1.46502566787, 0.936647999034, 2.83000023226, 0.882753745157, 4.90021649339, 1.26000096389, 1.14000093222, 2.27426716216, 2.02787154413, 0.991909748997, 3.04000008465, 1.03573908157, 0.899473142022, 1.00000056302, 1.00000037257, 1.05633759226, 6.37084284849, 0.992158540975, 1.00000079298, 80.4090404776, 0.937449253351, 4.52197470064, 0.955015062006, 3.29000034792, 1.00000075247, 1927.05248948, 1.34048257373
1.74665630302, 1.04645649639, 1.48545460441, 0.885575393583, 2.83000094765, 1.14175547792, 4.01943509275, 1.2600004341, 1.14000039183, 2.16477701906, 2.56512030279, 0.894376701065, 3.04000041202, 1.02248732969, 1.07045928668, 1.00000019483, 1.00000050216, 1.08483640011, 6.39454062304, 0.983393724956, 1.00000077108, 87.5709738374, 0.918178156302, 3.98682176575, 1.04328924675, 3.29000065535, 1.00000012713, 10231.9550184, 0.536193029491
2.2122301272, 1.13553684901, 1.40585629438, 0.804256735042, 2.83000099698, 0.96361542134, 1.29999220059, 1.26000084665, 1.14000043347, 1.62127222834, 2.95718616265, 0.960571327294, 3.04000081018, 1.1166184319, 0.847897382201, 1.00000093598, 1.0000008741, 1.0642323459, 7.78099685386, 0.949614138843, 1.00000047073, 103.340400432, 0.974477245823, 3.88036883025, 1.00363166342, 3.29000014375, 1.0000002492, 8055.40086835, 0.804289544236
2.44289879395, 1.00980716598, 1.35566983392, 0.826359271306, 2.83000094067, 0.962229028525, 3.49327421747, 1.26000011488, 1.14000061363, 1.37122123989, 1.83610437456, 1.02906592115, 3.04000002292, 1.04946318908, 0.940504163436, 1.00000045167, 1.00000000259, 1.02198821685, 4.86390705382, 0.919385342408, 1.00000090549, 109.245103475, 0.92485672512, 1.00180209914, 1.00792203825, 3.29000002267, 1.00000090553, 10274.8633348, 0.536193029491
4.44150760301, 1.13336402652, 1.62848244767, 0.904364601385, 2.83000040021, 1.02967057629, 1.898901059, 1.26000008347, 1.14000010603, 3.18263060605, 2.46366228217, 0.944077978755, 3.04000034656, 1.01409131428, 1.00100659033, 1.00000022916, 1.00000060629, 1.02796503886, 7.81190709906, 0.984267309967, 1.00000083935, 90.1372820043, 0.971090325628, 1.56202800558, 1.00794211205, 3.29000024465, 1.00000022669, 1500.28517715, 2.14477211796
5.64378307786, 1.07939008155, 1.68043713827, 0.852253239101, 2.83000096775, 1.02936845011, 4.53760837041, 1.26000068167, 1.14000049027, 3.57659135994, 2.15224020101, 1.0125007551, 3.04000097778, 1.00513461835, 0.805477888316, 1.00000029733, 1.00000013515, 1.02863796826, 9.95476907059, 0.972491788766, 1.00000089237, 105.763510882, 1.08813276165, 2.17906127408, 1.05342541831, 3.29000010247, 1.00000005615, 4287.45021925, 1.07238605898
1.78000351221, 1.00296595442, 1.40887716877, 0.810020531865, 2.83000096578, 1.125039429, 3.39910674525, 1.26000015214, 1.14000081469, 3.66712850559, 2.58078287207, 0.927239984201, 3.0400004584, 1.05964363689, 1.06702777316, 1.00000045708, 1.00000023864, 1.01059963914, 6.12635790794, 0.973687277223, 1.00000074782, 75.8461866231, 0.846608452008, 5.88346637389, 1.05964280735, 3.29000061243, 1.00000040362, 8638.91181599, 0.804289544236
1.27262670965, 1.0012780935, 1.51905971204, 0.996935669423, 2.83000012882, 0.934950721331, 1.71188565096, 1.26000073004, 1.14000024936, 2.07933996187, 2.33580387482, 1.01165878579, 3.04000048617, 1.11996290947, 0.841561978227, 1.00000047012, 1.00000043796, 1.02785982121, 6.08663211826, 0.933981432893, 1.00000044532, 96.044105593, 0.852900215746, 1.08021492294, 0.998054824128, 3.29000077302, 1.00000069722, 1330.33185612, 3.75335120643
5.91957560271, 1.09011615665, 1.35543015239, 0.92529989672, 2.83000041999, 1.16198638941, 5.56957662778, 1.26000046862, 1.14000031538, 3.0639796124, 2.23614551661, 0.961195923802, 3.04000063571, 1.07117053438, 0.861216978587, 1.00000001307, 1.0000007629, 1.03368953053, 3.24920548485, 0.929260907209, 1.00000042453, 80.9581438151, 0.93244350449, 4.56044069323, 1.04081103336, 3.2900002055, 1.00000079897, 11277.4237235, 0.536193029491
5.64637820106, 1.06231418431, 1.73954163272, 0.850613318133, 2.83000082135, 1.04033734138, 1.14473657663, 1.26000098306, 1.14000000169, 3.58963020195, 2.36044984277, 0.993127869306, 3.04000019449, 1.07890618877, 0.934962131488, 1.00000018811, 1.00000074071, 1.02229466895, 4.76094528659, 0.979828571898, 1.00000022302, 93.9292721139, 0.886546471757, 2.51968602862, 0.997722629875, 3.29000081408, 1.00000019937, 1223.10756799, 8.57908847185
1.1696380042, 1.12792729352, 1.67456479278, 0.95467085529, 2.83000028186, 0.887309801625, 2.56510924146, 1.26000044403, 1.14000071636, 1.73952356505, 2.38910501573, 1.05653362862, 3.04000016955, 1.04017941601, 0.946082086336, 1.00000003636, 1.00000018002, 1.05552237121, 8.77002791602, 0.94963463735, 1.00000003101, 78.9457422742, 1.07592694386, 2.87779850444, 0.972644650145, 3.29000066002, 1.00000069329, 1475.56251809, 2.68096514745
2.52637938302, 1.12153379973, 1.50221996225, 0.897916104826, 2.83000044042, 1.10175337671, 5.81387890215, 1.26000099619, 1.14000064238, 1.93425552162, 1.97148769092, 0.932820518932, 3.04000033149, 1.01585389988, 0.990808568789, 1.00000020501, 1.00000073986, 1.06297317585, 3.28455327147, 0.927544375733, 1.00000088475, 98.9759019732, 1.0177626536, 5.86714828769, 1.02262520536, 3.29000097323, 1.00000054462, 1563.82601393, 2.41286863271
5.77886727132, 1.093093275, 1.41445292458, 0.937788954241, 2.83000092523, 0.933905077038, 5.58554524503, 1.26000022934, 1.14000085136, 2.54806300706, 2.20597491681, 0.931047192792, 3.04000069364, 1.02964759142, 0.949025644772, 1.00000048841, 1.00000072419, 1.04402428471, 5.49664901634, 0.968874783957, 1.00000090278, 86.6515069811, 0.993414423495, 1.69895999616, 1.0610996449, 3.2900001787, 1.00000017624, 12567.2923641, 0.536193029491
1.84264681617, 1.13336402652, 1.62848244767, 0.904364601385, 2.83000040021, 1.02967057629, 1.898901059, 1.26000008347, 1.14000010603, 1.31791868011, 2.46366228217, 0.944077978755, 3.04000034656, 1.01409131428, 1.00100659033, 1.00000022916, 1.00000060629, 1.02796503886, 7.81190709906, 0.984267309967, 1.00000083935, 90.1372820043, 0.970286005044, 1.56202800558, 1.00794211205, 3.29000024465, 1.00000022669, 1443.77679307, 3.48525469169
1.25408666061, 1.11308832741, 1.60910253312, 0.929054272676, 2.83000057924, 1.11571467245, 5.00924288994, 1.26000005524, 1.14000017758, 2.15905178442, 3.05428498048, 0.907397720048, 3.0400009143, 1.00394526608, 0.945275039274, 1.00000018332, 1.00000028546, 1.02067204253, 4.86074808355, 0.9775904704, 1.00000049091, 110.824807088, 0.96225244497, 5.21769420551, 0.97323953318, 3.29000000602, 1.00000023353, 13612.5403405, 0.536193029491
2.84412009901, 1.08217572064, 1.36598027214, 0.830722747692, 2.83000099097, 1.16285734762, 3.81813199316, 1.26000040652, 1.14000057784, 1.56103460824, 2.1021121529, 1.091184792, 3.04000042842, 1.08738027788, 1.01378352297, 1.00000028301, 1.0000006233, 1.06727112622, 4.20538671706, 0.957293155524, 1.00000092129, 89.0961115091, 1.01000052508, 2.45152702909, 0.974730815864, 3.2900002794, 1.00000060952, 5081.66754361, 1.34048257373
1.66673667274, 1.02572434473, 1.50625997918, 0.923264644656, 2.83000009174, 0.887758870328, 5.66775908456, 1.26000090116, 1.14000095301, 3.02097347572, 2.87041856319, 0.931031604222, 3.04000028116, 1.10253733493, 0.888512353558, 1.00000010842, 1.0000004065, 1.07990990405, 3.58638193139, 0.92321797676, 1.00000062419, 103.014834043, 1.03141372168, 3.30674373429, 1.01723825837, 3.29000057799, 1.00000051045, 2080.62075156, 1.60857908847
5.10282743237, 1.11017184985, 1.4685484245, 0.933385877604, 2.83000087649, 1.17905773246, 4.00913088681, 1.26000014538, 1.14000022285, 1.78022123533, 1.71229572094, 0.895073683366, 3.04000086764, 1.0216503289, 0.869520787588, 1.00000095546, 1.00000018846, 1.04702498732, 7.52361075495, 0.946345593512, 1.00000094484, 107.356377825, 0.975057914451, 1.76943481353, 0.993310644657, 3.29000039015, 1.00000082119, 1542.42545521, 3.21715817694
3.73674085653, 1.13235250895, 1.70328940388, 0.95716382946, 2.83000014525, 0.977411176947, 5.6079193774, 1.2600007045, 1.14000042302, 1.60174923725, 1.89113732737, 0.912840391875, 3.04000093096, 1.0181555563, 0.919849993123, 1.00000010764, 1.00000096074, 1.0998672753, 3.14101109932, 0.975552680334, 1.00000026214, 106.989342837, 0.971305464669, 4.21636317259, 1.04277983765, 3.2900007738, 1.00000009156, 19340.8376962, 0.536193029491
2.96624670703, 1.13480076404, 1.40153389693, 0.99697028565, 2.83000012664, 0.900476269042, 3.05028758821, 1.26000097824, 1.14000095372, 3.17907702302, 2.52060501586, 0.886266732593, 3.04000054656, 1.06946627079, 1.01557151776, 1.00000088371, 1.00000035355, 1.0606654751, 4.80423064411, 0.967166140606, 1.0000009195, 95.7477633828, 0.995815943737, 4.16808216464, 1.06753443822, 3.29000067234, 1.0000001198, 1517.91115688, 3.75335120643
3.5060409816, 1.09497588815, 1.39454045973, 0.968636345382, 2.83000039424, 0.870181290314, 3.31003053756, 1.26000097055, 1.14000043691, 3.51315350019, 3.05233271011, 0.939199544368, 3.04000094685, 1.00036277872, 0.842617206345, 1.0000002844, 1.00000052753, 1.01600820193, 3.80737358299, 0.967224611754, 1.00000075475, 91.1710363847, 0.985703892963, 3.64105955882, 0.996947543, 3.29000038481, 1.00000086378, 12472.8340371, 0.804289544236
2.52637938302, 1.12153379973, 1.50221996225, 0.897916104826, 2.83000089024, 1.10175337671, 5.81387890215, 1.26000099619, 1.14000064238, 2.07632198777, 1.97148769092, 0.932820518932, 3.04000033149, 1.1076699035, 0.990808568789, 1.00000020501, 1.00000073986, 1.06297317585, 3.28455327147, 0.927544375733, 1.00000088475, 98.9759019732, 0.942412302973, 5.88532863551, 1.02262520536, 3.29000097323, 1.00000054462, 20683.0752495, 0.536193029491
3.01874216411, 1.01555964473, 1.42761694134, 0.993663880783, 2.83000044731, 1.05842136941, 4.91736419379, 1.26000094594, 1.14000053571, 2.84585173309, 1.66628847506, 1.0411550841, 3.04000056976, 1.05783002777, 0.889254260779, 1.00000023373, 1.00000006983, 1.03943922681, 3.15812455151, 0.952046641857, 1.00000081382, 86.0474920376, 0.843949975857, 4.11243599044, 1.05510941237, 3.29000091795, 1.00000092255, 21009.4323816, 0.536193029491
1.74665630302, 1.04645649639, 1.48545460441, 0.885575393583, 2.83000094765, 1.14175547792, 4.01943509275, 1.2600004341, 1.14000039183, 2.16477701906, 2.01791553062, 0.900049054911, 3.04000041202, 1.02248732969, 1.07045928668, 1.00000019483, 1.00000050216, 1.08483640011, 6.39454062304, 0.983393724956, 1.00000077108, 87.5709738374, 0.918178156302, 3.98682176575, 1.04328924675, 3.29000065535, 1.00000006012, 6072.05339934, 1.34048257373
2.11164017655, 1.09407484706, 1.48941001828, 0.911129548527, 2.83000016118, 0.885088376276, 2.01414479202, 1.26000046898, 1.14000087472, 1.33511753381, 1.70953198903, 0.950834640308, 3.04000078958, 1.01171872878, 0.946635852874, 1.00000080468, 1.00000023265, 1.04552372136, 6.40167110296, 0.932407312103, 1.00000065841, 106.907842958, 0.867546251786, 4.22080492539, 1.02733369287, 3.29000039321, 1.00000025182, 3004.40174609, 1.60857908847
4.49176264798, 1.13012376886, 1.47126932173, 0.878191140247, 2.83000093488, 0.945188300062, 2.17240354579, 1.26000060759, 1.14000046117, 3.23223544935, 3.08453475329, 0.983232148865, 3.04000007996, 1.11434666808, 1.00007830533, 1.00000034914, 1.00000050311, 1.09118524976, 9.71106690708, 0.969456289345, 1.00000091786, 89.8361827107, 0.873949779843, 5.36107206244, 1.01484992112, 3.29000006973, 1.00000030266, 2816.69850318, 1.87667560322
1.28548808377, 1.13792525002, 1.63688365701, 0.979686834493, 2.8300000484, 0.903997061047, 2.56510924146, 1.26000084249, 1.14000068385, 3.64848121461, 2.17040147834, 0.975264270898, 3.0400009786, 1.08844985796, 1.03905686164, 1.00000080942, 1.00000020676, 1.00915076872, 6.51997700761, 0.934024818679, 1.00000037282, 111.761222414, 1.04546808424, 1.44346017319, 0.976131121084, 3.29000072965, 1.00000021949, 27967.8425477, 0.536193029491
5.96943864002, 1.00610775228, 1.48370813589, 0.927639880486, 2.83000078401, 1.09921942705, 4.79380587804, 1.26000061704, 1.14000020771, 2.60426412046, 2.46517006731, 1.00159089672, 3.04000084083, 1.10976603283, 0.869946051306, 1.00000011258, 1.00000093279, 1.02633714357, 4.46691827877, 0.99376756163, 1.00000040199, 75.1352365426, 1.04766867713, 3.9847016592, 0.994325927587, 3.29000035769, 1.00000088966, 2996.71532044, 1.87667560322
3.25785456308, 1.07919371018, 1.68707596555, 0.921623828617, 2.83000048831, 0.952578592834, 2.27610795805, 1.26000072275, 1.14000008649, 3.47446793383, 1.99139800986, 1.00124416271, 3.04000056833, 1.03133772887, 0.852703349452, 1.00000015883, 1.00000044262, 1.0314870073, 4.40035271208, 0.969009794497, 1.0000000181, 83.7127399199, 0.860246283501, 3.42968820363, 1.06644228242, 3.29000035898, 1.00000093738, 9451.40556263, 1.07238605898
3.60143197275, 1.10324180252, 1.507795408, 0.952136601625, 2.83000013192, 1.14478659434, 1.87255063814, 1.26000011151, 1.14000085301, 1.39842984134, 3.04152936866, 0.945600398829, 3.04000091632, 1.09826468476, 0.926609066081, 1.00000020706, 1.00000032603, 1.04731842598, 5.20956110685, 0.983138138165, 1.00000066936, 102.090513514, 1.08423399012, 2.33246953875, 1.05737004609, 3.29000013252, 1.00000070898, 3002.4489655, 1.87667560322
5.83705228492, 1.1324555384, 1.58110397508, 0.915136853723, 2.83000092993, 0.940850826377, 4.18722059623, 1.26000063326, 1.14000023515, 1.64487816402, 1.87272955026, 1.00362201759, 3.04000054954, 1.04369121738, 0.852872683765, 1.00000030401, 1.00000036386, 1.07882403113, 7.1201688336, 0.959770205011, 1.00000056164, 102.383675794, 0.905826673404, 1.47998935285, 1.00189572698, 3.2900000727, 1.00000036086, 3640.76366402, 1.60857908847
1.24695384241, 1.05124287503, 1.35155040681, 0.992257034472, 2.83000001034, 0.940516676847, 1.97912943253, 1.26000075114, 1.14000040638, 2.98852341036, 3.01855522971, 0.930251284823, 3.04000008652, 1.09769904959, 0.910957688728, 1.00000096897, 1.00000012301, 1.01353661326, 8.00290841169, 0.958798251256, 1.00000076061, 80.4090404776, 0.886486836524, 1.44489555297, 1.0269415754, 3.29000060231, 1.0000006065, 9895.62618637, 1.07238605898
3.29606276812, 1.05865525847, 1.42574453484, 0.877874823928, 2.83000078837, 1.14692049034, 1.37153572823, 1.26000059971, 1.14000068564, 2.02584677232, 1.70040163825, 0.924556161028, 3.0400002231, 1.05122420509, 1.07214861005, 1.00000064198, 1.00000030567, 1.08828358532, 4.5976551615, 0.955162520524, 1.00000013327, 106.16733963, 0.900823169654, 3.77589425936, 0.975571466048, 3.29000075145, 1.00000080998, 19357.2697856, 0.804289544236
5.72705317182, 1.093093275, 1.41445292458, 0.973800787256, 2.83000092523, 0.933905077038, 5.58554524503, 1.26000022934, 1.14000085136, 2.54806300706, 2.20597491681, 0.931047192792, 3.04000069364, 1.04364131428, 0.949025644772, 1.00000048841, 1.00000072419, 1.04402428471, 7.56084325057, 0.998817812627, 1.00000090278, 86.6515069811, 0.993414423495, 1.69895999616, 0.97411215274, 3.2900001787, 1.00000017624, 27769.5426004, 0.804289544236
3.77112605592, 1.12287796956, 1.57472183663, 0.918854685143, 2.8300003574, 1.01218644956, 5.204534318, 1.26000006841, 1.14000052186, 2.38661590358, 3.03452485303, 0.934481523849, 3.04000015813, 1.10272637032, 1.03748602499, 1.00000061665, 1.00000092375, 1.01801640463, 8.98092702147, 0.945508204236, 1.00000042311, 119.798915453, 0.953439932827, 2.59972374408, 0.991725989804, 3.29000056889, 1.00000032897, 5072.53118299, 1.60857908847
2.11164017655, 1.04611126567, 1.44899057029, 0.899553578887, 2.83000055716, 1.01133412309, 1.11080714514, 1.26000002837, 1.14000098358, 2.07399352153, 2.42414641255, 1.03457036318, 3.04000025163, 1.05881857748, 0.868531132253, 1.00000092821, 1.00000019472, 1.09864669261, 7.31557237722, 0.966793021081, 1.00000086916, 104.055044725, 0.974363377237, 4.81942573012, 0.979585432965, 3.29000053345, 1.00000092593, 49136.1644255, 0.804289544236
4.4901475124, 1.06074993457, 1.53209813214, 0.924266298564, 2.83000077788, 1.09842695659, 1.39176561094, 1.2600005417, 1.14000029339, 1.75695172787, 2.08070160668, 0.95808096121, 3.04000082721, 1.06481474142, 0.792399700248, 1.00000082488, 1.0000000628, 1.03194461041, 9.29667220902, 0.972351579116, 1.00000095402, 93.6884054456, 0.860269447456, 1.07922181401, 1.03834916417, 3.29000039667, 1.00000082592, 10992.971165, 1.07238605898
1.66673667274, 1.02572434473, 1.63327799264, 0.923264644656, 2.83000009174, 0.887758870328, 5.66775908456, 1.26000090116, 1.1400008685, 3.02097347572, 2.87041856319, 0.931031604222, 3.04000028116, 1.10253733493, 0.888512353558, 1.00000010842, 1.0000004065, 1.07990990405, 3.58638193139, 0.92321797676, 1.00000046213, 103.014834043, 1.03141372168, 3.30674373429, 0.982243609819, 3.29000057799, 1.00000051045, 5086.33560482, 1.60857908847
1.19136783681, 1.05414008673, 1.71077968663, 0.912681342084, 2.83000077575, 0.910239699522, 5.62642581608, 1.26000067829, 1.14000039542, 1.35422932536, 2.66663635928, 0.921632380964, 3.04000018387, 1.00701465786, 0.891865529089, 1.00000036475, 1.00000058113, 1.048671003, 6.05875801254, 0.991255548912, 1.00000081403, 108.431241472, 0.964110431476, 1.6581031193, 1.03348920319, 3.29000035519, 1.00000068508, 2256.7347767, 5.09383378016
3.73490638708, 1.03541376134, 1.42192942259, 0.909920186951, 2.83000060218, 0.926542979805, 3.11150180872, 1.26000074099, 1.14000060986, 1.29419163234, 2.77516536321, 1.0544449343, 3.04000021081, 1.05376086648, 0.827715484719, 1.00000066138, 1.00000043226, 1.06691467085, 6.55808058266, 0.92029405988, 1.00000084444, 119.494375485, 1.02563104579, 1.10147472233, 0.953099080764, 3.29000002598, 1.00000056437, 2583.60190967, 4.82573726542
4.4240886393, 1.09350145667, 1.63443912982, 0.872066863057, 2.83000072704, 1.01457651198, 4.16825900958, 1.26000092103, 1.14000095087, 1.8490299106, 2.36044984277, 0.989130431942, 3.04000020901, 1.06701953684, 0.987104791626, 1.00000097875, 1.00000093088, 1.08427457397, 6.99641265555, 0.936223044311, 1.00000006086, 80.5527860987, 1.07213447978, 2.33454345983, 1.01498784934, 3.29000041019, 1.0000000355, 2293.45595281, 5.63002680965
2.68778621316, 1.11166767559, 1.49454626876, 0.804940465057, 2.83000003002, 0.938626224939, 5.10670356413, 1.26000090717, 1.14000075633, 2.47827598807, 1.72233013846, 0.955108442925, 3.04000062161, 1.01993872775, 1.06824136819, 1.00000071127, 1.00000021001, 1.01615789507, 3.09375983531, 0.968306415872, 1.0000002796, 94.6287657379, 1.05637820855, 2.43780798525, 1.06631969778, 3.29000069589, 1.00000034972, 2363.99047867, 6.43431635389
4.99469228163, 1.10395219799, 1.46502566787, 0.936647999034, 2.83000023226, 0.882753745157, 5.83773811433, 1.26000096389, 1.14000093222, 2.27426716216, 2.02787154413, 1.01592944649, 3.04000008465, 1.03573908157, 0.899473142022, 1.00000056302, 1.00000037257, 1.05633759226, 6.37084284849, 0.962263582887, 1.00000079298, 116.291046687, 0.937449253351, 4.52197470064, 0.955015062006, 3.29000034792, 1.00000075247, 2703.32761334, 3.75335120643
5.31551728881, 1.07468023094, 1.69154367603, 0.933343866617, 2.83000009196, 0.985775670964, 4.86897645312, 1.26000055732, 1.14000080212, 3.0452723871, 1.9664854289, 1.02785910307, 3.04000019899, 1.00201349646, 1.07242797386, 1.00000070164, 1.00000037956, 1.03001289442, 7.89366566977, 0.993562044774, 1.00000075408, 75.4977809261, 0.942727380445, 4.8530240907, 1.03811286769, 3.29000047472, 1.00000035038, 2477.37193709, 6.97050938338
4.83112004305, 1.06586773991, 1.46035389801, 0.960476687395, 2.83000069249, 1.1867202248, 2.97600274672, 1.26000050588, 1.14000058184, 3.25771233372, 2.3229977374, 0.949865838195, 3.04000075723, 1.06765696447, 1.01674159048, 1.00000054611, 1.00000062928, 1.1017076817, 5.5107666653, 0.99908351173, 1.0000004362, 93.4628593847, 0.842650569024, 2.05097874351, 0.966501722686, 3.29000074545, 1.00000013263, 10974.018741, 1.34048257373
1.33921511094, 1.04143261886, 1.53333287783, 0.9167311714, 2.83000080262, 1.14529234108, 4.34256847437, 1.26000000662, 1.14000017392, 2.73421586674, 2.12293411145, 1.01312941877, 3.04000025087, 1.04143102575, 0.890693706486, 1.00000067583, 1.00000058261, 1.07589522964, 4.72249531138, 0.920945203869, 1.0000000794, 123.516688328, 1.0641296664, 1.56042251541, 1.00582796589, 3.29000004911, 1.00000025415, 3601.24519018, 2.68096514745
5.08843184854, 1.04374056944, 1.51905971204, 0.862288350824, 2.83000060991, 1.12141611245, 5.81301698907, 1.26000039398, 1.14000029102, 2.52558744578, 2.20209450752, 1.09147116529, 3.04000029864, 1.11294862019, 0.991782305344, 1.00000000385, 1.00000059188, 1.03392019658, 7.41594993785, 0.974232938509, 1.00000026707, 120.00581043, 0.912207271268, 3.07949678176, 1.04253142331, 3.29000017475, 1.0000000379, 13699.1021908, 1.07238605898
2.90844711965, 1.10134351973, 1.38754362438, 0.869551680592, 2.83000078758, 1.04101235088, 3.50248403506, 1.26000015021, 1.14000097663, 2.58418002715, 1.79484533911, 0.924413538099, 3.0400004054, 1.11572454841, 1.01258560418, 1.00000022244, 1.00000063862, 1.08000164745, 6.8714819495, 0.967061116743, 1.0000005705, 101.467802872, 0.897292912916, 4.06623299347, 1.05113714803, 3.29000028345, 1.00000059671, 2916.38569153, 5.63002680965
1.53576229701, 1.0846681696, 1.58188939081, 0.841030458748, 2.83000077678, 1.04958868531, 4.5757804874, 1.26000067099, 1.14000027931, 2.33335131208, 1.69976502023, 0.941801531024, 3.04000025738, 1.04642580421, 0.902857310727, 1.00000067127, 1.00000006766, 1.00611047949, 6.62494187501, 0.966068740277, 1.00000046486, 100.923593832, 0.916340705855, 1.81099035883, 1.04275342178, 3.29000090066, 1.00000095124, 7184.91983444, 1.60857908847
1.1782349715, 1.06959964685, 1.51591404165, 0.93277546819, 2.83000051405, 1.07628550331, 3.96829408285, 1.26000016762, 1.14000015492, 2.80216812542, 1.61117600186, 0.953551098345, 3.04000009077, 1.05748687529, 0.829787517203, 1.00000053354, 1.00000016226, 1.02421111821, 7.73956090571, 0.916441629717, 1.00000045228, 81.0601842324, 1.03692281549, 3.99072876086, 0.971319724606, 3.29000068006, 1.00000032261, 16945.076679, 1.07238605898
3.88318974386, 1.03569756972, 1.60340835641, 0.846700711495, 2.8300005714, 0.862573773432, 2.65451211117, 1.26000075111, 1.14000062591, 3.08026354546, 1.82516727504, 1.0307412124, 3.04000074482, 1.11461691271, 0.853517576699, 1.00000087958, 1.00000098844, 1.02459015433, 9.06478059819, 0.993078774109, 1.00000051767, 113.510776888, 0.9962411629, 4.44699405966, 0.971152195278, 3.2900005189, 1.00000076229, 18746.2678959, 1.07238605898
1.24695384241, 1.05124287503, 1.35155040681, 0.992257034472, 2.83000001034, 0.940516676847, 1.97912943253, 1.26000075114, 1.14000008522, 2.98852341036, 3.01855522971, 0.930251284823, 3.04000008652, 1.09769904959, 0.910957688728, 1.00000096897, 1.00000012301, 1.01353661326, 8.00290841169, 0.958798251256, 1.00000076061, 116.291046687, 0.886486836524, 1.44489555297, 1.0269415754, 3.29000060231, 1.0000006065, 7715.77565403, 1.60857908847
3.5060409816, 1.09497588815, 1.4981351744, 0.968636345382, 2.83000039424, 0.870181290314, 3.31003053756, 1.26000097055, 1.1400003656, 3.51315350019, 3.05233271011, 0.939199544368, 3.04000094685, 1.00036277872, 0.842617206345, 1.0000002844, 1.00000052753, 1.01600820193, 3.80737358299, 0.967224611754, 1.00000075475, 91.1710363847, 0.985703892963, 3.71067172736, 0.996947543, 3.29000038481, 1.00000086378, 3880.62445296, 3.21715817694
2.08025727615, 1.09327392094, 1.52119125194, 0.890982256794, 2.83000011242, 0.920839304862, 3.90690691143, 1.26000001367, 1.14000050315, 2.5987547914, 1.87818714914, 1.09744624552, 3.04000023651, 1.0164571845, 1.03340689932, 1.00000067209, 1.00000085733, 1.06596479076, 4.2801172862, 0.938758791654, 1.0000009074, 99.6802358204, 0.994868075703, 2.70358799714, 0.988140432055, 3.29000013552, 1.00000017697, 21668.9940349, 1.07238605898
4.44150760301, 1.0661050905, 1.50937123575, 0.90701793325, 2.83000031303, 1.14668657681, 2.44673012614, 1.26000078765, 1.14000030225, 3.63553429836, 2.33111199113, 0.977956314497, 3.04000061589, 1.0766299102, 0.885064770256, 1.00000077876, 1.00000004407, 1.04597463102, 8.23310278916, 0.965314883782, 1.00000016515, 92.0156091605, 0.971090325628, 4.62721458826, 0.95705210356, 3.29000012072, 1.00000064309, 6307.91797475, 2.14477211796
4.18936815484, 1.00980716598, 1.35566983392, 0.820735613861, 2.83000094067, 0.962229028525, 3.49327421747, 1.26000011488, 1.14000061363, 1.37122123989, 1.83610437456, 1.02906592115, 3.04000002292, 1.04946318908, 0.940504163436, 1.00000020582, 1.00000000259, 1.02198821685, 4.86390705382, 0.919385342408, 1.00000061832, 109.245103475, 0.92485672512, 1.00180209914, 1.00792203825, 3.29000002267, 1.00000090553, 22682.6606766, 1.07238605898
5.13125872278, 1.08399243837, 1.49308848945, 0.89145420315, 2.8300000383, 1.05599372573, 5.16798090235, 1.26000064296, 1.14000020699, 2.24009070394, 2.13175709937, 1.0995654596, 3.04000065232, 1.08772547751, 0.896003759064, 1.00000093689, 1.00000050721, 1.01305463594, 7.98938914733, 0.994789110939, 1.0000002135, 88.4661592427, 0.867500439592, 1.02921687812, 1.05121442203, 3.29000011339, 1.00000041978, 24125.5333278, 1.07238605898
5.28150022013, 1.09352370016, 1.46035786498, 0.900826920356, 2.83000075661, 0.938626224939, 5.45348085336, 1.26000087324, 1.14000075633, 3.18681898946, 1.63626005154, 1.02627539525, 3.04000062161, 1.10482800314, 0.786387231008, 1.00000008057, 1.00000053995, 1.02789834758, 3.8439955797, 0.973267612795, 1.0000008908, 76.6571523664, 1.00835966224, 4.27888100472, 1.01543678607, 3.29000001265, 1.00000081878, 7746.10874757, 1.87667560322
3.93439096895, 1.03847258111, 1.64223187257, 0.84768680658, 2.83000093855, 0.930716962937, 4.21127784084, 1.26000085587, 1.14000022144, 1.93425552162, 2.56673600606, 1.08459781855, 3.04000098475, 1.03147332231, 0.799872623781, 1.00000079945, 1.00000015772, 1.01069890535, 7.62659481587, 0.936482182855, 1.00000055674, 101.441144849, 1.0177626536, 1.03173144958, 1.06729086793, 3.29000010766, 1.00000085962, 4573.95386228, 3.21715817694
1.14453679793, 1.0076084122, 1.38467348278, 0.903471410218, 2.83000056805, 0.961238351501, 5.78700556069, 1.26000058893, 1.14000048012, 3.04363430984, 2.84374408427, 1.01749234318, 3.04000009897, 1.01518237264, 0.955458987615, 1.00000031418, 1.00000039212, 1.03207939366, 8.00398780201, 0.922888575296, 1.00000011347, 77.8281875792, 1.00013403969, 4.72931664638, 0.979290752896, 3.29000052976, 1.0000009875, 8298.69753961, 1.60857908847
3.90198932241, 1.01023827877, 1.61726619978, 0.901300894035, 2.83000016318, 0.97104101452, 2.71274972535, 1.26000031701, 1.14000089953, 3.44683265257, 3.09597930423, 1.09186981533, 3.04000017155, 1.00685421774, 1.05042496338, 1.00000090132, 1.00000058098, 1.03491955263, 5.44324020369, 0.922576306028, 1.00000062184, 85.5330542766, 1.05341899444, 1.62962545034, 0.96630198598, 3.29000046958, 1.00000013104, 5564.39338242, 2.41286863271
2.6342997538, 1.10306860172, 1.43536991475, 0.855117343887, 2.83000050991, 1.05030601358, 1.92883504631, 1.26000035898, 1.14000047241, 2.0821166504, 1.87272955026, 1.03545781479, 3.04000029891, 1.01972185514, 1.02848240163, 1.00000030401, 1.00000069826, 1.08922719991, 9.18990991199, 0.973133570952, 1.0000007171, 98.292588501, 1.08345191529, 2.21743044598, 1.06150327116, 3.29000002933, 1.00000002886, 27212.5930714, 1.07238605898
1.10362421228, 1.06368552233, 1.4492592303, 0.97882735785, 2.8300008284, 0.855674198414, 5.17849685484, 1.26000035955, 1.14000073678, 3.71057923895, 2.48966502024, 1.01645992852, 3.0400001184, 1.00680355664, 0.909389386803, 1.00000098087, 1.00000030067, 1.05420528552, 9.81922228906, 0.940780089977, 1.00000044114, 100.789269334, 0.897266765893, 4.39368773154, 0.995993613309, 3.29000087205, 1.00000089538, 7152.79362336, 2.14477211796
5.70588221766, 1.08306422197, 1.60193282375, 0.883007702036, 2.83000057298, 0.885679128444, 4.23386195762, 1.26000005264, 1.14000022362, 3.38926046047, 2.32189615855, 1.01846504269, 3.04000072849, 1.11288955053, 1.07174436901, 1.00000018316, 1.00000082705, 1.08450844128, 9.63596910018, 0.930902022995, 1.00000037152, 89.9393719397, 1.00700388308, 3.73358525473, 1.00559172735, 3.29000048711, 1.00000003638, 8463.39820649, 1.60857908847
3.21920317511, 1.03428523067, 1.63213270226, 0.847692660573, 2.83000080925, 1.18276500878, 3.98721823455, 1.26000045601, 1.14000099395, 2.93089442261, 2.4810828262, 1.08119908692, 3.0400004347, 1.01935056832, 0.831675778543, 1.00000013454, 1.00000064216, 1.05516498659, 6.19761113789, 0.915859500807, 1.00000061787, 85.6368103077, 1.04486335817, 3.5196445271, 1.04768847101, 3.29000083111, 1.00000036029, 32249.2261236, 1.07238605898
5.04703201881, 1.01885210651, 1.46083931806, 0.836727722588, 2.83000051518, 0.912504890505, 5.51073979043, 1.26000052174, 1.14000024597, 3.40317319171, 2.66950930369, 0.925021940175, 3.04000062608, 1.09528602164, 0.813525210264, 1.00000088552, 1.00000091886, 1.0851454225, 3.47573674506, 0.94754752575, 1.00000028746, 102.739696037, 0.945748284941, 1.73816869821, 1.03571205103, 3.29000051927, 1.00000013506, 5472.92321757, 2.9490616622
5.99010131273, 1.09094445729, 1.34881036649, 0.930619108054, 2.83000025976, 0.940942120787, 3.32752985545, 1.26000072604, 1.14000088971, 2.29743359244, 2.87916827946, 0.993562941498, 3.04000099023, 1.11293440928, 0.877012206015, 1.00000069712, 1.00000093652, 1.08335683169, 3.43263422032, 0.964142440635, 1.00000034255, 114.831650991, 1.05490501635, 1.29234191506, 1.04460019371, 3.29000058463, 1.0000005034, 4732.36364856, 4.02144772118
